0.00000 0.86809 0.80897 0.73196 0.64852 0.56773 0.49549 0.43417 0.38360 0.34231 0.30853 0.28062 0.25727 0.23749 0.22053 0.20583 0.19297 0.19297 0.19297 0.19297 0.19297 0.19297 0.19302 0.19334 0.19517 0.20373 0.23427 0.30818
0.00000 0.74985 0.66390 0.57533 0.49264 0.42097 0.36185 0.31438 0.27659 0.24635 0.22187 0.20174 0.18494 0.17072 0.15853 0.14796 0.14796 0.14796 0.14796 0.14796 0.14796 0.14797 0.14806 0.14875 0.15285 0.17082 0.22518 0.00000
0.00000 0.57794 0.48806 0.40690 0.33875 0.28425 0.24181 0.20898 0.18341 0.16321 0.14693 0.13359 0.12246 0.11304 0.10497 0.10497 0.10497 0.10497 0.10497 0.10497 0.10497 0.10500 0.10533 0.10767 0.11935 0.15826 0.00000 0.00000
0.00000 0.39818 0.32138 0.25902 0.21083 0.17458 0.14748 0.12705 0.11136 0.09904 0.08915 0.08105 0.07430 0.06858 0.06858 0.06858 0.06858 0.06858 0.06858 0.06858 0.06860 0.06877 0.07016 0.07793 0.10643 0.00000 0.00000 0.00000
0.00000 0.24458 0.18944 0.14838 0.11868 0.09734 0.08186 0.07039 0.06165 0.05482 0.04934 0.04485 0.04112 0.04112 0.04112 0.04112 0.04112 0.04112 0.04112 0.04112 0.04121 0.04198 0.04682 0.06664 0.00000 0.00000 0.00000 0.00000
0.00000 0.13429 0.10028 0.07671 0.06053 0.04932 0.04136 0.03552 0.03110 0.02765 0.02488 0.02262 0.02262 0.02262 0.02262 0.02262 0.02262 0.02262 0.02262 0.02266 0.02305 0.02579 0.03831 0.00000 0.00000 0.00000 0.00000 0.00000
0.00000 0.06626 0.04792 0.03595 0.02808 0.02277 0.01906 0.01635 0.01431 0.01273 0.01145 0.01145 0.01145 0.01145 0.01145 0.01145 0.01145 0.01145 0.01147 0.01165 0.01306 0.02019 0.00000 0.00000 0.00000 0.00000 0.00000 0.00000
0.00000 0.02957 0.02079 0.01535 0.01190 0.00961 0.00804 0.00689 0.00603 0.00536 0.00536 0.00536 0.00536 0.00536 0.00536 0.00536 0.00536 0.00537 0.00545 0.00611 0.00979 0.00000 0.00000 0.00000 0.00000 0.00000 0.00000 0.00000
0.00000 0.01201 0.00824 0.00600 0.00463 0.00373 0.00311 0.00267 0.00234 0.00234 0.00234 0.00234 0.00234 0.00234 0.00234 0.00234 0.00234 0.00237 0.00265 0.00440 0.00000 0.00000 0.00000 0.00000 0.00000 0.00000 0.00000 0.00000
0.00000 0.00447 0.00300 0.00216 0.00166 0.00133 0.00111 0.00096 0.00096 0.00096 0.00096 0.00096 0.00096 0.00096 0.00096 0.00096 0.00097 0.00108 0.00185 0.00000 0.00000 0.00000 0.00000 0.00000 0.00000 0.00000 0.00000 0.00000
0.00000 0.00153 0.00101 0.00072 0.00055 0.00044 0.00037 0.00037 0.00037 0.00037 0.00037 0.00037 0.00037 0.00037 0.00037 0.00037 0.00042 0.00073 0.00000 0.00000 0.00000 0.00000 0.00000 0.00000 0.00000 0.00000 0.00000 0.00000
0.00000 0.00049 0.00032 0.00022 0.00017 0.00014 0.00014 0.00014 0.00014 0.00014 0.00014 0.00014 0.00014 0.00014 0.00014 0.00015 0.00028 0.00000 0.00000 0.00000 0.00000 0.00000 0.00000 0.00000 0.00000 0.00000 0.00000 0.00000
0.00000 0.00014 0.00009 0.00006 0.00005 0.00005 0.00005 0.00005 0.00005 0.00005 0.00005 0.00005 0.00005 0.00005 0.00005 0.00010 0.00000 0.00000 0.00000 0.00000 0.00000 0.00000 0.00000 0.00000 0.00000 0.00000 0.00000 0.00000
0.00000 0.00004 0.00003 0.00002 0.00002 0.00002 0.00002 0.00002 0.00002 0.00002 0.00002 0.00002 0.00002 0.00002 0.00004 0.00000 0.00000 0.00000 0.00000 0.00000 0.00000 0.00000 0.00000 0.00000 0.00000 0.00000 0.00000 0.00000
0.00000 0.00001 0.00001 0.00001 0.00001 0.00001 0.00001 0.00001 0.00001 0.00001 0.00001 0.00001 0.00001 0.00001 0.00000 0.00000 0.00000 0.00000 0.00000 0.00000 0.00000 0.00000 0.00000 0.00000 0.00000 0.00000 0.00000 0.00000
0.00000 0.00000 0.00000 0.00000 0.00000 0.00000 0.00000 0.00000 0.00000 0.00000 0.00000 0.00000 0.00001 0.00000 0.00000 0.00000 0.00000 0.00000 0.00000 0.00000 0.00000 0.00000 0.00000 0.00000 0.00000 0.00000 0.00000 0.00000
0.00000 0.00000 0.00000 0.00000 0.00000 0.00000 0.00000 0.00000 0.00000 0.00000 0.00000 0.00000 0.00000 0.00000 0.00000 0.00000 0.00000 0.00000 0.00000 0.00000 0.00000 0.00000 0.00000 0.00000 0.00000 0.00000 0.00000 0.00000
0.00000 0.00000 0.00000 0.00000 0.00000 0.00000 0.00000 0.00000 0.00000 0.00000 0.00000 0.00000 0.00000 0.00000 0.00000 0.00000 0.00000 0.00000 0.00000 0.00000 0.00000 0.00000 0.00000 0.00000 0.00000 0.00000 0.00000 0.00000
0.00000 0.00000 0.00000 0.00000 0.00000 0.00000 0.00000 0.00000 0.00000 0.00000 0.00000 0.00000 0.00000 0.00000 0.00000 0.00000 0.00000 0.00000 0.00000 0.00000 0.00000 0.00000 0.00000 0.00000 0.00000 0.00000 0.00000 0.00000
0.00000 0.00000 0.00000 0.00000 0.00000 0.00000 0.00000 0.00000 0.00000 0.00000 0.00000 0.00000 0.00000 0.00000 0.00000 0.00000 0.00000 0.00000 0.00000 0.00000 0.00000 0.00000 0.00000 0.00000 0.00000 0.00000 0.00000 0.00000
0.00000 0.00000 0.00000 0.00000 0.00000 0.00000 0.00000 0.00000 0.00000 0.00000 0.00000 0.00000 0.00000 0.00000 0.00000 0.00000 0.00000 0.00000 0.00000 0.00000 0.00000 0.00000 0.00000 0.00000 0.00000 0.00000 0.00000 0.00000
0.00000 0.00000 0.00000 0.00000 0.00000 0.00000 0.00000 0.00000 0.00000 0.00000 0.00000 0.00000 0.00000 0.00000 0.00000 0.00000 0.00000 0.00000 0.00000 0.00000 0.00000 0.00000 0.00000 0.00000 0.00000 0.00000 0.00000 0.00000
0.00000 0.00000 0.00000 0.00000 0.00000 0.00000 0.00000 0.00000 0.00000 0.00000 0.00000 0.00000 0.00000 0.00000 0.00000 0.00000 0.00000 0.00000 0.00000 0.00000 0.00000 0.00000 0.00000 0.00000 0.00000 0.00000 0.00000 0.00000
0.00000 0.00000 0.00000 0.00000 0.00000 0.00000 0.00000 0.00000 0.00000 0.00000 0.00000 0.00000 0.00000 0.00000 0.00000 0.00000 0.00000 0.00000 0.00000 0.00000 0.00000 0.00000 0.00000 0.00000 0.00000 0.00000 0.00000 0.00000
0.00000 0.00000 0.00000 0.00000 0.00000 0.00000 0.00000 0.00000 0.00000 0.00000 0.00000 0.00000 0.00000 0.00000 0.00000 0.00000 0.00000 0.00000 0.00000 0.00000 0.00000 0.00000 0.00000 0.00000 0.00000 0.00000 0.00000 0.00000
0.00000 0.00000 0.00000 0.00000 0.00000 0.00000 0.00000 0.00000 0.00000 0.00000 0.00000 0.00000 0.00000 0.00000 0.00000 0.00000 0.00000 0.00000 0.00000 0.00000 0.00000 0.00000 0.00000 0.00000 0.00000 0.00000 0.00000 0.00000
0.00000 0.00000 0.00000 0.00000 0.00000 0.00000 0.00000 0.00000 0.00000 0.00000 0.00000 0.00000 0.00000 0.00000 0.00000 0.00000 0.00000 0.00000 0.00000 0.00000 0.00000 0.00000 0.00000 0.00000 0.00000 0.00000 0.00000 0.00000
0.00000 0.00000 0.00000 0.00000 0.00000 0.00000 0.00000 0.00000 0.00000 0.00000 0.00000 0.00000 0.00000 0.00000 0.00000 0.00000 0.00000 0.00000 0.00000 0.00000 0.00000 0.00000 0.00000 0.00000 0.00000 0.00000 0.00000 0.00000
