0.36717 0.33740 0.31251 0.29159 0.27394 0.25914 0.24688 0.23692 0.22919 0.22371 0.22058 0.22006 0.22257 0.22876 0.23961 0.25641 0.28097 0.31552 0.36275 0.42580 0.50855 0.61753 0.76726 0.98885 1.34550 1.99607
0.32703 0.29844 0.27503 0.25574 0.23983 0.22683 0.21642 0.20839 0.20267 0.19931 0.19846 0.20044 0.20576 0.21516 0.22968 0.25068 0.27991 0.31948 0.37192 0.44018 0.52830 0.64370 0.80265 1.03694 1.40600 0.00000
0.28733 0.26026 0.23866 0.22137 0.20756 0.19672 0.18856 0.18287 0.17961 0.17888 0.18091 0.18608 0.19501 0.20853 0.22772 0.25394 0.28882 0.33430 0.39265 0.46672 0.56079 0.68322 0.85127 1.09470 0.00000 0.00000
0.24909 0.22389 0.20450 0.18960 0.17828 0.17003 0.16456 0.16168 0.16141 0.16391 0.16950 0.17867 0.19209 0.21067 0.23547 0.26776 0.30900 0.36088 0.42545 0.50547 0.60550 0.73451 0.90866 0.00000 0.00000 0.00000
0.21240 0.18957 0.17293 0.16094 0.15263 0.14749 0.14523 0.14575 0.14912 0.15558 0.16554 0.17957 0.19840 0.22291 0.25407 0.29298 0.34087 0.39916 0.46972 0.55523 0.66039 0.79325 0.00000 0.00000 0.00000 0.00000
0.17700 0.15738 0.14426 0.13590 0.13130 0.12993 0.13158 0.13622 0.14401 0.15528 0.17050 0.19029 0.21536 0.24647 0.28442 0.33008 0.38442 0.44863 0.52438 0.61422 0.72177 0.00000 0.00000 0.00000 0.00000 0.00000
0.14254 0.12751 0.11910 0.11538 0.11538 0.11865 0.12508 0.13473 0.14786 0.16488 0.18627 0.21263 0.24455 0.28259 0.32733 0.37939 0.43950 0.50860 0.58813 0.67937 0.00000 0.00000 0.00000 0.00000 0.00000 0.00000
0.10869 0.10067 0.09873 0.10105 0.10682 0.11580 0.12804 0.14371 0.16318 0.18686 0.21521 0.24868 0.28768 0.33253 0.38357 0.44118 0.50583 0.57822 0.65837 0.00000 0.00000 0.00000 0.00000 0.00000 0.00000 0.00000
0.07516 0.07862 0.08583 0.09599 0.10895 0.12485 0.14399 0.16671 0.19341 0.22446 0.26020 0.30086 0.34663 0.39761 0.45388 0.51560 0.58300 0.65520 0.00000 0.00000 0.00000 0.00000 0.00000 0.00000 0.00000 0.00000
0.04167 0.06598 0.08611 0.10612 0.12759 0.15145 0.17837 0.20884 0.24325 0.28183 0.32473 0.37196 0.42349 0.47920 0.53897 0.60272 0.66895 0.00000 0.00000 0.00000 0.00000 0.00000 0.00000 0.00000 0.00000 0.00000
0.00793 0.07716 0.11335 0.14355 0.17343 0.20511 0.23965 0.27756 0.31911 0.36432 0.41310 0.46527 0.52062 0.57882 0.63953 0.70077 0.00000 0.00000 0.00000 0.00000 0.00000 0.00000 0.00000 0.00000 0.00000 0.00000
0.00000 0.18557 0.20957 0.23699 0.26803 0.30291 0.34166 0.38413 0.43006 0.47909 0.53084 0.58491 0.64087 0.69818 0.75433 0.00000 0.00000 0.00000 0.00000 0.00000 0.00000 0.00000 0.00000 0.00000 0.00000 0.00000
0.06170 0.14749 0.19532 0.23638 0.27694 0.31904 0.36337 0.40997 0.45865 0.50907 0.56086 0.61355 0.66664 0.71751 0.00000 0.00000 0.00000 0.00000 0.00000 0.00000 0.00000 0.00000 0.00000 0.00000 0.00000 0.00000
0.09834 0.16239 0.21137 0.25648 0.30126 0.34706 0.39420 0.44260 0.49197 0.54191 0.59198 0.64163 0.68830 0.00000 0.00000 0.00000 0.00000 0.00000 0.00000 0.00000 0.00000 0.00000 0.00000 0.00000 0.00000 0.00000
0.13664 0.19187 0.24053 0.28745 0.33440 0.38197 0.43013 0.47863 0.52708 0.57501 0.62189 0.66513 0.00000 0.00000 0.00000 0.00000 0.00000 0.00000 0.00000 0.00000 0.00000 0.00000 0.00000 0.00000 0.00000 0.00000
0.17681 0.22825 0.27683 0.32471 0.37260 0.42056 0.46835 0.51557 0.56177 0.60638 0.64686 0.00000 0.00000 0.00000 0.00000 0.00000 0.00000 0.00000 0.00000 0.00000 0.00000 0.00000 0.00000 0.00000 0.00000 0.00000
0.21889 0.26876 0.31735 0.36551 0.41331 0.46052 0.50675 0.55152 0.59430 0.63250 0.00000 0.00000 0.00000 0.00000 0.00000 0.00000 0.00000 0.00000 0.00000 0.00000 0.00000 0.00000 0.00000 0.00000 0.00000 0.00000
0.26269 0.31184 0.36020 0.40789 0.45464 0.50008 0.54369 0.58496 0.62132 0.00000 0.00000 0.00000 0.00000 0.00000 0.00000 0.00000 0.00000 0.00000 0.00000 0.00000 0.00000 0.00000 0.00000 0.00000 0.00000 0.00000
0.30775 0.35628 0.40387 0.45029 0.49509 0.53778 0.57783 0.61268 0.00000 0.00000 0.00000 0.00000 0.00000 0.00000 0.00000 0.00000 0.00000 0.00000 0.00000 0.00000 0.00000 0.00000 0.00000 0.00000 0.00000 0.00000
0.35339 0.40094 0.44709 0.49142 0.53338 0.57245 0.60609 0.00000 0.00000 0.00000 0.00000 0.00000 0.00000 0.00000 0.00000 0.00000 0.00000 0.00000 0.00000 0.00000 0.00000 0.00000 0.00000 0.00000 0.00000 0.00000
0.39880 0.44478 0.48874 0.53015 0.56846 0.60112 0.00000 0.00000 0.00000 0.00000 0.00000 0.00000 0.00000 0.00000 0.00000 0.00000 0.00000 0.00000 0.00000 0.00000 0.00000 0.00000 0.00000 0.00000 0.00000 0.00000
0.44311 0.48681 0.52780 0.56553 0.59743 0.00000 0.00000 0.00000 0.00000 0.00000 0.00000 0.00000 0.00000 0.00000 0.00000 0.00000 0.00000 0.00000 0.00000 0.00000 0.00000 0.00000 0.00000 0.00000 0.00000 0.00000
0.48543 0.52612 0.56340 0.59472 0.00000 0.00000 0.00000 0.00000 0.00000 0.00000 0.00000 0.00000 0.00000 0.00000 0.00000 0.00000 0.00000 0.00000 0.00000 0.00000 0.00000 0.00000 0.00000 0.00000 0.00000 0.00000
0.52492 0.56189 0.59276 0.00000 0.00000 0.00000 0.00000 0.00000 0.00000 0.00000 0.00000 0.00000 0.00000 0.00000 0.00000 0.00000 0.00000 0.00000 0.00000 0.00000 0.00000 0.00000 0.00000 0.00000 0.00000 0.00000
0.56080 0.59136 0.00000 0.00000 0.00000 0.00000 0.00000 0.00000 0.00000 0.00000 0.00000 0.00000 0.00000 0.00000 0.00000 0.00000 0.00000 0.00000 0.00000 0.00000 0.00000 0.00000 0.00000 0.00000 0.00000 0.00000
0.59036 0.00000 0.00000 0.00000 0.00000 0.00000 0.00000 0.00000 0.00000 0.00000 0.00000 0.00000 0.00000 0.00000 0.00000 0.00000 0.00000 0.00000 0.00000 0.00000 0.00000 0.00000 0.00000 0.00000 0.00000 0.00000
