0.68378 0.64580 0.61181 0.58122 0.55354 0.52839 0.50543 0.48442 0.46514 0.44746 0.43134 0.41689 0.40446 0.39488 0.38982 0.39246 0.40824 0.44565 0.51858 0.65386 0.89600
0.66508 0.62596 0.59119 0.56007 0.53207 0.50674 0.48373 0.46274 0.44356 0.42605 0.41016 0.39602 0.38406 0.37522 0.37146 0.37637 0.39588 0.43880 0.51872 0.66158 0.00000
0.64274 0.60257 0.56713 0.53562 0.50743 0.48207 0.45914 0.43832 0.41939 0.40219 0.38672 0.37317 0.36217 0.35507 0.35445 0.36478 0.39267 0.44651 0.53752 0.00000 0.00000
0.61855 0.57731 0.54123 0.50940 0.48110 0.45579 0.43304 0.41249 0.39391 0.37718 0.36237 0.34990 0.34080 0.33718 0.34268 0.36268 0.40353 0.47081 0.00000 0.00000 0.00000
0.59194 0.54966 0.51301 0.48096 0.45267 0.42755 0.40510 0.38497 0.36693 0.35095 0.33731 0.32690 0.32153 0.32446 0.34035 0.37440 0.42997 0.00000 0.00000 0.00000 0.00000
0.56236 0.51910 0.48203 0.44990 0.42180 0.39704 0.37508 0.35560 0.33843 0.32376 0.31236 0.30593 0.30756 0.32157 0.35246 0.40221 0.00000 0.00000 0.00000 0.00000 0.00000
0.52951 0.48539 0.44806 0.41608 0.38838 0.36421 0.34303 0.32457 0.30888 0.29665 0.28954 0.29059 0.30406 0.33412 0.38178 0.00000 0.00000 0.00000 0.00000 0.00000 0.00000
0.49332 0.44848 0.41113 0.37956 0.35256 0.32931 0.30933 0.29256 0.27957 0.27198 0.27287 0.28659 0.31726 0.36532 0.00000 0.00000 0.00000 0.00000 0.00000 0.00000 0.00000
0.45394 0.40858 0.37149 0.34066 0.31473 0.29291 0.27489 0.26112 0.25317 0.25417 0.26863 0.30081 0.35084 0.00000 0.00000 0.00000 0.00000 0.00000 0.00000 0.00000 0.00000
0.41168 0.36600 0.32955 0.29992 0.27565 0.25610 0.24147 0.23324 0.23456 0.25013 0.28442 0.33744 0.00000 0.00000 0.00000 0.00000 0.00000 0.00000 0.00000 0.00000 0.00000
0.36689 0.32121 0.28590 0.25816 0.23656 0.22090 0.21245 0.21434 0.23140 0.26833 0.32507 0.00000 0.00000 0.00000 0.00000 0.00000 0.00000 0.00000 0.00000 0.00000 0.00000
0.31986 0.27466 0.24136 0.21674 0.19971 0.19111 0.19392 0.21302 0.25323 0.31441 0.00000 0.00000 0.00000 0.00000 0.00000 0.00000 0.00000 0.00000 0.00000 0.00000 0.00000
0.27061 0.22687 0.19721 0.17815 0.16948 0.17376 0.19576 0.24028 0.30685 0.00000 0.00000 0.00000 0.00000 0.00000 0.00000 0.00000 0.00000 0.00000 0.00000 0.00000 0.00000
0.21863 0.17868 0.15613 0.14754 0.15430 0.18072 0.23125 0.30474 0.00000 0.00000 0.00000 0.00000 0.00000 0.00000 0.00000 0.00000 0.00000 0.00000 0.00000 0.00000 0.00000
0.16254 0.13250 0.12457 0.13595 0.16960 0.22915 0.31211 0.00000 0.00000 0.00000 0.00000 0.00000 0.00000 0.00000 0.00000 0.00000 0.00000 0.00000 0.00000 0.00000 0.00000
0.09981 0.09669 0.11900 0.16609 0.24024 0.33694 0.00000 0.00000 0.00000 0.00000 0.00000 0.00000 0.00000 0.00000 0.00000 0.00000 0.00000 0.00000 0.00000 0.00000 0.00000
0.02667 0.10365 0.18271 0.28244 0.39906 0.00000 0.00000 0.00000 0.00000 0.00000 0.00000 0.00000 0.00000 0.00000 0.00000 0.00000 0.00000 0.00000 0.00000 0.00000 0.00000
0.00000 0.33027 0.44414 0.57010 0.00000 0.00000 0.00000 0.00000 0.00000 0.00000 0.00000 0.00000 0.00000 0.00000 0.00000 0.00000 0.00000 0.00000 0.00000 0.00000 0.00000
0.16632 0.35295 0.49754 0.00000 0.00000 0.00000 0.00000 0.00000 0.00000 0.00000 0.00000 0.00000 0.00000 0.00000 0.00000 0.00000 0.00000 0.00000 0.00000 0.00000 0.00000
0.28579 0.44354 0.00000 0.00000 0.00000 0.00000 0.00000 0.00000 0.00000 0.00000 0.00000 0.00000 0.00000 0.00000 0.00000 0.00000 0.00000 0.00000 0.00000 0.00000 0.00000
0.40437 0.00000 0.00000 0.00000 0.00000 0.00000 0.00000 0.00000 0.00000 0.00000 0.00000 0.00000 0.00000 0.00000 0.00000 0.00000 0.00000 0.00000 0.00000 0.00000 0.00000
