0.00000 0.97690 0.98615 0.98075 0.96934 0.95417 0.93598 0.91519 0.89253 0.86938 0.84803 0.83147 0.82295 0.82501 0.88403 0.95902 1.04750 1.16326 1.35958
0.00000 0.99537 0.98260 0.96667 0.94813 0.92700 0.90319 0.87688 0.84884 0.82059 0.79443 0.77326 0.76006 0.79976 0.85456 0.92264 1.00168 1.10864 0.00000
0.00000 0.96981 0.95227 0.93227 0.90965 0.88416 0.85584 0.82521 0.79345 0.76240 0.73453 0.71261 0.74045 0.78095 0.83385 0.89612 0.96632 0.00000 0.00000
0.00000 0.93470 0.91346 0.88951 0.86255 0.83259 0.80013 0.76626 0.73268 0.70169 0.67591 0.69907 0.73335 0.77877 0.83274 0.89089 0.00000 0.00000 0.00000
0.00000 0.89219 0.86687 0.83839 0.80682 0.77269 0.73711 0.70179 0.66905 0.64155 0.66366 0.69690 0.74122 0.79382 0.84961 0.00000 0.00000 0.00000 0.00000
0.00000 0.84150 0.81140 0.77816 0.74237 0.70517 0.66830 0.63413 0.60546 0.62748 0.66146 0.70764 0.76301 0.82176 0.00000 0.00000 0.00000 0.00000 0.00000
0.00000 0.78121 0.74628 0.70888 0.67015 0.63185 0.59635 0.56654 0.58826 0.62296 0.67152 0.73110 0.79535 0.00000 0.00000 0.00000 0.00000 0.00000 0.00000
0.00000 0.71113 0.67224 0.63216 0.59261 0.55590 0.52495 0.54584 0.58053 0.63083 0.69452 0.76502 0.00000 0.00000 0.00000 0.00000 0.00000 0.00000 0.00000
0.00000 0.63282 0.59166 0.55112 0.51344 0.48144 0.50095 0.53472 0.58562 0.65243 0.72886 0.00000 0.00000 0.00000 0.00000 0.00000 0.00000 0.00000 0.00000
0.00000 0.54937 0.50819 0.46985 0.43703 0.45474 0.48669 0.53684 0.60528 0.68652 0.00000 0.00000 0.00000 0.00000 0.00000 0.00000 0.00000 0.00000 0.00000
0.00000 0.46479 0.42616 0.39282 0.40849 0.43791 0.48599 0.55428 0.63859 0.00000 0.00000 0.00000 0.00000 0.00000 0.00000 0.00000 0.00000 0.00000 0.00000
0.00000 0.38340 0.34990 0.36346 0.38989 0.43479 0.50114 0.58639 0.00000 0.00000 0.00000 0.00000 0.00000 0.00000 0.00000 0.00000 0.00000 0.00000 0.00000
0.00000 0.30925 0.32076 0.34400 0.38496 0.44780 0.53174 0.00000 0.00000 0.00000 0.00000 0.00000 0.00000 0.00000 0.00000 0.00000 0.00000 0.00000 0.00000
0.00000 0.00000 0.00000 0.00000 0.00000 0.00000 0.00000 0.00000 0.00000 0.00000 0.00000 0.00000 0.00000 0.00000 0.00000 0.00000 0.00000 0.00000 0.00000
0.00000 0.00000 0.00000 0.00000 0.00000 0.00000 0.00000 0.00000 0.00000 0.00000 0.00000 0.00000 0.00000 0.00000 0.00000 0.00000 0.00000 0.00000 0.00000
0.00000 0.00000 0.00000 0.00000 0.00000 0.00000 0.00000 0.00000 0.00000 0.00000 0.00000 0.00000 0.00000 0.00000 0.00000 0.00000 0.00000 0.00000 0.00000
0.00000 0.00000 0.00000 0.00000 0.00000 0.00000 0.00000 0.00000 0.00000 0.00000 0.00000 0.00000 0.00000 0.00000 0.00000 0.00000 0.00000 0.00000 0.00000
0.00000 0.00000 0.00000 0.00000 0.00000 0.00000 0.00000 0.00000 0.00000 0.00000 0.00000 0.00000 0.00000 0.00000 0.00000 0.00000 0.00000 0.00000 0.00000
0.00000 0.00000 0.00000 0.00000 0.00000 0.00000 0.00000 0.00000 0.00000 0.00000 0.00000 0.00000 0.00000 0.00000 0.00000 0.00000 0.00000 0.00000 0.00000
