0.38593 0.36181 0.34052 0.32161 0.30468 0.28945 0.27566 0.26313 0.25169 0.24121 0.23156 0.22266 0.21446 0.20698 0.20047 0.19574 0.19493 0.20259 0.22550 0.26461
0.34430 0.32134 0.30126 0.28354 0.26779 0.25369 0.24101 0.22953 0.21910 0.20957 0.20084 0.19282 0.18545 0.17877 0.17304 0.16912 0.16920 0.17800 0.20243 0.00000
0.29553 0.27442 0.25613 0.24012 0.22600 0.21344 0.20221 0.19210 0.18295 0.17463 0.16704 0.16010 0.15375 0.14806 0.14332 0.14048 0.14186 0.15232 0.00000 0.00000
0.24342 0.22469 0.20865 0.19474 0.18256 0.17183 0.16228 0.15374 0.14605 0.13910 0.13278 0.12704 0.12184 0.11732 0.11388 0.11263 0.11612 0.00000 0.00000 0.00000
0.19120 0.17527 0.16178 0.15023 0.14021 0.13145 0.12372 0.11684 0.11070 0.10517 0.10018 0.09571 0.09180 0.08873 0.08715 0.08846 0.00000 0.00000 0.00000 0.00000
0.14272 0.12975 0.11893 0.10979 0.10194 0.09515 0.08920 0.08396 0.07930 0.07515 0.07147 0.06832 0.06594 0.06487 0.06615 0.00000 0.00000 0.00000 0.00000 0.00000
0.10117 0.09106 0.08278 0.07588 0.07004 0.06504 0.06071 0.05692 0.05360 0.05071 0.04832 0.04668 0.04635 0.04830 0.00000 0.00000 0.00000 0.00000 0.00000 0.00000
0.06822 0.06064 0.05457 0.04961 0.04548 0.04198 0.03899 0.03642 0.03424 0.03254 0.03159 0.03201 0.03482 0.00000 0.00000 0.00000 0.00000 0.00000 0.00000 0.00000
0.04389 0.03840 0.03414 0.03072 0.02793 0.02561 0.02368 0.02210 0.02098 0.02063 0.02174 0.02542 0.00000 0.00000 0.00000 0.00000 0.00000 0.00000 0.00000 0.00000
0.02705 0.02318 0.02029 0.01803 0.01624 0.01480 0.01370 0.01306 0.01323 0.01498 0.01953 0.00000 0.00000 0.00000 0.00000 0.00000 0.00000 0.00000 0.00000 0.00000
0.01602 0.01335 0.01144 0.01003 0.00896 0.00823 0.00796 0.00858 0.01096 0.01645 0.00000 0.00000 0.00000 0.00000 0.00000 0.00000 0.00000 0.00000 0.00000 0.00000
0.00911 0.00729 0.00609 0.00528 0.00482 0.00488 0.00593 0.00898 0.01556 0.00000 0.00000 0.00000 0.00000 0.00000 0.00000 0.00000 0.00000 0.00000 0.00000 0.00000
0.00488 0.00369 0.00304 0.00280 0.00315 0.00469 0.00855 0.01649 0.00000 0.00000 0.00000 0.00000 0.00000 0.00000 0.00000 0.00000 0.00000 0.00000 0.00000 0.00000
0.00224 0.00163 0.00163 0.00236 0.00454 0.00953 0.01932 0.00000 0.00000 0.00000 0.00000 0.00000 0.00000 0.00000 0.00000 0.00000 0.00000 0.00000 0.00000 0.00000
0.00033 0.00097 0.00241 0.00566 0.01243 0.02500 0.00000 0.00000 0.00000 0.00000 0.00000 0.00000 0.00000 0.00000 0.00000 0.00000 0.00000 0.00000 0.00000 0.00000
0.00000 0.00529 0.01036 0.02007 0.03702 0.00000 0.00000 0.00000 0.00000 0.00000 0.00000 0.00000 0.00000 0.00000 0.00000 0.00000 0.00000 0.00000 0.00000 0.00000
0.00452 0.00998 0.01981 0.03683 0.00000 0.00000 0.00000 0.00000 0.00000 0.00000 0.00000 0.00000 0.00000 0.00000 0.00000 0.00000 0.00000 0.00000 0.00000 0.00000
0.00983 0.01971 0.03675 0.00000 0.00000 0.00000 0.00000 0.00000 0.00000 0.00000 0.00000 0.00000 0.00000 0.00000 0.00000 0.00000 0.00000 0.00000 0.00000 0.00000
0.01968 0.03673 0.00000 0.00000 0.00000 0.00000 0.00000 0.00000 0.00000 0.00000 0.00000 0.00000 0.00000 0.00000 0.00000 0.00000 0.00000 0.00000 0.00000 0.00000
0.03672 0.00000 0.00000 0.00000 0.00000 0.00000 0.00000 0.00000 0.00000 0.00000 0.00000 0.00000 0.00000 0.00000 0.00000 0.00000 0.00000 0.00000 0.00000 0.00000
