0.00000 1.18041 1.22235 1.24399 1.26096 1.27610 1.29068 1.30517 1.31974 1.33450 1.34906 1.36362 1.37811 1.39244 1.40666 1.42065 1.43454 1.44842 1.46228 1.47613 1.48993 1.50367 1.51735 1.53070 1.54380 1.55664 1.56900 1.58092 1.59234 1.60324 1.61364 1.62357 1.63274 1.64125 1.64903 1.65597 1.66205 1.66727 1.67149 1.67477 1.67695 1.67762 1.67699 1.67493 1.67143 1.66666 1.66095 1.65417 1.64640 1.63828 1.63028 1.64915 1.66994 1.69345 1.72053 1.75142 1.78707 1.82862 1.87889 1.94482 2.04293 2.21610 2.57714 3.45826
0.00000 1.24053 1.25105 1.26150 1.27281 1.28460 1.29701 1.30994 1.32323 1.33685 1.35039 1.36404 1.37775 1.39141 1.40511 1.41874 1.43243 1.44624 1.46014 1.47408 1.48799 1.50184 1.51561 1.52903 1.54220 1.55507 1.56743 1.57930 1.59063 1.60138 1.61159 1.62126 1.63010 1.63819 1.64546 1.65179 1.65714 1.66151 1.66478 1.66701 1.66804 1.66746 1.66554 1.66213 1.65726 1.65112 1.64407 1.63598 1.62697 1.61768 1.63502 1.65365 1.67422 1.69754 1.72451 1.75535 1.79103 1.83272 1.88330 1.94989 2.04922 2.22505 2.59240 0.00000
0.00000 1.23806 1.24742 1.25732 1.26846 1.28023 1.29260 1.30538 1.31841 1.33172 1.34491 1.35824 1.37169 1.38518 1.39883 1.41254 1.42641 1.44049 1.45470 1.46894 1.48312 1.49721 1.51120 1.52481 1.53812 1.55109 1.56349 1.57536 1.58662 1.59724 1.60724 1.61664 1.62511 1.63274 1.63943 1.64506 1.64961 1.65305 1.65528 1.65636 1.65617 1.65430 1.65104 1.64627 1.64004 1.63256 1.62421 1.61489 1.60473 1.62104 1.63811 1.65648 1.67679 1.69993 1.72677 1.75755 1.79327 1.83511 1.88606 1.95332 2.05401 2.23299 0.00000 0.00000
0.00000 1.23388 1.24281 1.25246 1.26371 1.27550 1.28777 1.30029 1.31298 1.32602 1.33888 1.35196 1.36524 1.37870 1.39245 1.40637 1.42055 1.43496 1.44948 1.46402 1.47847 1.49278 1.50696 1.52072 1.53414 1.54716 1.55955 1.57135 1.58248 1.59289 1.60262 1.61163 1.61963 1.62666 1.63264 1.63744 1.64103 1.64340 1.64447 1.64430 1.64279 1.63956 1.63491 1.62875 1.62116 1.61237 1.60276 1.59227 1.60799 1.62400 1.64077 1.65883 1.67890 1.70183 1.72853 1.75926 1.79501 1.83707 1.88840 1.95645 2.05905 0.00000 0.00000 0.00000
0.00000 1.22962 1.23830 1.24773 1.25904 1.27064 1.28262 1.29477 1.30713 1.31992 1.33248 1.34539 1.35866 1.37223 1.38623 1.40047 1.41503 1.42978 1.44461 1.45942 1.47411 1.48862 1.50296 1.51684 1.53030 1.54331 1.55562 1.56728 1.57820 1.58832 1.59765 1.60617 1.61355 1.61985 1.62497 1.62879 1.63129 1.63247 1.63226 1.63074 1.62784 1.62319 1.61713 1.60958 1.60065 1.59059 1.57980 1.59547 1.61087 1.62656 1.64299 1.66076 1.68055 1.70326 1.72982 1.76048 1.79634 1.83860 1.89043 1.95984 0.00000 0.00000 0.00000 0.00000
0.00000 1.22554 1.23408 1.24321 1.25433 1.26544 1.27700 1.28875 1.30084 1.31343 1.32574 1.33865 1.35206 1.36591 1.38026 1.39490 1.40986 1.42494 1.44007 1.45513 1.47003 1.48470 1.49916 1.51308 1.52653 1.53945 1.55162 1.56306 1.57366 1.58338 1.59220 1.60009 1.60672 1.61213 1.61625 1.61895 1.62022 1.62009 1.61850 1.61556 1.61121 1.60512 1.59765 1.58874 1.57851 1.56724 1.58293 1.59828 1.61333 1.62865 1.64474 1.66218 1.68169 1.70418 1.73059 1.76125 1.79718 1.83977 1.89267 0.00000 0.00000 0.00000 0.00000 0.00000
0.00000 1.22141 1.22981 1.23856 1.24922 1.25965 1.27078 1.28216 1.29410 1.30657 1.31876 1.33185 1.34558 1.35984 1.37462 1.38965 1.40502 1.42041 1.43580 1.45110 1.46617 1.48095 1.49545 1.50935 1.52271 1.53548 1.54742 1.55856 1.56874 1.57793 1.58610 1.59321 1.59893 1.60331 1.60627 1.60772 1.60765 1.60611 1.60306 1.59865 1.59283 1.58530 1.57644 1.56621 1.55476 1.57029 1.58564 1.60064 1.61530 1.63025 1.64598 1.66307 1.68228 1.70453 1.73085 1.76148 1.79761 1.84108 0.00000 0.00000 0.00000 0.00000 0.00000 0.00000
0.00000 1.21673 1.22487 1.23321 1.24331 1.25311 1.26387 1.27501 1.28694 1.29942 1.31174 1.32521 1.33939 1.35412 1.36934 1.38476 1.40047 1.41615 1.43177 1.44730 1.46249 1.47728 1.49176 1.50558 1.51878 1.53130 1.54291 1.55364 1.56328 1.57180 1.57916 1.58533 1.58999 1.59319 1.59487 1.59494 1.59343 1.59040 1.58585 1.57994 1.57264 1.56370 1.55351 1.54204 1.55772 1.57290 1.58789 1.60249 1.61676 1.63131 1.64664 1.66338 1.68228 1.70434 1.73055 1.76126 1.79815 0.00000 0.00000 0.00000 0.00000 0.00000 0.00000 0.00000
0.00000 1.21095 1.21877 1.22684 1.23646 1.24584 1.25639 1.26746 1.27954 1.29224 1.30498 1.31896 1.33367 1.34887 1.36451 1.38029 1.39626 1.41219 1.42801 1.44372 1.45896 1.47368 1.48807 1.50171 1.51466 1.52684 1.53800 1.54821 1.55715 1.56483 1.57123 1.57630 1.57974 1.58162 1.58191 1.58050 1.57746 1.57289 1.56681 1.55940 1.55067 1.54037 1.52893 1.54493 1.56026 1.57507 1.58965 1.60385 1.61770 1.63182 1.64676 1.66312 1.68176 1.70360 1.72979 1.76116 0.00000 0.00000 0.00000 0.00000 0.00000 0.00000 0.00000 0.00000
0.00000 1.20390 1.21150 1.21949 1.22879 1.23806 1.24859 1.25984 1.27225 1.28537 1.29877 1.31332 1.32855 1.34421 1.36023 1.37632 1.39249 1.40862 1.42457 1.44037 1.45558 1.47016 1.48437 1.49774 1.51033 1.52204 1.53261 1.54213 1.55022 1.55691 1.56218 1.56597 1.56806 1.56849 1.56729 1.56433 1.55969 1.55356 1.54595 1.53708 1.52697 1.51539 1.53179 1.54745 1.56240 1.57679 1.59096 1.60473 1.61813 1.63182 1.64633 1.66237 1.68071 1.70245 1.72919 0.00000 0.00000 0.00000 0.00000 0.00000 0.00000 0.00000 0.00000 0.00000
0.00000 1.19586 1.20341 1.21145 1.22065 1.23009 1.24087 1.25257 1.26548 1.27919 1.29333 1.30845 1.32415 1.34021 1.35655 1.37291 1.38922 1.40547 1.42147 1.43725 1.45235 1.46671 1.48064 1.49363 1.50573 1.51682 1.52664 1.53529 1.54234 1.54787 1.55185 1.55421 1.55481 1.55369 1.55094 1.54637 1.54009 1.53241 1.52331 1.51303 1.50162 1.51822 1.53432 1.54960 1.56413 1.57809 1.59183 1.60513 1.61807 1.63131 1.64544 1.66113 1.67927 1.70148 0.00000 0.00000 0.00000 0.00000 0.00000 0.00000 0.00000 0.00000 0.00000 0.00000
0.00000 1.18737 1.19492 1.20313 1.21248 1.22241 1.23371 1.24606 1.25959 1.27394 1.28879 1.30441 1.32053 1.33692 1.35353 1.37008 1.38648 1.40276 1.41871 1.43434 1.44922 1.46329 1.47681 1.48929 1.50074 1.51105 1.51994 1.52751 1.53336 1.53756 1.54011 1.54090 1.53991 1.53716 1.53279 1.52658 1.51869 1.50948 1.49895 1.48735 1.50449 1.52076 1.53652 1.55138 1.56549 1.57898 1.59224 1.60508 1.61754 1.63036 1.64409 1.65951 1.67804 0.00000 0.00000 0.00000 0.00000 0.00000 0.00000 0.00000 0.00000 0.00000 0.00000 0.00000
0.00000 1.17870 1.18643 1.19498 1.20479 1.21547 1.22752 1.24065 1.25481 1.26976 1.28521 1.30124 1.31771 1.33436 1.35115 1.36781 1.38422 1.40043 1.41622 1.43158 1.44613 1.45980 1.47276 1.48456 1.49519 1.50454 1.51232 1.51861 1.52309 1.52580 1.52678 1.52593 1.52326 1.51882 1.51278 1.50495 1.49550 1.48483 1.47296 1.49029 1.50710 1.52300 1.53835 1.55279 1.56645 1.57944 1.59224 1.60458 1.61660 1.62897 1.64238 1.65814 0.00000 0.00000 0.00000 0.00000 0.00000 0.00000 0.00000 0.00000 0.00000 0.00000 0.00000 0.00000
0.00000 1.17029 1.17841 1.18760 1.19815 1.20976 1.22265 1.23654 1.25123 1.26669 1.28258 1.29894 1.31570 1.33251 1.34939 1.36604 1.38236 1.39839 1.41391 1.42886 1.44294 1.45606 1.46831 1.47925 1.48887 1.49706 1.50355 1.50839 1.51133 1.51243 1.51172 1.50915 1.50475 1.49860 1.49089 1.48148 1.47054 1.45851 1.47597 1.49298 1.50943 1.52490 1.53984 1.55382 1.56699 1.57950 1.59179 1.60369 1.61523 1.62725 1.64095 0.00000 0.00000 0.00000 0.00000 0.00000 0.00000 0.00000 0.00000 0.00000 0.00000 0.00000 0.00000 0.00000
0.00000 1.16264 1.17149 1.18155 1.19304 1.20559 1.21927 1.23381 1.24887 1.26472 1.28092 1.29749 1.31446 1.33133 1.34816 1.36467 1.38080 1.39652 1.41164 1.42605 1.43951 1.45190 1.46324 1.47312 1.48154 1.48838 1.49340 1.49662 1.49790 1.49725 1.49477 1.49045 1.48430 1.47645 1.46710 1.45616 1.44386 1.46158 1.47871 1.49537 1.51141 1.52647 1.54093 1.55443 1.56710 1.57911 1.59095 1.60235 1.61352 1.62581 0.00000 0.00000 0.00000 0.00000 0.00000 0.00000 0.00000 0.00000 0.00000 0.00000 0.00000 0.00000 0.00000 0.00000
0.00000 1.15642 1.16622 1.17729 1.18972 1.20309 1.21737 1.23237 1.24768 1.26378 1.28016 1.29683 1.31387 1.33065 1.34731 1.36356 1.37936 1.39464 1.40920 1.42292 1.43557 1.44703 1.45727 1.46589 1.47291 1.47822 1.48160 1.48308 1.48256 1.48010 1.47579 1.46971 1.46181 1.45231 1.44140 1.42902 1.44693 1.46433 1.48109 1.49737 1.51300 1.52761 1.54155 1.55456 1.56670 1.57828 1.58961 1.60063 1.61205 0.00000 0.00000 0.00000 0.00000 0.00000 0.00000 0.00000 0.00000 0.00000 0.00000 0.00000 0.00000 0.00000 0.00000 0.00000
0.00000 1.15194 1.16286 1.17489 1.18814 1.20208 1.21673 1.23200 1.24747 1.26369 1.28012 1.29676 1.31371 1.33027 1.34662 1.36248 1.37780 1.39249 1.40633 1.41918 1.43083 1.44114 1.45006 1.45723 1.46266 1.46628 1.46787 1.46750 1.46511 1.46077 1.45463 1.44679 1.43721 1.42614 1.41377 1.43200 1.44960 1.46664 1.48298 1.49889 1.51408 1.52820 1.54163 1.55410 1.56578 1.57684 1.58778 1.59908 0.00000 0.00000 0.00000 0.00000 0.00000 0.00000 0.00000 0.00000 0.00000 0.00000 0.00000 0.00000 0.00000 0.00000 0.00000 0.00000
0.00000 1.14930 1.16130 1.17409 1.18796 1.20222 1.21700 1.23241 1.24795 1.26418 1.28051 1.29698 1.31368 1.32989 1.34580 1.36114 1.37582 1.38974 1.40268 1.41447 1.42490 1.43385 1.44125 1.44677 1.45045 1.45223 1.45192 1.44962 1.44531 1.43909 1.43113 1.42159 1.41041 1.39788 1.41660 1.43448 1.45174 1.46836 1.48429 1.49978 1.51449 1.52811 1.54099 1.55299 1.56413 1.57480 1.58603 0.00000 0.00000 0.00000 0.00000 0.00000 0.00000 0.00000 0.00000 0.00000 0.00000 0.00000 0.00000 0.00000 0.00000 0.00000 0.00000 0.00000
0.00000 1.14824 1.16113 1.17441 1.18870 1.20310 1.21783 1.23327 1.24879 1.26489 1.28099 1.29715 1.31347 1.32920 1.34454 1.35919 1.37306 1.38602 1.39785 1.40836 1.41737 1.42475 1.43045 1.43416 1.43593 1.43576 1.43348 1.42920 1.42296 1.41489 1.40518 1.39403 1.38137 1.40043 1.41883 1.43633 1.45317 1.46937 1.48484 1.49987 1.51408 1.52715 1.53955 1.55102 1.56174 1.57269 0.00000 0.00000 0.00000 0.00000 0.00000 0.00000 0.00000 0.00000 0.00000 0.00000 0.00000 0.00000 0.00000 0.00000 0.00000 0.00000 0.00000 0.00000
0.00000 1.14849 1.16189 1.17539 1.18991 1.20432 1.21894 1.23429 1.24969 1.26551 1.28126 1.29697 1.31278 1.32788 1.34250 1.35628 1.36915 1.38095 1.39145 1.40048 1.40785 1.41346 1.41729 1.41905 1.41881 1.41661 1.41231 1.40606 1.39794 1.38809 1.37673 1.36408 1.38351 1.40225 1.42028 1.43736 1.45376 1.46950 1.48447 1.49901 1.51270 1.52525 1.53710 1.54815 1.55916 0.00000 0.00000 0.00000 0.00000 0.00000 0.00000 0.00000 0.00000 0.00000 0.00000 0.00000 0.00000 0.00000 0.00000 0.00000 0.00000 0.00000 0.00000 0.00000
0.00000 1.14958 1.16316 1.17670 1.19126 1.20560 1.22006 1.23521 1.25037 1.26580 1.28104 1.29619 1.31131 1.32565 1.33936 1.35209 1.36374 1.37416 1.38312 1.39045 1.39599 1.39967 1.40149 1.40117 1.39886 1.39459 1.38828 1.38011 1.37017 1.35865 1.34578 1.36570 1.38481 1.40320 1.42080 1.43748 1.45338 1.46860 1.48306 1.49708 1.51028 1.52225 1.53367 1.54503 0.00000 0.00000 0.00000 0.00000 0.00000 0.00000 0.00000 0.00000 0.00000 0.00000 0.00000 0.00000 0.00000 0.00000 0.00000 0.00000 0.00000 0.00000 0.00000 0.00000
0.00000 1.15117 1.16465 1.17812 1.19254 1.20674 1.22098 1.23578 1.25059 1.26549 1.28008 1.29453 1.30878 1.32216 1.33480 1.34626 1.35647 1.36528 1.37248 1.37791 1.38146 1.38307 1.38276 1.38031 1.37588 1.36957 1.36129 1.35128 1.33965 1.32660 1.34679 1.36641 1.38516 1.40312 1.42030 1.43654 1.45188 1.46659 1.48048 1.49402 1.50667 1.51817 1.52993 0.00000 0.00000 0.00000 0.00000 0.00000 0.00000 0.00000 0.00000 0.00000 0.00000 0.00000 0.00000 0.00000 0.00000 0.00000 0.00000 0.00000 0.00000 0.00000 0.00000 0.00000
0.00000 1.15296 1.16618 1.17949 1.19361 1.20753 1.22146 1.23578 1.25009 1.26433 1.27811 1.29169 1.30488 1.31710 1.32846 1.33841 1.34695 1.35393 1.35918 1.36256 1.36396 1.36339 1.36089 1.35629 1.34977 1.34145 1.33131 1.31959 1.30642 1.32692 1.34681 1.36608 1.38440 1.40194 1.41864 1.43437 1.44917 1.46330 1.47669 1.48966 1.50189 1.51372 0.00000 0.00000 0.00000 0.00000 0.00000 0.00000 0.00000 0.00000 0.00000 0.00000 0.00000 0.00000 0.00000 0.00000 0.00000 0.00000 0.00000 0.00000 0.00000 0.00000 0.00000 0.00000
0.00000 1.15465 1.16756 1.18059 1.19425 1.20775 1.22124 1.23495 1.24860 1.26204 1.27485 1.28737 1.29929 1.31012 1.31995 1.32816 1.33481 1.33977 1.34289 1.34407 1.34323 1.34042 1.33571 1.32897 1.32042 1.31022 1.29835 1.28507 1.30596 1.32616 1.34569 1.36453 1.38243 1.39949 1.41566 1.43087 1.44509 1.45870 1.47152 1.48403 1.49664 0.00000 0.00000 0.00000 0.00000 0.00000 0.00000 0.00000 0.00000 0.00000 0.00000 0.00000 0.00000 0.00000 0.00000 0.00000 0.00000 0.00000 0.00000 0.00000 0.00000 0.00000 0.00000 0.00000
0.00000 1.15608 1.16855 1.18116 1.19421 1.20715 1.22005 1.23301 1.24583 1.25830 1.26998 1.28122 1.29165 1.30085 1.30888 1.31513 1.31969 1.32245 1.32331 1.32219 1.31905 1.31398 1.30710 1.29830 1.28784 1.27589 1.26246 1.28373 1.30431 1.32416 1.34325 1.36168 1.37909 1.39561 1.41124 1.42586 1.43958 1.45260 1.46496 1.47785 0.00000 0.00000 0.00000 0.00000 0.00000 0.00000 0.00000 0.00000 0.00000 0.00000 0.00000 0.00000 0.00000 0.00000 0.00000 0.00000 0.00000 0.00000 0.00000 0.00000 0.00000 0.00000 0.00000 0.00000
0.00000 1.15691 1.16884 1.18087 1.19322 1.20545 1.21762 1.22969 1.24149 1.25278 1.26314 1.27286 1.28155 1.28887 1.29485 1.29894 1.30123 1.30167 1.30016 1.29669 1.29124 1.28396 1.27499 1.26425 1.25204 1.23853 1.26012 1.28109 1.30132 1.32073 1.33940 1.35734 1.37421 1.39018 1.40520 1.41930 1.43243 1.44499 1.45776 0.00000 0.00000 0.00000 0.00000 0.00000 0.00000 0.00000 0.00000 0.00000 0.00000 0.00000 0.00000 0.00000 0.00000 0.00000 0.00000 0.00000 0.00000 0.00000 0.00000 0.00000 0.00000 0.00000 0.00000 0.00000
0.00000 1.15682 1.16807 1.17942 1.19097 1.20238 1.21365 1.22466 1.23521 1.24511 1.25392 1.26185 1.26857 1.27377 1.27749 1.27924 1.27914 1.27716 1.27325 1.26743 1.25972 1.25032 1.23940 1.22690 1.21312 1.23510 1.25640 1.27701 1.29681 1.31578 1.33396 1.35136 1.36767 1.38302 1.39751 1.41098 1.42366 1.43665 0.00000 0.00000 0.00000 0.00000 0.00000 0.00000 0.00000 0.00000 0.00000 0.00000 0.00000 0.00000 0.00000 0.00000 0.00000 0.00000 0.00000 0.00000 0.00000 0.00000 0.00000 0.00000 0.00000 0.00000 0.00000 0.00000
0.00000 1.15549 1.16601 1.17657 1.18723 1.19767 1.20784 1.21756 1.22663 1.23487 1.24187 1.24776 1.25228 1.25517 1.25645 1.25574 1.25315 1.24871 1.24242 1.23432 1.22447 1.21308 1.20040 1.18634 1.20848 1.23020 1.25115 1.27132 1.29068 1.30916 1.32678 1.34363 1.35931 1.37411 1.38797 1.40095 1.41410 0.00000 0.00000 0.00000 0.00000 0.00000 0.00000 0.00000 0.00000 0.00000 0.00000 0.00000 0.00000 0.00000 0.00000 0.00000 0.00000 0.00000 0.00000 0.00000 0.00000 0.00000 0.00000 0.00000 0.00000 0.00000 0.00000 0.00000
0.00000 1.15278 1.16246 1.17212 1.18175 1.19103 1.19985 1.20803 1.21535 1.22166 1.22657 1.23018 1.23230 1.23270 1.23143 1.22818 1.22308 1.21622 1.20761 1.19735 1.18555 1.17235 1.15813 1.18042 1.20227 1.22367 1.24417 1.26392 1.28278 1.30069 1.31774 1.33396 1.34909 1.36325 1.37660 1.39006 0.00000 0.00000 0.00000 0.00000 0.00000 0.00000 0.00000 0.00000 0.00000 0.00000 0.00000 0.00000 0.00000 0.00000 0.00000 0.00000 0.00000 0.00000 0.00000 0.00000 0.00000 0.00000 0.00000 0.00000 0.00000 0.00000 0.00000 0.00000
0.00000 1.14848 1.15723 1.16581 1.17421 1.18205 1.18926 1.19562 1.20092 1.20501 1.20760 1.20870 1.20826 1.20607 1.20221 1.19640 1.18881 1.17961 1.16883 1.15659 1.14304 1.12830 1.15083 1.17282 1.19431 1.21530 1.23538 1.25462 1.27291 1.29024 1.30665 1.32231 1.33678 1.35043 1.36428 0.00000 0.00000 0.00000 0.00000 0.00000 0.00000 0.00000 0.00000 0.00000 0.00000 0.00000 0.00000 0.00000 0.00000 0.00000 0.00000 0.00000 0.00000 0.00000 0.00000 0.00000 0.00000 0.00000 0.00000 0.00000 0.00000 0.00000 0.00000 0.00000
0.00000 1.14243 1.15003 1.15730 1.16418 1.17030 1.17560 1.17985 1.18284 1.18451 1.18455 1.18298 1.17988 1.17504 1.16860 1.16030 1.15032 1.13893 1.12617 1.11218 1.09714 1.11947 1.14174 1.16337 1.18442 1.20499 1.22455 1.24322 1.26092 1.27760 1.29343 1.30843 1.32238 1.33655 0.00000 0.00000 0.00000 0.00000 0.00000 0.00000 0.00000 0.00000 0.00000 0.00000 0.00000 0.00000 0.00000 0.00000 0.00000 0.00000 0.00000 0.00000 0.00000 0.00000 0.00000 0.00000 0.00000 0.00000 0.00000 0.00000 0.00000 0.00000 0.00000 0.00000
0.00000 1.13421 1.14043 1.14609 1.15118 1.15525 1.15835 1.16020 1.16067 1.15973 1.15707 1.15275 1.14694 1.13946 1.13052 1.11984 1.10765 1.09430 1.07981 1.06435 1.08672 1.10874 1.13068 1.15185 1.17246 1.19251 1.21149 1.22957 1.24660 1.26269 1.27784 1.29231 1.30679 0.00000 0.00000 0.00000 0.00000 0.00000 0.00000 0.00000 0.00000 0.00000 0.00000 0.00000 0.00000 0.00000 0.00000 0.00000 0.00000 0.00000 0.00000 0.00000 0.00000 0.00000 0.00000 0.00000 0.00000 0.00000 0.00000 0.00000 0.00000 0.00000 0.00000 0.00000
0.00000 1.12340 1.12792 1.13167 1.13466 1.13635 1.13699 1.13623 1.13397 1.13031 1.12487 1.11779 1.10932 1.09930 1.08799 1.07514 1.06099 1.04594 1.03002 1.05223 1.07427 1.09594 1.11742 1.13814 1.15823 1.17768 1.19606 1.21344 1.22988 1.24526 1.25986 1.27489 0.00000 0.00000 0.00000 0.00000 0.00000 0.00000 0.00000 0.00000 0.00000 0.00000 0.00000 0.00000 0.00000 0.00000 0.00000 0.00000 0.00000 0.00000 0.00000 0.00000 0.00000 0.00000 0.00000 0.00000 0.00000 0.00000 0.00000 0.00000 0.00000 0.00000 0.00000 0.00000
0.00000 1.10943 1.11197 1.11345 1.11404 1.11312 1.11111 1.10757 1.10246 1.09600 1.08779 1.07803 1.06701 1.05462 1.04116 1.02639 1.01059 0.99416 1.01612 1.03799 1.05964 1.08084 1.10187 1.12205 1.14153 1.16035 1.17803 1.19482 1.21052 1.22532 1.24048 0.00000 0.00000 0.00000 0.00000 0.00000 0.00000 0.00000 0.00000 0.00000 0.00000 0.00000 0.00000 0.00000 0.00000 0.00000 0.00000 0.00000 0.00000 0.00000 0.00000 0.00000 0.00000 0.00000 0.00000 0.00000 0.00000 0.00000 0.00000 0.00000 0.00000 0.00000 0.00000 0.00000
0.00000 1.09180 1.09203 1.09092 1.08887 1.08517 1.08036 1.07395 1.06595 1.05671 1.04580 1.03352 1.02015 1.00562 0.99031 0.97393 0.95682 0.97842 1.00003 1.02150 1.04263 1.06338 1.08385 1.10340 1.12225 1.14034 1.15740 1.17344 1.18853 1.20388 0.00000 0.00000 0.00000 0.00000 0.00000 0.00000 0.00000 0.00000 0.00000 0.00000 0.00000 0.00000 0.00000 0.00000 0.00000 0.00000 0.00000 0.00000 0.00000 0.00000 0.00000 0.00000 0.00000 0.00000 0.00000 0.00000 0.00000 0.00000 0.00000 0.00000 0.00000 0.00000 0.00000 0.00000
0.00000 1.06993 1.06756 1.06365 1.05878 1.05221 1.04455 1.03526 1.02441 1.01248 0.99905 0.98448 0.96902 0.95269 0.93584 0.91822 0.93923 0.96045 0.98164 1.00258 1.02322 1.04340 1.06321 1.08212 1.10023 1.11769 1.13398 1.14937 1.16501 0.00000 0.00000 0.00000 0.00000 0.00000 0.00000 0.00000 0.00000 0.00000 0.00000 0.00000 0.00000 0.00000 0.00000 0.00000 0.00000 0.00000 0.00000 0.00000 0.00000 0.00000 0.00000 0.00000 0.00000 0.00000 0.00000 0.00000 0.00000 0.00000 0.00000 0.00000 0.00000 0.00000 0.00000 0.00000
0.00000 1.04333 1.03818 1.03136 1.02359 1.01414 1.00361 0.99151 0.97799 0.96354 0.94785 0.93128 0.91409 0.89630 0.87830 0.89880 0.91941 0.94020 0.96083 0.98126 1.00130 1.02082 1.03997 1.05810 1.07558 1.09224 1.10784 1.12378 0.00000 0.00000 0.00000 0.00000 0.00000 0.00000 0.00000 0.00000 0.00000 0.00000 0.00000 0.00000 0.00000 0.00000 0.00000 0.00000 0.00000 0.00000 0.00000 0.00000 0.00000 0.00000 0.00000 0.00000 0.00000 0.00000 0.00000 0.00000 0.00000 0.00000 0.00000 0.00000 0.00000 0.00000 0.00000 0.00000
0.00000 1.01173 1.00367 0.99396 0.98326 0.97099 0.95766 0.94294 0.92701 0.91033 0.89269 0.87448 0.85594 0.83711 0.85713 0.87720 0.89736 0.91756 0.93767 0.95748 0.97682 0.99566 1.01404 1.03152 1.04816 1.06410 1.08023 0.00000 0.00000 0.00000 0.00000 0.00000 0.00000 0.00000 0.00000 0.00000 0.00000 0.00000 0.00000 0.00000 0.00000 0.00000 0.00000 0.00000 0.00000 0.00000 0.00000 0.00000 0.00000 0.00000 0.00000 0.00000 0.00000 0.00000 0.00000 0.00000 0.00000 0.00000 0.00000 0.00000 0.00000 0.00000 0.00000 0.00000
0.00000 0.97499 0.96402 0.95146 0.93792 0.92296 0.90704 0.88996 0.87194 0.85339 0.83422 0.81475 0.79529 0.81430 0.83389 0.85348 0.87302 0.89268 0.91215 0.93125 0.94988 0.96788 0.98564 1.00225 1.01812 1.03458 0.00000 0.00000 0.00000 0.00000 0.00000 0.00000 0.00000 0.00000 0.00000 0.00000 0.00000 0.00000 0.00000 0.00000 0.00000 0.00000 0.00000 0.00000 0.00000 0.00000 0.00000 0.00000 0.00000 0.00000 0.00000 0.00000 0.00000 0.00000 0.00000 0.00000 0.00000 0.00000 0.00000 0.00000 0.00000 0.00000 0.00000 0.00000
0.00000 0.93319 0.91936 0.90409 0.88788 0.87046 0.85224 0.83316 0.81344 0.79346 0.77319 0.75291 0.77103 0.78958 0.80869 0.82765 0.84662 0.86562 0.88435 0.90272 0.92050 0.93779 0.95469 0.97046 0.98679 0.00000 0.00000 0.00000 0.00000 0.00000 0.00000 0.00000 0.00000 0.00000 0.00000 0.00000 0.00000 0.00000 0.00000 0.00000 0.00000 0.00000 0.00000 0.00000 0.00000 0.00000 0.00000 0.00000 0.00000 0.00000 0.00000 0.00000 0.00000 0.00000 0.00000 0.00000 0.00000 0.00000 0.00000 0.00000 0.00000 0.00000 0.00000 0.00000
0.00000 0.88655 0.87002 0.85224 0.83364 0.81409 0.79396 0.77330 0.75232 0.73138 0.71046 0.72740 0.74505 0.76309 0.78156 0.79995 0.81823 0.83647 0.85446 0.87197 0.88904 0.90534 0.92140 0.93757 0.00000 0.00000 0.00000 0.00000 0.00000 0.00000 0.00000 0.00000 0.00000 0.00000 0.00000 0.00000 0.00000 0.00000 0.00000 0.00000 0.00000 0.00000 0.00000 0.00000 0.00000 0.00000 0.00000 0.00000 0.00000 0.00000 0.00000 0.00000 0.00000 0.00000 0.00000 0.00000 0.00000 0.00000 0.00000 0.00000 0.00000 0.00000 0.00000 0.00000
0.00000 0.83548 0.81649 0.79650 0.77589 0.75461 0.73303 0.71125 0.68950 0.66808 0.68395 0.70040 0.71754 0.73492 0.75282 0.77052 0.78802 0.80551 0.82261 0.83942 0.85549 0.87078 0.88723 0.00000 0.00000 0.00000 0.00000 0.00000 0.00000 0.00000 0.00000 0.00000 0.00000 0.00000 0.00000 0.00000 0.00000 0.00000 0.00000 0.00000 0.00000 0.00000 0.00000 0.00000 0.00000 0.00000 0.00000 0.00000 0.00000 0.00000 0.00000 0.00000 0.00000 0.00000 0.00000 0.00000 0.00000 0.00000 0.00000 0.00000 0.00000 0.00000 0.00000 0.00000
0.00000 0.78056 0.75947 0.73765 0.71547 0.69293 0.67040 0.64801 0.62598 0.64083 0.65619 0.67212 0.68859 0.70541 0.72263 0.73955 0.75629 0.77287 0.78928 0.80506 0.82009 0.83564 0.00000 0.00000 0.00000 0.00000 0.00000 0.00000 0.00000 0.00000 0.00000 0.00000 0.00000 0.00000 0.00000 0.00000 0.00000 0.00000 0.00000 0.00000 0.00000 0.00000 0.00000 0.00000 0.00000 0.00000 0.00000 0.00000 0.00000 0.00000 0.00000 0.00000 0.00000 0.00000 0.00000 0.00000 0.00000 0.00000 0.00000 0.00000 0.00000 0.00000 0.00000 0.00000
0.00000 0.72259 0.69981 0.67662 0.65336 0.63008 0.60713 0.58463 0.59828 0.61263 0.62745 0.64270 0.65864 0.67477 0.69123 0.70739 0.72319 0.73911 0.75446 0.76913 0.78437 0.00000 0.00000 0.00000 0.00000 0.00000 0.00000 0.00000 0.00000 0.00000 0.00000 0.00000 0.00000 0.00000 0.00000 0.00000 0.00000 0.00000 0.00000 0.00000 0.00000 0.00000 0.00000 0.00000 0.00000 0.00000 0.00000 0.00000 0.00000 0.00000 0.00000 0.00000 0.00000 0.00000 0.00000 0.00000 0.00000 0.00000 0.00000 0.00000 0.00000 0.00000 0.00000 0.00000
0.00000 0.66245 0.63848 0.61442 0.59063 0.56713 0.54426 0.55677 0.56992 0.58376 0.59784 0.61257 0.62788 0.64324 0.65900 0.67422 0.68939 0.70422 0.71835 0.73320 0.00000 0.00000 0.00000 0.00000 0.00000 0.00000 0.00000 0.00000 0.00000 0.00000 0.00000 0.00000 0.00000 0.00000 0.00000 0.00000 0.00000 0.00000 0.00000 0.00000 0.00000 0.00000 0.00000 0.00000 0.00000 0.00000 0.00000 0.00000 0.00000 0.00000 0.00000 0.00000 0.00000 0.00000 0.00000 0.00000 0.00000 0.00000 0.00000 0.00000 0.00000 0.00000 0.00000 0.00000
0.00000 0.60117 0.57654 0.55216 0.52836 0.50514 0.51655 0.52858 0.54122 0.55436 0.56788 0.58196 0.59657 0.61125 0.62616 0.64080 0.65483 0.66835 0.68263 0.00000 0.00000 0.00000 0.00000 0.00000 0.00000 0.00000 0.00000 0.00000 0.00000 0.00000 0.00000 0.00000 0.00000 0.00000 0.00000 0.00000 0.00000 0.00000 0.00000 0.00000 0.00000 0.00000 0.00000 0.00000 0.00000 0.00000 0.00000 0.00000 0.00000 0.00000 0.00000 0.00000 0.00000 0.00000 0.00000 0.00000 0.00000 0.00000 0.00000 0.00000 0.00000 0.00000 0.00000 0.00000
0.00000 0.53984 0.51510 0.49092 0.46761 0.47787 0.48882 0.50039 0.51229 0.52499 0.53777 0.55111 0.56515 0.57896 0.59358 0.60705 0.61959 0.63322 0.00000 0.00000 0.00000 0.00000 0.00000 0.00000 0.00000 0.00000 0.00000 0.00000 0.00000 0.00000 0.00000 0.00000 0.00000 0.00000 0.00000 0.00000 0.00000 0.00000 0.00000 0.00000 0.00000 0.00000 0.00000 0.00000 0.00000 0.00000 0.00000 0.00000 0.00000 0.00000 0.00000 0.00000 0.00000 0.00000 0.00000 0.00000 0.00000 0.00000 0.00000 0.00000 0.00000 0.00000 0.00000 0.00000
0.00000 0.47955 0.45522 0.43173 0.44107 0.45089 0.46142 0.47225 0.48374 0.49587 0.50777 0.52051 0.53377 0.54739 0.56111 0.57288 0.58544 0.00000 0.00000 0.00000 0.00000 0.00000 0.00000 0.00000 0.00000 0.00000 0.00000 0.00000 0.00000 0.00000 0.00000 0.00000 0.00000 0.00000 0.00000 0.00000 0.00000 0.00000 0.00000 0.00000 0.00000 0.00000 0.00000 0.00000 0.00000 0.00000 0.00000 0.00000 0.00000 0.00000 0.00000 0.00000 0.00000 0.00000 0.00000 0.00000 0.00000 0.00000 0.00000 0.00000 0.00000 0.00000 0.00000 0.00000
0.00000 0.42129 0.39786 0.40610 0.41511 0.42454 0.43426 0.44481 0.45572 0.46719 0.47832 0.49008 0.50371 0.51628 0.52846 0.54027 0.00000 0.00000 0.00000 0.00000 0.00000 0.00000 0.00000 0.00000 0.00000 0.00000 0.00000 0.00000 0.00000 0.00000 0.00000 0.00000 0.00000 0.00000 0.00000 0.00000 0.00000 0.00000 0.00000 0.00000 0.00000 0.00000 0.00000 0.00000 0.00000 0.00000 0.00000 0.00000 0.00000 0.00000 0.00000 0.00000 0.00000 0.00000 0.00000 0.00000 0.00000 0.00000 0.00000 0.00000 0.00000 0.00000 0.00000 0.00000
0.00000 0.36594 0.37338 0.38120 0.39023 0.39852 0.40808 0.41824 0.42828 0.43959 0.44890 0.46139 0.47490 0.48466 0.49830 0.00000 0.00000 0.00000 0.00000 0.00000 0.00000 0.00000 0.00000 0.00000 0.00000 0.00000 0.00000 0.00000 0.00000 0.00000 0.00000 0.00000 0.00000 0.00000 0.00000 0.00000 0.00000 0.00000 0.00000 0.00000 0.00000 0.00000 0.00000 0.00000 0.00000 0.00000 0.00000 0.00000 0.00000 0.00000 0.00000 0.00000 0.00000 0.00000 0.00000 0.00000 0.00000 0.00000 0.00000 0.00000 0.00000 0.00000 0.00000 0.00000
0.00000 0.00000 0.00000 0.00000 0.00000 0.00000 0.00000 0.00000 0.00000 0.00000 0.00000 0.00000 0.00000 0.00000 0.00000 0.00000 0.00000 0.00000 0.00000 0.00000 0.00000 0.00000 0.00000 0.00000 0.00000 0.00000 0.00000 0.00000 0.00000 0.00000 0.00000 0.00000 0.00000 0.00000 0.00000 0.00000 0.00000 0.00000 0.00000 0.00000 0.00000 0.00000 0.00000 0.00000 0.00000 0.00000 0.00000 0.00000 0.00000 0.00000 0.00000 0.00000 0.00000 0.00000 0.00000 0.00000 0.00000 0.00000 0.00000 0.00000 0.00000 0.00000 0.00000 0.00000
0.00000 0.00000 0.00000 0.00000 0.00000 0.00000 0.00000 0.00000 0.00000 0.00000 0.00000 0.00000 0.00000 0.00000 0.00000 0.00000 0.00000 0.00000 0.00000 0.00000 0.00000 0.00000 0.00000 0.00000 0.00000 0.00000 0.00000 0.00000 0.00000 0.00000 0.00000 0.00000 0.00000 0.00000 0.00000 0.00000 0.00000 0.00000 0.00000 0.00000 0.00000 0.00000 0.00000 0.00000 0.00000 0.00000 0.00000 0.00000 0.00000 0.00000 0.00000 0.00000 0.00000 0.00000 0.00000 0.00000 0.00000 0.00000 0.00000 0.00000 0.00000 0.00000 0.00000 0.00000
0.00000 0.00000 0.00000 0.00000 0.00000 0.00000 0.00000 0.00000 0.00000 0.00000 0.00000 0.00000 0.00000 0.00000 0.00000 0.00000 0.00000 0.00000 0.00000 0.00000 0.00000 0.00000 0.00000 0.00000 0.00000 0.00000 0.00000 0.00000 0.00000 0.00000 0.00000 0.00000 0.00000 0.00000 0.00000 0.00000 0.00000 0.00000 0.00000 0.00000 0.00000 0.00000 0.00000 0.00000 0.00000 0.00000 0.00000 0.00000 0.00000 0.00000 0.00000 0.00000 0.00000 0.00000 0.00000 0.00000 0.00000 0.00000 0.00000 0.00000 0.00000 0.00000 0.00000 0.00000
0.00000 0.00000 0.00000 0.00000 0.00000 0.00000 0.00000 0.00000 0.00000 0.00000 0.00000 0.00000 0.00000 0.00000 0.00000 0.00000 0.00000 0.00000 0.00000 0.00000 0.00000 0.00000 0.00000 0.00000 0.00000 0.00000 0.00000 0.00000 0.00000 0.00000 0.00000 0.00000 0.00000 0.00000 0.00000 0.00000 0.00000 0.00000 0.00000 0.00000 0.00000 0.00000 0.00000 0.00000 0.00000 0.00000 0.00000 0.00000 0.00000 0.00000 0.00000 0.00000 0.00000 0.00000 0.00000 0.00000 0.00000 0.00000 0.00000 0.00000 0.00000 0.00000 0.00000 0.00000
0.00000 0.00000 0.00000 0.00000 0.00000 0.00000 0.00000 0.00000 0.00000 0.00000 0.00000 0.00000 0.00000 0.00000 0.00000 0.00000 0.00000 0.00000 0.00000 0.00000 0.00000 0.00000 0.00000 0.00000 0.00000 0.00000 0.00000 0.00000 0.00000 0.00000 0.00000 0.00000 0.00000 0.00000 0.00000 0.00000 0.00000 0.00000 0.00000 0.00000 0.00000 0.00000 0.00000 0.00000 0.00000 0.00000 0.00000 0.00000 0.00000 0.00000 0.00000 0.00000 0.00000 0.00000 0.00000 0.00000 0.00000 0.00000 0.00000 0.00000 0.00000 0.00000 0.00000 0.00000
0.00000 0.00000 0.00000 0.00000 0.00000 0.00000 0.00000 0.00000 0.00000 0.00000 0.00000 0.00000 0.00000 0.00000 0.00000 0.00000 0.00000 0.00000 0.00000 0.00000 0.00000 0.00000 0.00000 0.00000 0.00000 0.00000 0.00000 0.00000 0.00000 0.00000 0.00000 0.00000 0.00000 0.00000 0.00000 0.00000 0.00000 0.00000 0.00000 0.00000 0.00000 0.00000 0.00000 0.00000 0.00000 0.00000 0.00000 0.00000 0.00000 0.00000 0.00000 0.00000 0.00000 0.00000 0.00000 0.00000 0.00000 0.00000 0.00000 0.00000 0.00000 0.00000 0.00000 0.00000
0.00000 0.00000 0.00000 0.00000 0.00000 0.00000 0.00000 0.00000 0.00000 0.00000 0.00000 0.00000 0.00000 0.00000 0.00000 0.00000 0.00000 0.00000 0.00000 0.00000 0.00000 0.00000 0.00000 0.00000 0.00000 0.00000 0.00000 0.00000 0.00000 0.00000 0.00000 0.00000 0.00000 0.00000 0.00000 0.00000 0.00000 0.00000 0.00000 0.00000 0.00000 0.00000 0.00000 0.00000 0.00000 0.00000 0.00000 0.00000 0.00000 0.00000 0.00000 0.00000 0.00000 0.00000 0.00000 0.00000 0.00000 0.00000 0.00000 0.00000 0.00000 0.00000 0.00000 0.00000
0.00000 0.00000 0.00000 0.00000 0.00000 0.00000 0.00000 0.00000 0.00000 0.00000 0.00000 0.00000 0.00000 0.00000 0.00000 0.00000 0.00000 0.00000 0.00000 0.00000 0.00000 0.00000 0.00000 0.00000 0.00000 0.00000 0.00000 0.00000 0.00000 0.00000 0.00000 0.00000 0.00000 0.00000 0.00000 0.00000 0.00000 0.00000 0.00000 0.00000 0.00000 0.00000 0.00000 0.00000 0.00000 0.00000 0.00000 0.00000 0.00000 0.00000 0.00000 0.00000 0.00000 0.00000 0.00000 0.00000 0.00000 0.00000 0.00000 0.00000 0.00000 0.00000 0.00000 0.00000
0.00000 0.00000 0.00000 0.00000 0.00000 0.00000 0.00000 0.00000 0.00000 0.00000 0.00000 0.00000 0.00000 0.00000 0.00000 0.00000 0.00000 0.00000 0.00000 0.00000 0.00000 0.00000 0.00000 0.00000 0.00000 0.00000 0.00000 0.00000 0.00000 0.00000 0.00000 0.00000 0.00000 0.00000 0.00000 0.00000 0.00000 0.00000 0.00000 0.00000 0.00000 0.00000 0.00000 0.00000 0.00000 0.00000 0.00000 0.00000 0.00000 0.00000 0.00000 0.00000 0.00000 0.00000 0.00000 0.00000 0.00000 0.00000 0.00000 0.00000 0.00000 0.00000 0.00000 0.00000
0.00000 0.00000 0.00000 0.00000 0.00000 0.00000 0.00000 0.00000 0.00000 0.00000 0.00000 0.00000 0.00000 0.00000 0.00000 0.00000 0.00000 0.00000 0.00000 0.00000 0.00000 0.00000 0.00000 0.00000 0.00000 0.00000 0.00000 0.00000 0.00000 0.00000 0.00000 0.00000 0.00000 0.00000 0.00000 0.00000 0.00000 0.00000 0.00000 0.00000 0.00000 0.00000 0.00000 0.00000 0.00000 0.00000 0.00000 0.00000 0.00000 0.00000 0.00000 0.00000 0.00000 0.00000 0.00000 0.00000 0.00000 0.00000 0.00000 0.00000 0.00000 0.00000 0.00000 0.00000
0.00000 0.00000 0.00000 0.00000 0.00000 0.00000 0.00000 0.00000 0.00000 0.00000 0.00000 0.00000 0.00000 0.00000 0.00000 0.00000 0.00000 0.00000 0.00000 0.00000 0.00000 0.00000 0.00000 0.00000 0.00000 0.00000 0.00000 0.00000 0.00000 0.00000 0.00000 0.00000 0.00000 0.00000 0.00000 0.00000 0.00000 0.00000 0.00000 0.00000 0.00000 0.00000 0.00000 0.00000 0.00000 0.00000 0.00000 0.00000 0.00000 0.00000 0.00000 0.00000 0.00000 0.00000 0.00000 0.00000 0.00000 0.00000 0.00000 0.00000 0.00000 0.00000 0.00000 0.00000
0.00000 0.00000 0.00000 0.00000 0.00000 0.00000 0.00000 0.00000 0.00000 0.00000 0.00000 0.00000 0.00000 0.00000 0.00000 0.00000 0.00000 0.00000 0.00000 0.00000 0.00000 0.00000 0.00000 0.00000 0.00000 0.00000 0.00000 0.00000 0.00000 0.00000 0.00000 0.00000 0.00000 0.00000 0.00000 0.00000 0.00000 0.00000 0.00000 0.00000 0.00000 0.00000 0.00000 0.00000 0.00000 0.00000 0.00000 0.00000 0.00000 0.00000 0.00000 0.00000 0.00000 0.00000 0.00000 0.00000 0.00000 0.00000 0.00000 0.00000 0.00000 0.00000 0.00000 0.00000
0.00000 0.00000 0.00000 0.00000 0.00000 0.00000 0.00000 0.00000 0.00000 0.00000 0.00000 0.00000 0.00000 0.00000 0.00000 0.00000 0.00000 0.00000 0.00000 0.00000 0.00000 0.00000 0.00000 0.00000 0.00000 0.00000 0.00000 0.00000 0.00000 0.00000 0.00000 0.00000 0.00000 0.00000 0.00000 0.00000 0.00000 0.00000 0.00000 0.00000 0.00000 0.00000 0.00000 0.00000 0.00000 0.00000 0.00000 0.00000 0.00000 0.00000 0.00000 0.00000 0.00000 0.00000 0.00000 0.00000 0.00000 0.00000 0.00000 0.00000 0.00000 0.00000 0.00000 0.00000
0.00000 0.00000 0.00000 0.00000 0.00000 0.00000 0.00000 0.00000 0.00000 0.00000 0.00000 0.00000 0.00000 0.00000 0.00000 0.00000 0.00000 0.00000 0.00000 0.00000 0.00000 0.00000 0.00000 0.00000 0.00000 0.00000 0.00000 0.00000 0.00000 0.00000 0.00000 0.00000 0.00000 0.00000 0.00000 0.00000 0.00000 0.00000 0.00000 0.00000 0.00000 0.00000 0.00000 0.00000 0.00000 0.00000 0.00000 0.00000 0.00000 0.00000 0.00000 0.00000 0.00000 0.00000 0.00000 0.00000 0.00000 0.00000 0.00000 0.00000 0.00000 0.00000 0.00000 0.00000
