10.904229 10.995225 11.111806 11.262156 11.450624 11.688601 11.987012 12.354730 12.801727 13.338576 13.977097 14.729391 15.600320 16.592688 17.711668 18.957565 20.324999 21.810480 23.407185 25.100658 26.893967 28.765936 30.714167 32.743980 34.838795 37.034225 39.319328 41.744793 44.390903 47.333393 50.774464 55.003929 60.428577 67.630760 77.542412 92.312683 118.100891 174.000000
9.950970 10.042617 10.159984 10.311271 10.500837 10.740079 11.039921 11.409217 11.857911 12.396552 13.036876 13.790938 14.663527 15.657359 16.777536 18.024292 19.392185 20.877682 22.473934 24.166491 25.958471 27.828684 29.774820 31.802233 33.894337 36.086868 38.368851 40.790966 43.433506 46.372108 49.808693 54.032677 59.449986 66.641846 76.538933 91.286278 117.026848 0.000000
9.020003 9.115065 9.236569 9.392828 9.588261 9.834353 10.142045 10.520170 10.978597 11.527747 12.179165 12.944645 13.828733 14.833764 15.964543 17.221006 18.597418 20.090071 21.692020 23.388672 25.183395 27.054995 29.001284 31.027960 33.118439 35.308899 37.588284 40.007469 42.647232 45.583073 49.016674 53.236839 58.648174 65.829803 75.710785 90.423149 0.000000 0.000000
8.178086 8.281606 8.413332 8.581845 8.791758 9.054653 9.381559 9.781272 10.263473 10.838277 11.516776 12.310213 13.222464 14.255132 15.412298 16.693230 18.091522 19.603117 21.220823 22.929850 24.733971 26.611948 28.562071 30.590708 32.681244 34.870773 37.148289 39.565056 42.203342 45.138081 48.570896 52.789677 58.196686 65.367119 75.222168 0.000000 0.000000 0.000000
7.450188 7.568689 7.718425 7.908399 8.143604 8.435596 8.795606 9.232311 9.755032 10.373352 11.097557 11.937969 12.897231 13.975988 15.177032 16.498652 17.933311 19.476480 21.120615 22.850878 24.671383 26.561008 28.518667 30.552042 32.644272 34.833698 37.110050 39.524849 42.162918 45.098164 48.532032 52.751221 58.154266 65.303833 0.000000 0.000000 0.000000 0.000000
6.838987 6.979325 7.155159 7.375987 7.647320 7.980483 8.386961 8.875148 9.453826 10.131757 10.918064 11.821847 12.843911 13.983897 15.242842 16.617847 18.099964 19.684120 21.362522 23.120506 24.962370 26.867254 28.834984 30.874924 32.969822 35.159439 37.434872 39.848034 42.486618 45.423244 48.858871 53.078312 58.468578 0.000000 0.000000 0.000000 0.000000 0.000000
6.333010 6.501694 6.711156 6.971349 7.288280 7.672868 8.136793 8.687943 9.334320 10.083591 10.943439 11.921492 13.016356 14.226599 15.551317 16.986462 18.521534 20.151028 21.867073 23.655384 25.520542 27.441977 29.420435 31.467442 33.565002 35.754662 38.028954 40.440563 43.079845 46.017971 49.454254 53.664532 0.000000 0.000000 0.000000 0.000000 0.000000 0.000000
5.918610 6.121667 6.371510 6.678399 7.048693 7.492744 8.022270 8.644425 9.366121 10.193694 11.133186 12.190659 13.362353 14.645727 16.038057 17.534210 19.122417 20.796835 22.549835 24.367558 26.255234 28.192387 30.180832 32.234184 34.333584 36.522774 38.795406 41.205318 43.844692 46.783436 50.210678 0.000000 0.000000 0.000000 0.000000 0.000000 0.000000 0.000000
5.586456 5.829561 6.125853 6.485704 6.915584 7.425161 8.025908 8.724122 9.525164 10.433957 11.454781 12.592147 13.839972 15.194633 16.651865 18.205496 19.843266 21.558889 23.345402 25.189285 27.096909 29.047499 31.044418 33.102627 35.202465 37.390579 39.660809 42.068455 44.706272 47.636982 0.000000 0.000000 0.000000 0.000000 0.000000 0.000000 0.000000 0.000000
5.332486 5.621052 5.969261 6.387440 6.881842 7.461333 8.136855 8.913727 9.795314 10.785155 11.885724 13.100074 14.420067 15.841057 17.357656 18.962709 20.644331 22.395849 24.211037 26.076683 28.000778 29.961901 31.965315 34.026577 36.125305 38.311516 40.578651 42.982597 45.609650 0.000000 0.000000 0.000000 0.000000 0.000000 0.000000 0.000000 0.000000 0.000000
5.156387 5.495534 5.900542 6.381540 6.944224 7.596604 8.348647 9.204683 10.165823 11.234234 12.410644 13.696722 15.082866 16.563448 18.132545 19.781900 21.500818 23.282516 25.121124 27.003931 28.940823 30.909359 32.917057 34.979607 37.075878 39.259205 41.522266 43.913425 0.000000 0.000000 0.000000 0.000000 0.000000 0.000000 0.000000 0.000000 0.000000 0.000000
5.059835 5.454247 5.920260 6.467625 7.101165 7.827978 8.656672 9.590554 10.628438 11.771175 13.017917 14.369045 15.814186 17.346790 18.961094 20.647530 22.397179 24.203499 26.060495 27.956022 29.902164 31.875187 33.884888 35.947365 38.040421 40.219536 42.470360 0.000000 0.000000 0.000000 0.000000 0.000000 0.000000 0.000000 0.000000 0.000000 0.000000 0.000000
5.045118 5.498875 6.029250 6.645468 7.351171 8.152489 9.056437 10.065261 11.175613 12.387124 13.697574 15.106380 16.602854 18.179785 19.831905 21.548592 23.322779 25.148476 27.019220 28.923441 30.875664 32.850655 34.860355 36.921749 39.011181 41.177761 0.000000 0.000000 0.000000 0.000000 0.000000 0.000000 0.000000 0.000000 0.000000 0.000000 0.000000 0.000000
5.114286 5.630656 6.227754 6.914073 7.691914 8.566311 9.542679 10.622184 11.799551 13.073296 14.440214 15.899088 17.439259 19.053041 20.735954 22.476723 24.269897 26.110069 27.990496 29.899803 31.855442 33.830379 35.838627 37.897793 39.976017 0.000000 0.000000 0.000000 0.000000 0.000000 0.000000 0.000000 0.000000 0.000000 0.000000 0.000000 0.000000 0.000000
5.268641 5.849926 6.514946 7.271258 8.119845 9.064505 10.109188 11.254005 12.492058 13.820949 15.236804 16.738285 18.314795 19.958500 21.665737 23.425308 25.232512 27.082817 28.969410 30.880733 32.837837 34.811329 36.816746 38.864998 0.000000 0.000000 0.000000 0.000000 0.000000 0.000000 0.000000 0.000000 0.000000 0.000000 0.000000 0.000000 0.000000 0.000000
5.508435 6.155798 6.888697 7.713568 8.630204 9.641069 10.748888 11.952854 13.244724 14.621387 16.078876 17.615847 19.221909 20.889257 22.615147 24.388939 26.205887 28.062597 29.952250 31.863100 33.820503 35.791283 37.785553 0.000000 0.000000 0.000000 0.000000 0.000000 0.000000 0.000000 0.000000 0.000000 0.000000 0.000000 0.000000 0.000000 0.000000 0.000000
5.832737 6.546130 7.345576 8.236354 9.217152 10.289158 11.454144 12.710575 14.049207 15.466388 16.958698 18.524591 20.154099 21.839542 23.579180 25.363071 27.186110 29.046215 30.936277 32.844662 34.801525 36.761303 0.000000 0.000000 0.000000 0.000000 0.000000 0.000000 0.000000 0.000000 0.000000 0.000000 0.000000 0.000000 0.000000 0.000000 0.000000 0.000000
6.239402 7.017529 7.880961 8.833890 9.873983 11.001315 12.217016 13.519068 14.897499 16.348389 17.869345 19.458237 21.105766 22.804436 24.553619 26.343914 28.170080 30.031096 31.919491 33.823605 35.772190 0.000000 0.000000 0.000000 0.000000 0.000000 0.000000 0.000000 0.000000 0.000000 0.000000 0.000000 0.000000 0.000000 0.000000 0.000000 0.000000 0.000000
6.725102 7.565475 8.489212 9.499619 10.593410 11.769794 13.029548 14.370502 15.782132 17.260637 18.804556 20.411188 22.072021 23.779696 25.534866 27.328360 29.155434 31.015348 32.900448 34.791481 0.000000 0.000000 0.000000 0.000000 0.000000 0.000000 0.000000 0.000000 0.000000 0.000000 0.000000 0.000000 0.000000 0.000000 0.000000 0.000000 0.000000 0.000000
7.285449 8.184501 9.163940 10.226437 11.367909 12.586899 13.884166 15.257685 16.696451 18.197121 19.758858 21.378620 23.048635 24.761644 26.519882 28.313999 30.140587 31.997587 33.870880 0.000000 0.000000 0.000000 0.000000 0.000000 0.000000 0.000000 0.000000 0.000000 0.000000 0.000000 0.000000 0.000000 0.000000 0.000000 0.000000 0.000000 0.000000 0.000000
7.915113 8.868394 9.898254 11.007022 12.190003 13.445286 14.773868 16.174118 17.634573 19.152529 20.727419 22.356277 24.031929 25.747202 27.506302 29.299156 31.124180 32.969635 0.000000 0.000000 0.000000 0.000000 0.000000 0.000000 0.000000 0.000000 0.000000 0.000000 0.000000 0.000000 0.000000 0.000000 0.000000 0.000000 0.000000 0.000000 0.000000 0.000000
8.608003 9.610392 10.684981 11.834025 13.052476 14.338058 15.692233 17.113913 18.591232 20.122011 21.705952 23.340380 25.018726 26.733791 28.492287 30.282181 32.097683 0.000000 0.000000 0.000000 0.000000 0.000000 0.000000 0.000000 0.000000 0.000000 0.000000 0.000000 0.000000 0.000000 0.000000 0.000000 0.000000 0.000000 0.000000 0.000000 0.000000 0.000000
9.357468 10.403448 11.516922 12.700343 13.948556 15.258908 16.633556 18.071779 19.561666 21.101255 22.690681 24.327763 26.006508 27.719454 29.476204 31.254335 0.000000 0.000000 0.000000 0.000000 0.000000 0.000000 0.000000 0.000000 0.000000 0.000000 0.000000 0.000000 0.000000 0.000000 0.000000 0.000000 0.000000 0.000000 0.000000 0.000000 0.000000 0.000000
10.156607 11.240509 12.387114 13.599319 14.871917 16.202080 17.592632 19.043013 20.541687 22.086559 23.678642 25.316124 26.993647 28.702717 30.449604 0.000000 0.000000 0.000000 0.000000 0.000000 0.000000 0.000000 0.000000 0.000000 0.000000 0.000000 0.000000 0.000000 0.000000 0.000000 0.000000 0.000000 0.000000 0.000000 0.000000 0.000000 0.000000 0.000000
10.998536 12.114801 13.289100 14.524924 15.816929 17.162416 18.564831 20.023573 21.527746 23.074883 24.667736 26.304008 27.978996 29.675280 0.000000 0.000000 0.000000 0.000000 0.000000 0.000000 0.000000 0.000000 0.000000 0.000000 0.000000 0.000000 0.000000 0.000000 0.000000 0.000000 0.000000 0.000000 0.000000 0.000000 0.000000 0.000000 0.000000 0.000000
11.876679 13.020018 14.216982 15.471786 16.778692 18.135511 19.546228 21.010010 22.516949 24.063889 25.656464 27.290207 28.954247 0.000000 0.000000 0.000000 0.000000 0.000000 0.000000 0.000000 0.000000 0.000000 0.000000 0.000000 0.000000 0.000000 0.000000 0.000000 0.000000 0.000000 0.000000 0.000000 0.000000 0.000000 0.000000 0.000000 0.000000 0.000000
12.784922 13.950470 15.165545 16.435204 17.753052 19.117685 20.533587 21.999445 23.507051 25.051971 26.643337 28.266165 0.000000 0.000000 0.000000 0.000000 0.000000 0.000000 0.000000 0.000000 0.000000 0.000000 0.000000 0.000000 0.000000 0.000000 0.000000 0.000000 0.000000 0.000000 0.000000 0.000000 0.000000 0.000000 0.000000 0.000000 0.000000 0.000000
13.717755 14.901119 16.130220 17.411047 18.736443 20.105793 21.524151 22.989635 24.496540 26.037724 27.619823 0.000000 0.000000 0.000000 0.000000 0.000000 0.000000 0.000000 0.000000 0.000000 0.000000 0.000000 0.000000 0.000000 0.000000 0.000000 0.000000 0.000000 0.000000 0.000000 0.000000 0.000000 0.000000 0.000000 0.000000 0.000000 0.000000 0.000000
14.670292 15.867528 17.106953 18.395689 19.725716 21.097168 22.515575 23.978941 25.484056 27.012674 0.000000 0.000000 0.000000 0.000000 0.000000 0.000000 0.000000 0.000000 0.000000 0.000000 0.000000 0.000000 0.000000 0.000000 0.000000 0.000000 0.000000 0.000000 0.000000 0.000000 0.000000 0.000000 0.000000 0.000000 0.000000 0.000000 0.000000 0.000000
15.638218 16.845806 18.092230 19.385807 20.718048 22.089544 23.506184 24.965935 26.461250 0.000000 0.000000 0.000000 0.000000 0.000000 0.000000 0.000000 0.000000 0.000000 0.000000 0.000000 0.000000 0.000000 0.000000 0.000000 0.000000 0.000000 0.000000 0.000000 0.000000 0.000000 0.000000 0.000000 0.000000 0.000000 0.000000 0.000000 0.000000 0.000000
16.617729 17.832487 19.082945 20.378546 21.711138 23.081181 24.494541 25.942184 0.000000 0.000000 0.000000 0.000000 0.000000 0.000000 0.000000 0.000000 0.000000 0.000000 0.000000 0.000000 0.000000 0.000000 0.000000 0.000000 0.000000 0.000000 0.000000 0.000000 0.000000 0.000000 0.000000 0.000000 0.000000 0.000000 0.000000 0.000000 0.000000 0.000000
17.605345 18.824434 20.076481 21.371746 22.703417 24.070761 25.472427 0.000000 0.000000 0.000000 0.000000 0.000000 0.000000 0.000000 0.000000 0.000000 0.000000 0.000000 0.000000 0.000000 0.000000 0.000000 0.000000 0.000000 0.000000 0.000000 0.000000 0.000000 0.000000 0.000000 0.000000 0.000000 0.000000 0.000000 0.000000 0.000000 0.000000 0.000000
18.597906 19.818901 21.070816 22.364006 23.693787 25.050076 0.000000 0.000000 0.000000 0.000000 0.000000 0.000000 0.000000 0.000000 0.000000 0.000000 0.000000 0.000000 0.000000 0.000000 0.000000 0.000000 0.000000 0.000000 0.000000 0.000000 0.000000 0.000000 0.000000 0.000000 0.000000 0.000000 0.000000 0.000000 0.000000 0.000000 0.000000 0.000000
19.592743 20.813698 22.064363 23.354048 24.673922 0.000000 0.000000 0.000000 0.000000 0.000000 0.000000 0.000000 0.000000 0.000000 0.000000 0.000000 0.000000 0.000000 0.000000 0.000000 0.000000 0.000000 0.000000 0.000000 0.000000 0.000000 0.000000 0.000000 0.000000 0.000000 0.000000 0.000000 0.000000 0.000000 0.000000 0.000000 0.000000 0.000000
20.587837 21.807352 23.055647 24.333351 0.000000 0.000000 0.000000 0.000000 0.000000 0.000000 0.000000 0.000000 0.000000 0.000000 0.000000 0.000000 0.000000 0.000000 0.000000 0.000000 0.000000 0.000000 0.000000 0.000000 0.000000 0.000000 0.000000 0.000000 0.000000 0.000000 0.000000 0.000000 0.000000 0.000000 0.000000 0.000000 0.000000 0.000000
21.581917 22.798769 24.036314 0.000000 0.000000 0.000000 0.000000 0.000000 0.000000 0.000000 0.000000 0.000000 0.000000 0.000000 0.000000 0.000000 0.000000 0.000000 0.000000 0.000000 0.000000 0.000000 0.000000 0.000000 0.000000 0.000000 0.000000 0.000000 0.000000 0.000000 0.000000 0.000000 0.000000 0.000000 0.000000 0.000000 0.000000 0.000000
22.574032 23.779936 0.000000 0.000000 0.000000 0.000000 0.000000 0.000000 0.000000 0.000000 0.000000 0.000000 0.000000 0.000000 0.000000 0.000000 0.000000 0.000000 0.000000 0.000000 0.000000 0.000000 0.000000 0.000000 0.000000 0.000000 0.000000 0.000000 0.000000 0.000000 0.000000 0.000000 0.000000 0.000000 0.000000 0.000000 0.000000 0.000000
23.555950 0.000000 0.000000 0.000000 0.000000 0.000000 0.000000 0.000000 0.000000 0.000000 0.000000 0.000000 0.000000 0.000000 0.000000 0.000000 0.000000 0.000000 0.000000 0.000000 0.000000 0.000000 0.000000 0.000000 0.000000 0.000000 0.000000 0.000000 0.000000 0.000000 0.000000 0.000000 0.000000 0.000000 0.000000 0.000000 0.000000 0.000000
