10.308085 10.308097 10.308125 10.308205 10.308278 10.308399 10.308625 10.309028 10.309745 10.311016 10.313236 10.317084 10.323685 10.334927 10.353939 10.386003 10.440086 10.531754 10.687750 10.953989 11.407529 12.173248 13.446076 15.526093 18.898216 24.480776 34.530006 55.000000
9.341658 9.341673 9.341708 9.341804 9.341901 9.342060 9.342344 9.342849 9.343731 9.345263 9.347896 9.352390 9.360009 9.372882 9.394608 9.431307 9.493551 9.599688 9.780879 10.089106 10.607907 11.466037 12.855228 15.063689 18.569033 24.343342 34.766918 0.000000
8.379402 8.379427 8.379478 8.379595 8.379736 8.379972 8.380386 8.381096 8.382313 8.384377 8.387846 8.393655 8.403367 8.419646 8.447068 8.493600 8.573064 8.709205 8.941108 9.330507 9.969602 10.989451 12.572799 14.991051 18.725248 24.791689 0.000000 0.000000
7.456731 7.456772 7.456851 7.457026 7.457252 7.457630 7.458273 7.459358 7.461168 7.464171 7.469119 7.477275 7.490780 7.513326 7.551372 7.616259 7.727442 7.917219 8.235777 8.756094 9.576675 10.824278 12.666239 15.358333 19.354010 0.000000 0.000000 0.000000
6.581057 6.581128 6.581259 6.581516 6.581886 6.582504 6.583535 6.585239 6.588035 6.592594 6.600011 6.612137 6.632136 6.665574 6.722219 6.818943 6.983699 7.260065 7.710227 8.415158 9.471871 10.994751 13.132808 16.083757 0.000000 0.000000 0.000000 0.000000
5.756254 5.756376 5.756596 5.756998 5.757612 5.758623 5.760284 5.762993 5.767375 5.774448 5.785894 5.804581 5.835495 5.887375 5.975325 6.124404 6.373577 6.778357 7.409430 8.347516 9.679177 11.501475 13.897847 0.000000 0.000000 0.000000 0.000000 0.000000
4.985815 4.986026 4.986392 4.987040 4.988050 4.989695 4.992364 4.996673 5.003583 5.014699 5.032701 5.062212 5.111268 5.193689 5.332390 5.562990 5.936064 6.515682 7.372953 8.579339 10.205321 12.281806 0.000000 0.000000 0.000000 0.000000 0.000000 0.000000
4.273519 4.273879 4.274488 4.275527 4.277173 4.279831 4.284105 4.290945 4.301896 4.319536 4.348240 4.395546 4.474321 4.605785 4.822894 5.172422 5.713379 6.510728 7.627327 9.119748 10.993299 0.000000 0.000000 0.000000 0.000000 0.000000 0.000000 0.000000
3.622880 3.623483 3.624489 3.626162 3.628820 3.633078 3.639883 3.650753 3.668188 3.696405 3.742568 3.818805 3.944963 4.151747 4.482708 4.992806 5.742296 6.788860 8.181648 9.913486 0.000000 0.000000 0.000000 0.000000 0.000000 0.000000 0.000000 0.000000
3.036451 3.037451 3.039093 3.041778 3.046036 3.052826 3.063648 3.080964 3.108860 3.154238 3.228616 3.350706 3.549272 3.864987 4.349205 5.058331 6.046218 7.358089 8.980984 0.000000 0.000000 0.000000 0.000000 0.000000 0.000000 0.000000 0.000000 0.000000
2.515431 2.517068 2.519720 2.524001 2.530789 2.541587 2.558823 2.586504 2.631308 2.704279 2.823166 3.015028 3.317932 3.779863 4.453657 5.390053 6.631670 8.163380 0.000000 0.000000 0.000000 0.000000 0.000000 0.000000 0.000000 0.000000 0.000000 0.000000
2.059513 2.062162 2.066415 2.073220 2.084009 2.101191 2.128717 2.173095 2.244978 2.361309 2.547657 2.839724 3.282308 3.924747 4.814750 5.992928 7.443404 0.000000 0.000000 0.000000 0.000000 0.000000 0.000000 0.000000 0.000000 0.000000 0.000000 0.000000
1.666999 1.671249 1.678026 1.688822 1.705977 1.733390 1.777449 1.848492 1.962782 2.144615 2.427555 2.853417 3.468080 4.316094 5.435955 6.811598 0.000000 0.000000 0.000000 0.000000 0.000000 0.000000 0.000000 0.000000 0.000000 0.000000 0.000000 0.000000
1.335060 1.341831 1.352599 1.369744 1.397085 1.440905 1.511302 1.623986 1.802154 2.077508 2.489094 3.079432 3.889752 4.956082 6.261928 0.000000 0.000000 0.000000 0.000000 0.000000 0.000000 0.000000 0.000000 0.000000 0.000000 0.000000 0.000000 0.000000
1.060124 1.070884 1.087993 1.115289 1.158941 1.228849 1.340283 1.515534 1.784672 2.184282 2.753668 3.530674 4.548464 5.789540 0.000000 0.000000 0.000000 0.000000 0.000000 0.000000 0.000000 0.000000 0.000000 0.000000 0.000000 0.000000 0.000000 0.000000
0.838407 0.855501 0.882741 0.926277 0.995827 1.106306 1.279268 1.543424 1.933164 2.484861 3.232980 4.207534 5.389386 0.000000 0.000000 0.000000 0.000000 0.000000 0.000000 0.000000 0.000000 0.000000 0.000000 0.000000 0.000000 0.000000 0.000000 0.000000
0.666565 0.693774 0.737206 0.806500 0.916270 1.087474 1.347701 1.729482 2.266530 2.990126 3.926954 5.055684 0.000000 0.000000 0.000000 0.000000 0.000000 0.000000 0.000000 0.000000 0.000000 0.000000 0.000000 0.000000 0.000000 0.000000 0.000000 0.000000
0.542553 0.585919 0.655010 0.764261 0.934149 1.191344 1.566825 2.092009 2.795205 3.699823 4.781909 0.000000 0.000000 0.000000 0.000000 0.000000 0.000000 0.000000 0.000000 0.000000 0.000000 0.000000 0.000000 0.000000 0.000000 0.000000 0.000000 0.000000
0.466703 0.535658 0.644520 0.813433 1.068342 1.438942 1.954699 2.641301 3.518988 4.561018 0.000000 0.000000 0.000000 0.000000 0.000000 0.000000 0.000000 0.000000 0.000000 0.000000 0.000000 0.000000 0.000000 0.000000 0.000000 0.000000 0.000000 0.000000
0.443049 0.551641 0.719838 0.973048 1.339949 1.848374 2.521739 3.377406 4.385755 0.000000 0.000000 0.000000 0.000000 0.000000 0.000000 0.000000 0.000000 0.000000 0.000000 0.000000 0.000000 0.000000 0.000000 0.000000 0.000000 0.000000 0.000000 0.000000
0.480687 0.648379 0.900344 1.264485 1.767330 2.430358 3.268377 4.249032 0.000000 0.000000 0.000000 0.000000 0.000000 0.000000 0.000000 0.000000 0.000000 0.000000 0.000000 0.000000 0.000000 0.000000 0.000000 0.000000 0.000000 0.000000 0.000000 0.000000
0.594642 0.845722 1.207840 1.706510 2.361636 3.185804 4.144140 0.000000 0.000000 0.000000 0.000000 0.000000 0.000000 0.000000 0.000000 0.000000 0.000000 0.000000 0.000000 0.000000 0.000000 0.000000 0.000000 0.000000 0.000000 0.000000 0.000000 0.000000
0.805301 1.165974 1.661577 2.310767 3.124291 4.065013 0.000000 0.000000 0.000000 0.000000 0.000000 0.000000 0.000000 0.000000 0.000000 0.000000 0.000000 0.000000 0.000000 0.000000 0.000000 0.000000 0.000000 0.000000 0.000000 0.000000 0.000000 0.000000
1.135495 1.628896 2.273713 3.079201 4.006311 0.000000 0.000000 0.000000 0.000000 0.000000 0.000000 0.000000 0.000000 0.000000 0.000000 0.000000 0.000000 0.000000 0.000000 0.000000 0.000000 0.000000 0.000000 0.000000 0.000000 0.000000 0.000000 0.000000
1.605486 2.247149 3.046690 3.963464 0.000000 0.000000 0.000000 0.000000 0.000000 0.000000 0.000000 0.000000 0.000000 0.000000 0.000000 0.000000 0.000000 0.000000 0.000000 0.000000 0.000000 0.000000 0.000000 0.000000 0.000000 0.000000 0.000000 0.000000
2.228398 3.023627 3.932708 0.000000 0.000000 0.000000 0.000000 0.000000 0.000000 0.000000 0.000000 0.000000 0.000000 0.000000 0.000000 0.000000 0.000000 0.000000 0.000000 0.000000 0.000000 0.000000 0.000000 0.000000 0.000000 0.000000 0.000000 0.000000
3.007522 3.910991 0.000000 0.000000 0.000000 0.000000 0.000000 0.000000 0.000000 0.000000 0.000000 0.000000 0.000000 0.000000 0.000000 0.000000 0.000000 0.000000 0.000000 0.000000 0.000000 0.000000 0.000000 0.000000 0.000000 0.000000 0.000000 0.000000
3.895898 0.000000 0.000000 0.000000 0.000000 0.000000 0.000000 0.000000 0.000000 0.000000 0.000000 0.000000 0.000000 0.000000 0.000000 0.000000 0.000000 0.000000 0.000000 0.000000 0.000000 0.000000 0.000000 0.000000 0.000000 0.000000 0.000000 0.000000
