25.008705 26.376692 27.871269 29.484779 31.216209 33.076534 35.089733 37.281330 39.666019 42.285694 45.180721 48.449593 52.151974 56.394260 61.325302 67.219109 74.383530 83.233398 94.414009 108.777985 128.409790 157.794830 207.209930 302.000000
24.108299 25.475967 26.970623 28.583778 30.314413 32.173412 34.184910 36.375607 38.757942 41.374901 44.265533 47.531460 51.231617 55.472809 60.404404 66.300690 73.468719 82.320839 93.502983 107.858025 127.474503 156.899261 206.474014 0.000000
23.255051 24.623909 26.122053 27.737686 29.469872 31.329247 33.340572 35.534794 37.916042 40.531689 43.415642 46.680973 50.383369 54.631248 59.574966 65.489479 72.680992 81.556259 92.767799 107.134834 126.777565 156.444305 0.000000 0.000000
22.550640 23.930820 25.437881 27.060249 28.797657 30.659588 32.673317 34.865917 37.247887 39.864056 42.752831 46.022091 49.734509 54.002243 58.975052 64.928589 72.169861 81.095039 92.345261 106.773514 126.614693 0.000000 0.000000 0.000000
22.021528 23.418015 24.940973 26.574308 28.320284 30.184937 32.203300 34.396805 36.781368 39.400211 42.295784 45.573666 49.304787 53.609673 58.628597 64.636757 71.950226 80.949509 92.278931 106.879005 0.000000 0.000000 0.000000 0.000000
21.680168 23.098442 24.636900 26.285107 28.042194 29.918493 31.944073 34.141602 36.531384 39.156029 42.061638 45.354568 49.115936 53.460438 58.539562 64.632782 72.037788 81.143730 92.619133 0.000000 0.000000 0.000000 0.000000 0.000000
21.510706 22.956549 24.514706 26.180920 27.949436 29.838594 31.873026 34.076248 36.473080 39.105984 42.024837 45.338608 49.143440 53.539509 58.684425 64.872154 72.386497 81.640236 0.000000 0.000000 0.000000 0.000000 0.000000 0.000000
21.502817 22.974556 24.555553 26.241999 28.030464 29.933567 31.978683 34.188583 36.594967 39.239452 42.175999 45.517185 49.363407 53.819611 59.049297 65.345253 72.987411 0.000000 0.000000 0.000000 0.000000 0.000000 0.000000 0.000000
21.633354 23.133190 24.738865 26.446846 28.258217 30.175438 32.232197 34.446751 36.864407 39.523094 42.480972 45.854591 49.748119 54.269627 59.591431 66.008545 0.000000 0.000000 0.000000 0.000000 0.000000 0.000000 0.000000 0.000000
21.893461 23.423100 25.054619 26.785788 28.614384 30.544918 32.613983 34.841331 37.272652 39.948700 42.931816 46.343571 50.290047 54.886410 60.303368 0.000000 0.000000 0.000000 0.000000 0.000000 0.000000 0.000000 0.000000 0.000000
22.263569 23.823196 25.480412 27.237070 29.083166 31.024103 33.105545 35.345459 37.791912 40.487255 43.497822 46.955070 50.962646 55.634724 0.000000 0.000000 0.000000 0.000000 0.000000 0.000000 0.000000 0.000000 0.000000 0.000000
22.737839 24.327166 26.009663 27.786516 29.650242 31.607767 33.701408 35.954044 38.417366 41.134132 44.174999 47.677097 51.744156 0.000000 0.000000 0.000000 0.000000 0.000000 0.000000 0.000000 0.000000 0.000000 0.000000 0.000000
23.298092 24.915474 26.621880 28.420708 30.301819 32.274609 34.377319 36.642235 39.122963 41.863014 44.940311 48.488373 0.000000 0.000000 0.000000 0.000000 0.000000 0.000000 0.000000 0.000000 0.000000 0.000000 0.000000 0.000000
23.940046 25.583263 27.312227 29.126421 31.024160 33.010559 35.129292 37.406811 39.906628 42.677601 45.784386 0.000000 0.000000 0.000000 0.000000 0.000000 0.000000 0.000000 0.000000 0.000000 0.000000 0.000000 0.000000 0.000000
24.647371 26.311806 28.061176 29.889782 31.802824 33.801098 35.934372 38.225338 40.748974 43.545071 0.000000 0.000000 0.000000 0.000000 0.000000 0.000000 0.000000 0.000000 0.000000 0.000000 0.000000 0.000000 0.000000 0.000000
25.409307 27.098064 28.866011 30.708170 32.635456 34.644703 36.792381 39.103062 41.638584 0.000000 0.000000 0.000000 0.000000 0.000000 0.000000 0.000000 0.000000 0.000000 0.000000 0.000000 0.000000 0.000000 0.000000 0.000000
26.214922 27.924894 29.708857 31.562555 33.502399 35.522457 37.687538 40.007656 0.000000 0.000000 0.000000 0.000000 0.000000 0.000000 0.000000 0.000000 0.000000 0.000000 0.000000 0.000000 0.000000 0.000000 0.000000 0.000000
27.063477 28.792427 30.590376 32.453373 34.405491 36.441196 38.607727 0.000000 0.000000 0.000000 0.000000 0.000000 0.000000 0.000000 0.000000 0.000000 0.000000 0.000000 0.000000 0.000000 0.000000 0.000000 0.000000 0.000000
27.939735 29.686890 31.496572 33.365223 35.332077 37.369667 0.000000 0.000000 0.000000 0.000000 0.000000 0.000000 0.000000 0.000000 0.000000 0.000000 0.000000 0.000000 0.000000 0.000000 0.000000 0.000000 0.000000 0.000000
28.845871 30.601645 32.421841 34.306774 36.269958 0.000000 0.000000 0.000000 0.000000 0.000000 0.000000 0.000000 0.000000 0.000000 0.000000 0.000000 0.000000 0.000000 0.000000 0.000000 0.000000 0.000000 0.000000 0.000000
29.770266 31.530949 33.363564 35.248058 0.000000 0.000000 0.000000 0.000000 0.000000 0.000000 0.000000 0.000000 0.000000 0.000000 0.000000 0.000000 0.000000 0.000000 0.000000 0.000000 0.000000 0.000000 0.000000 0.000000
30.709682 32.484398 34.309643 0.000000 0.000000 0.000000 0.000000 0.000000 0.000000 0.000000 0.000000 0.000000 0.000000 0.000000 0.000000 0.000000 0.000000 0.000000 0.000000 0.000000 0.000000 0.000000 0.000000 0.000000
31.664595 33.432541 0.000000 0.000000 0.000000 0.000000 0.000000 0.000000 0.000000 0.000000 0.000000 0.000000 0.000000 0.000000 0.000000 0.000000 0.000000 0.000000 0.000000 0.000000 0.000000 0.000000 0.000000 0.000000
32.613255 0.000000 0.000000 0.000000 0.000000 0.000000 0.000000 0.000000 0.000000 0.000000 0.000000 0.000000 0.000000 0.000000 0.000000 0.000000 0.000000 0.000000 0.000000 0.000000 0.000000 0.000000 0.000000 0.000000
