40.708534 41.591152 42.529202 43.508350 44.536926 45.616550 46.740730 47.917995 49.151302 50.419781 51.748562 53.129650 54.560879 56.042721 57.572311 59.145744 60.766640 62.430649 64.137703 65.891724 67.673676 69.484474 71.316071 73.211632 75.123245 77.079643 79.089149 81.170586 83.355759 85.699860 88.297913 91.144287 94.508751 98.593193 103.772964 110.470512 119.494591 132.222473 150.671829 179.836929 230.996429 334.000000
39.896557 40.779198 41.717262 42.696423 43.725021 44.804665 45.928875 47.106171 48.339470 49.607990 50.936802 52.317936 53.749203 55.231068 56.760677 58.334114 59.955051 61.619072 63.326199 65.080200 66.862190 68.673012 70.504669 72.400284 74.311813 76.268288 78.277847 80.359291 82.544495 84.888710 87.486832 90.333237 93.697716 97.782295 102.962166 109.659813 118.684059 131.412140 149.861862 179.027649 230.187943 0.000000
38.914028 39.796684 40.734737 41.713921 42.742531 43.822193 44.946415 46.123718 47.357052 48.625610 49.954437 51.335567 52.766850 54.248749 55.778358 57.351891 58.972855 60.636906 62.344051 64.098114 65.880112 67.690933 69.522606 71.418266 73.329819 75.286331 77.295906 79.377480 81.562752 83.906944 86.505112 89.351517 92.716087 96.800682 101.980621 108.678406 117.702858 130.431046 148.881149 178.047287 0.000000 0.000000
37.925766 38.808422 39.746517 40.725700 41.754318 42.834000 43.958237 45.135551 46.368900 47.637455 48.966293 50.347435 51.778732 53.260628 54.790291 56.363823 57.984802 59.648857 61.356022 63.110065 64.892090 66.702972 68.534660 70.430328 72.341911 74.298439 76.308044 78.389565 80.574875 82.919075 85.517250 88.363747 91.728378 95.812988 100.992996 107.690811 116.715363 129.443665 147.893906 0.000000 0.000000 0.000000
36.949261 37.831913 38.769993 39.749172 40.777790 41.857502 42.981731 44.159046 45.392391 46.660892 47.989731 49.370865 50.802166 52.284058 53.813694 55.387218 57.008186 58.672253 60.379398 62.133457 63.915470 65.726318 67.558014 69.453667 71.365242 73.321754 75.331345 77.412880 79.598175 81.942375 84.540558 87.387039 90.751602 94.836273 100.016296 106.714081 115.738525 128.466721 0.000000 0.000000 0.000000 0.000000
35.985500 36.868130 37.806194 38.785351 39.813942 40.893589 42.017788 43.195065 44.428391 45.696899 47.025707 48.406803 49.838055 51.319904 52.849525 54.422989 56.043911 57.707939 59.415035 61.169060 62.951042 64.761864 66.593513 68.489136 70.400696 72.357162 74.366676 76.448158 78.633347 80.977516 83.575615 86.422043 89.786514 93.871063 99.050934 105.748543 114.772820 0.000000 0.000000 0.000000 0.000000 0.000000
35.030235 35.912830 36.850842 37.829960 38.858501 39.938091 41.062241 42.239468 43.472710 44.741173 46.069916 47.450947 48.882137 50.363922 51.893440 53.466888 55.087738 56.751663 58.458698 60.212559 61.994453 63.805206 65.636772 67.532265 69.443703 71.400085 73.409538 75.490906 77.676033 80.020050 82.618027 85.464294 88.828651 92.912971 98.092598 104.789833 0.000000 0.000000 0.000000 0.000000 0.000000 0.000000
34.076118 34.958645 35.896603 36.875637 37.904102 38.983601 40.107685 41.284821 42.518021 43.786377 45.115017 46.495956 47.926987 49.408661 50.938065 52.511364 54.132095 55.795910 57.502781 59.256599 61.038353 62.848953 64.680351 66.575745 68.487030 70.443260 72.452545 74.533752 76.718712 79.062599 81.660416 84.506447 87.870514 91.954552 97.133766 0.000000 0.000000 0.000000 0.000000 0.000000 0.000000 0.000000
33.116116 33.998596 34.936451 35.915398 36.943768 38.023125 39.147106 40.324131 41.557163 42.825401 44.153919 45.534706 46.965668 48.447201 49.976471 51.549591 53.170162 54.833832 56.540565 58.294197 60.075779 61.886204 63.717449 65.612656 67.523743 69.479797 71.488953 73.569946 75.754700 78.098312 80.695900 83.541664 86.905479 90.989082 0.000000 0.000000 0.000000 0.000000 0.000000 0.000000 0.000000 0.000000
32.146172 33.028519 33.966267 34.945103 35.973354 37.052639 38.176472 39.353374 40.586285 41.854370 43.182735 44.563374 45.994152 47.475513 49.004612 50.577591 52.197983 53.861439 55.567978 57.321404 59.102795 60.913010 62.744049 64.639015 66.550034 68.505875 70.514748 72.595497 74.779976 77.123306 79.720543 82.566040 85.929466 0.000000 0.000000 0.000000 0.000000 0.000000 0.000000 0.000000 0.000000 0.000000
31.165495 32.047729 32.985359 33.964073 34.992199 36.071358 37.195068 38.371822 39.604565 40.872498 42.200699 43.581181 45.011795 46.492977 48.021877 49.594669 51.214870 52.878120 54.584473 56.337669 58.118889 59.928909 61.759697 63.654423 65.565063 67.520615 69.529282 71.609825 73.794060 76.137154 78.734093 81.579239 0.000000 0.000000 0.000000 0.000000 0.000000 0.000000 0.000000 0.000000 0.000000 0.000000
30.175659 31.057796 31.995312 32.973907 34.001904 35.080914 36.204468 37.381065 38.613667 39.881428 41.209461 42.589752 44.020164 45.501160 47.029881 48.602432 50.222466 51.885513 53.591621 55.344620 57.125484 58.935246 60.765816 62.660309 64.570732 66.526062 68.534447 70.614708 72.798676 75.141479 77.738136 0.000000 0.000000 0.000000 0.000000 0.000000 0.000000 0.000000 0.000000 0.000000 0.000000 0.000000
29.179131 30.061152 30.998560 31.977024 33.004887 34.083771 35.207153 36.383598 37.616039 38.883625 40.211475 41.591576 43.021816 44.502655 46.031155 47.603508 49.223267 50.886013 52.591888 54.344635 56.125347 57.934860 59.765156 61.659412 63.569557 65.524620 67.532784 69.612747 71.796471 74.139008 0.000000 0.000000 0.000000 0.000000 0.000000 0.000000 0.000000 0.000000 0.000000 0.000000 0.000000 0.000000
28.178261 29.060186 29.997475 30.975819 32.003548 33.082279 34.205551 35.381828 36.614098 37.881504 39.209167 40.589108 42.019131 43.499699 45.027985 46.600075 48.219589 49.882145 51.587776 53.340282 55.120689 56.929977 58.760014 60.653969 62.563881 64.518700 66.526550 68.606300 70.789787 0.000000 0.000000 0.000000 0.000000 0.000000 0.000000 0.000000 0.000000 0.000000 0.000000 0.000000 0.000000 0.000000
27.175150 28.056978 28.994196 29.972433 31.000036 32.078644 33.201748 34.377880 35.609997 36.877197 38.204704 39.584412 41.014210 42.494568 44.022564 45.594452 47.213718 48.876030 50.581394 52.333622 54.113754 55.922756 57.752476 59.646179 61.555809 63.510368 65.517967 67.597496 0.000000 0.000000 0.000000 0.000000 0.000000 0.000000 0.000000 0.000000 0.000000 0.000000 0.000000 0.000000 0.000000 0.000000
26.172058 27.053843 27.991009 28.969170 29.996685 31.075184 32.198162 33.374126 34.606117 35.873119 37.200428 38.579929 40.009521 41.489639 43.017391 44.589020 46.208019 47.870022 49.575100 51.327091 53.106922 54.915600 56.745018 58.638451 60.547798 62.502132 64.509583 0.000000 0.000000 0.000000 0.000000 0.000000 0.000000 0.000000 0.000000 0.000000 0.000000 0.000000 0.000000 0.000000 0.000000 0.000000
25.171892 26.053701 26.990871 27.969011 28.996473 30.074911 31.197794 32.373634 33.605511 34.872292 36.199368 37.578690 39.008057 40.487926 42.015453 43.586773 45.205475 46.867203 48.571957 50.323650 52.103199 53.911560 55.740669 57.633865 59.542969 61.497105 0.000000 0.000000 0.000000 0.000000 0.000000 0.000000 0.000000 0.000000 0.000000 0.000000 0.000000 0.000000 0.000000 0.000000 0.000000 0.000000
24.179026 25.060965 25.998255 26.976461 28.003946 29.082392 30.205198 31.380951 32.612785 33.879333 35.206245 36.585320 38.014435 39.494099 41.021355 42.592434 44.210823 45.872166 47.576572 49.327991 51.107189 52.915222 54.744038 56.637024 58.545898 0.000000 0.000000 0.000000 0.000000 0.000000 0.000000 0.000000 0.000000 0.000000 0.000000 0.000000 0.000000 0.000000 0.000000 0.000000 0.000000 0.000000
23.199646 24.081882 25.019417 25.997829 27.025467 28.104046 29.226873 30.402599 31.634457 32.900810 34.227554 35.606457 37.035351 38.514713 40.041683 41.612431 43.230526 44.891552 46.595585 48.346745 50.125557 51.933254 53.761841 55.654686 0.000000 0.000000 0.000000 0.000000 0.000000 0.000000 0.000000 0.000000 0.000000 0.000000 0.000000 0.000000 0.000000 0.000000 0.000000 0.000000 0.000000 0.000000
22.242023 23.124788 24.062782 25.041594 26.069550 27.148439 28.271397 29.447206 30.679218 31.945395 33.272026 34.650772 36.079449 37.558575 39.085258 40.655624 42.273323 43.933964 45.637577 47.388493 49.167076 50.974464 52.802864 0.000000 0.000000 0.000000 0.000000 0.000000 0.000000 0.000000 0.000000 0.000000 0.000000 0.000000 0.000000 0.000000 0.000000 0.000000 0.000000 0.000000 0.000000 0.000000
21.316383 22.200001 23.138735 24.118237 25.146755 26.226166 27.349443 28.525461 29.757746 31.023834 32.350433 33.729099 35.157581 36.636482 38.162926 39.732815 41.350159 43.010380 44.713551 46.464294 48.242485 50.049595 0.000000 0.000000 0.000000 0.000000 0.000000 0.000000 0.000000 0.000000 0.000000 0.000000 0.000000 0.000000 0.000000 0.000000 0.000000 0.000000 0.000000 0.000000 0.000000 0.000000
20.434374 21.319305 22.259130 23.239697 24.269089 25.349346 26.473150 27.649559 28.882298 30.148397 31.475060 32.853718 34.282093 35.760826 37.287029 38.856369 40.473309 42.133118 43.835827 45.586380 47.364273 0.000000 0.000000 0.000000 0.000000 0.000000 0.000000 0.000000 0.000000 0.000000 0.000000 0.000000 0.000000 0.000000 0.000000 0.000000 0.000000 0.000000 0.000000 0.000000 0.000000 0.000000
19.608576 20.495329 21.436655 22.418673 23.449324 24.530798 25.655397 26.832460 28.065845 29.332130 30.659006 32.037766 33.466106 34.944733 36.470688 38.039383 39.655952 41.315315 43.017548 44.767975 0.000000 0.000000 0.000000 0.000000 0.000000 0.000000 0.000000 0.000000 0.000000 0.000000 0.000000 0.000000 0.000000 0.000000 0.000000 0.000000 0.000000 0.000000 0.000000 0.000000 0.000000 0.000000
18.851336 19.740515 20.683865 21.667870 22.700235 23.783375 24.909075 26.087038 27.321302 28.587959 29.915136 31.294121 32.722527 34.201111 35.726967 37.294888 38.911068 40.569992 42.271763 0.000000 0.000000 0.000000 0.000000 0.000000 0.000000 0.000000 0.000000 0.000000 0.000000 0.000000 0.000000 0.000000 0.000000 0.000000 0.000000 0.000000 0.000000 0.000000 0.000000 0.000000 0.000000 0.000000
18.174215 19.066536 20.012472 20.999033 22.033609 23.118868 24.246019 25.425190 26.660519 27.927828 29.255505 30.634872 32.063450 33.542084 35.067875 36.634884 38.250710 39.909206 0.000000 0.000000 0.000000 0.000000 0.000000 0.000000 0.000000 0.000000 0.000000 0.000000 0.000000 0.000000 0.000000 0.000000 0.000000 0.000000 0.000000 0.000000 0.000000 0.000000 0.000000 0.000000 0.000000 0.000000
17.586939 18.483202 19.432327 20.422100 21.459435 22.547335 23.676300 24.856985 26.093639 27.361868 28.690208 30.070110 31.499020 32.977757 34.503559 36.069569 37.685066 0.000000 0.000000 0.000000 0.000000 0.000000 0.000000 0.000000 0.000000 0.000000 0.000000 0.000000 0.000000 0.000000 0.000000 0.000000 0.000000 0.000000 0.000000 0.000000 0.000000 0.000000 0.000000 0.000000 0.000000 0.000000
17.097223 17.998255 18.951242 19.944874 20.985529 22.076532 23.207682 24.390215 25.628365 26.897799 28.226982 29.607546 31.036922 32.515938 34.041859 35.606750 0.000000 0.000000 0.000000 0.000000 0.000000 0.000000 0.000000 0.000000 0.000000 0.000000 0.000000 0.000000 0.000000 0.000000 0.000000 0.000000 0.000000 0.000000 0.000000 0.000000 0.000000 0.000000 0.000000 0.000000 0.000000 0.000000
16.710247 17.616894 18.574421 19.572542 20.617119 21.711706 22.845409 24.030094 25.269932 26.540880 27.871063 29.252436 30.682465 32.161816 33.687923 0.000000 0.000000 0.000000 0.000000 0.000000 0.000000 0.000000 0.000000 0.000000 0.000000 0.000000 0.000000 0.000000 0.000000 0.000000 0.000000 0.000000 0.000000 0.000000 0.000000 0.000000 0.000000 0.000000 0.000000 0.000000 0.000000 0.000000
16.428724 17.341843 18.304573 19.307817 20.356771 21.455370 22.591959 23.779062 25.020842 26.293621 27.624939 29.007273 30.438026 31.917784 0.000000 0.000000 0.000000 0.000000 0.000000 0.000000 0.000000 0.000000 0.000000 0.000000 0.000000 0.000000 0.000000 0.000000 0.000000 0.000000 0.000000 0.000000 0.000000 0.000000 0.000000 0.000000 0.000000 0.000000 0.000000 0.000000 0.000000 0.000000
16.253025 17.173443 18.142008 19.150970 20.204832 21.307783 22.447571 23.637314 24.881182 26.156044 27.488615 28.872004 30.303638 0.000000 0.000000 0.000000 0.000000 0.000000 0.000000 0.000000 0.000000 0.000000 0.000000 0.000000 0.000000 0.000000 0.000000 0.000000 0.000000 0.000000 0.000000 0.000000 0.000000 0.000000 0.000000 0.000000 0.000000 0.000000 0.000000 0.000000 0.000000 0.000000
16.181524 17.109993 18.084972 19.100096 20.159281 21.266886 22.410114 23.602766 24.848898 26.126085 27.459974 28.844536 0.000000 0.000000 0.000000 0.000000 0.000000 0.000000 0.000000 0.000000 0.000000 0.000000 0.000000 0.000000 0.000000 0.000000 0.000000 0.000000 0.000000 0.000000 0.000000 0.000000 0.000000 0.000000 0.000000 0.000000 0.000000 0.000000 0.000000 0.000000 0.000000 0.000000
16.210878 17.148067 18.129950 19.151688 20.216541 21.329008 22.475939 23.671619 24.920141 26.199898 27.535131 0.000000 0.000000 0.000000 0.000000 0.000000 0.000000 0.000000 0.000000 0.000000 0.000000 0.000000 0.000000 0.000000 0.000000 0.000000 0.000000 0.000000 0.000000 0.000000 0.000000 0.000000 0.000000 0.000000 0.000000 0.000000 0.000000 0.000000 0.000000 0.000000 0.000000 0.000000
16.336521 17.282972 18.272165 19.300837 20.371618 21.489071 22.639828 23.838655 25.089718 26.372244 0.000000 0.000000 0.000000 0.000000 0.000000 0.000000 0.000000 0.000000 0.000000 0.000000 0.000000 0.000000 0.000000 0.000000 0.000000 0.000000 0.000000 0.000000 0.000000 0.000000 0.000000 0.000000 0.000000 0.000000 0.000000 0.000000 0.000000 0.000000 0.000000 0.000000 0.000000 0.000000
16.552885 17.509041 18.505829 19.541639 20.618525 21.741024 22.895800 24.097822 25.351545 0.000000 0.000000 0.000000 0.000000 0.000000 0.000000 0.000000 0.000000 0.000000 0.000000 0.000000 0.000000 0.000000 0.000000 0.000000 0.000000 0.000000 0.000000 0.000000 0.000000 0.000000 0.000000 0.000000 0.000000 0.000000 0.000000 0.000000 0.000000 0.000000 0.000000 0.000000 0.000000 0.000000
16.853878 17.820009 18.824566 19.867638 20.950708 22.078279 23.237150 24.442472 0.000000 0.000000 0.000000 0.000000 0.000000 0.000000 0.000000 0.000000 0.000000 0.000000 0.000000 0.000000 0.000000 0.000000 0.000000 0.000000 0.000000 0.000000 0.000000 0.000000 0.000000 0.000000 0.000000 0.000000 0.000000 0.000000 0.000000 0.000000 0.000000 0.000000 0.000000 0.000000 0.000000 0.000000
17.233034 18.209272 19.221649 20.271986 21.361162 22.493752 23.656818 0.000000 0.000000 0.000000 0.000000 0.000000 0.000000 0.000000 0.000000 0.000000 0.000000 0.000000 0.000000 0.000000 0.000000 0.000000 0.000000 0.000000 0.000000 0.000000 0.000000 0.000000 0.000000 0.000000 0.000000 0.000000 0.000000 0.000000 0.000000 0.000000 0.000000 0.000000 0.000000 0.000000 0.000000 0.000000
17.683788 18.670124 19.690262 20.747751 21.842974 22.980490 0.000000 0.000000 0.000000 0.000000 0.000000 0.000000 0.000000 0.000000 0.000000 0.000000 0.000000 0.000000 0.000000 0.000000 0.000000 0.000000 0.000000 0.000000 0.000000 0.000000 0.000000 0.000000 0.000000 0.000000 0.000000 0.000000 0.000000 0.000000 0.000000 0.000000 0.000000 0.000000 0.000000 0.000000 0.000000 0.000000
18.199625 19.195902 20.223623 21.288101 22.389177 0.000000 0.000000 0.000000 0.000000 0.000000 0.000000 0.000000 0.000000 0.000000 0.000000 0.000000 0.000000 0.000000 0.000000 0.000000 0.000000 0.000000 0.000000 0.000000 0.000000 0.000000 0.000000 0.000000 0.000000 0.000000 0.000000 0.000000 0.000000 0.000000 0.000000 0.000000 0.000000 0.000000 0.000000 0.000000 0.000000 0.000000
18.774244 19.780148 20.815207 21.886412 0.000000 0.000000 0.000000 0.000000 0.000000 0.000000 0.000000 0.000000 0.000000 0.000000 0.000000 0.000000 0.000000 0.000000 0.000000 0.000000 0.000000 0.000000 0.000000 0.000000 0.000000 0.000000 0.000000 0.000000 0.000000 0.000000 0.000000 0.000000 0.000000 0.000000 0.000000 0.000000 0.000000 0.000000 0.000000 0.000000 0.000000 0.000000
19.401564 20.416674 21.458744 0.000000 0.000000 0.000000 0.000000 0.000000 0.000000 0.000000 0.000000 0.000000 0.000000 0.000000 0.000000 0.000000 0.000000 0.000000 0.000000 0.000000 0.000000 0.000000 0.000000 0.000000 0.000000 0.000000 0.000000 0.000000 0.000000 0.000000 0.000000 0.000000 0.000000 0.000000 0.000000 0.000000 0.000000 0.000000 0.000000 0.000000 0.000000 0.000000
20.075886 21.099689 0.000000 0.000000 0.000000 0.000000 0.000000 0.000000 0.000000 0.000000 0.000000 0.000000 0.000000 0.000000 0.000000 0.000000 0.000000 0.000000 0.000000 0.000000 0.000000 0.000000 0.000000 0.000000 0.000000 0.000000 0.000000 0.000000 0.000000 0.000000 0.000000 0.000000 0.000000 0.000000 0.000000 0.000000 0.000000 0.000000 0.000000 0.000000 0.000000 0.000000
20.791798 0.000000 0.000000 0.000000 0.000000 0.000000 0.000000 0.000000 0.000000 0.000000 0.000000 0.000000 0.000000 0.000000 0.000000 0.000000 0.000000 0.000000 0.000000 0.000000 0.000000 0.000000 0.000000 0.000000 0.000000 0.000000 0.000000 0.000000 0.000000 0.000000 0.000000 0.000000 0.000000 0.000000 0.000000 0.000000 0.000000 0.000000 0.000000 0.000000 0.000000 0.000000
