8.150723 8.149912 8.149914 8.149950 8.150042 8.150415 8.151553 8.151715 8.152125 8.153153 8.153372 8.153838 8.154435 8.155123 8.156309 8.157969 8.160126 8.162795 8.166874 8.172293 8.179461 8.188905 8.201296 8.217389 8.238372 8.265775 8.300277 8.344303 8.400184 8.472038 8.563312 8.679006 8.825120 9.009486 9.241622 9.531214 9.890912 10.338109 10.889597 11.561700 12.373447 13.350118 14.509569 15.877581 17.485474 19.355768 21.520355 24.016914 26.882874 30.161875 33.919067 38.279716 43.512913 50.153973 59.443951 74.150131 100.933456 159.000000
7.334782 7.333975 7.333977 7.334018 7.334116 7.334494 7.335638 7.335818 7.336254 7.337312 7.337587 7.338121 7.338807 7.339607 7.340951 7.342825 7.345263 7.348305 7.352860 7.358895 7.366853 7.377306 7.390981 7.408691 7.431706 7.461656 7.499323 7.547272 7.608005 7.685839 7.784424 7.909025 8.065896 8.263155 8.510575 8.818044 9.198262 9.668645 10.245775 10.945431 11.786085 12.791972 13.979971 15.374912 17.007257 18.899036 21.081575 23.592690 26.470181 29.758453 33.523949 37.894012 43.142448 49.810276 59.146255 73.911499 100.651772 0.000000
6.549308 6.548518 6.548527 6.548577 6.548689 6.549078 6.550224 6.550443 6.550931 6.552057 6.552443 6.553113 6.553976 6.555006 6.556668 6.558971 6.561975 6.565757 6.571261 6.578518 6.588040 6.600486 6.616692 6.637579 6.664581 6.699503 6.743349 6.798936 6.869092 6.958490 7.071177 7.212889 7.390336 7.612123 7.888462 8.229535 8.648097 9.161406 9.785580 10.535285 11.427867 12.485520 13.723269 15.164204 16.837112 18.763287 20.973057 23.504381 26.395847 29.693338 33.465645 37.843620 43.108276 49.808083 59.201054 73.981674 0.000000 0.000000
5.846690 5.845929 5.845943 5.846010 5.846143 5.846552 5.847704 5.847985 5.848553 5.849782 5.850339 5.851221 5.852365 5.853753 5.855907 5.858870 5.862738 5.867651 5.874596 5.883702 5.895587 5.911034 5.931036 5.956677 5.989619 6.031928 6.084922 6.151779 6.235789 6.342109 6.475329 6.641816 6.848869 7.105700 7.423024 7.811320 8.283315 8.855759 9.544061 10.361198 11.322821 12.448504 13.750733 15.250402 16.974285 18.942762 21.185146 23.739872 26.646832 29.954098 33.733562 38.119713 43.401138 50.132992 59.533642 0.000000 0.000000 0.000000
5.217248 5.216522 5.216548 5.216640 5.216804 5.217244 5.218421 5.218791 5.219475 5.220850 5.221648 5.222832 5.224371 5.226267 5.229113 5.232996 5.238066 5.244547 5.253478 5.265123 5.280233 5.299762 5.324903 5.356956 5.397877 5.450062 5.515237 5.597028 5.699301 5.827789 5.987724 6.186200 6.431137 6.732393 7.101128 7.547968 8.085466 8.729343 9.494011 10.390250 11.431558 12.634593 14.008968 15.573188 17.352118 19.365471 21.641783 24.220556 27.143589 30.461603 34.248936 38.642204 43.935719 50.641933 0.000000 0.000000 0.000000 0.000000
4.649988 4.649310 4.649354 4.649479 4.649689 4.650177 4.651408 4.651903 4.652746 4.654328 4.655448 4.657044 4.659126 4.661721 4.665496 4.670609 4.677277 4.685832 4.697381 4.712354 4.731675 4.756502 4.788281 4.828578 4.879698 4.944446 5.025030 5.125591 5.250674 5.406633 5.599389 5.836782 6.127316 6.481390 6.910424 7.424938 8.037024 8.760829 9.609436 10.591029 11.716538 12.999867 14.447588 16.076105 17.908823 19.965160 22.273506 24.875088 27.814001 31.142776 34.935940 39.328674 44.569794 0.000000 0.000000 0.000000 0.000000 0.000000
4.135853 4.135231 4.135302 4.135477 4.135749 4.136312 4.137640 4.138305 4.139369 4.141231 4.142779 4.144928 4.147733 4.151262 4.156269 4.162993 4.171741 4.182974 4.197893 4.217130 4.241814 4.273356 4.313497 4.364123 4.427952 4.508247 4.607777 4.731250 4.883946 5.072858 5.304567 5.587613 5.930948 6.345289 6.842038 7.431226 8.124126 8.932792 9.868690 10.937093 12.146185 13.507449 15.024668 16.712626 18.593952 20.688503 23.025183 25.647409 28.600714 31.936913 35.726089 40.048386 0.000000 0.000000 0.000000 0.000000 0.000000 0.000000
3.668162 3.667608 3.667719 3.667963 3.668324 3.668994 3.670469 3.671365 3.672729 3.674982 3.677090 3.679968 3.683728 3.688490 3.695099 3.703905 3.715326 3.729980 3.749182 3.773808 3.805230 3.845158 3.895677 3.959044 4.038445 4.137663 4.260064 4.410959 4.596396 4.823946 5.100779 5.435984 5.838745 6.319784 6.890115 7.558843 8.335980 9.231141 10.253910 11.406544 12.694596 14.127583 15.706944 17.446627 19.369238 21.496138 23.856945 26.496672 29.459677 32.791874 36.503170 0.000000 0.000000 0.000000 0.000000 0.000000 0.000000 0.000000
3.242228 3.241752 3.241922 3.242257 3.242744 3.243567 3.245248 3.246456 3.248223 3.251001 3.253842 3.257681 3.262691 3.269062 3.277743 3.289217 3.304043 3.323017 3.347614 3.378985 3.418793 3.469085 3.532350 3.611258 3.709512 3.831462 3.981087 4.164304 4.387894 4.659926 4.987978 5.381481 5.849514 6.402460 7.050525 7.801419 8.663495 9.643728 10.749696 11.980761 13.340298 14.836212 16.468475 18.250980 20.207102 22.360691 24.741100 27.392469 30.352846 33.604939 0.000000 0.000000 0.000000 0.000000 0.000000 0.000000 0.000000 0.000000
2.854723 2.854340 2.854595 2.855058 2.855712 2.856750 2.858698 2.860323 2.862629 2.866119 2.869921 2.875011 2.881640 2.890092 2.901431 2.916302 2.935431 2.959824 2.991165 3.030915 3.081070 3.144069 3.222838 3.320517 3.441358 3.590307 3.771926 3.992697 4.260063 4.582422 4.967520 5.424829 5.962964 6.591536 7.319567 8.152936 9.098032 10.159180 11.342040 12.643359 14.064991 15.613842 17.289305 19.106155 21.088858 23.263815 25.657269 28.307545 31.188141 0.000000 0.000000 0.000000 0.000000 0.000000 0.000000 0.000000 0.000000 0.000000
2.503160 2.502897 2.503272 2.503907 2.504790 2.506122 2.508415 2.510593 2.513614 2.518037 2.523097 2.529808 2.538523 2.549648 2.564372 2.583536 2.608071 2.639221 2.678932 2.729013 2.791842 2.870288 2.967758 3.087893 3.235508 3.416155 3.634890 3.898676 4.215464 4.593771 5.041187 5.566879 6.178589 6.884759 7.692890 8.606686 9.630475 10.766037 12.017455 13.379372 14.852903 16.444719 18.154497 19.998470 22.001701 24.191256 26.584986 29.156887 0.000000 0.000000 0.000000 0.000000 0.000000 0.000000 0.000000 0.000000 0.000000 0.000000
2.185456 2.185361 2.185902 2.186772 2.187961 2.189693 2.192447 2.195356 2.199320 2.204953 2.211652 2.220450 2.231838 2.246364 2.265374 2.289934 2.321215 2.360738 2.410767 2.473495 2.551726 2.648797 2.768619 2.915353 3.094356 3.311747 3.572951 3.885260 4.256918 4.696276 5.210399 5.807771 6.494877 7.278629 8.164799 9.154733 10.250787 11.452474 12.762888 14.175192 15.690599 17.316500 19.053295 20.918320 22.935114 25.126646 27.443642 0.000000 0.000000 0.000000 0.000000 0.000000 0.000000 0.000000 0.000000 0.000000 0.000000 0.000000
1.899704 1.899846 1.900614 1.901796 1.903407 1.905676 1.909055 1.912923 1.918122 1.925315 1.934123 1.945587 1.960374 1.979203 2.003602 2.034897 2.074545 2.124386 2.187041 2.265135 2.361929 2.481254 2.627531 2.805422 3.020777 3.280182 3.589248 3.955389 4.386879 4.891534 5.475522 6.146286 6.908720 7.767963 8.727933 9.787729 10.947960 12.206334 13.565755 15.018572 16.566923 18.219770 19.977581 21.856823 23.874990 25.992023 0.000000 0.000000 0.000000 0.000000 0.000000 0.000000 0.000000 0.000000 0.000000 0.000000 0.000000 0.000000
1.644034 1.644489 1.645567 1.647170 1.649334 1.652321 1.656560 1.661676 1.668478 1.677676 1.689178 1.704040 1.723124 1.747357 1.778490 1.818140 1.868094 1.930570 2.008558 2.105165 2.224136 2.369790 2.547037 2.760989 3.017880 3.324581 3.686709 4.111492 4.606965 5.179960 5.835433 6.579475 7.415152 8.345738 9.373322 10.495123 11.710388 13.015634 14.414485 15.899153 17.473267 19.147287 20.919500 22.801073 24.744982 0.000000 0.000000 0.000000 0.000000 0.000000 0.000000 0.000000 0.000000 0.000000 0.000000 0.000000 0.000000 0.000000
1.416563 1.417420 1.418914 1.421072 1.423968 1.427901 1.433311 1.440045 1.448916 1.460697 1.475613 1.494765 1.519247 1.550221 1.589703 1.639645 1.702205 1.780039 1.876505 1.995219 2.140421 2.316886 2.529958 2.785086 3.088731 3.447799 3.867690 4.355100 4.917544 5.560412 6.287207 7.102467 8.007330 9.003280 10.090714 11.265646 12.526449 13.869216 15.299170 16.808790 18.402880 20.091791 21.866859 23.675484 0.000000 0.000000 0.000000 0.000000 0.000000 0.000000 0.000000 0.000000 0.000000 0.000000 0.000000 0.000000 0.000000 0.000000
1.215391 1.216747 1.218797 1.221689 1.225543 1.230716 1.237684 1.246500 1.258026 1.273122 1.292333 1.316877 1.348095 1.387427 1.437196 1.499728 1.577589 1.673928 1.792447 1.937298 2.113187 2.325274 2.579230 2.880676 3.236084 3.652097 4.133632 4.686501 5.317412 6.029945 6.825990 7.708484 8.676689 9.730556 10.869134 12.087973 13.385225 14.757459 16.211933 17.741022 19.348875 21.041523 22.744686 0.000000 0.000000 0.000000 0.000000 0.000000 0.000000 0.000000 0.000000 0.000000 0.000000 0.000000 0.000000 0.000000 0.000000 0.000000
1.038622 1.040599 1.043384 1.047235 1.052339 1.059124 1.068132 1.079615 1.094522 1.113843 1.138441 1.169714 1.209285 1.258911 1.321264 1.399077 1.495361 1.613775 1.758359 1.933774 2.145131 2.397851 2.697782 3.050480 3.462172 3.938902 4.484824 5.104524 5.803678 6.583825 7.445180 8.389214 9.413484 10.516876 11.697589 12.951546 14.277378 15.672793 17.146626 18.689287 20.300098 21.922176 0.000000 0.000000 0.000000 0.000000 0.000000 0.000000 0.000000 0.000000 0.000000 0.000000 0.000000 0.000000 0.000000 0.000000 0.000000 0.000000
0.884401 0.887159 0.890909 0.896010 0.902733 0.911594 0.923238 0.938112 0.957300 0.981962 1.013282 1.052901 1.102758 1.164982 1.242606 1.338818 1.457083 1.601557 1.776612 1.987338 2.239141 2.537524 2.888314 3.296708 3.768403 4.308508 4.920136 5.606378 6.371704 7.215615 8.136662 9.135189 10.207358 11.351603 12.565950 13.847393 15.195588 16.609224 18.096891 19.642712 21.182762 0.000000 0.000000 0.000000 0.000000 0.000000 0.000000 0.000000 0.000000 0.000000 0.000000 0.000000 0.000000 0.000000 0.000000 0.000000 0.000000 0.000000
0.750939 0.754693 0.759698 0.766420 0.775228 0.786752 0.801762 0.820924 0.845492 0.876848 0.916508 0.966407 1.028847 1.106369 1.202375 1.320542 1.464778 1.639675 1.849923 2.100902 2.398148 2.747015 3.153063 3.620806 4.155110 4.759856 5.436872 6.187597 7.015235 7.917452 8.891258 9.936378 11.048030 12.224869 13.465535 14.768517 16.134230 17.560789 19.052164 20.527760 0.000000 0.000000 0.000000 0.000000 0.000000 0.000000 0.000000 0.000000 0.000000 0.000000 0.000000 0.000000 0.000000 0.000000 0.000000 0.000000 0.000000 0.000000
0.636562 0.641592 0.648223 0.657031 0.668507 0.683418 0.702698 0.727246 0.758535 0.798212 0.848150 0.910621 0.988331 1.084269 1.202205 1.346310 1.520900 1.730905 1.981263 2.277453 2.624929 3.028611 3.493527 4.023172 4.621312 5.290360 6.030719 6.842142 7.726656 8.680402 9.699202 10.782744 11.925870 13.128201 14.389517 15.709441 17.087551 18.517204 19.939297 0.000000 0.000000 0.000000 0.000000 0.000000 0.000000 0.000000 0.000000 0.000000 0.000000 0.000000 0.000000 0.000000 0.000000 0.000000 0.000000 0.000000 0.000000 0.000000
0.539721 0.546389 0.555110 0.566588 0.581456 0.600653 0.625306 0.656580 0.696207 0.746144 0.808654 0.886385 0.982473 1.100380 1.244227 1.418644 1.628283 1.878273 2.173671 2.519816 2.921824 3.383874 3.910158 4.502886 5.164500 5.895838 6.695800 7.562575 8.497284 9.494972 10.550765 11.664936 12.832636 14.054954 15.332583 16.664549 18.045580 19.405764 0.000000 0.000000 0.000000 0.000000 0.000000 0.000000 0.000000 0.000000 0.000000 0.000000 0.000000 0.000000 0.000000 0.000000 0.000000 0.000000 0.000000 0.000000 0.000000 0.000000
0.459031 0.467800 0.479192 0.494065 0.513224 0.537806 0.569174 0.608788 0.658687 0.721182 0.798952 0.895049 1.013059 1.156904 1.331034 1.540447 1.790019 2.084898 2.430050 2.830410 3.290469 3.813349 4.402118 5.057542 5.780584 6.570565 7.424876 8.340444 9.317901 10.351714 11.436925 12.574961 13.761934 15.000058 16.289362 17.624168 18.935881 0.000000 0.000000 0.000000 0.000000 0.000000 0.000000 0.000000 0.000000 0.000000 0.000000 0.000000 0.000000 0.000000 0.000000 0.000000 0.000000 0.000000 0.000000 0.000000 0.000000 0.000000
0.393306 0.404754 0.419544 0.438707 0.463254 0.494561 0.534260 0.584149 0.646612 0.724353 0.820491 0.938495 1.082394 1.256528 1.465629 1.714907 2.009302 2.353762 2.752895 3.210947 3.731493 4.316319 4.967115 5.683180 6.463961 7.307475 8.209695 9.166717 10.179279 11.241805 12.349972 13.506580 14.708832 15.958289 17.250326 18.516039 0.000000 0.000000 0.000000 0.000000 0.000000 0.000000 0.000000 0.000000 0.000000 0.000000 0.000000 0.000000 0.000000 0.000000 0.000000 0.000000 0.000000 0.000000 0.000000 0.000000 0.000000 0.000000
0.341582 0.356433 0.375519 0.400071 0.431345 0.470994 0.520956 0.583409 0.661119 0.757213 0.875258 1.019135 1.193275 1.402356 1.651291 1.945305 2.289190 2.687436 3.143991 3.662130 4.244245 4.890585 5.601305 6.374337 7.207695 8.098445 9.041385 10.032273 11.072738 12.157709 13.283885 14.455121 15.668359 16.920431 18.143553 0.000000 0.000000 0.000000 0.000000 0.000000 0.000000 0.000000 0.000000 0.000000 0.000000 0.000000 0.000000 0.000000 0.000000 0.000000 0.000000 0.000000 0.000000 0.000000 0.000000 0.000000 0.000000 0.000000
0.303160 0.322309 0.346793 0.378075 0.417691 0.467615 0.530125 0.607826 0.703887 0.821871 0.965788 1.139887 1.348925 1.597789 1.891422 2.234820 2.632375 3.087826 3.604169 4.183454 4.826681 5.532468 6.299424 7.124297 8.003918 8.934855 9.911119 10.928705 11.990952 13.093674 14.234197 15.415860 16.631577 17.814856 0.000000 0.000000 0.000000 0.000000 0.000000 0.000000 0.000000 0.000000 0.000000 0.000000 0.000000 0.000000 0.000000 0.000000 0.000000 0.000000 0.000000 0.000000 0.000000 0.000000 0.000000 0.000000 0.000000 0.000000
0.277634 0.302180 0.333402 0.373028 0.422920 0.485410 0.563149 0.659200 0.777148 0.920986 1.095122 1.304095 1.552868 1.846360 2.189323 2.586263 3.040883 3.555885 4.133049 4.773007 5.475266 6.236842 7.054948 7.925409 8.844260 9.808114 10.810730 11.848911 12.928341 14.045394 15.196298 16.380077 17.527090 0.000000 0.000000 0.000000 0.000000 0.000000 0.000000 0.000000 0.000000 0.000000 0.000000 0.000000 0.000000 0.000000 0.000000 0.000000 0.000000 0.000000 0.000000 0.000000 0.000000 0.000000 0.000000 0.000000 0.000000 0.000000
0.264925 0.296205 0.335780 0.385685 0.448144 0.525884 0.621954 0.739891 0.883687 1.057724 1.266730 1.515413 1.808763 2.151503 2.547935 3.001796 3.515800 4.091371 4.728876 5.427431 6.185048 6.997348 7.860419 8.769521 9.720422 10.710348 11.733420 12.787580 13.880822 15.008450 16.161562 17.276562 0.000000 0.000000 0.000000 0.000000 0.000000 0.000000 0.000000 0.000000 0.000000 0.000000 0.000000 0.000000 0.000000 0.000000 0.000000 0.000000 0.000000 0.000000 0.000000 0.000000 0.000000 0.000000 0.000000 0.000000 0.000000 0.000000
0.265310 0.304939 0.354801 0.417276 0.494987 0.591082 0.709019 0.852802 1.026792 1.235677 1.484388 1.777619 2.120167 2.516291 2.969552 3.482648 4.057045 4.692701 5.388471 6.141992 6.949895 7.806760 8.707938 9.648579 10.624758 11.634995 12.674096 13.740968 14.844334 15.974535 17.059032 0.000000 0.000000 0.000000 0.000000 0.000000 0.000000 0.000000 0.000000 0.000000 0.000000 0.000000 0.000000 0.000000 0.000000 0.000000 0.000000 0.000000 0.000000 0.000000 0.000000 0.000000 0.000000 0.000000 0.000000 0.000000 0.000000 0.000000
0.279463 0.329375 0.391809 0.469540 0.565611 0.683597 0.827365 1.001339 1.210172 1.458737 1.751983 2.094379 2.490256 2.943127 3.455527 4.028859 4.663158 5.356830 6.107249 6.910723 7.762756 8.657372 9.589645 10.555154 11.550900 12.577197 13.629133 14.705215 15.810803 16.872841 0.000000 0.000000 0.000000 0.000000 0.000000 0.000000 0.000000 0.000000 0.000000 0.000000 0.000000 0.000000 0.000000 0.000000 0.000000 0.000000 0.000000 0.000000 0.000000 0.000000 0.000000 0.000000 0.000000 0.000000 0.000000 0.000000 0.000000 0.000000
0.308483 0.370969 0.448657 0.544749 0.662717 0.806554 0.980500 1.189313 1.437818 1.730896 2.073292 2.468980 2.921545 3.433462 4.005987 4.639060 5.331184 6.079264 6.879342 7.726682 8.616053 9.541453 10.498259 11.483019 12.494083 13.533395 14.594662 15.672321 16.709614 0.000000 0.000000 0.000000 0.000000 0.000000 0.000000 0.000000 0.000000 0.000000 0.000000 0.000000 0.000000 0.000000 0.000000 0.000000 0.000000 0.000000 0.000000 0.000000 0.000000 0.000000 0.000000 0.000000 0.000000 0.000000 0.000000 0.000000 0.000000 0.000000
0.353929 0.431672 0.527715 0.645707 0.789529 0.963562 1.172334 1.420812 1.713817 2.056015 2.451683 2.904013 3.415558 3.987507 4.619657 5.310397 6.056734 6.854243 7.697924 8.582393 9.502220 10.451890 11.427692 12.427561 13.450859 14.499824 15.562763 16.571770 0.000000 0.000000 0.000000 0.000000 0.000000 0.000000 0.000000 0.000000 0.000000 0.000000 0.000000 0.000000 0.000000 0.000000 0.000000 0.000000 0.000000 0.000000 0.000000 0.000000 0.000000 0.000000 0.000000 0.000000 0.000000 0.000000 0.000000 0.000000 0.000000 0.000000
0.417845 0.513950 0.631882 0.775735 0.949753 1.158627 1.407048 1.700017 2.042125 2.437561 2.889848 3.401104 3.972608 4.604081 5.293773 6.038571 6.834140 7.675034 8.555608 9.470325 10.414252 11.382735 12.373465 13.385455 14.417619 15.468631 16.462923 0.000000 0.000000 0.000000 0.000000 0.000000 0.000000 0.000000 0.000000 0.000000 0.000000 0.000000 0.000000 0.000000 0.000000 0.000000 0.000000 0.000000 0.000000 0.000000 0.000000 0.000000 0.000000 0.000000 0.000000 0.000000 0.000000 0.000000 0.000000 0.000000 0.000000 0.000000
0.502780 0.620782 0.764560 0.938623 1.147476 1.396011 1.688900 2.030960 2.426280 2.878289 3.389481 3.960634 4.591578 5.280488 6.024110 6.817998 7.656750 8.534341 9.444949 10.383462 11.346267 12.329544 13.332293 14.353102 15.386594 16.369398 0.000000 0.000000 0.000000 0.000000 0.000000 0.000000 0.000000 0.000000 0.000000 0.000000 0.000000 0.000000 0.000000 0.000000 0.000000 0.000000 0.000000 0.000000 0.000000 0.000000 0.000000 0.000000 0.000000 0.000000 0.000000 0.000000 0.000000 0.000000 0.000000 0.000000 0.000000 0.000000
0.611796 0.755655 0.929616 1.138536 1.387043 1.680062 2.022008 2.417264 2.869129 3.379982 3.951056 4.581580 5.269875 6.012607 6.805192 7.642138 8.517400 9.424855 10.359084 11.315977 12.293848 13.289067 14.300604 15.322788 16.287510 0.000000 0.000000 0.000000 0.000000 0.000000 0.000000 0.000000 0.000000 0.000000 0.000000 0.000000 0.000000 0.000000 0.000000 0.000000 0.000000 0.000000 0.000000 0.000000 0.000000 0.000000 0.000000 0.000000 0.000000 0.000000 0.000000 0.000000 0.000000 0.000000 0.000000 0.000000 0.000000 0.000000
0.748445 0.922500 1.131289 1.379890 1.672874 2.014969 2.410064 2.861843 3.372517 3.943173 4.573623 5.261436 6.003468 6.795058 7.630587 8.503936 9.408916 10.339852 11.292327 12.263607 13.253880 14.257857 15.270771 16.224253 0.000000 0.000000 0.000000 0.000000 0.000000 0.000000 0.000000 0.000000 0.000000 0.000000 0.000000 0.000000 0.000000 0.000000 0.000000 0.000000 0.000000 0.000000 0.000000 0.000000 0.000000 0.000000 0.000000 0.000000 0.000000 0.000000 0.000000 0.000000 0.000000 0.000000 0.000000 0.000000 0.000000 0.000000
0.916734 1.125630 1.374065 1.667174 2.009232 2.404513 2.856066 3.366637 3.937076 4.567006 5.254774 5.996262 6.787072 7.621519 8.493341 9.396303 10.324696 11.273783 12.240558 13.223385 14.222953 15.228328 16.172583 0.000000 0.000000 0.000000 0.000000 0.000000 0.000000 0.000000 0.000000 0.000000 0.000000 0.000000 0.000000 0.000000 0.000000 0.000000 0.000000 0.000000 0.000000 0.000000 0.000000 0.000000 0.000000 0.000000 0.000000 0.000000 0.000000 0.000000 0.000000 0.000000 0.000000 0.000000 0.000000 0.000000 0.000000 0.000000
1.121026 1.369586 1.662490 2.004710 2.399945 2.851749 3.362005 3.932323 4.562009 5.249127 5.990642 6.780854 7.614448 8.485110 9.386464 10.312710 11.259287 12.222616 13.200908 14.192117 15.193615 16.130365 0.000000 0.000000 0.000000 0.000000 0.000000 0.000000 0.000000 0.000000 0.000000 0.000000 0.000000 0.000000 0.000000 0.000000 0.000000 0.000000 0.000000 0.000000 0.000000 0.000000 0.000000 0.000000 0.000000 0.000000 0.000000 0.000000 0.000000 0.000000 0.000000 0.000000 0.000000 0.000000 0.000000 0.000000 0.000000 0.000000
1.365913 1.658963 2.000936 2.396380 2.848129 3.358740 3.928649 4.558195 5.245040 5.985743 6.776088 7.609039 8.478795 9.378931 10.303503 11.247750 12.208653 13.183491 14.170200 15.162490 16.095873 0.000000 0.000000 0.000000 0.000000 0.000000 0.000000 0.000000 0.000000 0.000000 0.000000 0.000000 0.000000 0.000000 0.000000 0.000000 0.000000 0.000000 0.000000 0.000000 0.000000 0.000000 0.000000 0.000000 0.000000 0.000000 0.000000 0.000000 0.000000 0.000000 0.000000 0.000000 0.000000 0.000000 0.000000 0.000000 0.000000 0.000000
1.656023 1.998166 2.393315 2.845324 3.355859 3.926264 4.555313 5.242006 5.982415 6.771764 7.604952 8.474031 9.373218 10.296523 11.239048 12.197436 13.169948 14.153202 15.141056 16.064592 0.000000 0.000000 0.000000 0.000000 0.000000 0.000000 0.000000 0.000000 0.000000 0.000000 0.000000 0.000000 0.000000 0.000000 0.000000 0.000000 0.000000 0.000000 0.000000 0.000000 0.000000 0.000000 0.000000 0.000000 0.000000 0.000000 0.000000 0.000000 0.000000 0.000000 0.000000 0.000000 0.000000 0.000000 0.000000 0.000000 0.000000 0.000000
1.995790 2.391137 2.842795 3.353643 3.923929 4.553634 5.239784 5.980034 6.769075 7.601097 8.470463 9.368937 10.291262 11.232483 12.189117 13.158946 14.139970 15.124408 16.043507 0.000000 0.000000 0.000000 0.000000 0.000000 0.000000 0.000000 0.000000 0.000000 0.000000 0.000000 0.000000 0.000000 0.000000 0.000000 0.000000 0.000000 0.000000 0.000000 0.000000 0.000000 0.000000 0.000000 0.000000 0.000000 0.000000 0.000000 0.000000 0.000000 0.000000 0.000000 0.000000 0.000000 0.000000 0.000000 0.000000 0.000000 0.000000 0.000000
2.389179 2.841070 3.351507 3.922156 4.551667 5.238625 5.978346 6.767223 7.598928 8.467027 9.365735 10.287318 11.227530 12.182836 13.150895 14.129116 15.111335 16.027069 0.000000 0.000000 0.000000 0.000000 0.000000 0.000000 0.000000 0.000000 0.000000 0.000000 0.000000 0.000000 0.000000 0.000000 0.000000 0.000000 0.000000 0.000000 0.000000 0.000000 0.000000 0.000000 0.000000 0.000000 0.000000 0.000000 0.000000 0.000000 0.000000 0.000000 0.000000 0.000000 0.000000 0.000000 0.000000 0.000000 0.000000 0.000000 0.000000 0.000000
2.839408 3.350122 3.920295 4.550221 5.236863 5.977495 6.765895 7.597426 8.465194 9.362643 10.284328 11.223766 12.178036 13.144738 14.121183 15.100577 16.014093 0.000000 0.000000 0.000000 0.000000 0.000000 0.000000 0.000000 0.000000 0.000000 0.000000 0.000000 0.000000 0.000000 0.000000 0.000000 0.000000 0.000000 0.000000 0.000000 0.000000 0.000000 0.000000 0.000000 0.000000 0.000000 0.000000 0.000000 0.000000 0.000000 0.000000 0.000000 0.000000 0.000000 0.000000 0.000000 0.000000 0.000000 0.000000 0.000000 0.000000 0.000000
3.348666 3.919186 4.548567 5.235683 5.975848 6.765201 7.596336 8.463917 9.361023 10.281536 11.220897 12.174354 13.139996 14.115066 15.092703 16.003407 0.000000 0.000000 0.000000 0.000000 0.000000 0.000000 0.000000 0.000000 0.000000 0.000000 0.000000 0.000000 0.000000 0.000000 0.000000 0.000000 0.000000 0.000000 0.000000 0.000000 0.000000 0.000000 0.000000 0.000000 0.000000 0.000000 0.000000 0.000000 0.000000 0.000000 0.000000 0.000000 0.000000 0.000000 0.000000 0.000000 0.000000 0.000000 0.000000 0.000000 0.000000 0.000000
3.917864 4.547695 5.234198 5.974911 6.763656 7.595695 8.462955 9.359853 10.280008 11.218349 12.171558 13.136350 14.110341 15.086590 15.995568 0.000000 0.000000 0.000000 0.000000 0.000000 0.000000 0.000000 0.000000 0.000000 0.000000 0.000000 0.000000 0.000000 0.000000 0.000000 0.000000 0.000000 0.000000 0.000000 0.000000 0.000000 0.000000 0.000000 0.000000 0.000000 0.000000 0.000000 0.000000 0.000000 0.000000 0.000000 0.000000 0.000000 0.000000 0.000000 0.000000 0.000000 0.000000 0.000000 0.000000 0.000000 0.000000 0.000000
4.546440 5.233540 5.973564 6.762934 7.594281 8.462300 9.358931 10.278863 11.216829 12.169158 13.133580 14.106715 15.081875 15.989465 0.000000 0.000000 0.000000 0.000000 0.000000 0.000000 0.000000 0.000000 0.000000 0.000000 0.000000 0.000000 0.000000 0.000000 0.000000 0.000000 0.000000 0.000000 0.000000 0.000000 0.000000 0.000000 0.000000 0.000000 0.000000 0.000000 0.000000 0.000000 0.000000 0.000000 0.000000 0.000000 0.000000 0.000000 0.000000 0.000000 0.000000 0.000000 0.000000 0.000000 0.000000 0.000000 0.000000 0.000000
5.232256 5.973059 6.761659 7.593725 8.461074 9.358279 10.277970 11.215693 12.167645 13.131308 14.103966 15.078264 15.984764 0.000000 0.000000 0.000000 0.000000 0.000000 0.000000 0.000000 0.000000 0.000000 0.000000 0.000000 0.000000 0.000000 0.000000 0.000000 0.000000 0.000000 0.000000 0.000000 0.000000 0.000000 0.000000 0.000000 0.000000 0.000000 0.000000 0.000000 0.000000 0.000000 0.000000 0.000000 0.000000 0.000000 0.000000 0.000000 0.000000 0.000000 0.000000 0.000000 0.000000 0.000000 0.000000 0.000000 0.000000 0.000000
5.971686 6.761253 7.592439 8.460630 9.357264 10.277328 11.214828 12.166521 13.129794 14.101768 15.075535 15.981173 0.000000 0.000000 0.000000 0.000000 0.000000 0.000000 0.000000 0.000000 0.000000 0.000000 0.000000 0.000000 0.000000 0.000000 0.000000 0.000000 0.000000 0.000000 0.000000 0.000000 0.000000 0.000000 0.000000 0.000000 0.000000 0.000000 0.000000 0.000000 0.000000 0.000000 0.000000 0.000000 0.000000 0.000000 0.000000 0.000000 0.000000 0.000000 0.000000 0.000000 0.000000 0.000000 0.000000 0.000000 0.000000 0.000000
6.759766 7.592081 8.459229 9.356853 10.276501 11.214195 12.165670 13.128676 14.100270 15.073395 15.978469 0.000000 0.000000 0.000000 0.000000 0.000000 0.000000 0.000000 0.000000 0.000000 0.000000 0.000000 0.000000 0.000000 0.000000 0.000000 0.000000 0.000000 0.000000 0.000000 0.000000 0.000000 0.000000 0.000000 0.000000 0.000000 0.000000 0.000000 0.000000 0.000000 0.000000 0.000000 0.000000 0.000000 0.000000 0.000000 0.000000 0.000000 0.000000 0.000000 0.000000 0.000000 0.000000 0.000000 0.000000 0.000000 0.000000 0.000000
7.590498 8.458881 9.355240 10.276077 11.213512 12.165051 13.127842 14.099141 15.071871 15.976334 0.000000 0.000000 0.000000 0.000000 0.000000 0.000000 0.000000 0.000000 0.000000 0.000000 0.000000 0.000000 0.000000 0.000000 0.000000 0.000000 0.000000 0.000000 0.000000 0.000000 0.000000 0.000000 0.000000 0.000000 0.000000 0.000000 0.000000 0.000000 0.000000 0.000000 0.000000 0.000000 0.000000 0.000000 0.000000 0.000000 0.000000 0.000000 0.000000 0.000000 0.000000 0.000000 0.000000 0.000000 0.000000 0.000000 0.000000 0.000000
8.457215 9.354896 10.274160 11.213044 12.164466 13.127234 14.098317 15.070767 15.974828 0.000000 0.000000 0.000000 0.000000 0.000000 0.000000 0.000000 0.000000 0.000000 0.000000 0.000000 0.000000 0.000000 0.000000 0.000000 0.000000 0.000000 0.000000 0.000000 0.000000 0.000000 0.000000 0.000000 0.000000 0.000000 0.000000 0.000000 0.000000 0.000000 0.000000 0.000000 0.000000 0.000000 0.000000 0.000000 0.000000 0.000000 0.000000 0.000000 0.000000 0.000000 0.000000 0.000000 0.000000 0.000000 0.000000 0.000000 0.000000 0.000000
9.353159 10.273834 11.210745 12.163946 13.126706 14.097721 15.069952 15.973733 0.000000 0.000000 0.000000 0.000000 0.000000 0.000000 0.000000 0.000000 0.000000 0.000000 0.000000 0.000000 0.000000 0.000000 0.000000 0.000000 0.000000 0.000000 0.000000 0.000000 0.000000 0.000000 0.000000 0.000000 0.000000 0.000000 0.000000 0.000000 0.000000 0.000000 0.000000 0.000000 0.000000 0.000000 0.000000 0.000000 0.000000 0.000000 0.000000 0.000000 0.000000 0.000000 0.000000 0.000000 0.000000 0.000000 0.000000 0.000000 0.000000 0.000000
10.272006 11.210479 12.161192 13.126137 14.097226 15.069364 15.972926 0.000000 0.000000 0.000000 0.000000 0.000000 0.000000 0.000000 0.000000 0.000000 0.000000 0.000000 0.000000 0.000000 0.000000 0.000000 0.000000 0.000000 0.000000 0.000000 0.000000 0.000000 0.000000 0.000000 0.000000 0.000000 0.000000 0.000000 0.000000 0.000000 0.000000 0.000000 0.000000 0.000000 0.000000 0.000000 0.000000 0.000000 0.000000 0.000000 0.000000 0.000000 0.000000 0.000000 0.000000 0.000000 0.000000 0.000000 0.000000 0.000000 0.000000 0.000000
11.208563 12.161073 13.122901 14.096630 15.068885 15.972342 0.000000 0.000000 0.000000 0.000000 0.000000 0.000000 0.000000 0.000000 0.000000 0.000000 0.000000 0.000000 0.000000 0.000000 0.000000 0.000000 0.000000 0.000000 0.000000 0.000000 0.000000 0.000000 0.000000 0.000000 0.000000 0.000000 0.000000 0.000000 0.000000 0.000000 0.000000 0.000000 0.000000 0.000000 0.000000 0.000000 0.000000 0.000000 0.000000 0.000000 0.000000 0.000000 0.000000 0.000000 0.000000 0.000000 0.000000 0.000000 0.000000 0.000000 0.000000 0.000000
12.159122 13.123040 14.092943 15.068285 15.971870 0.000000 0.000000 0.000000 0.000000 0.000000 0.000000 0.000000 0.000000 0.000000 0.000000 0.000000 0.000000 0.000000 0.000000 0.000000 0.000000 0.000000 0.000000 0.000000 0.000000 0.000000 0.000000 0.000000 0.000000 0.000000 0.000000 0.000000 0.000000 0.000000 0.000000 0.000000 0.000000 0.000000 0.000000 0.000000 0.000000 0.000000 0.000000 0.000000 0.000000 0.000000 0.000000 0.000000 0.000000 0.000000 0.000000 0.000000 0.000000 0.000000 0.000000 0.000000 0.000000 0.000000
13.121161 14.093440 15.064242 15.971333 0.000000 0.000000 0.000000 0.000000 0.000000 0.000000 0.000000 0.000000 0.000000 0.000000 0.000000 0.000000 0.000000 0.000000 0.000000 0.000000 0.000000 0.000000 0.000000 0.000000 0.000000 0.000000 0.000000 0.000000 0.000000 0.000000 0.000000 0.000000 0.000000 0.000000 0.000000 0.000000 0.000000 0.000000 0.000000 0.000000 0.000000 0.000000 0.000000 0.000000 0.000000 0.000000 0.000000 0.000000 0.000000 0.000000 0.000000 0.000000 0.000000 0.000000 0.000000 0.000000 0.000000 0.000000
14.091637 15.065084 15.967121 0.000000 0.000000 0.000000 0.000000 0.000000 0.000000 0.000000 0.000000 0.000000 0.000000 0.000000 0.000000 0.000000 0.000000 0.000000 0.000000 0.000000 0.000000 0.000000 0.000000 0.000000 0.000000 0.000000 0.000000 0.000000 0.000000 0.000000 0.000000 0.000000 0.000000 0.000000 0.000000 0.000000 0.000000 0.000000 0.000000 0.000000 0.000000 0.000000 0.000000 0.000000 0.000000 0.000000 0.000000 0.000000 0.000000 0.000000 0.000000 0.000000 0.000000 0.000000 0.000000 0.000000 0.000000 0.000000
15.063413 15.968112 0.000000 0.000000 0.000000 0.000000 0.000000 0.000000 0.000000 0.000000 0.000000 0.000000 0.000000 0.000000 0.000000 0.000000 0.000000 0.000000 0.000000 0.000000 0.000000 0.000000 0.000000 0.000000 0.000000 0.000000 0.000000 0.000000 0.000000 0.000000 0.000000 0.000000 0.000000 0.000000 0.000000 0.000000 0.000000 0.000000 0.000000 0.000000 0.000000 0.000000 0.000000 0.000000 0.000000 0.000000 0.000000 0.000000 0.000000 0.000000 0.000000 0.000000 0.000000 0.000000 0.000000 0.000000 0.000000 0.000000
15.966517 0.000000 0.000000 0.000000 0.000000 0.000000 0.000000 0.000000 0.000000 0.000000 0.000000 0.000000 0.000000 0.000000 0.000000 0.000000 0.000000 0.000000 0.000000 0.000000 0.000000 0.000000 0.000000 0.000000 0.000000 0.000000 0.000000 0.000000 0.000000 0.000000 0.000000 0.000000 0.000000 0.000000 0.000000 0.000000 0.000000 0.000000 0.000000 0.000000 0.000000 0.000000 0.000000 0.000000 0.000000 0.000000 0.000000 0.000000 0.000000 0.000000 0.000000 0.000000 0.000000 0.000000 0.000000 0.000000 0.000000 0.000000
