8.188632 8.204511 8.228206 8.266104 8.323989 8.411336 8.541239 8.732047 9.009441 9.407064 9.970126 10.748201 11.810067 13.249166 15.222000 17.985910 21.986937 28.008518 37.724613 55.000000
7.251935 7.268168 7.292384 7.331006 7.389898 7.478619 7.610348 7.803551 8.083994 8.485364 9.052773 9.835652 10.902454 12.346261 14.323253 17.090242 21.092148 27.111156 36.816872 0.000000
6.290019 6.307907 6.334570 6.376598 6.440235 6.535422 6.675761 6.880294 7.175224 7.594571 8.183197 8.990025 10.082368 11.552187 13.554874 16.346050 20.367880 26.397667 0.000000 0.000000
5.402277 5.424309 5.457016 5.507409 5.582589 5.693408 5.854422 6.085963 6.415204 6.876806 7.514952 8.377240 9.528275 11.057423 13.118235 15.963601 20.027218 0.000000 0.000000 0.000000
4.614273 4.644011 4.687765 4.753296 4.849110 4.987541 5.184744 5.462981 5.850862 6.383675 7.104072 8.056918 9.301942 10.923935 13.072833 15.993670 0.000000 0.000000 0.000000 0.000000
3.931874 3.973808 4.034693 4.123375 4.250255 4.429623 4.679731 5.025129 5.495910 6.127376 6.959259 8.031705 9.397182 11.133739 13.382648 0.000000 0.000000 0.000000 0.000000 0.000000
3.351022 3.410606 3.495677 3.616513 3.785702 4.019810 4.339393 4.771132 5.346004 6.097967 7.061946 8.271064 9.768304 11.620203 0.000000 0.000000 0.000000 0.000000 0.000000 0.000000
2.866566 2.950333 3.067718 3.230695 3.454128 3.756911 4.161700 4.696566 5.392029 6.278699 7.384518 8.733301 10.354073 0.000000 0.000000 0.000000 0.000000 0.000000 0.000000 0.000000
2.476264 2.591983 2.750974 2.967062 3.257223 3.642408 4.146648 4.798061 5.624745 6.651586 7.897390 9.372054 0.000000 0.000000 0.000000 0.000000 0.000000 0.000000 0.000000 0.000000
2.181185 2.337880 2.548878 2.829821 3.199329 3.679735 4.295169 5.071935 6.033363 7.196259 8.565762 0.000000 0.000000 0.000000 0.000000 0.000000 0.000000 0.000000 0.000000 0.000000
1.984771 2.192585 2.466817 2.824610 3.285403 3.871782 4.606226 5.511043 6.602423 7.884365 0.000000 0.000000 0.000000 0.000000 0.000000 0.000000 0.000000 0.000000 0.000000 0.000000
1.891839 2.161715 2.510665 2.956667 3.518809 4.218342 5.074102 6.102138 7.306682 0.000000 0.000000 0.000000 0.000000 0.000000 0.000000 0.000000 0.000000 0.000000 0.000000 0.000000
1.907826 2.250914 2.685446 3.229180 3.899391 4.714118 5.686500 6.821535 0.000000 0.000000 0.000000 0.000000 0.000000 0.000000 0.000000 0.000000 0.000000 0.000000 0.000000 0.000000
2.038105 2.464897 2.994085 3.641818 4.421941 5.347311 6.420741 0.000000 0.000000 0.000000 0.000000 0.000000 0.000000 0.000000 0.000000 0.000000 0.000000 0.000000 0.000000 0.000000
2.287197 2.806376 3.436143 4.189456 5.075079 6.096065 0.000000 0.000000 0.000000 0.000000 0.000000 0.000000 0.000000 0.000000 0.000000 0.000000 0.000000 0.000000 0.000000 0.000000
2.657781 3.274935 4.006686 4.861162 5.837731 0.000000 0.000000 0.000000 0.000000 0.000000 0.000000 0.000000 0.000000 0.000000 0.000000 0.000000 0.000000 0.000000 0.000000 0.000000
3.149608 3.865916 4.695277 5.636683 0.000000 0.000000 0.000000 0.000000 0.000000 0.000000 0.000000 0.000000 0.000000 0.000000 0.000000 0.000000 0.000000 0.000000 0.000000 0.000000
3.758403 4.569446 5.482471 0.000000 0.000000 0.000000 0.000000 0.000000 0.000000 0.000000 0.000000 0.000000 0.000000 0.000000 0.000000 0.000000 0.000000 0.000000 0.000000 0.000000
4.474877 5.366881 0.000000 0.000000 0.000000 0.000000 0.000000 0.000000 0.000000 0.000000 0.000000 0.000000 0.000000 0.000000 0.000000 0.000000 0.000000 0.000000 0.000000 0.000000
5.281152 0.000000 0.000000 0.000000 0.000000 0.000000 0.000000 0.000000 0.000000 0.000000 0.000000 0.000000 0.000000 0.000000 0.000000 0.000000 0.000000 0.000000 0.000000 0.000000
