3.087471 3.087471 3.087471 3.087471 3.087471 3.087471 3.087471 3.087471 3.087471 3.087471 3.087471 3.087471 3.087471 3.087471 3.087471 3.087471 3.087471 3.087471 3.087474 3.087486 3.087561 3.087981 3.090276 3.102309 3.160212 3.399712 4.187940 6.000000
2.219376 2.219376 2.219376 2.219376 2.219375 2.219375 2.219375 2.219375 2.219375 2.219375 2.219375 2.219375 2.219375 2.219375 2.219375 2.219375 2.219376 2.219378 2.219390 2.219455 2.219786 2.221467 2.229748 2.268663 2.432773 3.001893 4.446736 0.000000
1.469528 1.469528 1.469528 1.469529 1.469529 1.469529 1.469529 1.469529 1.469529 1.469529 1.469529 1.469529 1.469529 1.469529 1.469529 1.469529 1.469530 1.469542 1.469605 1.469926 1.471500 1.478922 1.512141 1.647364 2.110565 3.284719 0.000000 0.000000
0.891585 0.891585 0.891585 0.891585 0.891585 0.891585 0.891585 0.891585 0.891585 0.891585 0.891585 0.891585 0.891585 0.891585 0.891586 0.891588 0.891600 0.891662 0.891981 0.893529 0.900670 0.931509 1.052005 1.452749 2.452687 0.000000 0.000000 0.000000
0.493400 0.493400 0.493400 0.493400 0.493400 0.493400 0.493400 0.493400 0.493400 0.493400 0.493400 0.493400 0.493400 0.493401 0.493403 0.493414 0.493477 0.493795 0.495334 0.502355 0.531986 0.643732 1.001501 1.868776 0.000000 0.000000 0.000000 0.000000
0.248819 0.248819 0.248819 0.248819 0.248819 0.248819 0.248819 0.248819 0.248819 0.248819 0.248819 0.248819 0.248819 0.248821 0.248833 0.248896 0.249214 0.250748 0.257717 0.286751 0.393558 0.723324 1.490527 0.000000 0.000000 0.000000 0.000000 0.000000
0.114529 0.114529 0.114529 0.114529 0.114529 0.114529 0.114529 0.114529 0.114529 0.114529 0.114529 0.114529 0.114531 0.114543 0.114606 0.114924 0.116457 0.123405 0.152170 0.256487 0.570179 1.270977 0.000000 0.000000 0.000000 0.000000 0.000000 0.000000
0.048268 0.048268 0.048268 0.048268 0.048268 0.048268 0.048268 0.048268 0.048268 0.048268 0.048268 0.048270 0.048282 0.048345 0.048663 0.050196 0.057135 0.085791 0.188988 0.494568 1.157208 0.000000 0.000000 0.000000 0.000000 0.000000 0.000000 0.000000
0.018698 0.018698 0.018698 0.018698 0.018698 0.018698 0.018698 0.018698 0.018698 0.018699 0.018701 0.018712 0.018775 0.019093 0.020626 0.027563 0.056179 0.158922 0.460860 1.104279 0.000000 0.000000 0.000000 0.000000 0.000000 0.000000 0.000000 0.000000
0.006686 0.006686 0.006686 0.006686 0.006686 0.006686 0.006686 0.006686 0.006687 0.006689 0.006700 0.006763 0.007081 0.008614 0.015550 0.044153 0.146728 0.447194 1.082005 0.000000 0.000000 0.000000 0.000000 0.000000 0.000000 0.000000 0.000000 0.000000
0.002216 0.002216 0.002216 0.002216 0.002216 0.002216 0.002216 0.002217 0.002219 0.002230 0.002293 0.002611 0.004144 0.011080 0.039678 0.142197 0.442123 1.073463 0.000000 0.000000 0.000000 0.000000 0.000000 0.000000 0.000000 0.000000 0.000000 0.000000
0.000684 0.000684 0.000684 0.000684 0.000684 0.000684 0.000684 0.000686 0.000698 0.000761 0.001079 0.002611 0.009547 0.038144 0.140646 0.440389 1.070457 0.000000 0.000000 0.000000 0.000000 0.000000 0.000000 0.000000 0.000000 0.000000 0.000000 0.000000
0.000197 0.000197 0.000197 0.000197 0.000197 0.000197 0.000200 0.000211 0.000274 0.000592 0.002125 0.009061 0.037657 0.140154 0.439840 1.069481 0.000000 0.000000 0.000000 0.000000 0.000000 0.000000 0.000000 0.000000 0.000000 0.000000 0.000000 0.000000
0.000053 0.000053 0.000053 0.000053 0.000054 0.000056 0.000068 0.000130 0.000448 0.001981 0.008917 0.037513 0.140009 0.439679 1.069187 0.000000 0.000000 0.000000 0.000000 0.000000 0.000000 0.000000 0.000000 0.000000 0.000000 0.000000 0.000000 0.000000
0.000014 0.000014 0.000014 0.000014 0.000016 0.000028 0.000091 0.000409 0.001941 0.008877 0.037474 0.139969 0.439634 1.069105 0.000000 0.000000 0.000000 0.000000 0.000000 0.000000 0.000000 0.000000 0.000000 0.000000 0.000000 0.000000 0.000000 0.000000
0.000003 0.000003 0.000004 0.000006 0.000018 0.000080 0.000398 0.001931 0.008867 0.037463 0.139958 0.439623 1.069083 0.000000 0.000000 0.000000 0.000000 0.000000 0.000000 0.000000 0.000000 0.000000 0.000000 0.000000 0.000000 0.000000 0.000000 0.000000
0.000001 0.000001 0.000003 0.000015 0.000078 0.000396 0.001928 0.008864 0.037461 0.139956 0.439620 1.069077 0.000000 0.000000 0.000000 0.000000 0.000000 0.000000 0.000000 0.000000 0.000000 0.000000 0.000000 0.000000 0.000000 0.000000 0.000000 0.000000
0.000001 0.000003 0.000014 0.000077 0.000395 0.001928 0.008864 0.037460 0.139955 0.439619 1.069076 0.000000 0.000000 0.000000 0.000000 0.000000 0.000000 0.000000 0.000000 0.000000 0.000000 0.000000 0.000000 0.000000 0.000000 0.000000 0.000000 0.000000
0.000003 0.000014 0.000077 0.000395 0.001928 0.008864 0.037460 0.139955 0.439619 1.069076 0.000000 0.000000 0.000000 0.000000 0.000000 0.000000 0.000000 0.000000 0.000000 0.000000 0.000000 0.000000 0.000000 0.000000 0.000000 0.000000 0.000000 0.000000
0.000014 0.000077 0.000395 0.001928 0.008864 0.037460 0.139955 0.439619 1.069076 0.000000 0.000000 0.000000 0.000000 0.000000 0.000000 0.000000 0.000000 0.000000 0.000000 0.000000 0.000000 0.000000 0.000000 0.000000 0.000000 0.000000 0.000000 0.000000
0.000077 0.000395 0.001928 0.008864 0.037460 0.139955 0.439619 1.069076 0.000000 0.000000 0.000000 0.000000 0.000000 0.000000 0.000000 0.000000 0.000000 0.000000 0.000000 0.000000 0.000000 0.000000 0.000000 0.000000 0.000000 0.000000 0.000000 0.000000
0.000395 0.001928 0.008864 0.037460 0.139955 0.439619 1.069076 0.000000 0.000000 0.000000 0.000000 0.000000 0.000000 0.000000 0.000000 0.000000 0.000000 0.000000 0.000000 0.000000 0.000000 0.000000 0.000000 0.000000 0.000000 0.000000 0.000000 0.000000
0.001928 0.008864 0.037460 0.139955 0.439619 1.069076 0.000000 0.000000 0.000000 0.000000 0.000000 0.000000 0.000000 0.000000 0.000000 0.000000 0.000000 0.000000 0.000000 0.000000 0.000000 0.000000 0.000000 0.000000 0.000000 0.000000 0.000000 0.000000
0.008864 0.037460 0.139955 0.439619 1.069076 0.000000 0.000000 0.000000 0.000000 0.000000 0.000000 0.000000 0.000000 0.000000 0.000000 0.000000 0.000000 0.000000 0.000000 0.000000 0.000000 0.000000 0.000000 0.000000 0.000000 0.000000 0.000000 0.000000
0.037460 0.139955 0.439619 1.069076 0.000000 0.000000 0.000000 0.000000 0.000000 0.000000 0.000000 0.000000 0.000000 0.000000 0.000000 0.000000 0.000000 0.000000 0.000000 0.000000 0.000000 0.000000 0.000000 0.000000 0.000000 0.000000 0.000000 0.000000
0.139955 0.439619 1.069076 0.000000 0.000000 0.000000 0.000000 0.000000 0.000000 0.000000 0.000000 0.000000 0.000000 0.000000 0.000000 0.000000 0.000000 0.000000 0.000000 0.000000 0.000000 0.000000 0.000000 0.000000 0.000000 0.000000 0.000000 0.000000
0.439619 1.069076 0.000000 0.000000 0.000000 0.000000 0.000000 0.000000 0.000000 0.000000 0.000000 0.000000 0.000000 0.000000 0.000000 0.000000 0.000000 0.000000 0.000000 0.000000 0.000000 0.000000 0.000000 0.000000 0.000000 0.000000 0.000000 0.000000
1.069076 0.000000 0.000000 0.000000 0.000000 0.000000 0.000000 0.000000 0.000000 0.000000 0.000000 0.000000 0.000000 0.000000 0.000000 0.000000 0.000000 0.000000 0.000000 0.000000 0.000000 0.000000 0.000000 0.000000 0.000000 0.000000 0.000000 0.000000
