29.598570 30.286697 31.026041 31.813421 32.644985 33.508213 34.400871 35.314034 36.245968 37.190731 38.143719 39.105370 40.075096 41.046574 42.022549 43.005157 44.000912 45.024990 46.141857 47.455280 49.191452 51.720249 55.788212 63.550354 83.000000
28.600000 29.287138 30.025412 30.811655 31.642023 32.504002 33.395378 34.307220 35.237816 36.181213 37.132824 38.093086 39.061409 40.031483 41.006062 41.987244 42.981571 44.004162 45.119411 46.430939 48.164623 50.689777 54.751854 62.502853 0.000000
27.579788 28.265932 29.003136 29.788242 30.617407 31.478140 32.368225 33.278755 34.208004 35.150043 36.100273 37.059139 38.026058 38.994732 39.967899 40.947655 41.940563 42.961662 44.075317 45.384941 47.116104 49.637604 53.693897 0.000000 0.000000
26.561501 27.246649 27.982792 28.766766 29.594740 30.454229 31.343029 32.252228 33.180138 34.120811 35.069668 36.027149 36.992699 37.959969 38.931725 39.910072 40.901531 41.921135 43.033180 44.340900 46.069614 48.587585 0.000000 0.000000 0.000000
25.540869 26.225044 26.960135 27.742987 28.569809 29.428072 30.315603 31.223486 32.150066 33.089405 34.036907 34.993027 35.957222 36.923119 37.893486 38.870445 39.860485 40.878632 41.989079 43.294949 45.021324 0.000000 0.000000 0.000000 0.000000
24.520403 25.203632 25.937700 26.719477 27.545212 28.402296 29.288616 30.195204 31.120506 32.058552 33.004757 33.959553 34.922474 35.887043 36.856083 37.831696 38.820370 39.837036 40.945969 42.250202 0.000000 0.000000 0.000000 0.000000 0.000000
23.505171 24.187529 24.920616 25.701389 26.526154 27.382141 28.267317 29.172699 30.096823 31.033657 31.978645 32.932220 33.893970 34.857307 35.825111 36.799480 37.786877 38.802132 39.909771 0.000000 0.000000 0.000000 0.000000 0.000000 0.000000
22.498590 23.180164 23.912344 24.692225 25.516140 26.371151 27.255348 28.159662 29.082726 30.018490 30.962372 31.914867 32.875538 33.837772 34.804470 35.777718 36.764027 37.778088 0.000000 0.000000 0.000000 0.000000 0.000000 0.000000 0.000000
21.501446 22.182362 22.913725 23.692848 24.516073 25.370258 26.253633 27.157101 28.079275 29.014135 29.957066 30.908632 31.868351 32.829651 33.795414 34.767746 35.753246 0.000000 0.000000 0.000000 0.000000 0.000000 0.000000 0.000000 0.000000
20.512657 21.193052 21.923702 22.702225 23.524918 24.378445 25.261194 26.164074 27.085546 28.019682 28.961781 29.912615 30.871489 31.832045 32.797077 33.768780 0.000000 0.000000 0.000000 0.000000 0.000000 0.000000 0.000000 0.000000 0.000000
19.530422 20.210424 20.940487 21.718567 22.540819 23.393850 24.276222 25.178804 26.099747 27.033331 27.974739 28.925024 29.883101 30.843103 31.807682 0.000000 0.000000 0.000000 0.000000 0.000000 0.000000 0.000000 0.000000 0.000000 0.000000
18.553190 19.232927 19.962555 20.740345 21.562243 22.414932 23.297089 24.199657 25.120230 26.053379 26.994190 27.944092 28.901463 29.861155 0.000000 0.000000 0.000000 0.000000 0.000000 0.000000 0.000000 0.000000 0.000000 0.000000 0.000000
17.580399 18.259981 18.989359 19.766996 20.588625 21.441097 22.323179 23.225931 24.146257 25.079084 26.019419 26.969027 27.925879 0.000000 0.000000 0.000000 0.000000 0.000000 0.000000 0.000000 0.000000 0.000000 0.000000 0.000000 0.000000
16.612934 17.292503 18.021849 18.799484 19.620926 20.473288 21.355379 22.258453 23.178623 24.111223 25.051142 26.000641 0.000000 0.000000 0.000000 0.000000 0.000000 0.000000 0.000000 0.000000 0.000000 0.000000 0.000000 0.000000 0.000000
15.653500 16.333279 17.062864 17.840660 18.662073 19.514425 20.396545 21.300005 22.220081 23.152540 24.092209 0.000000 0.000000 0.000000 0.000000 0.000000 0.000000 0.000000 0.000000 0.000000 0.000000 0.000000 0.000000 0.000000 0.000000
14.706942 15.387291 16.117470 16.895668 17.717236 18.569712 19.451862 20.355732 21.275764 22.208218 0.000000 0.000000 0.000000 0.000000 0.000000 0.000000 0.000000 0.000000 0.000000 0.000000 0.000000 0.000000 0.000000 0.000000 0.000000
13.780486 14.461934 15.193140 15.972079 16.794098 17.646849 18.529116 19.433411 20.353498 0.000000 0.000000 0.000000 0.000000 0.000000 0.000000 0.000000 0.000000 0.000000 0.000000 0.000000 0.000000 0.000000 0.000000 0.000000 0.000000
12.883877 13.567133 14.299973 15.080113 15.902969 16.756235 17.638788 18.543564 0.000000 0.000000 0.000000 0.000000 0.000000 0.000000 0.000000 0.000000 0.000000 0.000000 0.000000 0.000000 0.000000 0.000000 0.000000 0.000000 0.000000
12.029241 12.715264 13.450490 14.232454 15.056649 15.910772 16.793922 0.000000 0.000000 0.000000 0.000000 0.000000 0.000000 0.000000 0.000000 0.000000 0.000000 0.000000 0.000000 0.000000 0.000000 0.000000 0.000000 0.000000 0.000000
11.230694 11.920645 12.659195 13.443789 14.269938 15.125385 0.000000 0.000000 0.000000 0.000000 0.000000 0.000000 0.000000 0.000000 0.000000 0.000000 0.000000 0.000000 0.000000 0.000000 0.000000 0.000000 0.000000 0.000000 0.000000
10.503586 11.198836 11.941844 12.730047 13.558899 0.000000 0.000000 0.000000 0.000000 0.000000 0.000000 0.000000 0.000000 0.000000 0.000000 0.000000 0.000000 0.000000 0.000000 0.000000 0.000000 0.000000 0.000000 0.000000 0.000000
9.863490 10.565578 11.314340 12.107264 0.000000 0.000000 0.000000 0.000000 0.000000 0.000000 0.000000 0.000000 0.000000 0.000000 0.000000 0.000000 0.000000 0.000000 0.000000 0.000000 0.000000 0.000000 0.000000 0.000000 0.000000
9.325077 10.035665 10.791600 0.000000 0.000000 0.000000 0.000000 0.000000 0.000000 0.000000 0.000000 0.000000 0.000000 0.000000 0.000000 0.000000 0.000000 0.000000 0.000000 0.000000 0.000000 0.000000 0.000000 0.000000 0.000000
8.900938 9.621738 0.000000 0.000000 0.000000 0.000000 0.000000 0.000000 0.000000 0.000000 0.000000 0.000000 0.000000 0.000000 0.000000 0.000000 0.000000 0.000000 0.000000 0.000000 0.000000 0.000000 0.000000 0.000000 0.000000
8.600619 0.000000 0.000000 0.000000 0.000000 0.000000 0.000000 0.000000 0.000000 0.000000 0.000000 0.000000 0.000000 0.000000 0.000000 0.000000 0.000000 0.000000 0.000000 0.000000 0.000000 0.000000 0.000000 0.000000 0.000000
