0,0,-0.9868072222222217,0.7427250000000001,34.800335,0.0
0,1,-0.9868072222222217,0.7427250000000001,34.800335,0.0
0,2,-0.9868702222222225,0.7660370000000043,34.77702299999999,0.0
0,3,-0.9868702222222225,0.7913819999999987,34.726333000000004,0.0
0,4,-0.9868036666666669,0.8035509999999988,34.689826000000004,0.0
0,5,-0.9868640000000002,0.8333810000000028,34.57050599999999,0.0
0,6,-0.9869623333333336,0.8546219999999991,34.464301000000006,0.0
0,7,-0.9872128888888889,0.8704150000000013,34.36954299999999,0.0
0,8,-0.9873144444444443,0.8861619999999988,34.25931400000001,0.0
0,9,-0.9874314444444442,0.8987849999999966,34.15833000000003,0.0
0,10,-0.9875831111111109,0.9122460000000032,34.03718099999997,0.0
0,11,-0.9875831111111109,0.9278449999999978,33.88119100000002,0.0
0,12,-0.9880807777777778,0.9470120000000009,33.67035399999999,0.0017070000000032337
0,13,-0.9880807777777778,0.9470120000000009,33.67035399999999,0.0
0,14,-0.9882342222222226,0.9576800000000034,33.531669999999956,0.0
0,15,-0.9883524444444447,0.9720949999999959,33.32986000000006,0.0
0,16,-0.9884868888888884,0.9807709999999972,33.19972000000004,0.0
0,17,-0.9889094444444445,0.992481000000005,33.012359999999916,0.0
0,18,-0.9889094444444445,1.0089529999999982,32.73233600000003,0.0
0,19,-0.9888428888888888,1.014491999999997,32.63263400000005,0.0
0,20,-0.9881099999999997,1.0625150000000048,31.720196999999906,0.0
0,21,-0.9872722500000002,1.0872839999999968,31.224817000000066,0.0
0,22,-0.9860977499999999,1.1252250000000004,30.42805599999999,0.0
0,23,-0.9838402857142857,1.186402000000001,29.082161999999975,0.0
0,24,-0.9798284285714283,1.2573390000000018,27.45061099999996,0.0
0,25,-0.9747340000000003,1.3840709999999987,24.409043000000032,0.0
0,26,-0.9664069999999996,1.505116000000001,21.382917999999975,0.0
0,27,-0.9534987499999996,1.719256999999999,15.81525200000003,0.0
0,28,-0.9367292500000008,2.0637669999999986,6.513482000000039,0.0
0,29,-0.9097800000000001,2.5272520000000043,-6.464098000000121,0.0
0,30,-0.8633269999999982,3.250359000000003,-27.434201000000087,0.0
0,31,-0.7999080000000021,4.3707119999999975,-61.04479099999992,0.0
0,32,-0.6844410000000067,6.115341000000001,-115.12829000000002,0.0
0,33,-0.5365520000000004,8.879706999999996,-203.58800199999988,0.0
0,34,-0.31358299999999417,13.292473000000001,-349.20928000000004,0.0
0,35,-0.04875899999990452,20.997321999999997,-611.174146,0.0
0,36,-0.015501999999969485,36.468727,-1152.673321,0.0
0,37,-0.015501999999742111,73.799149,-2496.568513,0.0
1,0,-0.986716555555555,0.7419089999999997,34.800335,0.09055255555555608
1,1,-0.9868072222222217,0.7427250000000001,34.800335,0.09241322222222337
1,2,-0.9868702222222225,0.7660370000000043,34.77702299999999,0.09385022222222261
1,3,-0.9868036666666669,0.7919809999999998,34.724536,0.09520566666666497
1,4,-0.9865422222222221,0.8059040000000017,34.68041399999999,0.09619222222222412
1,5,-0.9868639999999999,0.8537369999999989,34.468726000000004,0.09797899999999793
1,6,-0.9869623333333336,0.8681600000000032,34.38307299999998,0.09960333333333005
1,7,-0.9872128888888889,0.8704150000000013,34.36954299999999,0.10115388888888588
1,8,-0.9873144444444443,0.8977319999999978,34.16675400000002,0.1028424444444419
1,9,-0.9874314444444442,0.8987849999999966,34.15833000000003,0.10456544444444427
1,10,-0.9875831111111109,0.9278449999999978,33.88119100000002,0.10635411111111326
1,11,-0.9874228888888889,0.9438930000000028,33.70466299999997,0.10795588888889063
1,12,-0.9880807777777778,0.9470120000000009,33.67035399999999,0.1122357777777796
1,13,-0.9880807777777778,0.9470120000000009,33.67035399999999,0.11224977777777978
1,14,-0.9882342222222226,0.9710309999999964,33.344756000000054,0.1140692222222176
1,15,-0.9883524444444447,0.9720949999999959,33.32986000000006,0.11619844444444283
1,16,-0.9884868888888884,0.9807709999999972,33.19972000000004,0.11809088888888886
1,17,-0.9889094444444445,1.0089529999999982,32.73233600000003,0.12026844444444074
1,18,-0.9888428888888888,1.014491999999997,32.63263400000005,0.12200588888889208
1,19,-0.9881099999999997,1.0210879999999989,32.50731000000002,0.12284900000000298
1,20,-0.9872722499999997,1.070054750000004,31.569401999999922,0.12392224999999568
1,21,-0.9860977499999999,1.0966799999999992,31.027501000000015,0.12467875000000195
1,22,-0.9838402857142863,1.1432847142857112,30.030742285714354,0.12408028571428487
1,23,-0.9798284285714283,1.2144850000000034,28.436252999999923,0.12222342857142876
1,24,-0.9747340000000005,1.2929999999999948,26.594747000000126,0.11951699999999732
1,25,-0.9664069999999997,1.4340330000000006,23.159992999999982,0.11436099999999827
1,26,-0.95349875,1.5696572499999963,19.704845500000097,0.1049807500000014
1,27,-0.9367292500000005,1.7982827499999972,13.681556750000075,0.09307924999999673
1,28,-0.9097799999999996,2.171563999999999,3.4951660000000193,0.07688600000001067
1,29,-0.863327000000003,2.666611000000008,-10.505509000000227,0.05135299999999654
1,30,-0.7999079999999973,3.434978000000002,-32.97277100000006,0.03120800000000179
1,31,-0.684441000000002,4.61941400000001,-68.75455300000029,0.0
1,32,-0.5365520000000004,6.404267000000007,-124.37392200000022,0.0
1,33,-0.31358299999999417,9.22511300000002,-214.98640000000066,0.0
1,34,-0.04875899999998978,13.631058000000047,-360.7211700000016,0.0
1,35,0.17460599999999715,21.199546999999995,-618.273161,0.0
1,36,0.15346599999998034,36.29975900000001,-1146.7594410000002,0.0
2,0,-0.986716555555555,0.7419089999999997,34.800335,0.09141011111111319
2,1,-0.9868072222222217,0.7427250000000001,34.800335,0.09399144444444829
2,2,-0.9868702222222225,0.7660370000000043,34.77702299999999,0.09557044444444074
2,3,-0.9868036666666669,0.7919809999999998,34.724536,0.09693633333333196
2,4,-0.9865422222222221,0.8059040000000017,34.68041399999999,0.09775644444444809
2,5,-0.9868639999999999,0.8537369999999989,34.468726000000004,0.09982300000000621
2,6,-0.9869623333333336,0.8546219999999991,34.464301000000006,0.10160666666666729
2,7,-0.9872128888888889,0.8704150000000013,34.36954299999999,0.10304177777777879
2,8,-0.9873144444444443,0.8861619999999988,34.25931400000001,0.10491588888889125
2,9,-0.9874314444444442,0.9108810000000034,34.04946599999997,0.10683988888888751
2,10,-0.9875831111111109,0.9122460000000032,34.03718099999997,0.10885622222222313
2,11,-0.9874228888888889,0.9292869999999951,33.86532900000005,0.11050077777777756
2,12,-0.9880807777777778,0.9470120000000009,33.67035399999999,0.11549555555555369
2,13,-0.9880807777777778,0.9470120000000009,33.67035399999999,0.11558155555555683
2,14,-0.9882342222222226,0.9576800000000034,33.531669999999956,0.11765044444443862
2,15,-0.9883524444444447,0.9795610000000039,33.21786999999994,0.1204618888888902
2,16,-0.9884868888888884,0.9807709999999972,33.19972000000004,0.12258377777778162
2,17,-0.9889094444444445,1.0089529999999982,32.73233600000003,0.12509688888888904
2,18,-0.9888428888888888,1.0095519999999993,32.72155400000001,0.12685577777777568
2,19,-0.9881099999999997,1.0210879999999989,32.50731000000002,0.12708400000000508
2,20,-0.9872722499999997,1.070054750000004,31.569401999999922,0.12742250000000066
2,21,-0.9860977499999999,1.1252250000000004,30.42805599999999,0.12710649999999823
2,22,-0.9838402857142863,1.1432847142857112,30.030742285714354,0.12380857142857504
2,23,-0.9798284285714283,1.2144850000000034,28.436252999999923,0.11815685714285307
2,24,-0.9747340000000003,1.3840709999999987,24.409043000000032,0.11070800000000003
2,25,-0.9664069999999996,1.505116000000001,21.382917999999975,0.09848699999999733
2,26,-0.95349875,1.5696572499999963,19.704845500000097,0.07895650000000098
2,27,-0.9367292500000005,1.7982827499999972,13.681556750000075,0.05638849999999995
2,28,-0.9097799999999996,2.171563999999999,3.4951660000000193,0.031611000000008715
2,29,-0.863327000000003,2.666611000000008,-10.505509000000227,0.0
2,30,-0.7999079999999973,3.434978000000002,-32.97277100000006,0.0
2,31,-0.6775889999999976,4.633117999999996,-69.18622899999988,0.0
2,32,-0.4360199999999992,6.522682000000003,-128.2637340000001,0.0
2,33,-0.12252000000000862,9.418114999999986,-221.5465289999995,0.0
2,34,0.17460599999999715,13.854422999999997,-368.5389449999999,0.0
2,35,0.2184750000000122,21.24341600000001,-619.8524450000004,0.0
3,0,-0.986716555555555,0.7419089999999997,34.800335,0.07714266666666925
3,1,-0.9868072222222217,0.7427250000000001,34.800335,0.08003966666666784
3,2,-0.9868702222222225,0.7660370000000043,34.77702299999999,0.08145266666666373
3,3,-0.9868036666666669,0.7919809999999998,34.724536,0.08253900000000414
3,4,-0.9865422222222221,0.8059040000000017,34.68041399999999,0.08343266666666826
3,5,-0.9868639999999999,0.8537369999999989,34.468726000000004,0.08533300000000343
3,6,-0.9869623333333336,0.8546219999999991,34.464301000000006,0.08692899999999915
3,7,-0.9872128888888889,0.8704150000000013,34.36954299999999,0.08777166666666236
3,8,-0.9873144444444443,0.8861619999999988,34.25931400000001,0.08946433333333426
3,9,-0.9874314444444442,0.8987849999999966,34.15833000000003,0.09124633333333776
3,10,-0.9875831111111109,0.9122460000000032,34.03718099999997,0.09312833333333037
3,11,-0.9874228888888889,0.9292869999999951,33.86532900000005,0.09453566666666546
3,12,-0.9880807777777778,0.9470120000000009,33.67035399999999,0.09919333333333435
3,13,-0.9880807777777778,0.9470120000000009,33.67035399999999,0.09897033333333605
3,14,-0.9882342222222226,0.9576800000000034,33.531669999999956,0.10082666666666285
3,15,-0.9883524444444447,0.9795610000000039,33.21786999999994,0.10417633333333498
3,16,-0.9884868888888884,0.9807709999999972,33.19972000000004,0.10609666666666584
3,17,-0.9889094444444445,0.992481000000005,33.012359999999916,0.10836733333333148
3,18,-0.9888428888888888,1.014491999999997,32.63263400000005,0.10976666666666324
3,19,-0.9881099999999997,1.0625150000000048,31.720196999999906,0.10980699999999866
3,20,-0.9872722499999997,1.070054750000004,31.569401999999922,0.10899174999999639
3,21,-0.9860977499999999,1.1252250000000004,30.42805599999999,0.10715825000000034
3,22,-0.9838402857142863,1.1432847142857112,30.030742285714354,0.10051185714286115
3,23,-0.9798284285714283,1.2144850000000034,28.436252999999923,0.09077928571428462
3,24,-0.9747340000000003,1.3840709999999987,24.409043000000032,0.07866299999999882
3,25,-0.9664069999999996,1.505116000000001,21.382917999999975,0.05971700000000091
3,26,-0.95349875,1.5696572499999963,19.704845500000097,0.03377124999999648
3,27,-0.9367292500000005,1.7982827499999972,13.681556750000075,0.010726750000000784
3,28,-0.9097799999999996,2.171563999999999,3.4951660000000193,0.0
3,29,-0.8576890000000077,2.6762919999999895,-10.797533999999672,0.0
3,30,-0.7022089999999963,3.535088000000009,-36.17146900000027,0.0
3,31,-0.45145400000001246,4.856803999999997,-76.57521399999985,0.0
3,32,-0.12445900000000165,6.834243000000001,-138.856808,0.0
3,33,0.21568299999999851,9.756317999999993,-233.38363399999974,0.0
3,34,0.3588490000000064,13.997589000000005,-373.7750750000002,0.0
4,0,-0.986716555555555,0.7419089999999997,34.800335,0.0597292222222241
4,1,-0.9868072222222217,0.7427250000000001,34.800335,0.0625438888888894
4,2,-0.9868702222222225,0.7660370000000043,34.77702299999999,0.06372688888888689
4,3,-0.9868036666666669,0.7919809999999998,34.724536,0.06447866666666613
4,4,-0.9865422222222221,0.8059040000000017,34.68041399999999,0.0654388888888886
4,5,-0.9868639999999999,0.8537369999999989,34.468726000000004,0.06698200000000343
4,6,-0.9869623333333336,0.8546219999999991,34.464301000000006,0.06833333333333202
4,7,-0.9872128888888886,0.8852480000000007,34.26571199999999,0.0684195555555589
4,8,-0.9873144444444443,0.8861619999999988,34.25931400000001,0.06984377777777295
4,9,-0.9874314444444442,0.8987849999999966,34.15833000000003,0.07135277777778049
4,10,-0.9875831111111109,0.9278449999999978,33.88119100000002,0.07304044444444635
4,11,-0.9874228888888889,0.9292869999999951,33.86532900000005,0.07436355555555929
4,12,-0.9880807777777778,0.9470120000000009,33.67035399999999,0.07850011111110966
4,13,-0.9880807777777778,0.9470120000000009,33.67035399999999,0.07786111111111005
4,14,-0.9882342222222226,0.9576800000000034,33.531669999999956,0.07933688888888701
4,15,-0.9883524444444447,0.9720949999999959,33.32986000000006,0.08320877777777724
4,16,-0.9884868888888884,0.9807709999999972,33.19972000000004,0.08486355555555969
4,17,-0.9889094444444445,1.0089529999999982,32.73233600000003,0.08664177777777526
4,18,-0.9888428888888888,1.0095519999999993,32.72155400000001,0.08758155555555591
4,19,-0.9881099999999997,1.0210879999999989,32.50731000000002,0.08736599999999894
4,20,-0.9872722499999997,1.070054750000004,31.569401999999922,0.08534999999999648
4,21,-0.9860977499999999,1.0966799999999992,31.027501000000015,0.08196400000000281
4,22,-0.9838402857142863,1.1432847142857112,30.030742285714354,0.07200414285714452
4,23,-0.9798284285714283,1.2144850000000034,28.436252999999923,0.05866471428571085
4,24,-0.9747340000000005,1.2929999999999948,26.594747000000126,0.043330000000000535
4,25,-0.9664069999999997,1.4340330000000006,23.159992999999982,0.022019999999995488
4,26,-0.95349875,1.5696572499999963,19.704845500000097,0.0
4,27,-0.9367292500000005,1.7982827499999972,13.681556750000075,0.0
4,28,-0.8617319999999964,2.2210050000000052,1.9666739999998413,0.0
4,29,-0.7035869999999989,2.8293609999999987,-15.699873999999973,0.0
4,30,-0.45145400000001246,3.7858429999999927,-44.44638399999974,0.0
4,31,-0.11095500000000413,5.197303000000005,-88.15218000000014,0.0
4,32,0.27542200000000605,7.194846999999996,-151.6215519999999,0.0
4,33,0.43821700000000874,9.944886000000011,-240.2739800000004,0.0
5,0,-0.986716555555555,0.7419089999999997,34.800335,0.04221377777777757
5,1,-0.9868072222222217,0.7427250000000001,34.800335,0.04436911111111286
5,2,-0.9868702222222225,0.7660370000000043,34.77702299999999,0.04529611111111009
5,3,-0.9868036666666669,0.7919809999999998,34.724536,0.04572033333333536
5,4,-0.9865422222222221,0.8059040000000017,34.68041399999999,0.04669811111111244
5,5,-0.9868640000000002,0.8333810000000028,34.57050599999999,0.047666999999998794
5,6,-0.9869623333333336,0.8546219999999991,34.464301000000006,0.04872666666666703
5,7,-0.9872128888888889,0.8704150000000013,34.36954299999999,0.048174444444446074
5,8,-0.9873144444444443,0.8861619999999988,34.25931400000001,0.049296222222221076
5,9,-0.9874314444444442,0.9108810000000034,34.04946599999997,0.050506222222220565
5,10,-0.9875831111111109,0.9278449999999978,33.88119100000002,0.051952555555550006
5,11,-0.9874228888888889,0.9438930000000028,33.70466299999997,0.053299444444445676
5,12,-0.9874581111111106,0.9442099999999982,33.70117600000002,0.05662555555555926
5,13,-0.9880807777777778,0.9562990000000013,33.54962299999998,0.05587088888889191
5,14,-0.9882342222222226,0.9576800000000034,33.531669999999956,0.05689011111111153
5,15,-0.9883524444444447,0.9795610000000039,33.21786999999994,0.060987222222223636
5,16,-0.9884868888888884,0.9807709999999972,33.19972000000004,0.06231444444444367
5,17,-0.9889094444444445,1.0089529999999982,32.73233600000003,0.06334022222221947
5,18,-0.9888428888888888,1.0095519999999993,32.72155400000001,0.06380144444444724
5,19,-0.9881099999999997,1.0210879999999989,32.50731000000002,0.06329900000000421
5,20,-0.9872722499999997,1.070054750000004,31.569401999999922,0.06001124999999696
5,21,-0.9860977499999999,1.0966799999999992,31.027501000000015,0.05527575000000429
5,22,-0.9838402857142863,1.1432847142857112,30.030742285714354,0.042660428571435816
5,23,-0.9798284285714283,1.2144850000000034,28.436252999999923,0.02741514285714164
5,24,-0.9747340000000005,1.2929999999999948,26.594747000000126,0.01296799999999898
5,25,-0.9664069999999997,1.4340330000000006,23.159992999999982,0.0
5,26,-0.9486770000000035,1.5744789999999966,19.560193000000105,0.0
5,27,-0.8631249999999966,1.8724480000000057,11.38467799999983,0.0
5,28,-0.7035869999999989,2.3796190000000053,-3.10709800000015,0.0
5,29,-0.44504100000000335,3.0855219999999974,-24.165111999999908,0.0
5,30,-0.09957199999999489,4.133696999999998,-56.289531999999966,0.0
5,31,0.2915650000000056,5.572297000000006,-101.40321700000023,0.0
5,32,0.48734300000000985,7.406768,-159.25070800000003,0.0
6,0,-0.986716555555555,0.7419089999999997,34.800335,0.02569333333333379
6,1,-0.9868072222222217,0.7427250000000001,34.800335,0.02711133333333393
6,2,-0.9868702222222225,0.7660370000000043,34.77702299999999,0.027766333333332227
6,3,-0.9868036666666669,0.7919809999999998,34.724536,0.027893000000002388
6,4,-0.9865422222222221,0.8059040000000017,34.68041399999999,0.02872733333333155
6,5,-0.9868639999999999,0.8537369999999989,34.468726000000004,0.029068000000001426
6,6,-0.9869623333333336,0.8546219999999991,34.464301000000006,0.02982199999999846
6,7,-0.9872128888888886,0.8852480000000007,34.26571199999999,0.02895933333332934
6,8,-0.9873144444444443,0.8977319999999978,34.16675400000002,0.029763666666664967
6,9,-0.9874314444444442,0.9108810000000034,34.04946599999997,0.030659666666664975
6,10,-0.9875831111111109,0.9122460000000032,34.03718099999997,0.031837666666663544
6,11,-0.9874228888888889,0.9438930000000028,33.70466299999997,0.03324533333333335
6,12,-0.9874581111111106,0.9442099999999982,33.70117600000002,0.03554266666666894
6,13,-0.9880807777777778,0.9470120000000009,33.67035399999999,0.034964666666664534
6,14,-0.9882342222222226,0.9576800000000034,33.531669999999956,0.03548433333332923
6,15,-0.9883524444444447,0.9720949999999959,33.32986000000006,0.03929566666666773
6,16,-0.9884868888888884,0.9807709999999972,33.19972000000004,0.04025033333333283
6,17,-0.9889094444444445,0.992481000000005,33.012359999999916,0.04041266666666399
6,18,-0.9888428888888888,1.014491999999997,32.63263400000005,0.040399333333335896
6,19,-0.9881099999999997,1.0210879999999989,32.50731000000002,0.03943099999999777
6,20,-0.9872722500000002,1.0872839999999968,31.224817000000066,0.03509150000000005
6,21,-0.9860977499999999,1.0966799999999992,31.027501000000015,0.029475500000001986
6,22,-0.9838402857142863,1.1432847142857112,30.030742285714354,0.016330714285719417
6,23,-0.9798284285714283,1.2144850000000034,28.436252999999923,0.003447571428567997
6,24,-0.9747340000000005,1.2929999999999948,26.594747000000126,0.0
6,25,-0.9478870000000015,1.4525530000000018,22.604392999999966,0.0
6,26,-0.8636860000000013,1.6586799999999968,16.94601200000009,0.0
6,27,-0.7025870000000012,2.031517000000001,6.285655999999982,0.0
6,28,-0.44297000000000253,2.6381650000000008,-11.651542000000006,0.0
6,29,-0.09278900000000334,3.4377739999999974,-36.1416799999999,0.0
6,30,0.2915650000000056,4.518051000000007,-69.77583700000022,0.0
6,31,0.5194240000000008,5.800156000000001,-109.60614100000002,0.0
7,0,-0.986716555555555,0.7419089999999997,34.800335,0.011816888888887433
7,1,-0.9868072222222217,0.7427250000000001,34.800335,0.012587555555555241
7,2,-0.9868702222222225,0.7660370000000043,34.77702299999999,0.012957555555555444
7,3,-0.9868036666666669,0.7919809999999998,34.724536,0.012882666666669707
7,4,-0.9865422222222221,0.8059040000000017,34.68041399999999,0.013457555555556056
7,5,-0.9868640000000002,0.8333810000000028,34.57050599999999,0.01326699999999903
7,6,-0.9869623333333336,0.8546219999999991,34.464301000000006,0.013724333333334116
7,7,-0.9872128888888889,0.8704150000000013,34.36954299999999,0.01310922222221933
7,8,-0.9873144444444443,0.8861619999999988,34.25931400000001,0.013618111111112441
7,9,-0.9874314444444442,0.8987849999999966,34.15833000000003,0.014204111111110862
7,10,-0.9875831111111109,0.9122460000000032,34.03718099999997,0.015048777777778355
7,11,-0.9874228888888889,0.9292869999999951,33.86532900000005,0.01639122222221978
7,12,-0.9874581111111106,0.9442099999999982,33.70117600000002,0.017839777777778565
7,13,-0.9880807777777778,0.9470120000000009,33.67035399999999,0.017422444444441965
7,14,-0.9882342222222226,0.9576800000000034,33.531669999999956,0.017546555555552956
7,15,-0.9883524444444447,0.9720949999999959,33.32986000000006,0.020247111111110883
7,16,-0.9884868888888884,0.9807709999999972,33.19972000000004,0.02083322222222428
7,17,-0.9889094444444445,0.992481000000005,33.012359999999916,0.020270111111111433
7,18,-0.9888428888888888,1.0095519999999993,32.72155400000001,0.019880222222221633
7,19,-0.9881099999999997,1.0210879999999989,32.50731000000002,0.018454000000003745
7,20,-0.9872722499999997,1.070054750000004,31.569401999999922,0.013597749999995301
7,21,-0.9860977499999999,1.0966799999999992,31.027501000000015,0.008702249999998024
7,22,-0.9838402857142863,1.1432847142857112,30.030742285714354,0.0
7,23,-0.9798284285714283,1.2144850000000034,28.436252999999923,0.0
7,24,-0.9447359999999989,1.3229979999999983,25.694807000000033,0.0
7,25,-0.8606150000000028,1.5366739999999979,19.97773600000007,0.0
7,26,-0.7025870000000012,1.8167079999999984,11.870690000000046,0.0
7,27,-0.4402239999999935,2.2911339999999996,-2.300927000000037,0.0
7,28,-0.08345799999999315,2.9933620000000047,-23.75844500000018,0.0
7,29,0.3106609999999961,3.828037000000002,-49.88817800000002,0.0
7,30,0.5406119999999959,4.756172999999997,-78.41377899999989,0.0
8,0,-0.986716555555555,0.7419089999999997,34.800335,0.002539444444441763
8,1,-0.9868072222222217,0.7427250000000001,34.800335,0.0028187777777759493
8,2,-0.9868702222222225,0.7660370000000043,34.77702299999999,0.00297877777778055
8,3,-0.9868036666666669,0.7919809999999998,34.724536,0.002835333333333523
8,4,-0.9865422222222221,0.8059040000000017,34.68041399999999,0.003091777777776805
8,5,-0.9868640000000002,0.8333810000000028,34.57050599999999,0.0027439999999998577
8,6,-0.9869623333333336,0.8546219999999991,34.464301000000006,0.002943666666667788
8,7,-0.9872128888888889,0.8704150000000013,34.36954299999999,0.002634111111111892
8,8,-0.9873144444444443,0.8861619999999988,34.25931400000001,0.002855555555554723
8,9,-0.9874314444444442,0.8987849999999966,34.15833000000003,0.00311955555555965
8,10,-0.9875831111111109,0.9122460000000032,34.03718099999997,0.0036048888888835506
8,11,-0.9874228888888889,0.9292869999999951,33.86532900000005,0.004535111111114709
8,12,-0.9874581111111106,0.9442099999999982,33.70117600000002,0.005240888888891071
8,13,-0.9880807777777778,0.9470120000000009,33.67035399999999,0.0049962222222212915
8,14,-0.9882342222222226,0.9576800000000034,33.531669999999956,0.00497577777777547
8,15,-0.9883524444444447,0.9720949999999959,33.32986000000006,0.006314555555555046
8,16,-0.9884868888888884,0.9807709999999972,33.19972000000004,0.006562111111112934
8,17,-0.9889094444444445,0.992481000000005,33.012359999999916,0.005845555555553439
8,18,-0.9888428888888888,1.0095519999999993,32.72155400000001,0.0052711111111074516
8,19,-0.9881099999999997,1.0210879999999989,32.50731000000002,0.003837000000003421
8,20,-0.9872722499999997,1.070054750000004,31.569401999999922,0.0
8,21,-0.9860977499999999,1.0966799999999992,31.027501000000015,0.0
8,22,-0.9777909999999963,1.1493340000000032,29.855312999999903,0.0
8,23,-0.9380950000000041,1.2541809999999955,27.231111000000134,0.0
8,24,-0.8554080000000042,1.4056849999999983,23.08502300000007,0.0
8,25,-0.6901469999999961,1.6942140000000023,14.83823899999991,0.0
8,26,-0.4338949999999997,2.0743520000000046,3.2847729999998805,0.0
8,27,-0.07878100000000643,2.6479,-14.46838699999995,0.0
8,28,0.3106609999999961,3.387480999999994,-37.5526099999998,0.0
8,29,0.5659180000000035,4.072602000000003,-58.778054000000125,0.0
9,0,-0.986716555555555,0.7419089999999997,34.800335,0.0
9,1,-0.9868072222222217,0.7427250000000001,34.800335,0.0
9,2,-0.9868072222222222,0.765469999999997,34.777590000000004,0.0
9,3,-0.9868036666666669,0.7919809999999998,34.724536,0.0
9,4,-0.9865422222222221,0.8059040000000017,34.68041399999999,0.0
9,5,-0.9865422222222221,0.8304849999999995,34.58209,0.0
9,6,-0.9868639999999999,0.8537369999999989,34.468726000000004,0.0
9,7,-0.9869623333333336,0.8681600000000032,34.38307299999998,0.0
9,8,-0.9872128888888886,0.8852480000000007,34.26571199999999,0.0
9,9,-0.9873144444444443,0.8977319999999978,34.16675400000002,0.0
9,10,-0.9874314444444442,0.9108810000000034,34.04946599999997,0.0
9,11,-0.9874228888888889,0.9292869999999951,33.86532900000005,0.0
9,12,-0.9874228888888889,0.9438930000000028,33.70466299999997,0.0
9,13,-0.9874581111111106,0.9442099999999982,33.70117600000002,0.0
9,14,-0.9880807777777778,0.9562990000000013,33.54962299999998,0.0
9,15,-0.9882342222222226,0.9710309999999964,33.344756000000054,0.0
9,16,-0.9883524444444447,0.9795610000000039,33.21786999999994,0.0
9,17,-0.9884868888888884,0.9886780000000002,33.073207999999994,0.0
9,18,-0.9888428888888888,1.0095519999999993,32.72155400000001,0.0
9,19,-0.9881099999999997,1.0210879999999989,32.50731000000002,0.0
9,20,-0.9859280000000012,1.0713989999999995,31.53176300000002,0.0
9,21,-0.9697919999999982,1.1128160000000022,30.558198999999938,0.0
9,22,-0.9304470000000009,1.1886790000000005,28.610971,0.0
9,23,-0.8464740000000006,1.3381539999999958,24.5667640000001,0.0
9,24,-0.6901469999999961,1.5620120000000028,18.011086999999897,0.0
9,25,-0.4338949999999997,1.9504659999999987,6.381923000000029,0.0
9,26,-0.07117900000000077,2.429465999999998,-8.857520999999942,0.0
9,27,0.31701299999999577,3.043694000000002,-28.32117700000002,0.0
9,28,0.5659180000000035,3.6363860000000017,-46.56400600000008,0.0
10,0,-0.9802970000000002,0.741691000000003,34.742559,0.0
10,1,-0.9805150000000005,0.7419089999999997,34.744521000000006,0.0
10,2,-0.980637999999999,0.765469999999997,34.722066999999996,0.0
10,3,-0.9802989999999987,0.7923200000000001,34.664976999999986,0.0
10,4,-0.980207,0.8059960000000004,34.623029,0.0
10,5,-0.9800319999999978,0.8306600000000017,34.52262299999997,0.0
10,6,-0.980241999999997,0.8537369999999989,34.40912799999998,0.0
10,7,-0.9802320000000009,0.8681699999999992,34.32243000000001,0.0
10,8,-0.9805030000000023,0.8852480000000007,34.20532300000002,0.0
10,9,-0.9805030000000023,0.8973350000000018,34.10862700000001,0.0
10,10,-0.9815520000000006,0.9108810000000034,33.996550999999975,0.0
10,11,-0.9815520000000006,0.928488999999999,33.82047100000002,0.0
10,12,-0.9830359999999914,0.9438589999999962,33.66555499999996,0.0
10,13,-0.9831040000000044,0.9438930000000028,33.66579300000001,0.0
10,14,-0.9831959999999995,0.9565240000000017,33.50250999999997,0.0
10,15,-0.9844399999999993,0.9710309999999964,33.310608000000045,0.0
10,16,-0.9846229999999991,0.9795610000000039,33.18430499999993,0.0
10,17,-0.9836200000000019,0.9896809999999974,33.01235500000006,0.0
10,18,-0.9813499999999991,1.0118220000000022,32.61325799999995,0.0
10,19,-0.9751210000000015,1.0273169999999965,32.27205800000008,0.0
10,20,-0.959227999999996,1.087292000000005,30.973602999999862,0.0
10,21,-0.920929000000001,1.1511149999999972,29.31415300000007,0.0
10,22,-0.8381880000000024,1.271419999999999,25.960338000000043,0.0
10,23,-0.6729550000000017,1.4953690000000037,19.381129999999935,0.0
10,24,-0.41676000000000357,1.818095999999997,9.396459000000107,0.0
10,25,-0.07117900000000077,2.3041759999999982,-5.72527099999995,0.0
10,26,0.3236080000000001,2.824252999999999,-22.675065999999973,0.0
10,27,0.5742910000000023,3.2943770000000043,-37.405120000000146,0.0
11,0,-0.9688520000000018,0.7416769999999957,34.62810900000002,0.0
11,1,-0.968866000000002,0.7416909999999959,34.628249000000025,0.0
11,2,-0.968869999999999,0.7653469999999984,34.60463299999999,0.0
11,3,-0.9685099999999984,0.7926800000000007,34.54600699999998,0.0
11,4,-0.9682899999999997,0.8062159999999992,34.502978999999996,0.0
11,5,-0.9680710000000019,0.8308789999999995,34.40191800000002,0.0
11,6,-0.9682200000000023,0.8535269999999997,34.29016800000002,0.0
11,7,-0.9682659999999998,0.8681699999999992,34.20277,0.0
11,8,-0.9684489999999997,0.8849769999999992,34.086951,0.0
11,9,-0.9688820000000007,0.8973350000000018,33.99241699999999,0.0
11,10,-0.969651000000006,0.9102290000000011,33.88406100000005,0.0
11,11,-0.9703100000000049,0.928488999999999,33.70805100000006,0.0
11,12,-0.9709510000000066,0.9435770000000048,33.54808900000001,0.0
11,13,-0.971232999999998,0.9438589999999962,33.54752500000003,0.0
11,14,-0.9714320000000001,0.9565240000000017,33.38486999999998,0.0
11,15,-0.9722480000000004,0.9697869999999966,33.20734800000005,0.0
11,16,-0.9719079999999991,0.9797180000000054,33.054642999999906,0.0
11,17,-0.9694819999999993,0.9921069999999972,32.82973300000004,0.0
11,18,-0.963118999999999,1.0181850000000026,32.316413999999945,0.0
11,19,-0.9472579999999979,1.0431779999999975,31.692069000000025,0.0
11,20,-0.9094620000000049,1.125087999999998,29.72002300000009,0.0
11,21,-0.8280710000000013,1.2325060000000008,26.676361999999997,0.0
11,22,-0.6729550000000017,1.4265359999999987,20.895456000000046,0.0
11,23,-0.41676000000000357,1.751564000000002,10.926694999999995,0.0
11,24,-0.06283200000000022,2.1720240000000004,-2.6370930000000072,0.0
11,25,0.330994000000004,2.824252999999999,-22.74892600000001,0.0
11,26,0.588046999999996,3.074943999999995,-31.84378399999983,0.0
12,0,-0.9550190000000001,0.7416770000000028,34.475946,0.0
12,1,-0.9548859999999983,0.741810000000001,34.47434999999998,0.0
12,2,-0.9547540000000012,0.7654749999999986,34.44910100000001,0.0
12,3,-0.9545150000000007,0.7929190000000013,34.391345,0.0
12,4,-0.9541460000000015,0.8065849999999983,34.34591900000002,0.0
12,5,-0.9539629999999981,0.8310620000000029,34.245814999999965,0.0
12,6,-0.9539909999999985,0.8533779999999993,34.13454299999999,0.0
12,7,-0.9540860000000002,0.8681240000000017,34.04711199999999,0.0
12,8,-0.9542290000000015,0.8847939999999994,33.93199500000002,0.0
12,9,-0.9547270000000019,0.8969020000000008,33.840609000000015,0.0
12,10,-0.9554739999999953,0.9094599999999957,33.73580399999999,0.0
12,11,-0.9559479999999994,0.9278300000000002,33.55731799999999,0.0
12,12,-0.9566119999999998,0.9425319999999999,33.402899999999995,0.0
12,13,-0.9566119999999998,0.9433520000000044,33.39305999999994,0.0
12,14,-0.9568370000000002,0.9561309999999992,33.229633000000014,0.0
12,15,-0.9568589999999944,0.9691430000000025,33.0477289999999,0.0
12,16,-0.9551850000000002,0.9813919999999996,32.84390600000001,0.0
12,17,-0.9491000000000014,0.998191999999996,32.502086000000084,0.0
12,18,-0.9333540000000013,1.0339310000000026,31.70557099999997,0.0
12,19,-0.8962780000000024,1.0802539999999965,30.426845000000093,0.0
12,20,-0.8158150000000006,1.2055509999999998,27.08064600000001,0.0
12,21,-0.6624720000000011,1.3858490000000003,21.634570000000004,0.0
12,22,-0.4091109999999958,1.679897000000004,12.419229999999864,0.0
12,23,-0.056162999999997965,2.1045119999999997,-1.1576760000000164,0.0
12,24,0.337691999999997,2.5658789999999954,-16.495376999999856,0.0
12,25,0.5937200000000047,2.9483570000000014,-28.747185000000094,0.0
13,0,-0.9379169999999988,0.741810000000001,34.270721999999985,0.0
13,1,-0.937614,0.7654749999999986,34.243421,0.0
13,2,-0.9373269999999998,0.7657619999999987,34.239402999999996,0.0
13,3,-0.937336000000002,0.7929190000000013,34.18519700000002,0.0
13,4,-0.936831999999999,0.8070890000000013,34.13613499999998,0.0
13,5,-0.9366830000000022,0.8312109999999997,34.03771000000003,0.0
13,6,-0.9366340000000015,0.8533989999999996,33.92613300000002,0.0
13,7,-0.9366109999999992,0.8680520000000023,33.83791599999998,0.0
13,8,-0.9366570000000003,0.8846509999999981,33.72227500000002,0.0
13,9,-0.937265,0.8964040000000004,33.635546999999995,0.0
13,10,-0.9378480000000025,0.9087130000000023,33.53176200000001,0.0
13,11,-0.9380829999999989,0.9273559999999961,33.34815200000003,0.0
13,12,-0.938682,0.9418679999999995,33.195708,0.0
13,13,-0.9387889999999999,0.9433520000000044,33.17918399999994,0.0
13,14,-0.938561,0.9563589999999991,33.00712900000001,0.0
13,15,-0.9365390000000033,0.9711649999999992,32.773559000000056,0.0
13,16,-0.9313590000000005,0.9865720000000024,32.47511399999997,0.0
13,17,-0.9162339999999958,1.0133170000000007,31.850568999999936,0.0
13,18,-0.8799020000000013,1.070262999999997,30.41017100000007,0.0
13,19,-0.7836190000000016,1.1589510000000018,27.562107999999988,0.0
13,20,-0.6496579999999952,1.3570980000000006,22.055821999999928,0.0
13,21,-0.39876199999999784,1.6367449999999977,13.20123400000002,0.0
13,22,-0.040348000000001605,2.0297550000000015,0.28864199999998874,0.0
13,23,0.3433829999999958,2.5658789999999954,-16.56366899999984,0.0
13,24,0.5987480000000005,2.8162160000000043,-25.641165000000107,0.0
14,0,-0.9171350000000018,0.7421129999999962,34.000556000000024,0.0
14,1,-0.9166589999999992,0.7657619999999987,33.97071899999999,0.0
14,2,-0.9161719999999995,0.7662489999999984,33.963414,0.0
14,3,-0.9160369999999993,0.7930449999999993,33.90793199999999,0.0
14,4,-0.9153559999999992,0.8077700000000014,33.85422299999998,0.0
14,5,-0.9151419999999995,0.8314249999999994,33.756606999999995,0.0
14,6,-0.9149569999999976,0.8535840000000015,33.64322199999996,0.0
14,7,-0.9148180000000004,0.8681909999999995,33.55363400000001,0.0
14,8,-0.9147970000000001,0.8846259999999972,33.438295000000025,0.0
14,9,-0.9153519999999986,0.8957960000000007,33.35614999999997,0.0
14,10,-0.9153519999999986,0.907868999999998,33.247493,0.0
14,11,-0.9156130000000005,0.9270650000000025,33.05918699999998,0.0
14,12,-0.9161299999999954,0.9412689999999984,32.90971999999996,0.0
14,13,-0.9158100000000005,0.9435649999999995,32.87768800000001,0.0
14,14,-0.9144629999999978,0.9577060000000017,32.67499699999995,0.0
14,15,-0.9090160000000012,0.9766119999999958,32.33405500000008,0.0
14,16,-0.8951600000000042,1.0004279999999994,31.782831000000066,0.0
14,17,-0.8601340000000022,1.0483430000000027,30.525826999999985,0.0
14,18,-0.7836190000000016,1.1467779999999976,27.781222000000064,0.0
14,19,-0.6353450000000009,1.3072250000000025,22.817339999999966,0.0
14,20,-0.38712300000000255,1.6367449999999977,13.049927000000082,0.0
14,21,-0.0305139999999966,1.9835199999999986,1.1219009999999798,0.0
14,22,0.34941099999999636,2.4195139999999995,-13.35292299999994,0.0
14,23,0.6036110000000008,2.746136,-24.09740700000001,0.0
15,0,-0.8912990000000001,0.7425890000000024,33.638852,0.0
15,1,-0.8906170000000024,0.743271,33.628622000000036,0.0
15,2,-0.8898979999999987,0.7669680000000021,33.59413999999998,0.0
15,3,-0.8894979999999997,0.7934449999999984,33.535185999999996,0.0
15,4,-0.8885989999999993,0.8086690000000019,33.47602899999998,0.0
15,5,-0.8882660000000016,0.8317579999999971,33.378678000000036,0.0
15,6,-0.8879380000000019,0.8539120000000011,33.26298800000002,0.0
15,7,-0.8875240000000026,0.8686049999999987,33.16862000000005,0.0
15,8,-0.8873709999999981,0.8847790000000018,33.053106999999954,0.0
15,9,-0.8877200000000016,0.8952410000000022,32.97429700000001,0.0
15,10,-0.8874089999999981,0.9081800000000015,32.85318099999996,0.0
15,11,-0.8872350000000004,0.9272390000000001,32.659981,0.0
15,12,-0.8873470000000019,0.9408080000000005,32.51229000000002,0.0
15,13,-0.885904,0.9450080000000014,32.44024499999998,0.0
15,14,-0.8813280000000034,0.9622819999999983,32.147043000000075,0.0
15,15,-0.8677969999999959,0.9901430000000033,31.55402399999989,0.0
15,16,-0.8347509999999971,1.0334739999999982,30.408368999999986,0.0
15,17,-0.7606499999999983,1.1224440000000016,27.87333399999995,0.0
15,18,-0.6168130000000005,1.2906149999999954,22.856872000000088,0.0
15,19,-0.3737220000000008,1.5503160000000022,14.535888999999969,0.0
15,20,-0.0305139999999966,1.9485280000000031,1.8217409999998893,0.0
15,21,0.3636509999999973,2.370170999999999,-12.523593999999939,0.0
15,22,0.6087029999999984,2.6669879999999964,-22.432530999999898,0.0
16,0,-0.8593159999999997,0.7432710000000071,33.15910699999999,0.0
16,1,-0.8583239999999996,0.7669680000000021,33.12052999999999,0.0
16,2,-0.8572980000000001,0.7679940000000016,33.103088,0.0
16,3,-0.8565149999999981,0.7942280000000004,33.03809199999998,0.0
16,4,-0.8553470000000019,0.8098369999999981,32.97257700000004,0.0
16,5,-0.8548179999999981,0.8322870000000009,32.874312999999965,0.0
16,6,-0.8543300000000009,0.8543999999999983,32.755940000000024,0.0
16,7,-0.8535939999999975,0.8693410000000021,32.65451799999995,0.0
16,8,-0.8532940000000018,0.8850789999999975,32.53955200000004,0.0
16,9,-0.8532790000000006,0.8949069999999999,32.460688000000005,0.0
16,10,-0.8527759999999986,0.9086830000000035,32.328655999999945,0.0
16,11,-0.8522649999999992,0.9277499999999996,32.12980999999999,0.0
16,12,-0.8512589999999989,0.9417019999999994,31.960241999999994,0.0
16,13,-0.8468669999999996,0.9494000000000007,31.797593999999986,0.0
16,14,-0.8344789999999982,0.9746699999999997,31.27087599999998,0.0
16,15,-0.8027879999999996,1.021834000000002,30.103523999999968,0.0
16,16,-0.7320220000000006,1.1042399999999972,27.735178000000055,0.0
16,17,-0.5922930000000051,1.262172999999997,22.972586000000128,0.0
16,18,-0.3557360000000003,1.5271720000000002,14.682690999999998,0.0
16,19,-0.019173000000002105,1.8868790000000004,2.8229570000000237,0.0
16,20,0.3719019999999986,2.3313520000000025,-11.879230000000028,0.0
16,21,0.6138229999999965,2.6152230000000003,-21.42738599999995,0.0
17,0,-0.8201019999999986,0.7442630000000037,32.53168299999997,0.0
17,1,-0.818719999999999,0.7456449999999961,32.50818899999999,0.0
17,2,-0.8173390000000005,0.7693750000000001,32.46098200000001,0.0
17,3,-0.8161110000000029,0.7954559999999979,32.38794400000006,0.0
17,4,-0.8145999999999987,0.8113480000000024,32.31458099999997,0.0
17,5,-0.8137739999999987,0.8331130000000009,32.21347899999998,0.0
17,6,-0.8130050000000004,0.8551689999999965,32.090126000000026,0.0
17,7,-0.811872000000001,0.8704740000000015,31.97903500000001,0.0
17,8,-0.811397999999997,0.8855530000000016,31.865423999999933,0.0
17,9,-0.8106849999999994,0.8956199999999974,31.772767000000012,0.0
17,10,-0.8099360000000004,0.9094320000000025,31.635725999999984,0.0
17,11,-0.8084720000000019,0.9417019999999994,31.275650000000038,0.0
17,12,-0.8046840000000017,0.9454899999999995,31.169586000000038,0.0
17,13,-0.7930470000000014,0.961037000000001,30.78519300000001,0.0
17,14,-0.7633420000000015,1.0043749999999996,29.716814000000035,0.0
17,15,-0.6957090000000044,1.089466999999999,27.375765000000087,0.0
17,16,-0.5613549999999989,1.2385940000000026,22.85484199999994,0.0
17,17,-0.3321380000000005,1.4913899999999956,14.91341700000008,0.0
17,18,-0.004031999999995151,1.8552780000000055,3.1495189999998203,0.0
17,19,0.3719019999999986,2.262812999999994,-10.57698899999987,0.0
17,20,0.6138229999999965,2.5732730000000004,-20.58838599999995,0.0
18,0,-0.7728269999999995,0.7456449999999997,31.728007999999992,0.0
18,1,-0.7709499999999991,0.747522,31.694221999999986,0.0
18,2,-0.7691189999999999,0.7954559999999979,31.589080000000003,0.0
18,3,-0.7674069999999986,0.7971679999999992,31.554839999999977,0.0
18,4,-0.765461000000002,0.8132939999999991,31.471434000000038,0.0
18,5,-0.7642770000000034,0.8342969999999994,31.366110000000063,0.0
18,6,-0.7632329999999996,0.8704740000000015,31.15217199999998,0.0
18,7,-0.7617419999999981,0.871965000000003,31.116387999999947,0.0
18,8,-0.7609710000000014,0.8863239999999983,31.00199700000004,0.0
18,9,-0.7598260000000003,0.8967649999999985,30.897859000000018,0.0
18,10,-0.7583940000000027,0.9108640000000001,30.745192000000046,0.0
18,11,-0.7543579999999999,0.933250000000001,30.448683999999986,0.0
18,12,-0.7438469999999988,0.9560010000000005,30.009224999999972,0.0
18,13,-0.715959999999999,0.9889240000000008,29.112182999999973,0.0
18,14,-0.6520989999999998,1.0682359999999989,26.93162900000001,0.0
18,15,-0.5237219999999994,1.2178439999999995,22.526330999999995,0.0
18,16,-0.3024910000000034,1.4598249999999986,14.914458000000081,0.0
18,17,0.01582700000000159,1.8097080000000005,3.5866059999999607,0.0
18,18,0.38284699999999816,2.262812999999994,-10.763053999999862,0.0
18,19,0.6192900000000066,2.4992560000000026,-19.275002000000164,0.0
19,0,-0.7168300000000016,0.747522,30.72006200000003,0.0
19,1,-0.7143879999999996,0.7712059999999994,30.652421999999994,0.0
19,2,-0.7120379999999997,0.7735559999999992,30.605421999999997,0.0
19,3,-0.7098060000000004,0.7993999999999986,30.51132600000001,0.0
19,4,-0.7073839999999976,0.8342969999999994,30.342035999999958,0.0
19,5,-0.7057799999999972,0.8359009999999998,30.30514399999995,0.0
19,6,-0.7043549999999996,0.8576379999999979,30.169384000000004,0.0
19,7,-0.7024710000000027,0.8738489999999999,30.03632200000005,0.0
19,8,-0.7012309999999999,0.8967649999999985,29.84314900000001,0.0
19,9,-0.699227999999998,0.8987680000000005,29.789067999999958,0.0
19,10,-0.6956409999999984,0.9144509999999997,29.579767999999973,0.0
19,11,-0.6854189999999996,0.9434719999999999,29.095339999999993,0.0
19,12,-0.6597919999999995,0.9816280000000006,28.188710999999984,0.0
19,13,-0.5999180000000024,1.048797999999998,26.24506500000007,0.0
19,14,-0.4784620000000004,1.1896920000000009,22.105778999999995,0.0
19,15,-0.26683200000000085,1.429473999999999,14.72786100000003,0.0
19,16,0.069187000000003,1.7672080000000001,3.27748999999994,0.0
19,17,0.3967700000000036,2.1659270000000035,-9.326091000000126,0.0
19,18,0.6259149999999991,2.4514429999999976,-18.53361799999994,0.0
20,0,-0.652273000000001,0.7499640000000021,29.49347900000002,0.0
20,1,-0.6492020000000025,0.7530350000000006,29.43205900000005,0.0
20,2,-0.6462610000000026,0.7993999999999986,29.303971000000054,0.0
20,3,-0.6435010000000005,0.8021600000000007,29.243251000000008,0.0
20,4,-0.6405770000000004,0.8359009999999998,29.06628700000001,0.0
20,5,-0.6385150000000017,0.8576379999999979,28.91842400000004,0.0
20,6,-0.6366300000000003,0.8595229999999994,28.871299000000008,0.0
20,7,-0.6343040000000002,0.8761749999999999,28.724867000000003,0.0
20,8,-0.6321489999999983,0.889719000000003,28.586958999999943,0.0
20,9,-0.6280560000000008,0.9028609999999979,28.399963000000035,0.0
20,10,-0.6188830000000003,0.9236240000000002,28.029636000000004,0.0
20,11,-0.5947950000000013,0.9816280000000006,26.953768000000018,0.0
20,12,-0.5393630000000016,1.0370600000000003,25.235376000000027,0.0
20,13,-0.42548699999999684,1.1626740000000026,21.450487999999904,0.0
20,14,-0.2251480000000008,1.390030999999997,14.488067000000058,0.0
20,15,0.069187000000003,1.7672080000000001,3.27748999999994,0.0
20,16,0.41320800000000446,2.1659270000000035,-9.638413000000142,0.0
20,17,0.6332859999999982,2.4514429999999976,-18.673666999999924,0.0
21,0,-0.5790719999999983,0.7530350000000006,28.029458999999964,0.0
21,1,-0.5752679999999977,0.7568389999999994,27.949574999999953,0.0
21,2,-0.5717089999999985,0.7800559999999983,27.85161899999997,0.0
21,3,-0.5683559999999979,0.8055130000000013,27.730291999999952,0.0
21,4,-0.5649690000000014,0.8220269999999985,27.609623000000035,0.0
21,5,-0.562418000000001,0.8405139999999989,27.482104000000025,0.0
21,6,-0.5598809999999972,0.8620600000000032,27.321096999999924,0.0
21,7,-0.5568600000000004,0.8791959999999968,27.15484000000003,0.0
21,8,-0.5526390000000028,0.8939400000000006,26.962991000000052,0.0
21,9,-0.543448999999999,0.9120510000000017,26.625112999999963,0.0
21,10,-0.5214770000000009,0.9455959999999983,25.861796000000034,0.0
21,11,-0.4699939999999998,1.019043,24.046182999999996,0.0
21,12,-0.3642469999999989,1.1428070000000012,20.46409199999996,0.0
21,13,-0.17623600000000295,1.3506849999999986,14.021325000000079,0.0
21,14,0.1024780000000014,1.6687450000000013,4.033550999999953,0.0
21,15,0.432109999999998,2.0534409999999994,-8.27446499999995,0.0
21,16,0.6418219999999977,2.3860049999999973,-17.731940999999907,0.0
22,0,-0.4980469999999997,0.7568390000000029,26.327933999999992,0.0
22,1,-0.4934710000000031,0.7800559999999983,26.20862100000007,0.0
22,2,-0.4892450000000004,0.784282000000001,26.111423000000006,0.0
22,3,-0.4852710000000009,0.8220269999999985,25.935965000000024,0.0
22,4,-0.48150400000000104,0.8405139999999989,25.782910000000026,0.0
22,5,-0.47828299999999757,0.8437350000000023,25.699163999999936,0.0
22,6,-0.4747260000000004,0.8656170000000003,25.51150000000001,0.0
22,7,-0.4697299999999984,0.8939400000000006,25.22190199999996,0.0
22,8,-0.4607039999999998,0.9029659999999993,24.960148,0.0
22,9,-0.44005399999999995,0.9327010000000016,24.267967999999986,0.0
22,10,-0.3928219999999989,0.9928279999999994,22.687720999999982,0.0
22,11,-0.2950230000000005,1.1168419999999983,19.296003000000027,0.0
22,12,-0.1202469999999991,1.3175830000000026,13.24277999999995,0.0
22,13,0.14151800000000136,1.612449999999999,3.9455459999999825,0.0
22,14,0.4537210000000016,1.9809480000000015,-7.713394000000054,0.0
22,15,0.6512449999999994,2.250964999999997,-15.83915999999995,0.0
23,0,-0.40976000000000035,0.761414999999996,24.38562000000001,0.0
23,1,-0.404418999999999,0.7667559999999973,24.26277699999998,0.0
23,2,-0.3994959999999992,0.7892050000000008,24.12709899999998,0.0
23,3,-0.3948040000000006,0.8141789999999993,23.969235000000015,0.0
23,4,-0.39063799999999915,0.8299599999999998,23.82607399999998,0.0
23,5,-0.3865020000000001,0.8478710000000014,23.659301999999997,0.0
23,6,-0.3810290000000016,0.8841919999999988,23.338716000000044,0.0
23,7,-0.3716739999999987,0.8935470000000016,23.06742099999996,0.0
23,8,-0.35223999999999833,0.9223999999999997,22.418467999999965,0.0
23,9,-0.3088860000000011,0.9760549999999988,20.992086000000036,0.0
23,10,-0.21896399999999971,1.1168419999999983,17.62270500000001,0.0
23,11,-0.05759999999999721,1.2782060000000008,12.297692999999928,0.0
23,12,0.18596099999999893,1.5611439999999988,3.5834720000000395,0.0
23,13,0.47916000000000025,1.9056490000000004,-7.29416500000001,0.0
23,14,0.661845999999997,2.250964999999997,-16.072381999999894,0.0
24,0,-0.3157709999999998,0.7667559999999973,22.223872999999998,0.0
24,1,-0.3096199999999989,0.7729069999999965,22.076248999999976,0.0
24,2,-0.3040219999999998,0.7948029999999999,21.920000999999996,0.0
24,3,-0.29851899999999887,0.8196820000000002,21.738170999999973,0.0
24,4,-0.2934139999999985,0.8478710000000014,21.51827799999996,0.0
24,5,-0.287548000000001,0.8537369999999989,21.35403000000003,0.0
24,6,-0.27806599999999904,0.8935470000000016,20.914436999999968,0.0
24,7,-0.2593910000000008,0.9122219999999999,20.35418700000002,0.0
24,8,-0.21955499999999972,0.9622360000000008,19.04802499999999,0.0
24,9,-0.13803700000000063,1.0827500000000008,16.102304000000007,0.0
24,10,0.00987699999999947,1.2306640000000009,11.221142000000004,0.0
24,11,0.23453899999999805,1.5028679999999994,3.1072140000000523,0.0
24,12,0.5072189999999992,1.833824,-7.07762199999998,0.0
24,13,0.673570999999999,2.072001,-13.92819399999998,0.0
25,0,-0.21728599999999965,0.7729069999999965,19.860232999999994,0.0
25,1,-0.21035200000000032,0.7798409999999976,19.68688300000001,0.0
25,2,-0.20400800000000174,0.8196820000000002,19.469907000000042,0.0
25,3,-0.19744700000000037,0.8350650000000002,19.26629400000001,0.0
25,4,-0.19064300000000145,0.8418689999999991,19.07578200000004,0.0
25,5,-0.18122400000000027,0.863156,18.755159000000006,0.0
25,6,-0.16344700000000145,0.9122219999999999,18.051531000000036,0.0
25,7,-0.12673399999999901,0.9489350000000023,16.91342799999996,0.0
25,8,-0.052675000000000693,1.036294999999999,14.450433000000025,0.0
25,9,0.08112200000000058,1.1913699999999992,9.864907999999993,0.0
25,10,0.28661900000000173,1.5028679999999994,1.857293999999964,0.0
25,11,0.537783000000001,1.7540319999999987,-6.933446000000011,0.0
25,12,0.6864670000000004,1.9825079999999993,-13.163782000000001,0.0
26,0,-0.11628700000000158,0.7798410000000011,17.33525800000004,0.0
26,1,-0.108549,0.8011469999999985,17.120502000000002,0.0
26,2,-0.09318000000000026,0.8343980000000002,16.661620000000006,0.0
26,3,-0.09318000000000026,0.8418689999999991,16.63920700000001,0.0
26,4,-0.08306699999999978,0.863156,16.301233999999994,0.0
26,5,-0.06622600000000034,0.8799969999999995,15.79600400000001,0.0
26,6,-0.032502999999998394,0.9320720000000016,14.65883099999995,0.0
26,7,0.03473099999999718,1.036294999999999,12.265283000000078,0.0
26,8,0.155424,1.156988000000002,8.282413999999985,0.0
26,9,0.3410790000000006,1.436161000000002,1.162863999999967,0.0
26,10,0.570180999999998,1.7540319999999987,-7.743395999999937,0.0
26,11,0.7001190000000008,1.8839700000000015,-12.421164000000037,0.0
27,0,-0.014320999999998918,0.7875790000000009,14.684141999999971,0.0
27,1,0.002919000000000338,0.8169269999999997,14.197987999999992,0.0
27,2,0.013953999999998246,0.8454329999999981,13.843031000000051,0.0
27,3,0.013953999999998246,0.8519819999999996,13.823384000000047,0.0
27,4,0.0307770000000005,0.8688050000000018,13.31869399999998,0.0
27,5,0.06182500000000246,0.9110450000000014,12.311437999999928,0.0
27,6,0.12199199999999877,0.9922389999999979,10.280959000000045,0.0
27,7,0.2306190000000008,1.124796,6.5526879999999785,0.0
27,8,0.39735800000000054,1.3237270000000017,0.6582179999999731,0.0
27,9,0.6038399999999982,1.5835069999999973,-6.995035999999928,0.0
27,10,0.7144429999999993,1.7758660000000006,-11.712547999999988,0.0
28,0,0.0866939999999996,0.7962530000000001,11.956737000000011,0.0
28,1,0.10780999999999885,0.8280639999999995,11.343657000000032,0.0
28,2,0.10780999999999885,0.8454329999999981,11.308919000000035,0.0
28,3,0.12461300000000008,0.8622359999999993,10.804828999999998,0.0
28,4,0.15394799999999975,0.9110450000000014,9.824117000000001,0.0
28,5,0.2083529999999989,0.9922389999999979,7.949212000000042,0.0
28,6,0.30461500000000186,1.124796,4.55479599999995,0.0
28,7,0.45372599999999963,1.2739069999999977,-0.5149779999999744,0.0
28,8,0.6383189999999992,1.5083200000000012,-7.324472999999987,0.0
28,9,0.7291130000000017,1.6743009999999998,-11.194553000000045,0.0
29,0,0.18562499999999993,0.8062319999999996,9.186669000000002,0.0
29,1,0.19797800000000088,0.8280639999999995,8.818952999999976,0.0
29,2,0.21432899999999933,0.8444149999999979,8.328423000000022,0.0
29,3,0.2418440000000004,0.8897510000000004,7.439815999999986,0.0
29,4,0.29154000000000124,0.9478360000000023,5.824376999999956,0.0
29,5,0.3772619999999982,1.0885010000000008,2.7384500000000465,0.0
29,6,0.5085549999999976,1.2197940000000003,-1.7255119999999344,0.0
29,7,0.6725200000000022,1.4378720000000023,-7.788965000000079,0.0
29,8,0.7439189999999982,1.6743009999999998,-11.609120999999949,0.0
30,0,0.2816539999999996,0.8185850000000006,6.401828000000011,0.0
30,1,0.2985150000000001,0.835446000000001,5.895997999999997,0.0
30,2,0.3245160000000027,0.8897510000000004,5.0423279999999195,0.0
30,3,0.3697860000000013,0.9478360000000023,3.5552429999999546,0.0
30,4,0.4464509999999997,1.0511719999999976,0.9186140000000194,0.0
30,5,0.5621670000000023,1.2197940000000003,-3.2802600000000695,0.0
30,6,0.7054730000000013,1.3630999999999993,-8.295970000000036,0.0
30,7,0.7584279999999985,1.4908269999999995,-10.650981999999953,0.0
31,0,0.37561600000000084,0.835446000000001,3.5829679999999744,0.0
31,1,0.4007909999999999,0.8704160000000005,2.792748000000003,0.0
31,2,0.44228399999999723,0.935020999999999,1.418748000000086,0.0
31,3,0.5108120000000014,1.0245010000000008,-0.9055320000000435,0.0
31,4,0.6128509999999991,1.1668880000000001,-4.536249999999974,0.0
31,5,0.7377350000000007,1.3630999999999993,-9.263830000000016,0.0
31,6,0.7723709999999997,1.4908269999999995,-11.069271999999987,0.0
32,0,0.4697510000000005,0.8606210000000001,0.6647829999999857,0.0
32,1,0.5080789999999986,0.9119089999999979,-0.5746729999999545,0.0
32,2,0.5692650000000015,0.9730950000000007,-2.5938110000000485,0.0
32,3,0.6592009999999995,1.1265399999999985,-5.811707999999978,0.0
32,4,0.7677280000000017,1.2917720000000017,-9.83697300000006,0.0
32,5,0.785741999999999,1.3977359999999983,-10.92522699999996,0.0
33,0,0.5670499999999983,0.8989489999999982,-2.448784999999944,0.0
33,1,0.62209,0.953989,-4.265105000000002,0.0
33,2,0.7009010000000018,1.0934850000000012,-7.046943000000059,0.0
33,3,0.7950289999999995,1.2350670000000008,-10.483784999999987,0.0
33,4,0.7981879999999997,1.309785999999999,-10.883748999999984,0.0
34,0,0.6689959999999999,0.953989,-5.813002999999998,0.0
34,1,0.7385340000000014,1.0519060000000025,-8.205674000000048,0.0
34,2,0.8193419999999989,1.1776389999999992,-11.12380399999996,0.0
34,3,0.8093679999999992,1.238226000000001,-10.966448999999976,0.0
35,0,0.7717330000000011,1.0235270000000014,-9.306061000000039,0.0
35,1,0.8348324999999992,1.1172264999999992,-11.545143499999972,0.006579499999997296
35,2,0.8193449999999984,1.1776389999999992,-11.123905999999945,0.0
36,0,0.8482064999999999,1.0732524999999988,-11.982633499999995,0.012270499999999629
36,1,0.8348324999999992,1.1172264999999992,-11.545143499999972,0.0
37,0,0.8482064999999999,1.0732524999999988,-11.982633499999995,0.0
