0,0,-1.0047510000000006,0.11704800000000048,21.761553,0.0
0,1,-1.0047510000000006,0.11704800000000048,21.761553,0.0
0,2,-1.0049045000000003,0.14797000000000082,21.730631,0.0
0,3,-1.0050969999999992,0.17497999999999791,21.676611000000005,0.0
0,4,-1.0053364999999985,0.21939300000000017,21.543371999999998,0.0
0,5,-1.0056379999999994,0.2658670000000001,21.357476,0.0
0,6,-1.0060059999999993,0.3190880000000007,21.091370999999995,0.0
0,7,-1.0064554999999995,0.3859260000000013,20.69034299999999,0.0
0,8,-1.0069979999999994,0.4611069999999984,20.164076000000012,0.0
0,9,-1.0076509999999992,0.5523640000000007,19.434019999999993,0.0
0,10,-1.008428499999999,0.6404589999999999,18.641165,0.0
0,11,-1.0093335000000003,0.749607000000001,17.54968499999999,0.0
0,12,-1.0103980000000004,0.8643399999999986,16.287622000000017,0.0
0,13,-1.0116069999999997,0.9862099999999998,14.825182000000002,0.0
0,14,-1.0129830000000002,1.1115780000000015,13.19539799999998,0.0
0,15,-1.0145014999999997,1.2323859999999982,11.504086000000026,0.0
0,16,-1.0161820000000006,1.3650240000000018,9.514515999999972,0.0
0,17,-1.0180129999999998,1.476379999999999,7.732820000000018,0.0
0,18,-1.0199829999999999,1.5875199999999978,5.843440000000037,0.0
0,19,-1.022054500000003,1.6949810000000056,3.909141999999896,0.0
0,20,-1.0241489999999978,1.7823299999999946,2.249511000000105,0.0
0,21,-1.0261744999999998,1.8849790000000013,0.1965309999999718,0.0
0,22,-1.0277954999999999,2.0257179999999977,-2.7589879999999525,0.0
0,23,-1.0282649999999975,2.2664690000000007,-8.05551000000002,0.0
0,24,-1.0282649999999975,2.6738050000000015,-17.424238000000038,0.0
0,25,-1.025646499999997,3.400359999999999,-34.86155799999999,0.0
0,26,-1.0233920000000012,4.615070000000003,-65.22930800000007,0.0
0,27,-1.019081,6.510761000000002,-114.51727400000006,0.0
0,28,-1.0088950000000239,9.533283999999995,-196.12539499999986,0.0
0,29,-0.9935990000000174,14.699912999999995,-340.79100699999987,0.0
0,30,-0.9989699999999857,25.317695,-648.706685,0.0
0,31,-0.9989700000000994,53.175835000000006,-1484.4508850000002,0.0
1,0,-1.0046299999999988,0.11680599999999686,21.761553,0.011502000000000123
1,1,-1.0047510000000006,0.11704800000000048,21.761553,0.011476000000000042
1,2,-1.0049045000000003,0.14797000000000082,21.730631,0.011446499999999915
1,3,-1.0050969999999992,0.17497999999999791,21.676611000000005,0.011409000000000447
1,4,-1.0053364999999985,0.21939300000000017,21.543371999999998,0.011367499999998643
1,5,-1.0056379999999994,0.2658670000000001,21.357476,0.011315000000001518
1,6,-1.0060059999999993,0.3190880000000007,21.091370999999995,0.011262999999999579
1,7,-1.0064554999999995,0.3859260000000013,20.69034299999999,0.01119349999999919
1,8,-1.0069979999999994,0.4611069999999984,20.164076000000012,0.011122000000000298
1,9,-1.0076509999999992,0.5523640000000007,19.434019999999993,0.011040999999998746
1,10,-1.008428499999999,0.6404589999999999,18.641165,0.010952500000000143
1,11,-1.0093335000000003,0.749607000000001,17.54968499999999,0.01084849999999804
1,12,-1.0103980000000004,0.8643399999999986,16.287622000000017,0.01072800000000207
1,13,-1.0116069999999997,0.9862099999999998,14.825182000000002,0.010621000000002212
1,14,-1.0129830000000002,1.1115780000000015,13.19539799999998,0.01048299999999891
1,15,-1.0145014999999997,1.2323859999999982,11.504086000000026,0.01032050000000062
1,16,-1.0161820000000006,1.3650240000000018,9.514515999999972,0.010172000000000736
1,17,-1.0180129999999998,1.476379999999999,7.732820000000018,0.009989000000000914
1,18,-1.0199829999999999,1.5875199999999978,5.843440000000037,0.009817000000001741
1,19,-1.022054500000003,1.6949810000000056,3.909141999999896,0.009591499999999087
1,20,-1.0241489999999978,1.7823299999999946,2.249511000000105,0.009325000000000472
1,21,-1.0261744999999998,1.8849790000000013,0.1965309999999718,0.00885950000000335
1,22,-1.0277954999999999,2.0257179999999977,-2.7589879999999525,0.00803550000000186
1,23,-1.0282649999999975,2.2664690000000007,-8.05551000000002,0.0062309999999996535
1,24,-1.0256465000000006,2.6790419999999955,-17.549925999999893,0.001998499999999126
1,25,-1.0233920000000083,3.404868999999993,-34.97428299999982,0.0
1,26,-1.019081,4.619381000000004,-65.34139400000011,0.0
1,27,-0.9697800000000001,6.520947,-114.83141099999999,0.0
1,28,-0.9008070000000004,9.548579999999994,-196.6464749999999,0.0
1,29,-0.9825819999999794,14.710930000000005,-341.1105000000002,0.0
1,30,-0.7176979999999986,25.301306999999994,-648.4963169999997,0.0
2,0,-1.0046299999999988,0.11680599999999686,21.761553,0.0
2,1,-1.0046299999999988,0.11680599999999686,21.761553,0.0
2,2,-1.0047510000000006,0.14766300000000143,21.730938,0.0
2,3,-1.0049045000000003,0.17459500000000006,21.677381,0.0
2,4,-1.0050969999999992,0.2189140000000016,21.544808999999994,0.0
2,5,-1.0053364999999985,0.2652639999999984,21.359888000000005,0.0
2,6,-1.0056379999999994,0.31835200000000086,21.095050999999994,0.0
2,7,-1.0060059999999993,0.3850270000000009,20.695736999999994,0.0
2,8,-1.0051880000000004,0.4600219999999986,20.169136000000012,0.0
2,9,-1.0054920000000003,0.5510580000000012,19.44145599999999,0.0
2,10,-1.005872,0.6389040000000001,18.651602,0.0
2,11,-1.008428499999999,0.7477969999999985,17.567785000000015,0.0
2,12,-1.0093335000000003,0.8622109999999985,16.311041000000017,0.0
2,13,-1.0103980000000004,0.9837920000000011,14.854197999999986,0.0
2,14,-1.0116069999999997,1.1088260000000005,13.231173999999992,0.0
2,15,-1.0129830000000002,1.2293489999999991,11.546604000000013,0.0
2,16,-1.0145014999999997,1.361663,9.564930999999998,0.0
2,17,-1.0161820000000006,1.4727180000000004,7.791411999999994,0.0
2,18,-1.012796999999999,1.5835799999999978,5.899988000000036,0.0
2,19,-1.0138899999999964,1.6908379999999994,3.9715300000000013,0.0
2,20,-1.022054500000003,1.778141000000005,2.3291019999999065,0.0
2,21,-1.0241489999999978,1.8809279999999973,0.2775510000000523,0.0
2,22,-1.0261744999999998,2.0224759999999975,-2.6909059999999485,0.0
2,23,-1.0111499999999936,2.2655300000000054,-8.068143000000134,0.0
2,24,-1.0256465000000006,2.6790419999999955,-17.549925999999893,0.0
2,25,-0.9747619999999984,3.4190299999999993,-35.41140699999998,0.0
2,26,-0.9181899999999956,4.658832000000004,-66.51960100000011,0.0
2,27,-0.9008070000000004,6.589919999999999,-116.76265499999997,0.0
2,28,-0.650821999999998,9.643097000000004,-199.6984040000001,0.0
2,29,-0.7176979999999986,14.799521999999996,-343.94455199999993,0.0
3,0,-1.0045420000000007,0.11680599999999686,21.761377000000003,0.0
3,1,-1.004527999999997,0.11682000000000059,21.761334999999992,0.0
3,2,-1.0045280000000005,0.14766300000000143,21.730491999999998,0.0
3,3,-1.0045360000000016,0.17459500000000006,21.676644000000003,0.0
3,4,-1.0045360000000016,0.21887000000000256,21.543818999999996,0.0
3,5,-1.0046560000000007,0.2652639999999984,21.35852700000001,0.0
3,6,-1.0047840000000008,0.31835200000000086,21.093342999999997,0.0
3,7,-1.004957000000001,0.3850270000000009,20.693638999999997,0.0
3,8,-0.992483,0.4597909999999992,20.132869000000007,0.0
3,9,-0.9923280000000005,0.5508290000000002,19.404025,0.0
3,10,-1.005872,0.6389040000000001,18.651602,0.0
3,11,-1.0063630000000003,0.7477969999999985,17.563654000000017,0.0
3,12,-0.9926339999999989,0.8616109999999999,16.270512999999998,0.0
3,13,-0.9929050000000004,0.9830930000000002,14.813541999999998,0.0
3,14,-1.0084820000000008,1.1088260000000005,13.224923999999994,0.0
3,15,-0.9937039999999975,1.2283989999999996,11.506567999999998,0.0
3,16,-1.0104669999999984,1.361663,9.556861999999995,0.0
3,17,-1.0116259999999997,1.4727180000000004,7.782299999999992,0.0
3,18,-0.9952539999999992,1.5824089999999984,5.868437000000025,0.0
3,19,-0.9953339999999997,1.689745000000002,3.936628999999961,0.0
3,20,-1.0146140000000017,1.778141000000005,2.314220999999904,0.0
3,21,-1.0143169999999984,1.8812250000000006,0.2516499999999837,0.0
3,22,-1.0111499999999936,2.0256430000000023,-2.7906290000000666,0.0
3,23,-1.0008440000000007,2.275835999999998,-8.325792999999955,0.0
3,24,-0.9747619999999984,2.705123999999998,-18.277662999999954,0.0
3,25,-0.9181899999999956,3.475602000000002,-36.93885100000007,0.0
3,26,-0.8134340000000009,4.763587999999999,-69.45276899999996,0.0
3,27,-0.650821999999998,6.752532000000002,-121.65314900000007,0.0
3,28,-0.45110300000000336,9.842816,-205.68997399999995,0.0
4,0,-0.9935430000000025,0.11682000000000059,21.72838000000001,0.0
4,1,-0.9933930000000011,0.11697000000000202,21.727780000000003,0.0
4,2,-0.9932389999999991,0.14781699999999987,21.696316999999997,0.0
4,3,-0.9930689999999984,0.1747569999999996,21.641756999999995,0.0
4,4,-0.9928799999999995,0.21905900000000145,21.508094999999994,0.0
4,5,-0.992722999999998,0.26534499999999994,21.322322999999994,0.0
4,6,-0.9926010000000005,0.31834599999999824,21.056830000000012,0.0
4,7,-0.992483,0.3849720000000012,20.656601999999992,0.0
4,8,-0.9924029999999995,0.4598709999999997,20.131989,0.0
4,9,-0.9923280000000005,0.5508290000000002,19.404025,0.0
4,10,-0.9923280000000005,0.638463999999999,18.61531000000001,0.0
4,11,-0.9923880000000018,0.7472209999999997,17.52798000000001,0.0
4,12,-0.9926339999999989,0.8616109999999999,16.270512999999998,0.0
4,13,-0.9926339999999989,0.9828219999999988,14.815981000000011,0.0
4,14,-0.9798639999999992,1.1076569999999997,13.142046,0.0
4,15,-0.9932540000000003,1.2279490000000024,11.511517999999967,0.0
4,16,-0.9937039999999975,1.3601529999999968,9.530258000000039,0.0
4,17,-0.9796279999999982,1.4709780000000023,7.7007389999999525,0.0
4,18,-0.9796279999999982,1.5819299999999998,5.814554999999995,0.0
4,19,-0.9952539999999992,1.6896650000000015,3.9378289999999723,0.0
4,20,-0.9776349999999994,1.7785149999999987,2.1792030000000224,0.0
4,21,-0.9728550000000027,1.8853829999999974,0.02272300000006311,0.0
4,22,-0.9604759999999999,2.0375020000000035,-3.2212920000000764,0.0
4,23,-0.9305340000000015,2.305047000000002,-9.227050000000034,0.0
4,24,-0.8860389999999967,2.7680930000000004,-20.05508800000002,0.0
4,25,-0.7423789999999997,3.5947869999999966,-40.47038399999992,0.0
4,26,-0.5730819999999994,4.957360000000001,-75.21189700000002,0.0
4,27,-0.3117590000000021,7.0138549999999995,-129.72605899999996,0.0
5,0,-0.9851379999999992,0.11697000000000202,21.694759999999995,0.0
5,1,-0.9847509999999993,0.11735700000000193,21.692824999999996,0.0
5,2,-0.984338000000001,0.14822999999999809,21.65988700000001,0.0
5,3,-0.9838999999999984,0.1751950000000022,21.603766999999987,0.0
5,4,-0.9834170000000029,0.21954199999999702,21.468311000000025,0.0
5,5,-0.9829460000000019,0.26581600000000094,21.280860000000004,0.0
5,6,-0.9825100000000013,0.3187819999999988,21.013850000000012,0.0
5,7,-0.9820239999999991,0.3854580000000034,20.611363999999973,0.0
5,8,-0.9721160000000033,0.46034099999999967,20.03764300000002,0.0
5,9,-0.9711610000000022,0.5512959999999971,19.305228000000035,0.0
5,10,-0.9701439999999977,0.6388320000000007,18.51231899999998,0.0
5,11,-0.9692949999999989,0.7475890000000014,17.42050399999998,0.0
5,12,-0.9684290000000004,0.8617290000000004,16.160633999999998,0.0
5,13,-0.9676480000000005,0.9830299999999994,14.70111700000001,0.0
5,14,-0.9797440000000002,1.1077769999999987,13.139886000000018,0.0
5,15,-0.9797210000000014,1.2279720000000012,11.45704099999999,0.0
5,16,-0.9656890000000011,1.3602309999999989,9.402996000000023,0.0
5,17,-0.9796279999999982,1.4709780000000023,7.7007389999999525,0.0
5,18,-0.9792120000000004,1.5823459999999976,5.8054030000000445,0.0
5,19,-0.9776349999999994,1.6912420000000026,3.8373899999999495,0.0
5,20,-0.9728550000000027,1.7832949999999954,2.064483000000102,0.0
5,21,-0.9604759999999999,1.8977620000000002,-0.286752000000007,0.0
5,22,-0.9150810000000007,2.067444000000002,-4.077049000000038,0.0
5,23,-0.8505819999999957,2.3698540000000037,-11.052564000000103,0.0
5,24,-0.7423789999999997,2.8914410000000004,-23.590080000000007,0.0
5,25,-0.5388829999999984,3.798282999999998,-46.37176799999995,0.0
5,26,-0.2553869999999989,5.240856000000001,-83.85357300000004,0.0
6,0,-0.9780269999999991,0.11735700000000548,21.659204999999993,0.0
6,1,-0.9773420000000019,0.11804200000000264,21.65509500000001,0.0
6,2,-0.9766159999999999,0.1489560000000001,21.619825,0.0
6,3,-0.9757860000000029,0.1760249999999992,21.56070700000002,0.0
6,4,-0.9748789999999978,0.22044900000000212,21.42199299999998,0.0
6,5,-0.9739579999999997,0.2667369999999991,21.231315000000002,0.0
6,6,-0.9730759999999989,0.3196639999999995,20.961387999999996,0.0
6,7,-0.9721160000000033,0.38641799999999904,20.555104000000025,0.0
6,8,-0.9711610000000022,0.4612960000000008,20.025228000000006,0.0
6,9,-0.9701439999999977,0.5523130000000016,19.290989999999972,0.0
6,10,-0.9692949999999989,0.6396809999999995,18.499584,0.0
6,11,-0.9684290000000004,0.7484549999999999,17.406648000000004,0.0
6,12,-0.9676480000000005,0.8625100000000003,16.147357,0.0
6,13,-0.9669239999999988,0.9837540000000011,14.68808499999998,0.0
6,14,-0.9662879999999987,1.1084129999999988,13.06370200000001,0.0
6,15,-0.9656890000000011,1.2285709999999987,11.377896000000025,0.0
6,16,-0.9465450000000004,1.3624229999999997,9.253732000000007,0.0
6,17,-0.9465450000000004,1.4717790000000015,7.504035999999978,0.0
6,18,-0.9623129999999982,1.5842489999999998,5.686653999999994,0.0
6,19,-0.9394010000000002,1.6961329999999997,3.5352700000000112,0.0
6,20,-0.9448279999999976,1.795888999999999,1.6724680000000056,0.0
6,21,-0.9150810000000007,1.927508999999997,-1.1384139999999405,0.0
6,22,-0.8505819999999957,2.131943000000007,-5.818522000000172,0.0
6,23,-0.713390000000004,2.4933809999999994,-14.59330999999996,0.0
6,24,-0.5218270000000018,3.0966689999999986,-29.618311999999953,0.0
6,25,-0.23257399999999961,4.087536,-55.134638,0.0
7,0,-0.9695140000000002,0.11804199999999554,21.608127000000003,0.0
7,1,-0.9684039999999996,0.1191519999999997,21.600356999999995,0.0
7,2,-0.9672019999999986,0.15015800000000112,21.56093699999999,0.0
7,3,-0.9658419999999985,0.17738499999999924,21.496962999999994,0.0
7,4,-0.9643500000000014,0.22194099999999928,21.352851000000012,0.0
7,5,-0.9628529999999991,0.2682340000000014,21.15719999999999,0.0
7,6,-0.9613489999999985,0.3211680000000001,20.88200199999999,0.0
7,7,-0.95974,0.38802699999999746,20.469585000000016,0.0
7,8,-0.9581069999999983,0.4629290000000026,19.933839999999968,0.0
7,9,-0.9393620000000009,0.5539759999999987,19.074249000000016,0.0
7,10,-0.954896999999999,0.6412280000000017,18.397725999999977,0.0
7,11,-0.9533540000000009,0.7499979999999979,17.29922500000003,0.0
7,12,-0.9519100000000016,0.8639539999999997,16.035601000000014,0.0
7,13,-0.9505620000000015,0.9851020000000013,14.572388999999994,0.0
7,14,-0.9493100000000005,1.1096649999999997,12.944306000000008,0.0
7,15,-0.9480649999999997,1.2298159999999996,11.253477000000004,0.0
7,16,-0.9465450000000004,1.3624229999999997,9.253732000000007,0.0
7,17,-0.9443860000000015,1.4739380000000004,7.454379000000003,0.0
7,18,-0.9150010000000002,1.5892340000000011,5.288651999999981,0.0
7,19,-0.9030060000000013,1.7083429999999993,3.060725000000023,0.0
7,20,-0.8979189999999981,1.8251610000000014,0.8055739999999609,0.0
7,21,-0.8348809999999958,1.9905469999999994,-2.9434120000000163,0.0
7,22,-0.713390000000004,2.2534339999999986,-9.314475999999942,0.0
7,23,-0.49632700000000085,2.6970170000000024,-20.59274300000005,0.0
7,24,-0.22059300000000093,3.3858299999999986,-38.36557999999996,0.0
8,0,-0.9568969999999997,0.1191519999999997,21.519807999999998,0.0
8,1,-0.955171,0.1208779999999976,21.506,0.0
8,2,-0.9533310000000004,0.15199800000000074,21.460160000000002,0.0
8,3,-0.9512339999999995,0.17948200000000014,21.388415999999996,0.0
8,4,-0.9489599999999996,0.22421499999999916,21.236024999999998,0.0
8,5,-0.9466660000000005,0.27052800000000055,21.032421,0.0
8,6,-0.9443280000000005,0.32350600000000007,20.748827000000002,0.0
8,7,-0.9418639999999989,0.39049099999999903,20.327205,0.0
8,8,-0.9393620000000009,0.4654310000000006,19.782609,0.0
8,9,-0.9128290000000003,0.5565170000000013,18.84165699999999,0.0
8,10,-0.9091290000000019,0.6436519999999994,18.02784200000002,0.0
8,11,-0.9319330000000008,0.7524619999999977,17.12217400000003,0.0
8,12,-0.9296620000000004,0.866225,15.852613000000002,0.0
8,13,-0.9274790000000017,0.987285,14.382429000000013,0.0
8,14,-0.9253730000000004,1.111771000000001,12.74726299999999,0.0
8,15,-0.9231160000000003,1.2320729999999998,11.044979000000005,0.0
8,16,-0.8880659999999985,1.3654340000000005,8.76416399999998,0.0
8,17,-0.8820240000000013,1.4790419999999997,6.898100000000014,0.0
8,18,-0.8702269999999999,1.601229,4.726544999999998,0.0
8,19,-0.8750460000000011,1.7363029999999995,2.3337650000000174,0.0
8,20,-0.8138670000000019,1.8863400000000006,-1.0063699999999969,0.0
8,21,-0.6957850000000008,2.1086290000000005,-6.396806000000005,0.0
8,22,-0.49632700000000085,2.4528919999999985,-15.221992999999962,0.0
8,23,-0.21057100000000162,2.9827730000000017,-29.16542300000002,0.0
9,0,-0.9384259999999998,0.1208779999999976,21.37204,0.0
9,1,-0.9359190000000002,0.12338499999999897,21.349477,0.0
9,2,-0.9332609999999999,0.15465600000000101,21.294283999999998,0.0
9,3,-0.9301980000000007,0.1825449999999993,21.21093900000001,0.0
9,4,-0.9269219999999994,0.22749100000000055,21.04661699999999,0.0
9,5,-0.9235450000000007,0.2739049999999992,20.83056800000001,0.0
9,6,-0.9201080000000008,0.326943,20.534445000000005,0.0
9,7,-0.9164879999999993,0.39411100000000054,20.098856999999988,0.0
9,8,-0.9128290000000003,0.46908999999999956,19.541073000000004,0.0
9,9,-0.9091290000000019,0.5602169999999997,18.77875700000002,0.0
9,10,-0.905543999999999,0.6472370000000023,17.96331199999997,0.0
9,11,-0.9019469999999998,0.7560589999999969,16.84271900000003,0.0
9,12,-0.8985599999999998,0.869612,15.563152999999996,0.0
9,13,-0.895274999999998,0.9905700000000017,14.08209199999996,0.0
9,14,-0.8919759999999997,1.1150699999999993,12.433901000000006,0.0
9,15,-0.8880659999999985,1.235983000000001,10.705928999999973,0.0
9,16,-0.8404160000000012,1.3714759999999977,8.244684000000046,0.0
9,17,-0.8279350000000001,1.4908390000000011,6.222546999999981,0.0
9,18,-0.8433129999999984,1.6281430000000015,4.026780999999961,0.0
9,19,-0.7462030000000013,1.7946339999999985,0.15595300000004286,0.0
9,20,-0.6709159999999983,2.0004060000000017,-4.431298000000048,0.0
9,21,-0.477488000000001,2.302056999999998,-12.205169999999946,0.0
9,22,-0.18061600000000055,2.7321840000000037,-23.909685000000074,0.0
10,0,-0.9133399999999998,0.12338499999999897,21.146265999999997,0.0
10,1,-0.9098220000000001,0.12690299999999866,21.111086,0.0
10,2,-0.9060760000000005,0.1584020000000006,21.042127000000004,0.0
10,3,-0.9018040000000003,0.18681699999999957,20.942577000000004,0.0
10,4,-0.8972519999999999,0.2320430000000009,20.761378999999998,0.0
10,5,-0.89255,0.27860699999999916,20.528103,0.0
10,6,-0.8877039999999994,0.33178900000000056,20.21373299999999,0.0
10,7,-0.8826590000000003,0.3991559999999996,19.759081000000005,0.0
10,8,-0.8775750000000002,0.47417399999999965,19.183115000000004,0.0
10,9,-0.8725009999999997,0.5652910000000002,18.403438999999995,0.0
10,10,-0.8673980000000014,0.6523400000000006,17.56896800000001,0.0
10,11,-0.8623409999999971,0.7611160000000012,16.43063799999996,0.0
10,12,-0.8575169999999979,0.8744359999999993,15.135877999999988,0.0
10,13,-0.852722,0.9953649999999996,13.636780000000005,0.0
10,14,-0.8475239999999999,1.1202679999999994,11.961061000000008,0.0
10,15,-0.8404160000000012,1.2430909999999997,10.170459000000015,0.0
10,16,-0.8279350000000001,1.3839569999999988,7.932659000000019,0.0
10,17,-0.8019239999999996,1.5168500000000016,5.546260999999969,0.0
10,18,-0.7462030000000013,1.6838639999999998,2.149813000000016,0.0
10,19,-0.594659,1.9032850000000003,-3.3152050000000095,0.0
10,20,-0.4511150000000015,2.1868429999999996,-10.138246999999978,0.0
10,21,-0.1566599999999987,2.5725559999999987,-20.797056999999988,0.0
11,0,-0.8815059999999999,0.12690299999999866,20.827925999999998,0.0
11,1,-0.8767569999999996,0.13165199999999544,20.775686999999998,0.0
11,2,-0.8717120000000005,0.16344699999999968,20.688397000000005,0.0
11,3,-0.8659549999999996,0.19257400000000047,20.566815999999996,0.0
11,4,-0.859884000000001,0.2381139999999995,20.36341500000001,0.0
11,5,-0.8535589999999988,0.2849320000000013,20.10656799999998,0.0
11,6,-0.8470239999999993,0.33832400000000007,19.767722999999993,0.0
11,7,-0.8402560000000001,0.40592399999999884,19.287675000000007,0.0
11,8,-0.8334329999999994,0.48099700000000034,18.68711099999999,0.0
11,9,-0.8266489999999997,0.5720749999999999,17.883862999999998,0.0
11,10,-0.8197489999999998,0.6592400000000005,17.023477999999994,0.0
11,11,-0.8128940000000018,0.7679709999999993,15.860763000000027,0.0
11,12,-0.8062539999999991,0.881076000000002,14.543567999999969,0.0
11,13,-0.799275999999999,1.0023429999999998,13.011605999999993,0.0
11,14,-0.7907909999999987,1.1287529999999997,11.274940999999991,0.0
11,15,-0.7772709999999989,1.2566109999999995,9.336208999999997,0.0
11,16,-0.6931700000000021,1.4099180000000011,6.1114930000000065,0.0
11,17,-0.6415840000000017,1.5700849999999988,2.981375000000039,0.0
11,18,-0.594659,1.787279999999999,-1.2271149999999835,0.0
11,19,-0.4170349999999985,2.080909000000002,-8.466301000000048,0.0
11,20,-0.1566599999999987,2.4472179999999994,-18.290297000000002,0.0
12,0,-0.8432660000000016,0.13165199999999544,20.40728600000002,0.0
12,1,-0.8370479999999993,0.1378699999999995,20.332669999999993,0.0
12,2,-0.8304429999999989,0.1700520000000001,20.22122799999999,0.0
12,3,-0.8229740000000003,0.20004299999999908,20.071618000000008,0.0
12,4,-0.8151269999999986,0.2459610000000012,19.83969999999998,0.0
12,5,-0.8069060000000015,0.29315299999999844,19.552280000000025,0.0
12,6,-0.7983640000000012,0.34686600000000034,19.181211000000012,0.0
12,7,-0.789593,0.41469500000000004,18.668985,0.0
12,8,-0.7807449999999996,0.48984500000000075,18.03675899999999,0.0
12,9,-0.7720109999999991,0.5808090000000004,17.204238999999987,0.0
12,10,-0.7629669999999997,0.6682839999999999,16.308436,0.0
12,11,-0.7539439999999988,0.7769940000000002,15.113059999999985,0.0
12,12,-0.744842000000002,0.8901779999999988,13.758812000000038,0.0
12,13,-0.7343960000000003,1.0127890000000015,12.162127999999985,0.0
12,14,-0.7196040000000004,1.1435449999999996,10.28479600000001,0.0
12,15,-0.6931700000000021,1.2830449999999978,8.014588000000057,0.0
12,16,-0.6415840000000017,1.4615040000000015,4.718670999999997,0.0
12,17,-0.4849740000000011,1.668336,-0.4699609999999872,0.0
12,18,-0.3745750000000001,1.9560379999999995,-6.68568299999999,0.0
12,19,-0.12650500000000164,2.3289790000000004,-16.375460999999984,0.0
13,0,-0.7989749999999987,0.1378699999999995,19.875793999999985,0.0
13,1,-0.7910529999999998,0.1700520000000001,19.748548,0.0
13,2,-0.7826409999999999,0.17846399999999996,19.63078,0.0
13,3,-0.7732119999999991,0.20947199999999988,19.446186999999988,0.0
13,4,-0.763357000000001,0.29315299999999844,19.02969200000002,0.0
13,5,-0.7529819999999994,0.303528,18.85331699999999,0.0
13,6,-0.742208999999999,0.3576390000000007,18.442712999999983,0.0
13,7,-0.7311829999999997,0.42572099999999935,17.890883000000002,0.0
13,8,-0.7201050000000002,0.5009230000000002,17.220455,0.0
13,9,-0.7091090000000015,0.591804999999999,16.350451000000028,0.0
13,10,-0.6975800000000003,0.6798130000000011,15.408501999999993,0.0
13,11,-0.6858120000000003,0.7887620000000002,14.166028000000003,0.0
13,12,-0.6730289999999997,0.9029609999999995,12.743660000000002,0.0
13,13,-0.6563550000000014,1.0294629999999998,11.00887400000002,0.0
13,14,-0.6292560000000016,1.1706439999999994,8.821234000000029,0.0
13,15,-0.5786749999999969,1.3336260000000024,5.8819329999999255,0.0
13,16,-0.4849740000000011,1.5552049999999973,1.340135000000057,0.0
13,17,-0.32511300000000176,1.8281969999999994,-5.105929999999969,0.0
13,18,-0.08977900000000005,2.191372000000001,-14.339247000000022,0.0
14,0,-0.7490380000000005,0.14579200000000014,19.226613000000008,0.0
14,1,-0.739211000000001,0.17846399999999996,19.066190000000013,0.0
14,2,-0.7287920000000003,0.20947199999999988,18.868727000000003,0.0
14,3,-0.7171719999999997,0.2210920000000005,18.682806999999997,0.0
14,4,-0.7051210000000001,0.26786699999999897,18.373768000000005,0.0
14,5,-0.6923750000000002,0.31627399999999994,18.001696000000003,0.0
14,6,-0.6791680000000007,0.37084600000000023,17.543938000000008,0.0
14,7,-0.6656659999999999,0.43922300000000014,16.944647999999997,0.0
14,8,-0.6520709999999994,0.5145180000000007,16.227252999999987,0.0
14,9,-0.6385389999999997,0.6053369999999987,15.311253000000008,0.0
14,10,-0.6240389999999998,0.6943130000000011,14.307468999999987,0.0
14,11,-0.6084300000000002,0.8043709999999997,12.988363000000007,0.0
14,12,-0.5894809999999993,0.9219100000000005,11.430147999999985,0.0
14,13,-0.5610870000000006,1.0578569999999985,9.401268000000027,0.0
14,14,-0.5113749999999975,1.2203560000000024,6.592812999999932,0.0
14,15,-0.42135800000000145,1.4236429999999984,2.486557000000044,0.0
14,16,-0.2700749999999985,1.7064880000000002,-3.874080000000024,0.0
14,17,-0.047681999999998226,2.0505899999999997,-12.49321400000002,0.0
15,0,-0.6938410000000008,0.1556190000000015,18.45385500000001,0.0
15,1,-0.6819220000000001,0.1675380000000004,18.27507,0.0
15,2,-0.669314,0.20149100000000075,18.051997,0.0
15,3,-0.6553430000000002,0.23506300000000024,17.775288000000003,0.0
15,4,-0.6409070000000003,0.31627399999999994,17.281144000000005,0.0
15,5,-0.6255980000000001,0.3315830000000002,16.990273000000002,0.0
15,6,-0.6097999999999999,0.38664400000000043,16.477997999999996,0.0
15,7,-0.5936450000000004,0.4553779999999996,15.823269000000009,0.0
15,8,-0.5773210000000013,0.5308419999999998,15.05016100000002,0.0
15,9,-0.560789999999999,0.621868000000001,14.073987999999977,0.0
15,10,-0.5423650000000002,0.7127379999999999,12.979783000000005,0.0
15,11,-0.5206859999999995,0.8260500000000004,11.52147799999999,0.0
15,12,-0.49051000000000045,0.9520859999999995,9.682442000000012,0.0
15,13,-0.44093999999999944,1.1074269999999995,7.074799999999998,0.0
15,14,-0.35450400000000215,1.3067919999999997,3.1865150000000355,0.0
15,15,-0.21085300000000018,1.5672940000000004,-2.6152780000000035,0.0
15,16,-0.001381000000002075,1.9159599999999983,-10.987347999999944,0.0
16,0,-0.6337909999999995,0.16753800000000396,17.55310499999999,0.0
16,1,-0.6196159999999997,0.20149100000000075,17.306526999999996,0.0
16,2,-0.6046520000000006,0.23506300000000024,17.01492300000001,0.0
16,3,-0.5881750000000014,0.25153999999999943,16.718337000000023,0.0
16,4,-0.5712109999999999,0.3315830000000002,16.174467999999997,0.0
16,5,-0.5532399999999988,0.34955400000000125,15.815047999999976,0.0
16,6,-0.5347340000000003,0.405149999999999,15.24097200000001,0.0
16,7,-0.5157399999999992,0.4743720000000007,14.521735999999983,0.0
16,8,-0.4963230000000003,0.5502589999999987,13.679855000000014,0.0
16,9,-0.4759580000000003,0.6422330000000009,12.618222999999997,0.0
16,10,-0.4515849999999997,0.7371110000000005,11.37435299999999,0.0
16,11,-0.4192520000000002,0.8583829999999999,9.644305000000005,0.0
16,12,-0.3692259999999994,1.0021120000000003,7.262869999999987,0.0
16,13,-0.28558100000000053,1.1910719999999984,3.657030000000029,0.0
16,14,-0.14942299999999875,1.4429500000000015,-1.7959120000000404,0.0
16,15,0.04798100000000005,1.7646979999999992,-9.458847999999989,0.0
17,0,-0.5693089999999996,0.181713000000002,16.521392999999993,0.0
17,1,-0.5527629999999997,0.21645499999999984,16.221914999999996,0.0
17,2,-0.535336,0.23388199999999948,15.908229000000002,0.0
17,3,-0.5162759999999995,0.27059999999999995,15.510772999999991,0.0
17,4,-0.4967119999999996,0.34955400000000125,14.910599999999988,0.0
17,5,-0.47596300000000014,0.3703030000000007,14.474871,0.0
17,6,-0.4546469999999996,0.42646599999999957,13.831683999999996,0.0
17,7,-0.4325430000000008,0.4964759999999995,13.035856000000015,0.0
17,8,-0.40930299999999953,0.573499,12.101614999999992,0.0
17,9,-0.38322699999999976,0.6683090000000007,10.89984299999999,0.0
17,10,-0.34876600000000124,0.771571999999999,9.384639000000028,0.0
17,11,-0.29794000000000054,0.9092090000000006,7.144227000000004,0.0
17,12,-0.21629400000000132,1.0837579999999996,3.8362060000000255,0.0
17,13,-0.08673599999999837,1.3206300000000013,-1.2087440000000438,0.0
17,14,0.09880000000000067,1.6284860000000005,-8.364984000000018,0.0
18,0,-0.5009269999999999,0.19825900000000196,15.358898999999997,0.0
18,1,-0.48193600000000014,0.23388199999999948,15.000429000000002,0.0
18,2,-0.4619789999999995,0.25383900000000015,14.62124599999999,0.0
18,3,-0.4402859999999995,0.2922929999999999,14.153863999999992,0.0
18,4,-0.41804600000000036,0.3703030000000007,13.490282000000004,0.0
18,5,-0.394483000000001,0.39386600000000005,12.971896000000019,0.0
18,6,-0.370158,0.4507910000000006,12.249420999999996,0.0
18,7,-0.34431999999999974,0.5223139999999997,11.355198999999997,0.0
18,8,-0.3155809999999999,0.6022379999999998,10.278429,0.0
18,9,-0.2800180000000001,0.7038720000000005,8.825222999999998,0.0
18,10,-0.2283179999999998,0.8232719999999993,6.820023000000003,0.0
18,11,-0.14828800000000086,0.9892389999999995,3.71981300000002,0.0
18,12,-0.024324000000000012,1.2077220000000004,-0.9148520000000051,0.0
18,13,0.15031399999999984,1.4952680000000012,-7.508888000000013,0.0
19,0,-0.42928000000000033,0.21724999999999994,14.069253000000007,0.0
19,1,-0.40781000000000045,0.25383900000000015,13.646204000000008,0.0
19,2,-0.3853080000000002,0.2763410000000004,13.196164000000003,0.0
19,3,-0.36100699999999986,0.34107099999999946,12.580507999999998,0.0
19,4,-0.33606299999999933,0.39386600000000005,11.920335999999988,0.0
19,5,-0.30951599999999946,0.4204129999999999,11.30975499999999,0.0
19,6,-0.28164699999999954,0.5223139999999997,10.227084999999994,0.0
19,7,-0.25059199999999926,0.553369,9.450709999999987,0.0
19,8,-0.21294199999999996,0.6398879999999991,8.129727000000006,0.0
19,9,-0.1612910000000003,0.7555230000000002,6.223278000000004,0.0
19,10,-0.08259900000000009,0.9892389999999995,2.537411000000006,0.0
19,11,0.03631700000000038,1.108155,-0.9111530000000077,0.0
19,12,0.20128200000000085,1.3726870000000009,-6.955340000000026,0.0
20,0,-0.3550709999999997,0.2387200000000007,12.659281999999994,0.0
20,1,-0.3311409999999997,0.2763410000000004,12.166990999999994,0.0
20,2,-0.30610099999999996,0.31659400000000026,11.610724999999999,0.0
20,3,-0.27920999999999996,0.34348500000000026,11.019122999999999,0.0
20,4,-0.25146099999999993,0.393764,10.313305999999999,0.0
20,5,-0.221495,0.45037899999999986,9.487526,0.0
20,6,-0.1887470000000011,0.5114079999999994,8.527421000000025,0.0
20,7,-0.14933500000000066,0.5927810000000004,7.25094300000001,0.0
20,8,-0.09669300000000014,0.6925299999999996,5.499860000000005,0.0
20,9,-0.020044000000000395,0.8321719999999999,2.8497440000000083,0.0
20,10,0.09439000000000064,1.0163980000000006,-1.0969700000000184,0.0
20,11,0.25041200000000075,1.264177,-6.695200000000016,0.0
21,0,-0.27907499999999974,0.2626500000000007,11.139361999999995,0.0
21,1,-0.2527379999999999,0.3013810000000001,10.573891,0.0
21,2,-0.22517600000000026,0.32894299999999976,9.967527000000006,0.0
21,3,-0.1956579999999999,0.37300300000000064,9.259528999999997,0.0
21,4,-0.16466700000000056,0.45037899999999986,8.350966000000012,0.0
21,5,-0.1300840000000001,0.48496200000000034,7.486391,0.0
21,6,-0.0895469999999996,0.5519449999999999,6.300198999999992,0.0
21,7,-0.03622200000000042,0.6461059999999996,4.615408000000011,0.0
21,8,0.03950500000000012,0.8321719999999999,1.658763999999998,0.0
21,9,0.14914500000000075,0.9418120000000005,-1.5207960000000202,0.0
21,10,0.29713600000000007,1.164389,-6.6318,0.0
22,0,-0.20203400000000027,0.28898700000000055,9.521501000000006,0.0
22,1,-0.17335000000000012,0.32894299999999976,8.879181000000003,0.0
22,2,-0.14322400000000002,0.37300300000000064,8.158414999999998,0.0
22,3,-0.11075300000000077,0.4247549999999993,7.321268000000019,0.0
22,4,-0.07540799999999948,0.4601000000000006,6.437642999999986,0.0
22,5,-0.0335340000000004,0.5268359999999994,5.249471000000011,0.0
22,6,0.01996899999999968,0.605448,3.6793450000000067,0.0
22,7,0.09471500000000077,0.7682570000000002,1.010673999999982,0.0
22,8,0.2008220000000005,0.9418120000000005,-2.606013000000015,0.0
22,9,0.34092399999999934,1.0819139999999994,-6.80907299999998,0.0
23,0,-0.12463800000000003,0.3176709999999989,7.818789000000001,0.0
23,1,-0.09361599999999992,0.35906899999999986,7.094906999999998,0.0
23,2,-0.06061099999999975,0.4054739999999999,6.275986999999994,0.0
23,3,-0.024171999999999194,0.44191300000000044,5.365011999999981,0.0
23,4,0.018048999999999538,0.5023209999999994,4.212705000000013,0.0
23,5,0.07201700000000066,0.5808040000000005,2.6575089999999824,0.0
23,6,0.14544000000000068,0.678871,0.4784449999999847,0.0
23,7,0.24825099999999978,0.8236629999999998,-2.7549599999999934,0.0
23,8,0.3818999999999999,1.0819139999999994,-7.710544999999993,0.0
24,0,-0.047431000000000445,0.3486929999999999,6.04302800000001,0.0
24,1,-0.01377000000000006,0.39207400000000003,5.225444000000001,0.0
24,2,0.023106000000000293,0.44191300000000044,4.277617999999992,0.0
24,3,0.0658619999999992,0.48466899999999935,3.165962000000021,0.0
24,4,0.11947200000000002,0.5808040000000005,1.566043999999997,0.0
24,5,0.1920099999999998,0.6533420000000003,-0.46501999999999644,0.0
24,6,0.2915030000000005,0.7783640000000007,-3.4779620000000158,0.0
24,7,0.4192839999999993,0.9514439999999986,-7.583185999999975,0.0
25,0,0.02942200000000028,0.3823540000000003,4.198555999999993,0.0
25,1,0.0666310000000001,0.4289500000000004,3.258943999999997,0.0
25,2,0.10961100000000012,0.48466899999999935,2.1159859999999986,0.0
25,3,0.1629510000000005,0.5559310000000002,0.6220399999999868,0.0
25,4,0.23405200000000015,0.6270319999999998,-1.368788000000003,0.0
25,5,0.3308489999999997,0.7501389999999999,-4.281140999999994,0.0
25,6,0.4530909999999988,0.9006059999999998,-8.08952599999997,0.0
26,0,0.10651300000000052,0.41956300000000013,2.271280999999987,0.0
26,1,0.14943599999999968,0.4719300000000004,1.1458390000000076,0.0
26,2,0.20255699999999965,0.5250510000000004,-0.2884279999999917,0.0
26,3,0.272265,0.6270319999999998,-2.3241129999999988,0.0
26,4,0.3661380000000003,0.7209050000000001,-5.046430000000008,0.0
26,5,0.4837050000000005,0.9006059999999998,-8.854876000000012,0.0
27,0,0.18563899999999922,0.4624859999999993,0.21400500000002065,0.0
27,1,0.23812800000000056,0.5250510000000004,-1.2132740000000153,0.0
27,2,0.30686699999999956,0.5937899999999994,-3.1379659999999863,0.0
27,3,0.39794399999999985,0.6987940000000004,-5.807052999999998,0.0
27,4,0.5109839999999997,0.8339449999999999,-9.26458599999999,0.0
28,0,0.27032900000000026,0.5149750000000006,-2.0726250000000075,0.0
28,1,0.3376539999999997,0.5823,-3.957724999999991,0.0
28,2,0.4266810000000003,0.6987940000000004,-6.5829520000000095,0.0
28,3,0.5354270000000003,0.8075400000000004,-9.84533200000001,0.0
29,0,0.3654060000000001,0.5823,-4.7347810000000035,0.0
29,1,0.4520200000000001,0.682817,-7.260490000000003,0.0
29,2,0.5574969999999997,0.7882939999999996,-10.424799999999989,0.0
30,0,0.4747779999999997,0.6689139999999991,-7.906568999999991,0.0
30,1,0.5767990000000003,0.7882939999999996,-10.984558000000007,0.0
31,0,0.5940790000000007,0.7709350000000015,-11.485599000000022,0.0
