20.909622 22.132742 23.435953 24.818020 26.273811 27.796286 29.379683 31.019972 32.710701 34.446339 36.220463 38.025303 39.857101 41.711021 43.583160 45.470062 47.368038 49.274036 51.184784 53.099514 55.022289 56.951092 58.877243 60.802467 62.727879 64.658546 66.587761 68.508545 70.448524 72.395836 74.342766 76.286156 78.229637 80.176582 82.126823 84.074295 86.012749 87.957916 89.916443 91.881821 93.828819 95.814232 97.833344 99.883186 102.017799 104.231483 106.601616 109.162285 112.009224 115.254700 119.064476 123.706841 129.648209 137.712189 149.252548 167.396011 200.157623 275.000000
20.361147 21.598700 22.915396 24.309921 25.777048 27.309698 28.902201 30.550373 32.247921 33.989429 35.768452 37.577412 39.412594 41.269287 43.143700 45.032444 46.931889 48.839016 50.750710 52.666203 54.589626 56.519035 58.445724 60.371395 62.297276 64.228477 66.158234 68.079430 70.019859 71.967697 73.915131 75.858932 77.802742 79.749794 81.700150 83.647392 85.584312 87.528755 89.486519 91.451027 93.393570 95.377571 97.395111 99.443077 101.580238 103.791328 106.158958 108.717079 111.563599 114.815720 118.647804 123.338287 129.358673 137.533493 149.190323 167.418457 200.071899 0.000000
20.038094 21.298611 22.636780 24.051189 25.536390 27.085297 28.692415 30.353273 32.061836 33.812912 35.599941 37.415707 39.256584 41.118023 42.996361 44.888348 46.790516 48.699856 50.613434 52.530537 54.455441 56.386265 58.314198 60.241085 62.168106 64.100571 66.031639 67.953926 69.895485 71.844566 73.793175 75.737999 77.682632 79.630371 81.581161 83.528519 85.462646 87.406380 89.363342 91.326782 93.262993 95.245049 97.260506 99.305855 101.447289 103.654457 106.018669 108.573593 111.421852 114.689224 118.562752 123.335091 129.482864 137.829712 149.662201 167.952408 0.000000 0.000000
19.899698 21.188440 22.552919 23.991583 25.498762 27.067329 28.692068 30.368116 32.089802 33.852188 35.648582 37.472225 39.319614 41.186382 43.069069 44.964577 46.869560 48.781120 50.696560 52.615192 54.541458 56.473522 58.402588 60.330486 62.258453 64.192055 66.124321 68.047424 69.989830 71.939934 73.889557 75.835106 77.780197 79.728119 81.678963 83.625832 85.554642 87.496895 89.452011 91.413643 93.363510 95.342781 97.355515 99.397011 101.520233 103.721130 106.080460 108.631874 111.485603 114.778358 118.712860 123.594711 129.904343 138.453735 150.412842 0.000000 0.000000 0.000000
19.919523 21.240149 22.634245 24.100113 25.631809 27.222237 28.866463 30.559198 32.295197 34.069893 35.876328 37.708324 39.562546 41.434780 43.321835 45.220821 47.128506 49.042038 50.959091 52.878933 54.806290 56.739365 58.669193 60.597839 62.526466 64.460922 66.394035 68.317642 70.260468 72.211174 74.161354 76.107140 78.052155 79.999702 81.950058 83.895752 85.816422 87.756187 89.708565 91.667305 93.622223 95.597298 97.605644 99.641335 101.753517 103.945694 106.299423 108.848755 111.714333 115.047081 119.065216 124.084938 130.582352 139.278030 0.000000 0.000000 0.000000 0.000000
20.082874 21.437918 22.863876 24.358891 25.916744 27.530359 29.195251 30.905510 32.656471 34.443985 36.260788 38.101318 39.962410 41.840099 43.731457 45.633751 47.543957 49.459213 51.377659 53.298496 55.226673 57.160519 59.090923 61.020039 62.949081 64.884270 66.817947 68.741699 70.684494 72.635445 74.585716 76.531250 78.475624 80.422241 82.371567 84.315483 86.245544 88.182404 90.131500 92.086914 94.022896 95.992325 97.994858 100.022644 102.125282 104.306656 106.655556 109.207024 112.095772 115.488586 119.618301 124.801285 131.433456 0.000000 0.000000 0.000000 0.000000 0.000000
20.375845 21.766756 23.225807 24.750965 26.335752 27.973146 29.659201 31.387255 33.153347 34.953808 36.780914 38.629917 40.497780 42.380722 44.276207 46.181641 48.094158 50.010887 51.930546 53.852211 55.781029 57.715515 59.646320 61.575760 63.505058 65.440842 67.374924 69.298553 71.240891 73.191704 75.141747 77.086533 79.029716 80.974808 82.922592 84.864189 86.795357 88.728310 90.673203 92.624237 94.568222 96.530891 98.526428 100.544662 102.638680 104.808578 107.156555 109.719383 112.649826 116.131226 120.402412 125.699188 0.000000 0.000000 0.000000 0.000000 0.000000 0.000000
20.787741 22.215258 23.707972 25.263721 26.875750 28.537117 30.244705 31.990681 33.771965 35.585522 37.423031 39.280586 41.155327 43.043663 44.943436 46.852184 48.767281 50.685699 52.606831 54.529625 56.459438 58.394875 60.326458 62.256554 64.186424 66.123253 68.057999 69.981674 71.923576 73.874336 75.824127 77.768211 79.710243 81.653717 83.600014 85.539085 87.468758 89.397362 91.337593 93.283722 95.206360 97.160255 99.146858 101.153244 103.239853 105.399315 107.753647 110.343750 113.342773 116.943985 121.312027 0.000000 0.000000 0.000000 0.000000 0.000000 0.000000 0.000000
21.296335 22.759706 24.285316 25.870768 27.509085 29.193453 30.922050 32.685013 34.480621 36.306595 38.153683 40.019104 41.900097 43.793205 45.696766 47.608425 49.525681 51.445400 53.367744 55.291374 57.221893 59.158092 61.090244 63.020752 64.950958 66.888618 68.823662 70.746986 72.687828 74.638039 76.587044 78.529854 80.470047 82.411255 84.355553 86.291367 88.218002 90.141235 92.075699 94.015717 95.919479 97.862198 99.838165 101.831085 103.913536 106.068115 108.443672 111.087524 114.188118 117.868958 0.000000 0.000000 0.000000 0.000000 0.000000 0.000000 0.000000 0.000000
21.887381 23.384991 24.941965 26.555618 28.218723 29.924631 31.673590 33.452309 35.261116 37.098763 38.954437 40.826969 42.713577 44.610832 46.517693 48.431896 50.351028 52.271809 54.195133 56.119450 58.050533 59.987392 61.919998 63.850784 65.781120 67.719551 69.654655 71.577263 73.516541 75.465652 77.413483 79.354446 81.292221 83.230621 85.172485 87.104378 89.027077 90.943878 92.871262 94.803963 96.709358 98.638847 100.603546 102.583420 104.645256 106.808823 109.231720 111.963028 115.128593 0.000000 0.000000 0.000000 0.000000 0.000000 0.000000 0.000000 0.000000 0.000000
22.547377 24.076822 25.663067 27.302879 28.988817 30.714407 32.482731 34.275696 36.096367 37.945084 39.808064 41.686848 43.578339 45.479099 47.388771 49.305161 51.225887 53.147388 55.071579 56.996475 58.927998 60.865406 62.798382 64.729340 66.659630 68.598755 70.533646 72.455223 74.392235 76.339844 78.285904 80.224579 82.159416 84.094452 86.033630 87.960884 89.878632 91.787621 93.706276 95.630135 97.526909 99.440842 101.394577 103.365555 105.428589 107.627716 110.132263 112.916748 0.000000 0.000000 0.000000 0.000000 0.000000 0.000000 0.000000 0.000000 0.000000 0.000000
23.269623 24.828154 26.441498 28.105457 29.812300 31.555828 33.335102 35.140617 36.971684 38.831032 40.699944 42.584110 44.479733 46.383308 48.295280 50.213486 52.135532 54.057247 55.982136 57.907433 59.839291 61.777096 63.710350 65.641220 67.571236 69.511208 71.445587 73.365631 75.299461 77.245033 79.188850 81.124763 83.056122 84.987091 86.923470 88.845291 90.756889 92.656296 94.564095 96.477318 98.361008 100.258751 102.205841 104.179817 106.271858 108.542503 111.096687 0.000000 0.000000 0.000000 0.000000 0.000000 0.000000 0.000000 0.000000 0.000000 0.000000 0.000000
24.037010 25.621115 27.258667 28.944006 30.669266 32.428398 34.219368 36.035732 37.875614 39.745121 41.618973 43.507584 45.406647 47.312332 49.226105 51.145741 53.068848 54.989937 56.915306 58.840878 60.772850 62.710888 64.644257 66.574867 68.504288 70.445694 72.379112 74.297295 76.226280 78.169266 80.110344 82.042953 83.970108 85.896484 87.830467 89.745689 91.649506 93.537117 95.431580 97.332985 99.202621 101.087448 103.039886 105.041107 107.196785 109.508224 0.000000 0.000000 0.000000 0.000000 0.000000 0.000000 0.000000 0.000000 0.000000 0.000000 0.000000 0.000000
24.842773 26.454847 28.114069 29.818495 31.560068 33.332954 35.134975 36.960823 38.808422 40.678890 42.566360 44.459106 46.361343 48.268970 50.184528 52.105736 54.030148 55.949703 57.875835 59.801876 61.734226 63.672737 65.606506 67.536926 69.465843 71.410141 73.342659 75.258911 77.181335 79.121651 81.059799 82.989136 84.911911 86.833115 88.766029 90.673668 92.568146 94.441559 96.320847 98.211090 100.070297 101.954620 103.936852 105.999443 108.186623 0.000000 0.000000 0.000000 0.000000 0.000000 0.000000 0.000000 0.000000 0.000000 0.000000 0.000000 0.000000 0.000000
25.686352 27.321526 28.999796 30.720984 32.476795 34.261616 36.073368 37.907448 39.761684 41.635658 43.523548 45.419491 47.324181 49.232944 51.149624 53.072002 54.997326 56.914078 58.840622 60.766853 62.699169 64.637726 66.571571 68.501328 70.429092 72.377075 74.308044 76.221756 78.135376 80.072250 82.006775 83.932121 85.849495 87.764320 89.696404 91.594559 93.477402 95.333115 97.196426 99.079109 100.938637 102.847092 104.892914 106.985046 0.000000 0.000000 0.000000 0.000000 0.000000 0.000000 0.000000 0.000000 0.000000 0.000000 0.000000 0.000000 0.000000 0.000000
26.554783 28.209326 29.903778 31.639126 33.406784 35.201439 37.021206 38.861866 40.721336 42.598740 44.488705 46.387173 48.293770 50.202877 52.120274 54.043484 55.969635 57.895905 59.823109 61.749641 63.682083 65.620834 67.554886 69.483955 71.410446 73.346428 75.275467 77.186142 79.107040 81.040222 82.970970 84.892082 86.803406 88.710686 90.621338 92.507797 94.377190 96.212570 98.062874 99.949318 101.832253 103.799744 105.877945 0.000000 0.000000 0.000000 0.000000 0.000000 0.000000 0.000000 0.000000 0.000000 0.000000 0.000000 0.000000 0.000000 0.000000 0.000000
27.445024 29.115995 30.824015 32.571228 34.348717 36.151424 37.977764 39.823685 41.687325 43.567543 45.459755 47.360176 49.268280 51.176636 53.094372 55.018208 56.944939 58.876305 60.803726 62.730202 64.662331 66.600769 68.534698 70.462540 72.387115 74.316727 76.243225 78.150276 80.071091 81.999527 83.925606 85.841393 87.745140 89.642937 91.537804 93.410950 95.266411 97.082520 98.931030 100.844254 102.782974 104.778893 0.000000 0.000000 0.000000 0.000000 0.000000 0.000000 0.000000 0.000000 0.000000 0.000000 0.000000 0.000000 0.000000 0.000000 0.000000 0.000000
28.353645 30.038465 31.757732 33.514763 35.300285 37.109505 38.941254 40.791344 42.658218 44.540623 46.434677 48.336647 50.245888 52.152134 54.069767 55.993988 57.921043 59.857018 61.784382 63.710480 65.641869 67.579590 69.513046 71.439171 73.361328 75.285873 77.209427 79.112160 81.030029 82.952339 84.872833 86.782097 88.676422 90.562683 92.442505 94.301659 96.146454 97.974533 99.845619 101.818947 103.780495 0.000000 0.000000 0.000000 0.000000 0.000000 0.000000 0.000000 0.000000 0.000000 0.000000 0.000000 0.000000 0.000000 0.000000 0.000000 0.000000 0.000000
29.277363 30.973682 32.702065 34.467117 36.259098 38.073532 39.909679 41.763027 43.632393 45.516422 47.411888 49.315010 51.225155 53.127918 55.045044 56.969410 58.896484 60.837524 62.764568 64.689911 66.620155 68.556747 70.489471 72.413422 74.332649 76.251862 78.171906 80.069565 81.983177 83.897690 85.811440 87.712746 89.595627 91.468407 93.333382 95.181694 97.026215 98.879967 100.807388 102.808876 0.000000 0.000000 0.000000 0.000000 0.000000 0.000000 0.000000 0.000000 0.000000 0.000000 0.000000 0.000000 0.000000 0.000000 0.000000 0.000000 0.000000 0.000000
30.213242 31.918983 33.654575 35.426048 37.223145 39.041622 40.881351 42.737160 44.608406 46.493637 48.390099 50.294064 52.204895 54.115208 56.031616 57.956268 59.883373 61.816578 63.742912 65.667076 67.595726 69.530792 71.462837 73.384033 75.299789 77.212837 79.128746 81.020302 82.928474 84.833984 86.739494 88.631538 90.501167 92.360023 94.213242 96.061104 97.927521 99.835495 101.788071 0.000000 0.000000 0.000000 0.000000 0.000000 0.000000 0.000000 0.000000 0.000000 0.000000 0.000000 0.000000 0.000000 0.000000 0.000000 0.000000 0.000000 0.000000 0.000000
31.159023 32.872349 34.613476 36.389992 38.191029 40.012611 41.855309 43.712955 45.585575 47.471649 49.368828 51.273365 53.184624 55.097584 57.011993 58.936470 60.863140 62.793243 64.718437 66.641029 68.567528 70.500443 72.432396 74.350365 76.262131 78.167229 80.078270 81.962288 83.863686 85.778465 87.674568 89.557312 91.413582 93.261894 95.114243 96.984016 98.904243 100.832329 0.000000 0.000000 0.000000 0.000000 0.000000 0.000000 0.000000 0.000000 0.000000 0.000000 0.000000 0.000000 0.000000 0.000000 0.000000 0.000000 0.000000 0.000000 0.000000 0.000000
32.120052 33.839767 35.585209 37.366055 39.170506 40.994823 42.840614 44.700012 46.574036 48.461140 50.359192 52.264484 54.176392 56.090748 58.002048 59.926418 61.852642 63.781212 65.705269 67.626205 69.550476 71.481201 73.414436 75.329155 77.236839 79.131966 81.037758 82.912788 84.805901 86.702515 88.587799 90.462723 92.308327 94.155991 96.029243 97.952133 99.893158 0.000000 0.000000 0.000000 0.000000 0.000000 0.000000 0.000000 0.000000 0.000000 0.000000 0.000000 0.000000 0.000000 0.000000 0.000000 0.000000 0.000000 0.000000 0.000000 0.000000 0.000000
33.085243 34.809887 36.557854 38.341908 40.148815 41.975090 43.823963 45.684608 47.559586 49.447342 51.345917 53.251617 55.163780 57.078762 58.985264 60.908997 62.834217 64.761009 66.683357 68.601959 70.523232 72.451050 74.386528 76.297203 78.199890 80.082420 81.981491 83.845116 85.727844 87.609871 89.484230 91.356125 93.201035 95.069534 96.994949 98.937698 0.000000 0.000000 0.000000 0.000000 0.000000 0.000000 0.000000 0.000000 0.000000 0.000000 0.000000 0.000000 0.000000 0.000000 0.000000 0.000000 0.000000 0.000000 0.000000 0.000000 0.000000 0.000000
34.055141 35.783581 37.532291 39.318722 41.127449 42.955093 44.807598 46.669113 48.544743 50.432941 52.331787 54.237614 56.149773 58.065052 59.978996 61.902103 63.826244 65.751312 67.671844 69.588058 71.506119 73.430824 75.352402 77.258194 79.155167 81.040833 82.932274 84.782181 86.653236 88.522575 90.389664 92.249290 94.114807 96.034943 97.979271 0.000000 0.000000 0.000000 0.000000 0.000000 0.000000 0.000000 0.000000 0.000000 0.000000 0.000000 0.000000 0.000000 0.000000 0.000000 0.000000 0.000000 0.000000 0.000000 0.000000 0.000000 0.000000 0.000000
35.029270 36.760612 38.508514 40.296684 42.106693 43.935284 45.792004 47.654125 49.530212 51.418636 53.317558 55.223297 57.135159 59.050308 60.966141 62.888054 64.810608 66.733307 68.651398 70.564583 72.478584 74.399521 76.312874 78.213028 80.102837 81.982796 83.864937 85.698395 87.557289 89.417503 91.287193 93.163734 95.080322 97.018593 0.000000 0.000000 0.000000 0.000000 0.000000 0.000000 0.000000 0.000000 0.000000 0.000000 0.000000 0.000000 0.000000 0.000000 0.000000 0.000000 0.000000 0.000000 0.000000 0.000000 0.000000 0.000000 0.000000 0.000000
36.006798 37.740372 39.495068 41.284904 43.096153 44.925705 46.777061 48.639595 50.515919 52.404385 54.303177 56.208542 58.119820 60.034439 61.950073 63.870399 65.790764 67.710693 69.625839 71.535461 73.444641 75.361168 77.267456 79.160606 81.041702 82.911552 84.783287 86.598518 88.448540 90.310020 92.203278 94.129539 96.063377 0.000000 0.000000 0.000000 0.000000 0.000000 0.000000 0.000000 0.000000 0.000000 0.000000 0.000000 0.000000 0.000000 0.000000 0.000000 0.000000 0.000000 0.000000 0.000000 0.000000 0.000000 0.000000 0.000000 0.000000 0.000000
36.986958 38.722195 40.479824 42.270790 44.082699 45.912819 47.762444 49.625156 51.501511 53.389782 55.288216 57.192921 59.103249 61.016808 62.931461 64.849686 66.767502 68.684242 70.595970 72.501350 74.404907 76.316200 78.214729 80.099289 81.969742 83.827080 85.688408 87.486633 89.337883 91.222458 93.169388 95.112000 0.000000 0.000000 0.000000 0.000000 0.000000 0.000000 0.000000 0.000000 0.000000 0.000000 0.000000 0.000000 0.000000 0.000000 0.000000 0.000000 0.000000 0.000000 0.000000 0.000000 0.000000 0.000000 0.000000 0.000000 0.000000 0.000000
37.969006 39.705425 41.464565 43.256336 45.068256 46.898678 48.747536 50.610210 52.486328 54.374157 56.271942 58.175659 60.084618 61.996643 63.909683 65.825386 67.740120 69.653275 71.560997 73.461517 75.358284 77.263313 79.152641 81.026802 82.885010 84.728752 86.582916 88.371162 90.245239 92.184326 94.151276 0.000000 0.000000 0.000000 0.000000 0.000000 0.000000 0.000000 0.000000 0.000000 0.000000 0.000000 0.000000 0.000000 0.000000 0.000000 0.000000 0.000000 0.000000 0.000000 0.000000 0.000000 0.000000 0.000000 0.000000 0.000000 0.000000 0.000000
38.952198 40.689438 42.449474 44.241745 46.053085 47.883564 49.731754 51.594124 53.469730 55.356762 57.253532 59.155827 61.063026 62.973022 64.883949 66.796616 68.707779 70.616837 72.519897 74.414604 76.302933 78.200348 80.078789 81.940857 83.786354 85.619026 87.475708 89.271889 91.199112 93.159935 0.000000 0.000000 0.000000 0.000000 0.000000 0.000000 0.000000 0.000000 0.000000 0.000000 0.000000 0.000000 0.000000 0.000000 0.000000 0.000000 0.000000 0.000000 0.000000 0.000000 0.000000 0.000000 0.000000 0.000000 0.000000 0.000000 0.000000 0.000000
39.935806 41.673561 43.434151 45.226784 47.037354 48.867664 50.714939 52.576729 54.451500 56.337379 58.232819 60.133289 62.038258 63.945740 65.853935 67.763123 69.670174 71.574455 73.471992 75.359657 77.237167 79.125587 80.991570 82.841049 84.676323 86.507439 88.386879 90.237495 92.184341 0.000000 0.000000 0.000000 0.000000 0.000000 0.000000 0.000000 0.000000 0.000000 0.000000 0.000000 0.000000 0.000000 0.000000 0.000000 0.000000 0.000000 0.000000 0.000000 0.000000 0.000000 0.000000 0.000000 0.000000 0.000000 0.000000 0.000000 0.000000 0.000000
40.919582 42.657600 44.418453 46.211166 48.031773 49.862095 51.708668 53.569996 55.443993 57.328827 59.223019 61.121693 63.024445 64.929337 66.834709 68.740334 70.643005 72.542160 74.433357 76.312904 78.176849 80.055588 81.909012 83.748871 85.583458 87.433929 89.365318 91.225243 0.000000 0.000000 0.000000 0.000000 0.000000 0.000000 0.000000 0.000000 0.000000 0.000000 0.000000 0.000000 0.000000 0.000000 0.000000 0.000000 0.000000 0.000000 0.000000 0.000000 0.000000 0.000000 0.000000 0.000000 0.000000 0.000000 0.000000 0.000000 0.000000 0.000000
41.912941 43.651402 45.412651 47.205589 49.021961 50.851902 52.697315 54.557697 56.430405 58.313641 60.206123 62.102394 64.002357 65.904060 67.805847 69.707092 71.604424 73.497139 75.380402 77.249939 79.096451 80.965210 82.808517 84.647415 86.500519 88.399895 90.348526 0.000000 0.000000 0.000000 0.000000 0.000000 0.000000 0.000000 0.000000 0.000000 0.000000 0.000000 0.000000 0.000000 0.000000 0.000000 0.000000 0.000000 0.000000 0.000000 0.000000 0.000000 0.000000 0.000000 0.000000 0.000000 0.000000 0.000000 0.000000 0.000000 0.000000 0.000000
42.903187 44.641762 46.403015 48.195824 50.010525 51.839783 53.683632 55.542656 57.413677 59.294880 61.185326 63.078751 64.975449 66.873375 68.770851 70.666893 72.557632 74.442459 76.316032 78.174057 80.000534 81.862091 83.704140 85.561264 87.460510 89.374168 0.000000 0.000000 0.000000 0.000000 0.000000 0.000000 0.000000 0.000000 0.000000 0.000000 0.000000 0.000000 0.000000 0.000000 0.000000 0.000000 0.000000 0.000000 0.000000 0.000000 0.000000 0.000000 0.000000 0.000000 0.000000 0.000000 0.000000 0.000000 0.000000 0.000000 0.000000 0.000000
43.892685 45.631149 47.392056 49.184444 50.998138 52.826427 54.668312 56.525597 58.394527 60.273308 62.161362 64.051575 65.944504 67.838020 69.730293 71.620049 73.502693 75.377922 77.240280 79.086441 80.912285 82.776024 84.636284 86.539742 88.448608 0.000000 0.000000 0.000000 0.000000 0.000000 0.000000 0.000000 0.000000 0.000000 0.000000 0.000000 0.000000 0.000000 0.000000 0.000000 0.000000 0.000000 0.000000 0.000000 0.000000 0.000000 0.000000 0.000000 0.000000 0.000000 0.000000 0.000000 0.000000 0.000000 0.000000 0.000000 0.000000 0.000000
44.881958 46.620079 48.380356 50.172020 51.984673 53.811710 55.651215 57.506371 59.372833 61.248798 63.134159 65.020638 66.909172 68.797508 70.683456 72.565506 74.438087 76.302216 78.152924 79.989601 81.816574 83.701340 85.607124 87.520569 0.000000 0.000000 0.000000 0.000000 0.000000 0.000000 0.000000 0.000000 0.000000 0.000000 0.000000 0.000000 0.000000 0.000000 0.000000 0.000000 0.000000 0.000000 0.000000 0.000000 0.000000 0.000000 0.000000 0.000000 0.000000 0.000000 0.000000 0.000000 0.000000 0.000000 0.000000 0.000000 0.000000 0.000000
45.870815 47.608410 49.367710 51.158356 52.969631 54.795116 56.631775 58.484409 60.347977 62.220661 64.103058 65.985176 67.868591 69.750710 71.628914 73.501480 75.362045 77.214485 79.055870 80.891548 82.736855 84.670013 86.585083 0.000000 0.000000 0.000000 0.000000 0.000000 0.000000 0.000000 0.000000 0.000000 0.000000 0.000000 0.000000 0.000000 0.000000 0.000000 0.000000 0.000000 0.000000 0.000000 0.000000 0.000000 0.000000 0.000000 0.000000 0.000000 0.000000 0.000000 0.000000 0.000000 0.000000 0.000000 0.000000 0.000000 0.000000 0.000000
46.858707 48.595486 50.353489 52.142712 53.952240 55.775898 57.609112 59.458851 61.319088 63.188034 65.067070 66.944092 68.821297 70.695686 72.564522 74.426193 76.273590 78.116547 79.956902 81.809906 83.701027 85.646820 0.000000 0.000000 0.000000 0.000000 0.000000 0.000000 0.000000 0.000000 0.000000 0.000000 0.000000 0.000000 0.000000 0.000000 0.000000 0.000000 0.000000 0.000000 0.000000 0.000000 0.000000 0.000000 0.000000 0.000000 0.000000 0.000000 0.000000 0.000000 0.000000 0.000000 0.000000 0.000000 0.000000 0.000000 0.000000 0.000000
47.844936 49.580635 51.336948 53.124409 54.931789 56.753281 58.582249 60.428638 62.285076 64.149689 66.025047 67.895889 69.765472 71.630608 73.488564 75.338737 77.175179 79.016983 80.874435 82.770752 84.672012 0.000000 0.000000 0.000000 0.000000 0.000000 0.000000 0.000000 0.000000 0.000000 0.000000 0.000000 0.000000 0.000000 0.000000 0.000000 0.000000 0.000000 0.000000 0.000000 0.000000 0.000000 0.000000 0.000000 0.000000 0.000000 0.000000 0.000000 0.000000 0.000000 0.000000 0.000000 0.000000 0.000000 0.000000 0.000000 0.000000 0.000000
48.829327 50.563610 52.317837 54.103104 55.907997 57.727074 59.550468 61.393009 63.245022 65.104507 66.976028 68.839355 70.699722 72.554047 74.400497 76.241455 78.093086 79.952118 81.853104 83.755447 0.000000 0.000000 0.000000 0.000000 0.000000 0.000000 0.000000 0.000000 0.000000 0.000000 0.000000 0.000000 0.000000 0.000000 0.000000 0.000000 0.000000 0.000000 0.000000 0.000000 0.000000 0.000000 0.000000 0.000000 0.000000 0.000000 0.000000 0.000000 0.000000 0.000000 0.000000 0.000000 0.000000 0.000000 0.000000 0.000000 0.000000 0.000000
49.822952 51.555935 53.308090 55.091190 56.893639 58.710407 60.526932 62.365463 64.212654 66.066353 67.934639 69.789314 71.639427 73.482780 75.320328 77.160278 79.021729 80.923714 82.830933 0.000000 0.000000 0.000000 0.000000 0.000000 0.000000 0.000000 0.000000 0.000000 0.000000 0.000000 0.000000 0.000000 0.000000 0.000000 0.000000 0.000000 0.000000 0.000000 0.000000 0.000000 0.000000 0.000000 0.000000 0.000000 0.000000 0.000000 0.000000 0.000000 0.000000 0.000000 0.000000 0.000000 0.000000 0.000000 0.000000 0.000000 0.000000 0.000000
50.810551 52.541851 54.291416 56.071804 57.871330 59.685474 61.493145 63.326736 65.167961 67.014343 68.879082 70.723480 72.562607 74.397026 76.233246 78.089546 79.991219 81.898651 0.000000 0.000000 0.000000 0.000000 0.000000 0.000000 0.000000 0.000000 0.000000 0.000000 0.000000 0.000000 0.000000 0.000000 0.000000 0.000000 0.000000 0.000000 0.000000 0.000000 0.000000 0.000000 0.000000 0.000000 0.000000 0.000000 0.000000 0.000000 0.000000 0.000000 0.000000 0.000000 0.000000 0.000000 0.000000 0.000000 0.000000 0.000000 0.000000 0.000000
51.794651 53.523922 55.270458 57.047714 58.843884 60.655327 62.466522 64.294563 66.128922 67.966713 69.812210 71.645737 73.475945 75.309036 77.161255 79.059258 80.965080 0.000000 0.000000 0.000000 0.000000 0.000000 0.000000 0.000000 0.000000 0.000000 0.000000 0.000000 0.000000 0.000000 0.000000 0.000000 0.000000 0.000000 0.000000 0.000000 0.000000 0.000000 0.000000 0.000000 0.000000 0.000000 0.000000 0.000000 0.000000 0.000000 0.000000 0.000000 0.000000 0.000000 0.000000 0.000000 0.000000 0.000000 0.000000 0.000000 0.000000 0.000000
52.775517 54.502457 56.245544 58.019226 59.811558 61.620506 63.428837 65.249901 67.075668 68.903351 70.735023 72.559677 74.388573 76.237419 78.130653 80.032471 0.000000 0.000000 0.000000 0.000000 0.000000 0.000000 0.000000 0.000000 0.000000 0.000000 0.000000 0.000000 0.000000 0.000000 0.000000 0.000000 0.000000 0.000000 0.000000 0.000000 0.000000 0.000000 0.000000 0.000000 0.000000 0.000000 0.000000 0.000000 0.000000 0.000000 0.000000 0.000000 0.000000 0.000000 0.000000 0.000000 0.000000 0.000000 0.000000 0.000000 0.000000 0.000000
53.752605 55.476940 57.216129 58.985653 60.773563 62.580368 64.382851 66.195435 68.011200 69.828178 71.649948 73.473358 75.317734 77.206993 79.103264 0.000000 0.000000 0.000000 0.000000 0.000000 0.000000 0.000000 0.000000 0.000000 0.000000 0.000000 0.000000 0.000000 0.000000 0.000000 0.000000 0.000000 0.000000 0.000000 0.000000 0.000000 0.000000 0.000000 0.000000 0.000000 0.000000 0.000000 0.000000 0.000000 0.000000 0.000000 0.000000 0.000000 0.000000 0.000000 0.000000 0.000000 0.000000 0.000000 0.000000 0.000000 0.000000 0.000000
54.725544 56.447044 58.181816 59.946415 61.729053 63.533840 65.328621 67.131302 68.936577 70.744728 72.564522 74.403244 76.287582 78.179108 0.000000 0.000000 0.000000 0.000000 0.000000 0.000000 0.000000 0.000000 0.000000 0.000000 0.000000 0.000000 0.000000 0.000000 0.000000 0.000000 0.000000 0.000000 0.000000 0.000000 0.000000 0.000000 0.000000 0.000000 0.000000 0.000000 0.000000 0.000000 0.000000 0.000000 0.000000 0.000000 0.000000 0.000000 0.000000 0.000000 0.000000 0.000000 0.000000 0.000000 0.000000 0.000000 0.000000 0.000000
55.706738 57.425655 59.155651 60.914757 62.691433 64.479576 66.265144 68.057495 69.854073 71.660744 73.495209 75.373337 77.259132 0.000000 0.000000 0.000000 0.000000 0.000000 0.000000 0.000000 0.000000 0.000000 0.000000 0.000000 0.000000 0.000000 0.000000 0.000000 0.000000 0.000000 0.000000 0.000000 0.000000 0.000000 0.000000 0.000000 0.000000 0.000000 0.000000 0.000000 0.000000 0.000000 0.000000 0.000000 0.000000 0.000000 0.000000 0.000000 0.000000 0.000000 0.000000 0.000000 0.000000 0.000000 0.000000 0.000000 0.000000 0.000000
56.678608 58.394947 60.119053 61.871220 63.640682 65.416367 67.192123 68.975952 70.771111 72.592484 74.465508 76.344414 0.000000 0.000000 0.000000 0.000000 0.000000 0.000000 0.000000 0.000000 0.000000 0.000000 0.000000 0.000000 0.000000 0.000000 0.000000 0.000000 0.000000 0.000000 0.000000 0.000000 0.000000 0.000000 0.000000 0.000000 0.000000 0.000000 0.000000 0.000000 0.000000 0.000000 0.000000 0.000000 0.000000 0.000000 0.000000 0.000000 0.000000 0.000000 0.000000 0.000000 0.000000 0.000000 0.000000 0.000000 0.000000 0.000000
57.643475 59.357533 61.074402 62.818085 64.579422 66.343834 68.111542 69.893929 71.703659 73.563210 75.436035 0.000000 0.000000 0.000000 0.000000 0.000000 0.000000 0.000000 0.000000 0.000000 0.000000 0.000000 0.000000 0.000000 0.000000 0.000000 0.000000 0.000000 0.000000 0.000000 0.000000 0.000000 0.000000 0.000000 0.000000 0.000000 0.000000 0.000000 0.000000 0.000000 0.000000 0.000000 0.000000 0.000000 0.000000 0.000000 0.000000 0.000000 0.000000 0.000000 0.000000 0.000000 0.000000 0.000000 0.000000 0.000000 0.000000 0.000000
58.601616 60.313507 62.021553 63.755386 65.508507 67.263931 69.030457 70.827164 72.674644 74.533279 0.000000 0.000000 0.000000 0.000000 0.000000 0.000000 0.000000 0.000000 0.000000 0.000000 0.000000 0.000000 0.000000 0.000000 0.000000 0.000000 0.000000 0.000000 0.000000 0.000000 0.000000 0.000000 0.000000 0.000000 0.000000 0.000000 0.000000 0.000000 0.000000 0.000000 0.000000 0.000000 0.000000 0.000000 0.000000 0.000000 0.000000 0.000000 0.000000 0.000000 0.000000 0.000000 0.000000 0.000000 0.000000 0.000000 0.000000 0.000000
59.565868 61.261848 62.959568 64.683083 66.430099 68.183601 69.964401 71.798401 73.644272 0.000000 0.000000 0.000000 0.000000 0.000000 0.000000 0.000000 0.000000 0.000000 0.000000 0.000000 0.000000 0.000000 0.000000 0.000000 0.000000 0.000000 0.000000 0.000000 0.000000 0.000000 0.000000 0.000000 0.000000 0.000000 0.000000 0.000000 0.000000 0.000000 0.000000 0.000000 0.000000 0.000000 0.000000 0.000000 0.000000 0.000000 0.000000 0.000000 0.000000 0.000000 0.000000 0.000000 0.000000 0.000000 0.000000 0.000000 0.000000 0.000000
60.517204 62.201389 63.888012 65.603218 67.351212 69.118248 70.935928 72.767586 0.000000 0.000000 0.000000 0.000000 0.000000 0.000000 0.000000 0.000000 0.000000 0.000000 0.000000 0.000000 0.000000 0.000000 0.000000 0.000000 0.000000 0.000000 0.000000 0.000000 0.000000 0.000000 0.000000 0.000000 0.000000 0.000000 0.000000 0.000000 0.000000 0.000000 0.000000 0.000000 0.000000 0.000000 0.000000 0.000000 0.000000 0.000000 0.000000 0.000000 0.000000 0.000000 0.000000 0.000000 0.000000 0.000000 0.000000 0.000000 0.000000 0.000000
61.457611 63.131477 64.808571 66.522728 68.286896 70.090012 71.904686 0.000000 0.000000 0.000000 0.000000 0.000000 0.000000 0.000000 0.000000 0.000000 0.000000 0.000000 0.000000 0.000000 0.000000 0.000000 0.000000 0.000000 0.000000 0.000000 0.000000 0.000000 0.000000 0.000000 0.000000 0.000000 0.000000 0.000000 0.000000 0.000000 0.000000 0.000000 0.000000 0.000000 0.000000 0.000000 0.000000 0.000000 0.000000 0.000000 0.000000 0.000000 0.000000 0.000000 0.000000 0.000000 0.000000 0.000000 0.000000 0.000000 0.000000 0.000000
62.387409 64.053474 65.727676 67.456451 69.259117 71.058357 0.000000 0.000000 0.000000 0.000000 0.000000 0.000000 0.000000 0.000000 0.000000 0.000000 0.000000 0.000000 0.000000 0.000000 0.000000 0.000000 0.000000 0.000000 0.000000 0.000000 0.000000 0.000000 0.000000 0.000000 0.000000 0.000000 0.000000 0.000000 0.000000 0.000000 0.000000 0.000000 0.000000 0.000000 0.000000 0.000000 0.000000 0.000000 0.000000 0.000000 0.000000 0.000000 0.000000 0.000000 0.000000 0.000000 0.000000 0.000000 0.000000 0.000000 0.000000 0.000000
63.308083 64.973457 66.659744 68.425690 70.227165 0.000000 0.000000 0.000000 0.000000 0.000000 0.000000 0.000000 0.000000 0.000000 0.000000 0.000000 0.000000 0.000000 0.000000 0.000000 0.000000 0.000000 0.000000 0.000000 0.000000 0.000000 0.000000 0.000000 0.000000 0.000000 0.000000 0.000000 0.000000 0.000000 0.000000 0.000000 0.000000 0.000000 0.000000 0.000000 0.000000 0.000000 0.000000 0.000000 0.000000 0.000000 0.000000 0.000000 0.000000 0.000000 0.000000 0.000000 0.000000 0.000000 0.000000 0.000000 0.000000 0.000000
64.225838 65.906029 67.625801 69.389160 0.000000 0.000000 0.000000 0.000000 0.000000 0.000000 0.000000 0.000000 0.000000 0.000000 0.000000 0.000000 0.000000 0.000000 0.000000 0.000000 0.000000 0.000000 0.000000 0.000000 0.000000 0.000000 0.000000 0.000000 0.000000 0.000000 0.000000 0.000000 0.000000 0.000000 0.000000 0.000000 0.000000 0.000000 0.000000 0.000000 0.000000 0.000000 0.000000 0.000000 0.000000 0.000000 0.000000 0.000000 0.000000 0.000000 0.000000 0.000000 0.000000 0.000000 0.000000 0.000000 0.000000 0.000000
65.165085 66.887802 68.594429 0.000000 0.000000 0.000000 0.000000 0.000000 0.000000 0.000000 0.000000 0.000000 0.000000 0.000000 0.000000 0.000000 0.000000 0.000000 0.000000 0.000000 0.000000 0.000000 0.000000 0.000000 0.000000 0.000000 0.000000 0.000000 0.000000 0.000000 0.000000 0.000000 0.000000 0.000000 0.000000 0.000000 0.000000 0.000000 0.000000 0.000000 0.000000 0.000000 0.000000 0.000000 0.000000 0.000000 0.000000 0.000000 0.000000 0.000000 0.000000 0.000000 0.000000 0.000000 0.000000 0.000000 0.000000 0.000000
66.148720 67.857506 0.000000 0.000000 0.000000 0.000000 0.000000 0.000000 0.000000 0.000000 0.000000 0.000000 0.000000 0.000000 0.000000 0.000000 0.000000 0.000000 0.000000 0.000000 0.000000 0.000000 0.000000 0.000000 0.000000 0.000000 0.000000 0.000000 0.000000 0.000000 0.000000 0.000000 0.000000 0.000000 0.000000 0.000000 0.000000 0.000000 0.000000 0.000000 0.000000 0.000000 0.000000 0.000000 0.000000 0.000000 0.000000 0.000000 0.000000 0.000000 0.000000 0.000000 0.000000 0.000000 0.000000 0.000000 0.000000 0.000000
67.118355 0.000000 0.000000 0.000000 0.000000 0.000000 0.000000 0.000000 0.000000 0.000000 0.000000 0.000000 0.000000 0.000000 0.000000 0.000000 0.000000 0.000000 0.000000 0.000000 0.000000 0.000000 0.000000 0.000000 0.000000 0.000000 0.000000 0.000000 0.000000 0.000000 0.000000 0.000000 0.000000 0.000000 0.000000 0.000000 0.000000 0.000000 0.000000 0.000000 0.000000 0.000000 0.000000 0.000000 0.000000 0.000000 0.000000 0.000000 0.000000 0.000000 0.000000 0.000000 0.000000 0.000000 0.000000 0.000000 0.000000 0.000000
