33.119217 33.276218 33.467873 33.670761 33.916679 34.196468 34.511276 34.870033 35.272720 35.733452 36.226398 36.773312 37.372627 38.027802 38.743347 39.516552 40.384514 41.344414 42.429390 43.687138 45.147118 46.896164 49.036388 51.714329 55.102894 59.453014 65.140450 72.772690 83.726486 101.197990 133.015411 201.000000
32.142876 32.299660 32.492161 32.693657 32.939232 33.218628 33.532967 33.891205 34.293327 34.754688 35.246899 35.793076 36.391563 37.045895 37.760502 38.531368 39.398285 40.356964 41.440628 42.698341 44.156639 45.903782 48.041569 50.716606 54.101418 58.446823 64.129395 71.761063 82.739952 100.324059 132.397247 0.000000
31.106091 31.262669 31.458969 31.656075 31.901302 32.180302 32.493816 32.851524 33.253086 33.718502 34.209694 34.755142 35.352848 36.006306 36.720024 37.485107 38.351421 39.308971 40.391609 41.653629 43.111137 44.857300 46.993538 49.667149 53.050179 57.394165 63.081791 70.748085 81.873505 99.871437 0.000000 0.000000
30.079494 30.235878 30.429583 30.628828 30.873877 31.152538 31.464394 31.821644 32.222691 32.686329 33.175537 33.720303 34.317249 34.969963 35.682907 36.450150 37.317444 38.274605 39.357239 40.616554 42.074947 43.822170 45.958012 48.633610 52.019669 56.373085 62.102745 69.923111 81.500099 0.000000 0.000000 0.000000
29.056654 29.212856 29.404783 29.605371 29.850496 30.128826 30.436165 30.792988 31.193569 31.659307 32.143559 32.687672 33.283970 33.936092 34.648537 35.417393 36.289791 37.247272 38.331436 39.591263 41.053940 42.805805 44.942230 47.626579 51.028381 55.427612 61.321880 69.598869 0.000000 0.000000 0.000000 0.000000
28.037506 28.193567 28.384565 28.585699 28.831865 29.109917 29.418962 29.775480 30.175722 30.638206 31.124205 31.667999 32.263992 32.916016 33.628712 34.399136 35.270679 36.229237 37.317593 38.582760 40.055965 41.817776 43.972942 46.682034 50.138184 54.700352 61.041260 0.000000 0.000000 0.000000 0.000000 0.000000
27.022482 27.178417 27.369209 27.570272 27.820135 28.098038 28.408024 28.764322 29.164330 29.625294 30.112333 30.656033 31.252058 31.904585 32.618382 33.391033 34.264717 35.223885 36.320435 37.597420 39.092392 40.870853 43.060699 45.833992 49.456577 54.467068 0.000000 0.000000 0.000000 0.000000 0.000000 0.000000
26.021460 26.177364 26.368935 26.569111 26.817177 27.094955 27.405172 27.761385 28.161282 28.622749 29.110235 29.654287 30.250744 30.904646 31.620937 32.396656 33.276443 34.247620 35.358414 36.656780 38.177235 39.999290 42.264057 45.212826 49.271122 0.000000 0.000000 0.000000 0.000000 0.000000 0.000000 0.000000
25.027479 25.183403 25.378107 25.575148 25.822268 26.100031 26.410128 26.766283 27.166204 27.631363 28.119236 28.664219 29.261314 29.917950 30.638739 31.417665 32.308270 33.296246 34.429005 35.763329 37.329201 39.234921 41.684254 45.066998 0.000000 0.000000 0.000000 0.000000 0.000000 0.000000 0.000000 0.000000
24.047096 24.203112 24.395718 24.595076 24.842113 25.120039 25.430130 25.786531 26.186758 26.650375 27.139101 27.685926 28.283056 28.944330 29.672447 30.465208 31.372620 32.384682 33.549984 34.931759 36.584545 38.681606 41.569489 0.000000 0.000000 0.000000 0.000000 0.000000 0.000000 0.000000 0.000000 0.000000
23.071934 23.228094 23.419264 23.620443 23.867897 24.146080 24.456457 24.813314 25.213800 25.676853 26.167347 26.717495 27.324650 27.993519 28.733181 29.544939 30.477076 31.524096 32.737862 34.208317 36.055370 38.591839 0.000000 0.000000 0.000000 0.000000 0.000000 0.000000 0.000000 0.000000 0.000000 0.000000
22.107662 22.264055 22.454399 22.657007 22.905090 23.183908 23.494928 23.852631 24.253273 24.716988 25.210808 25.767000 26.379934 27.060274 27.817024 28.654709 29.622244 30.722349 32.032078 33.698036 35.980980 0.000000 0.000000 0.000000 0.000000 0.000000 0.000000 0.000000 0.000000 0.000000 0.000000 0.000000
21.148088 21.304827 21.494650 21.698448 21.947212 22.227047 22.539135 22.898157 23.297457 23.763096 24.262197 24.829344 25.449648 26.146826 26.928152 27.802090 28.822701 30.015598 31.528181 33.629677 0.000000 0.000000 0.000000 0.000000 0.000000 0.000000 0.000000 0.000000 0.000000 0.000000 0.000000 0.000000
20.193127 20.350349 20.539286 20.744406 20.993830 21.275679 21.588760 21.949829 22.353575 22.822905 23.330111 23.907036 24.546316 25.267881 26.084570 27.012629 28.125692 29.516331 31.463100 0.000000 0.000000 0.000000 0.000000 0.000000 0.000000 0.000000 0.000000 0.000000 0.000000 0.000000 0.000000 0.000000
19.243324 19.401188 19.587574 19.794445 20.044462 20.330770 20.643656 21.007854 21.417048 21.892376 22.411541 23.004038 23.671303 24.427734 25.297396 26.318634 27.628218 29.454075 0.000000 0.000000 0.000000 0.000000 0.000000 0.000000 0.000000 0.000000 0.000000 0.000000 0.000000 0.000000 0.000000 0.000000
18.299475 18.458223 18.646189 18.855892 19.106365 19.393869 19.711824 20.080856 20.497372 20.982246 21.519117 22.135025 22.835537 23.644163 24.605562 25.823734 27.566561 0.000000 0.000000 0.000000 0.000000 0.000000 0.000000 0.000000 0.000000 0.000000 0.000000 0.000000 0.000000 0.000000 0.000000 0.000000
17.362101 17.522068 17.711296 17.926119 18.176054 18.466545 18.790377 19.166599 19.593485 20.092701 20.656023 21.305752 22.057207 22.956465 24.112816 25.763618 0.000000 0.000000 0.000000 0.000000 0.000000 0.000000 0.000000 0.000000 0.000000 0.000000 0.000000 0.000000 0.000000 0.000000 0.000000 0.000000
16.438461 16.600130 16.790218 17.007397 17.261606 17.557854 17.888813 18.275629 18.717621 19.238052 19.833439 20.533905 21.375486 22.467922 24.054056 0.000000 0.000000 0.000000 0.000000 0.000000 0.000000 0.000000 0.000000 0.000000 0.000000 0.000000 0.000000 0.000000 0.000000 0.000000 0.000000 0.000000
15.526996 15.690993 15.881040 16.102213 16.361872 16.667999 17.007372 17.409403 17.872953 18.424171 19.068468 19.857187 20.892929 22.412016 0.000000 0.000000 0.000000 0.000000 0.000000 0.000000 0.000000 0.000000 0.000000 0.000000 0.000000 0.000000 0.000000 0.000000 0.000000 0.000000 0.000000 0.000000
14.630748 14.797943 14.992359 15.219588 15.486643 15.802678 16.158312 16.581961 17.076097 17.674446 18.405136 19.383400 20.841192 0.000000 0.000000 0.000000 0.000000 0.000000 0.000000 0.000000 0.000000 0.000000 0.000000 0.000000 0.000000 0.000000 0.000000 0.000000 0.000000 0.000000 0.000000 0.000000
13.753447 13.924963 14.125141 14.360890 14.638282 14.969106 15.346695 15.800952 16.340029 17.021847 17.938536 19.337620 0.000000 0.000000 0.000000 0.000000 0.000000 0.000000 0.000000 0.000000 0.000000 0.000000 0.000000 0.000000 0.000000 0.000000 0.000000 0.000000 0.000000 0.000000 0.000000 0.000000
12.899362 13.076508 13.284608 13.531896 13.823963 14.176241 14.584135 15.084280 15.707203 16.570883 17.900654 0.000000 0.000000 0.000000 0.000000 0.000000 0.000000 0.000000 0.000000 0.000000 0.000000 0.000000 0.000000 0.000000 0.000000 0.000000 0.000000 0.000000 0.000000 0.000000 0.000000 0.000000
12.073353 12.257259 12.476412 12.739138 13.051766 13.435250 13.888131 14.468984 15.271810 16.541414 0.000000 0.000000 0.000000 0.000000 0.000000 0.000000 0.000000 0.000000 0.000000 0.000000 0.000000 0.000000 0.000000 0.000000 0.000000 0.000000 0.000000 0.000000 0.000000 0.000000 0.000000 0.000000
11.280715 11.476890 11.711687 11.994948 12.336540 12.762861 13.294516 14.051029 15.253572 0.000000 0.000000 0.000000 0.000000 0.000000 0.000000 0.000000 0.000000 0.000000 0.000000 0.000000 0.000000 0.000000 0.000000 0.000000 0.000000 0.000000 0.000000 0.000000 0.000000 0.000000 0.000000 0.000000
10.526955 10.739053 10.996136 11.306535 11.691114 12.193380 12.896329 14.045657 0.000000 0.000000 0.000000 0.000000 0.000000 0.000000 0.000000 0.000000 0.000000 0.000000 0.000000 0.000000 0.000000 0.000000 0.000000 0.000000 0.000000 0.000000 0.000000 0.000000 0.000000 0.000000 0.000000 0.000000
9.822012 10.055027 10.339951 10.692986 11.152977 11.821800 12.907256 0.000000 0.000000 0.000000 0.000000 0.000000 0.000000 0.000000 0.000000 0.000000 0.000000 0.000000 0.000000 0.000000 0.000000 0.000000 0.000000 0.000000 0.000000 0.000000 0.000000 0.000000 0.000000 0.000000 0.000000 0.000000
9.170918 9.431999 9.758027 10.184155 10.808379 11.849758 0.000000 0.000000 0.000000 0.000000 0.000000 0.000000 0.000000 0.000000 0.000000 0.000000 0.000000 0.000000 0.000000 0.000000 0.000000 0.000000 0.000000 0.000000 0.000000 0.000000 0.000000 0.000000 0.000000 0.000000 0.000000 0.000000
8.586007 8.887577 9.284987 9.869259 10.855659 0.000000 0.000000 0.000000 0.000000 0.000000 0.000000 0.000000 0.000000 0.000000 0.000000 0.000000 0.000000 0.000000 0.000000 0.000000 0.000000 0.000000 0.000000 0.000000 0.000000 0.000000 0.000000 0.000000 0.000000 0.000000 0.000000 0.000000
8.079226 8.450191 9.001786 9.937823 0.000000 0.000000 0.000000 0.000000 0.000000 0.000000 0.000000 0.000000 0.000000 0.000000 0.000000 0.000000 0.000000 0.000000 0.000000 0.000000 0.000000 0.000000 0.000000 0.000000 0.000000 0.000000 0.000000 0.000000 0.000000 0.000000 0.000000 0.000000
7.679582 8.200171 9.093142 0.000000 0.000000 0.000000 0.000000 0.000000 0.000000 0.000000 0.000000 0.000000 0.000000 0.000000 0.000000 0.000000 0.000000 0.000000 0.000000 0.000000 0.000000 0.000000 0.000000 0.000000 0.000000 0.000000 0.000000 0.000000 0.000000 0.000000 0.000000 0.000000
7.463848 8.315176 0.000000 0.000000 0.000000 0.000000 0.000000 0.000000 0.000000 0.000000 0.000000 0.000000 0.000000 0.000000 0.000000 0.000000 0.000000 0.000000 0.000000 0.000000 0.000000 0.000000 0.000000 0.000000 0.000000 0.000000 0.000000 0.000000 0.000000 0.000000 0.000000 0.000000
7.604394 0.000000 0.000000 0.000000 0.000000 0.000000 0.000000 0.000000 0.000000 0.000000 0.000000 0.000000 0.000000 0.000000 0.000000 0.000000 0.000000 0.000000 0.000000 0.000000 0.000000 0.000000 0.000000 0.000000 0.000000 0.000000 0.000000 0.000000 0.000000 0.000000 0.000000 0.000000
