0,0,-1.0172019999999975,0.8868790000000004,36.397659,0.0
0,1,-1.0172019999999975,0.8868790000000004,36.397659,0.0
0,2,-1.018209500000001,0.923172000000001,36.361366,0.0
0,3,-1.0192855000000023,0.9467130000000026,36.314283999999994,0.0
0,4,-1.0203880000000005,0.9888270000000006,36.187942,0.0
0,5,-1.0215265000000002,1.020786000000001,36.060106,0.0
0,6,-1.022705000000002,1.052706999999998,35.90050100000001,0.0
0,7,-1.0239294999999977,1.0956309999999974,35.64295700000002,0.0
0,8,-1.0251865000000002,1.1335030000000046,35.377852999999966,0.0
0,9,-1.0264679999999977,1.1868129999999937,34.95137300000005,0.0
0,10,-1.027835500000002,1.2202760000000055,34.65020599999995,0.0
0,11,-1.0292509999999986,1.2757189999999952,34.09577600000005,0.0
0,12,-1.0307464999999993,1.323639,33.568656,0.0
0,13,-1.0322765000000018,1.377598000000006,32.921147999999924,0.0
0,14,-1.0338780000000014,1.4375069999999965,32.14233100000005,0.0
0,15,-1.0355719999999984,1.4977269999999976,31.299251000000034,0.0
0,16,-1.037328500000001,1.5918460000000039,29.88746599999994,0.0
0,17,-1.0391879999999993,1.6804349999999957,28.47004200000007,0.0
0,18,-1.0412084999999998,1.8068590000000029,26.320833999999948,0.0
0,19,-1.0433655000000002,1.9733769999999993,23.323510000000013,0.0
0,20,-1.0457805000000029,2.1690790000000035,19.605171999999932,0.0
0,21,-1.0485134999999985,2.4495959999999926,13.994832000000152,0.0
0,22,-1.0516700000000014,2.8303450000000083,5.99910299999982,0.0
0,23,-1.0553854999999999,3.354179000000002,-5.525245000000041,0.0
0,24,-1.0595969999999966,4.064208999999991,-21.85593499999979,0.0
0,25,-1.0635984999999977,5.074425000000005,-46.101119000000125,0.0
0,26,-1.0694119999999998,6.561347999999995,-83.27419399999988,0.0
0,27,-1.0694119999999714,8.948898999999997,-145.35051999999996,0.0
0,28,-1.0691229999999905,13.365348000000012,-264.5946430000003,0.0
0,29,-1.041618000000085,22.25399799999998,-513.4768429999995,0.0
0,30,-0.948806999999988,41.47953800000002,-1071.0175030000005,0.0
0,31,-0.8433840000002419,87.631363,-2455.572253,0.0
1,0,-1.0162179999999985,0.8849110000000024,36.397659,0.008593000000001183
1,1,-1.0172019999999975,0.8868790000000004,36.397659,0.008448000000001343
1,2,-1.018209500000001,0.923172000000001,36.361366,0.00827650000000446
1,3,-1.0192855000000023,0.9467130000000026,36.314283999999994,0.008150499999999283
1,4,-1.0203880000000005,0.9888270000000006,36.187942,0.007996999999999588
1,5,-1.0215265000000002,1.020786000000001,36.060106,0.007831499999994662
1,6,-1.022705000000002,1.052706999999998,35.90050100000001,0.007702000000001874
1,7,-1.0239294999999977,1.0956309999999974,35.64295700000002,0.007507499999999112
1,8,-1.0251865000000002,1.1335030000000046,35.377852999999966,0.00732649999999424
1,9,-1.0264679999999977,1.1868129999999937,34.95137300000005,0.007113000000000369
1,10,-1.027835500000002,1.2202760000000055,34.65020599999995,0.006927500000003306
1,11,-1.0292509999999986,1.2757189999999952,34.09577600000005,0.0067210000000024195
1,12,-1.0307464999999993,1.323639,33.568656,0.006481499999999585
1,13,-1.0322765000000018,1.377598000000006,32.921147999999924,0.006301499999999294
1,14,-1.0338780000000014,1.4375069999999965,32.14233100000005,0.006073000000000661
1,15,-1.0355719999999984,1.4977269999999976,31.299251000000034,0.005863000000001506
1,16,-1.037328500000001,1.5918460000000039,29.88746599999994,0.005617499999999609
1,17,-1.0391879999999993,1.6804349999999957,28.47004200000007,0.0053520000000055745
1,18,-1.0412084999999998,1.8068590000000029,26.320833999999948,0.005063500000002108
1,19,-1.0433655000000002,1.9733769999999993,23.323510000000013,0.004703499999997973
1,20,-1.0457805000000029,2.1690790000000035,19.605171999999932,0.0043605000000006555
1,21,-1.0485134999999985,2.4495959999999926,13.994832000000152,0.00397350000000074
1,22,-1.0516700000000014,2.8303450000000083,5.99910299999982,0.0035519999999991114
1,23,-1.0553854999999999,3.354179000000002,-5.525245000000041,0.0029724999999984902
1,24,-1.0595969999999966,4.064208999999991,-21.85593499999979,0.0021330000000006066
1,25,-1.0635984999999977,5.074425000000005,-46.101119000000125,4.549999999881038e-05
1,26,-1.0635984999999835,6.555534499999988,-83.1288564999997,0.0
1,27,-1.0556720000000013,8.949188000000007,-145.3717740000002,0.0
1,28,-1.0067060000000083,13.392853000000002,-265.39969500000007,0.0
1,29,-0.844688000000005,22.346808999999993,-516.2724809999997,0.0
1,30,-0.8433840000000146,41.58496099999999,-1074.1801929999997,0.0
2,0,-1.0162179999999985,0.8849110000000024,36.397659,0.0
2,1,-1.0162179999999985,0.8849110000000024,36.397659,0.0
2,2,-1.0172019999999975,0.9211569999999938,36.363381000000004,0.0
2,3,-1.018209500000001,0.9445610000000002,36.318588,0.0
2,4,-1.0192855000000023,0.9866220000000041,36.19455699999999,0.0
2,5,-1.013534,1.0185090000000017,36.055505999999994,0.0
2,6,-1.0215265000000002,1.0503499999999946,35.91228600000003,0.0
2,7,-1.022705000000002,1.0931820000000059,35.657650999999966,0.0
2,8,-1.0154420000000002,1.1309889999999996,35.378476000000006,0.0
2,9,-1.0251865000000002,1.1842499999999987,34.97187700000001,0.0
2,10,-1.0264679999999977,1.217540999999997,34.67482100000002,0.0
2,11,-1.017516999999998,1.2728880000000018,34.103448999999976,0.0
2,12,-1.018302999999996,1.3206479999999985,33.57966100000001,0.0
2,13,-1.0190879999999964,1.3745380000000011,32.93455099999998,0.0
2,14,-1.0199129999999954,1.4343039999999974,32.159243000000025,0.0
2,15,-1.0338780000000014,1.4943390000000036,31.34668299999995,0.0
2,16,-1.0355719999999984,1.5883329999999987,29.940161000000018,0.0
2,17,-1.037328500000001,1.676715999999999,28.529546000000018,0.0
2,18,-1.0391879999999993,1.802818000000002,26.389530999999963,0.0
2,19,-1.0412084999999998,1.9690629999999985,23.401162000000028,0.0
2,20,-1.0260119999999944,2.164248999999998,19.662235000000024,0.0
2,21,-1.0274080000000012,2.4441300000000012,14.067406999999974,0.0
2,22,-1.0485134999999985,2.8240320000000025,6.131675999999942,0.0
2,23,-1.0304789999999997,3.346748000000005,-5.404145000000113,0.0
2,24,-1.0553854999999999,4.055785999999998,-21.66220599999994,0.0
2,25,-1.0595969999999966,5.066422000000003,-45.90904700000007,0.0
2,26,-1.0556720000000013,6.5634609999999896,-83.34287199999973,0.0
2,27,-0.9623029999999915,8.998154,-146.83162800000002,0.0
2,28,-0.844688000000005,13.554871000000006,-270.0982170000001,0.0
2,29,-0.5247489999999857,22.666748000000013,-525.8706510000003,0.0
3,0,-1.010787999999998,0.8843839999999972,36.386798999999996,0.0
3,1,-1.0113150000000033,0.8849110000000024,36.38785300000001,0.0
3,2,-1.0117599999999953,0.9211569999999938,36.352497,0.0
3,3,-1.0123749999999987,0.9445610000000002,36.30691899999999,0.0
3,4,-1.012943,0.9866220000000041,36.181871999999984,0.0
3,5,-1.012943,1.0179180000000017,36.056687999999994,0.0
3,6,-1.013534,1.0497319999999988,35.89939100000001,0.0
3,7,-1.0141519999999957,1.0925560000000019,35.64430099999998,0.0
3,8,-1.0147779999999997,1.1303249999999991,35.38179600000001,0.0
3,9,-1.016060000000003,1.1842499999999987,34.95362400000002,0.0
3,10,-1.016060000000003,1.216827000000002,34.66043099999999,0.0
3,11,-1.002079000000002,1.2721450000000019,34.06530799999999,0.0
3,12,-1.0023610000000005,1.3198620000000005,33.541267,0.0
3,13,-1.018302999999996,1.3737530000000007,32.94240099999998,0.0
3,14,-1.0030169999999998,1.4334789999999984,32.120105000000024,0.0
3,15,-1.020901000000002,1.4943390000000036,31.32072899999995,0.0
3,16,-1.0038449999999983,1.587451999999999,29.87286600000001,0.0
3,17,-1.004211000000005,1.6757430000000042,28.461307999999946,0.0
3,18,-1.0227549999999965,1.8018110000000007,26.37378399999998,0.0
3,19,-1.0049020000000013,1.9680520000000001,23.327887000000004,0.0
3,20,-1.0053600000000031,2.16301,19.625059000000014,0.0
3,21,-1.0274080000000012,2.4441300000000012,14.067406999999974,0.0
3,22,-1.0290600000000012,2.8240320000000025,6.092768999999947,0.0
3,23,-1.0037540000000007,3.3474960000000067,-5.5015240000001455,0.0
3,24,-1.029869000000005,4.056395999999992,-21.727878999999803,0.0
3,25,-0.9900130000000047,5.078095000000005,-46.3682230000001,0.0
3,26,-0.9307790000000011,6.619354000000001,-85.07740000000003,0.0
3,27,-0.781493999999995,9.178962999999996,-152.07508899999988,0.0
3,28,-0.39515699999999754,13.941208000000003,-281.8147150000001,0.0
4,0,-0.9995420000000053,0.8841859999999997,36.35306100000002,0.0
4,1,-0.9997400000000027,0.8843839999999972,36.35365500000001,0.0
4,2,-0.9998480000000001,0.9207120000000018,36.317651,0.0
4,3,-1.0001899999999964,0.9439459999999968,36.272209,0.0
4,4,-1.0001899999999964,0.9858279999999979,36.14656299999999,0.0
4,5,-1.0004160000000013,1.0176889999999972,36.020023000000016,0.0
4,6,-1.0006450000000058,1.0494800000000026,35.86198400000001,0.0
4,7,-1.000897000000002,1.092300999999999,35.60606600000001,0.0
4,8,-1.0011520000000047,1.130073000000003,35.342681999999996,0.0
4,9,-1.0014040000000008,1.183608999999997,34.91540200000003,0.0
4,10,-0.9921340000000001,1.216458000000003,34.58268099999997,0.0
4,11,-0.9920660000000012,1.2719299999999976,34.02762100000003,0.0
4,12,-0.9920120000000026,1.3196340000000006,33.502607000000005,0.0
4,13,-0.9919550000000044,1.3734889999999993,32.85606200000003,0.0
4,14,-1.002682,1.4331439999999986,32.12345500000002,0.0
4,15,-0.9921759999999935,1.4928509999999946,31.24553300000005,0.0
4,16,-0.9921759999999935,1.5871240000000029,29.831437999999928,0.0
4,17,-1.0038449999999983,1.6753769999999975,28.466066000000033,0.0
4,18,-0.9919439999999966,1.8013760000000048,26.276478999999902,0.0
4,19,-1.004646000000001,1.9677959999999999,23.331727000000008,0.0
4,20,-0.9911230000000018,2.1627689999999973,19.57293100000006,0.0
4,21,-0.9911230000000018,2.4422679999999986,13.982951000000035,0.0
4,22,-1.005825999999999,2.822285000000001,6.061405999999977,0.0
4,23,-1.0037540000000007,3.3474960000000067,-5.5015240000001455,0.0
4,24,-0.9728540000000123,4.070136999999988,-22.245866999999677,0.0
4,25,-0.9307790000000011,5.137329000000008,-48.026775000000214,0.0
4,26,-0.7428050000000042,6.807327999999998,-90.52864599999994,0.0
4,27,-0.3346640000000036,9.587103999999997,-164.43538599999988,0.0
5,0,-0.9926869999999965,0.8841859999999997,36.32564099999998,0.0
5,1,-0.9926459999999935,0.8842270000000028,36.32543599999997,0.0
5,2,-0.992401000000001,0.9208489999999969,36.28758900000001,0.0
5,3,-0.9925730000000001,0.9436040000000006,36.242767,0.0
5,4,-0.9925149999999974,0.9858860000000007,36.115630999999986,0.0
5,5,-0.9924929999999961,1.0177109999999985,35.98822099999999,0.0
5,6,-0.9924929999999961,1.049388999999998,35.82983099999999,0.0
5,7,-0.9925429999999977,1.0923420000000021,35.572362999999974,0.0
5,8,-0.9925040000000038,1.130111999999997,35.30777800000004,0.0
5,9,-0.9920800000000014,1.1840329999999994,34.87429000000001,0.0
5,10,-0.9876559999999941,1.2164040000000043,34.56083099999993,0.0
5,11,-0.9873849999999962,1.272151000000001,34.00178499999997,0.0
5,12,-0.987136999999997,1.3198819999999998,33.47525599999999,0.0
5,13,-0.987136999999997,1.3734889999999993,32.83197199999999,0.0
5,14,-0.991894000000002,1.433205000000001,32.079449,0.0
5,15,-0.9866870000000034,1.4925690000000031,31.222317999999973,0.0
5,16,-0.9919439999999966,1.5873559999999998,29.82679799999999,0.0
5,17,-0.9919439999999966,1.6753769999999975,28.418462000000027,0.0
5,18,-0.9918520000000015,1.8014679999999998,26.27445500000001,0.0
5,19,-0.9854509999999976,1.9683080000000004,23.23932999999998,0.0
5,20,-0.9845550000000003,2.1627689999999973,19.540091000000054,0.0
5,21,-0.983508999999998,2.442768000000001,13.934880999999969,0.0
5,22,-0.9801709999999986,2.8251109999999997,5.888987999999998,0.0
5,23,-0.9651679999999985,3.362438999999995,-6.007242999999896,0.0
5,24,-0.9120939999999962,4.1308970000000045,-23.94714700000013,0.0
5,25,-0.7206040000000087,5.328818999999996,-53.65472499999987,0.0
5,26,-0.302338000000006,7.225594000000001,-103.16543,0.0
6,0,-0.9897850000000012,0.8842270000000099,36.311131,0.0
6,1,-0.9896050000000045,0.884406999999996,36.31005100000003,0.0
6,2,-0.9891849999999991,0.9212690000000023,36.27066899999999,0.0
6,3,-0.9891849999999991,0.9433779999999956,36.226451000000004,0.0
6,4,-0.989056000000005,0.9860690000000005,36.097604000000025,0.0
6,5,-0.9888109999999983,1.0179560000000052,35.968585999999966,0.0
6,6,-0.9888040000000018,1.0493959999999933,35.81134400000005,0.0
6,7,-0.9872629999999987,1.0928609999999992,35.540991999999996,0.0
6,8,-0.9869610000000009,1.130623,35.274544000000006,0.0
6,9,-0.9876559999999941,1.1847690000000028,34.84554599999994,0.0
6,10,-0.9860120000000023,1.2164539999999988,34.55051700000003,0.0
6,11,-0.9857130000000041,1.2724499999999992,33.988464000000036,0.0
6,12,-0.987136999999997,1.3198819999999998,33.47525599999999,0.0
6,13,-0.9868729999999957,1.3737530000000007,32.82721999999997,0.0
6,14,-0.9865989999999982,1.4334789999999984,32.04913800000001,0.0
6,15,-0.9846420000000009,1.492480999999998,31.211368000000036,0.0
6,16,-0.9846190000000021,1.5879290000000026,29.779509999999974,0.0
6,17,-0.9838300000000046,1.6757199999999983,28.370120000000057,0.0
6,18,-0.9830320000000015,1.8023530000000036,26.212005999999946,0.0
6,19,-0.9845550000000003,1.9692039999999977,23.217826000000045,0.0
6,20,-0.9815439999999995,2.1638149999999996,19.502151000000005,0.0
6,21,-0.9801709999999986,2.4461060000000003,13.848092999999984,0.0
6,22,-0.9625740000000036,2.840114,5.468343000000026,0.0
6,23,-0.9038929999999965,3.423713999999997,-7.722942999999958,0.0
6,24,-0.7107159999999908,4.32407400000001,-29.590285000000293,0.0
6,25,-0.2875739999999922,5.751960999999994,-66.3984249999999,0.0
7,0,-0.9889289999999988,0.884406999999996,36.305994999999996,0.0
7,1,-0.988705999999997,0.8846300000000014,36.30443399999998,0.0
7,2,-0.9882090000000012,0.9217659999999981,36.26381900000001,0.0
7,3,-0.988230999999999,0.9433779999999956,36.220727000000004,0.0
7,4,-0.9878159999999951,0.9864840000000044,36.08850399999995,0.0
7,5,-0.9875870000000049,1.0181849999999955,35.960097000000054,0.0
7,6,-0.9875789999999967,1.0494040000000027,35.80394599999996,0.0
7,7,-0.9872629999999987,1.0928609999999992,35.540991999999996,0.0
7,8,-0.9862099999999998,1.130623,35.269287,0.0
7,9,-0.9860120000000023,1.1857180000000014,34.827141000000005,0.0
7,10,-0.9849969999999999,1.2164539999999988,34.54341200000001,0.0
7,11,-0.9857130000000041,1.2724499999999992,33.988464000000036,0.0
7,12,-0.985352000000006,1.3202429999999978,33.460214000000065,0.0
7,13,-0.984259999999999,1.3740810000000039,32.80651399999994,0.0
7,14,-0.9838370000000012,1.4338610000000003,32.026413000000005,0.0
7,15,-0.9846190000000021,1.4925039999999967,31.21088500000006,0.0
7,16,-0.9833409999999958,1.588718,29.758728999999967,0.0
7,17,-0.9820709999999977,1.6762620000000013,28.34882599999996,0.0
7,18,-0.9820709999999977,1.8023530000000036,26.20527899999992,0.0
7,19,-0.9815439999999995,1.9706919999999997,23.171488000000004,0.0
7,20,-0.9778749999999974,2.1674840000000017,19.40675699999995,0.0
7,21,-0.9625740000000036,2.461406999999994,13.421190000000145,0.0
7,22,-0.9016799999999989,2.9010080000000045,3.763310999999895,0.0
7,23,-0.7081909999999993,3.6172289999999947,-13.347999999999885,0.0
7,24,-0.28253200000000334,4.749733000000006,-42.37520500000012,0.0
8,0,-0.9879880000000014,0.8846300000000014,36.299408000000014,0.0
8,1,-0.9877150000000015,0.8849029999999942,36.297224000000014,0.0
8,2,-0.9872359999999993,0.9222450000000002,36.256049999999995,0.0
8,3,-0.987169999999999,0.9434219999999982,36.213167999999996,0.0
8,4,-0.9867249999999999,0.9869290000000035,36.07908699999999,0.0
8,5,-0.9864350000000002,1.0184749999999951,35.95058300000002,0.0
8,6,-0.9864850000000018,1.0494040000000027,35.796288,0.0
8,7,-0.9862099999999998,1.0931360000000012,35.53169599999999,0.0
8,8,-0.9858970000000014,1.1309359999999984,35.26459200000002,0.0
8,9,-0.9849700000000041,1.1866449999999986,34.81150400000004,0.0
8,10,-0.9824669999999998,1.216427000000003,34.52344199999997,0.0
8,11,-0.9820899999999995,1.2732230000000015,33.95208899999998,0.0
8,12,-0.984259999999999,1.3205839999999966,33.44847800000003,0.0
8,13,-0.9838370000000012,1.3745040000000017,32.798053999999986,0.0
8,14,-0.9834519999999998,1.4342460000000017,32.018327999999975,0.0
8,15,-0.9833409999999958,1.4926150000000007,31.200273999999958,0.0
8,16,-0.9823799999999991,1.5896789999999967,29.736626000000044,0.0
8,17,-0.9820709999999977,1.6762620000000013,28.34882599999996,0.0
8,18,-0.9810480000000013,1.803376,26.179704000000008,0.0
8,19,-0.9772490000000005,1.9744910000000004,23.069241999999996,0.0
8,20,-0.9602739999999983,2.183174000000001,18.968464999999966,0.0
8,21,-0.899086000000004,2.5222199999999972,11.698041000000089,0.0
8,22,-0.7069469999999995,3.093537000000005,-1.8367280000001074,0.0
8,23,-0.2818070000000006,4.0436129999999935,-26.139519999999848,0.0
9,0,-0.985637999999998,0.8849029999999942,36.28060799999999,0.0
9,1,-0.9853500000000004,0.8851909999999918,36.27801600000001,0.0
9,2,-0.9849530000000009,0.9226419999999997,36.23699200000001,0.0
9,3,-0.9848019999999984,0.9435730000000007,36.193770999999984,0.0
9,4,-0.9842490000000019,0.987482,36.05706700000002,0.0
9,5,-0.9839399999999969,1.0187840000000001,35.929077999999976,0.0
9,6,-0.9839699999999993,1.049354000000001,35.77646799999999,0.0
9,7,-0.9836770000000001,1.0934290000000004,35.509381,0.0
9,8,-0.9833220000000011,1.1312909999999974,35.24115200000003,0.0
9,9,-0.9824329999999932,1.1875340000000065,34.783206999999884,0.0
9,10,-0.9824329999999932,1.2163929999999965,34.523475999999974,0.0
9,11,-0.9820899999999995,1.2732230000000015,33.95208899999998,0.0
9,12,-0.9817579999999992,1.3209159999999969,33.42447800000003,0.0
9,13,-0.9771009999999976,1.3748890000000031,32.73488899999994,0.0
9,14,-0.9809419999999989,1.4346770000000006,31.992213999999983,0.0
9,15,-0.980758999999999,1.4927980000000005,31.176872999999986,0.0
9,16,-0.9797930000000008,1.590644999999995,29.700474000000085,0.0
9,17,-0.9792210000000026,1.6768339999999995,28.31630200000003,0.0
9,18,-0.9717219999999998,1.806801,26.039371999999993,0.0
9,19,-0.956744999999998,1.9900130000000047,22.606762999999894,0.0
9,20,-0.8962210000000042,2.2443619999999953,17.22941600000013,0.0
9,21,-0.7069469999999995,2.7143590000000017,6.126009999999958,0.0
9,22,-0.2816700000000054,3.518813999999999,-14.595037999999931,0.0
10,0,-0.9810180000000024,0.8851910000000061,36.23902800000002,0.0
10,1,-0.9806880000000007,0.8855209999999971,36.23572800000001,0.0
10,2,-0.9803139999999999,0.9435730000000007,36.153379,0.0
10,3,-0.9800639999999987,0.9438230000000019,36.15037899999999,0.0
10,4,-0.9795049999999996,0.9880409999999991,36.012135,0.0
10,5,-0.9792310000000022,1.0190579999999976,35.88532700000003,0.0
10,6,-0.9791260000000008,1.049429,35.73242200000001,0.0
10,7,-0.9788009999999971,1.0937540000000041,35.463221999999945,0.0
10,8,-0.9785389999999978,1.1315529999999967,35.196009000000004,0.0
10,9,-0.9778560000000027,1.1882170000000016,34.73586700000001,0.0
10,10,-0.9703439999999972,1.2164689999999965,34.406479000000004,0.0
10,11,-0.9701839999999962,1.2735790000000051,33.83377899999991,0.0
10,12,-0.9771009999999976,1.3212389999999985,33.378688999999994,0.0
10,13,-0.9767300000000034,1.3752599999999973,32.72672700000007,0.0
10,14,-0.9763300000000044,1.4350769999999997,31.945106000000045,0.0
10,15,-0.975910000000006,1.4932179999999988,31.126932000000075,0.0
10,16,-0.9746019999999973,1.5919530000000037,29.632826999999914,0.0
10,17,-0.9717219999999998,1.679713999999997,28.199851000000045,0.0
10,18,-0.956744999999998,1.821778000000002,25.634992999999945,0.0
10,19,-0.8962210000000042,2.0505369999999985,20.912091000000068,0.0
10,20,-0.7041399999999953,2.436443000000004,11.659066999999872,0.0
10,21,-0.2801589999999976,3.1383399999999995,-6.618683000000011,0.0
11,0,-0.9735370000000003,0.8855209999999971,36.164218000000005,0.0
11,1,-0.9732339999999979,0.9230160000000005,36.123692999999975,0.0
11,2,-0.9728829999999995,0.9438230000000019,36.07856899999999,0.0
11,3,-0.9726010000000009,0.9441050000000004,36.074903000000006,0.0
11,4,-0.9719800000000021,0.9886619999999979,35.93440100000003,0.0
11,5,-0.971625999999997,1.0194120000000026,35.80750699999996,0.0
11,6,-0.9714849999999977,1.0495699999999992,35.65516599999998,0.0
11,7,-0.9711730000000003,1.0940660000000015,35.38475799999999,0.0
11,8,-0.9708630000000014,1.1318629999999956,35.11676900000005,0.0
11,9,-0.9703439999999972,1.1887360000000058,34.65607599999992,0.0
11,10,-0.9701839999999962,1.2166289999999975,34.40327899999998,0.0
11,11,-0.9698139999999995,1.2739490000000018,33.82600899999998,0.0
11,12,-0.9695469999999986,1.3215059999999994,33.299944999999994,0.0
11,13,-0.9691469999999995,1.3756599999999963,32.64569700000004,0.0
11,14,-0.9686919999999972,1.435532000000002,31.86235599999994,0.0
11,15,-0.9678799999999939,1.4940300000000022,31.034451999999902,0.0
11,16,-0.9645080000000021,1.5953249999999954,29.477935000000095,0.0
11,17,-0.9502219999999966,1.6940000000000026,27.74198899999992,0.0
11,18,-0.8816679999999977,1.8812829999999963,23.80408400000004,0.0
11,19,-0.6936609999999988,2.240872000000003,15.263404999999928,0.0
11,20,-0.2742009999999979,2.8592939999999984,-1.1006729999999934,0.0
12,0,-0.9624599999999965,0.8858239999999995,36.04237099999996,0.0
12,1,-0.9620780000000018,0.9233669999999989,36.000626000000025,0.0
12,2,-0.9617350000000009,0.9441050000000004,35.95537700000001,0.0
12,3,-0.961424000000001,0.9444160000000004,35.951023000000006,0.0
12,4,-0.9608889999999981,0.9891970000000008,35.81025999999997,0.0
12,5,-0.9605640000000015,1.0197369999999992,35.68420000000002,0.0
12,6,-0.9602649999999997,1.049869000000001,35.529951999999994,0.0
12,7,-0.9599890000000038,1.0943419999999975,35.259802000000064,0.0
12,8,-0.9597089999999966,1.1321430000000028,34.99183499999994,0.0
12,9,-0.9594040000000064,1.189040999999996,34.53299100000011,0.0
12,10,-0.9590570000000014,1.2169760000000025,34.27741199999999,0.0
12,11,-0.9587029999999999,1.2743030000000033,33.699893999999965,0.0
12,12,-0.9585910000000055,1.3216179999999937,33.17808500000014,0.0
12,13,-0.9581869999999952,1.3760640000000066,32.51988499999986,0.0
12,14,-0.9573859999999996,1.4363329999999976,31.72677600000003,0.0
12,15,-0.9543689999999998,1.497047000000002,30.84057599999997,0.0
12,16,-0.9399680000000004,1.6097259999999949,28.977579000000084,0.0
12,17,-0.8816679999999977,1.7523000000000053,25.996794999999885,0.0
12,18,-0.6936609999999988,2.069289999999995,18.35188100000007,0.0
12,19,-0.2742009999999979,2.660332000000004,2.6796049999999028,0.0
13,0,-0.9464600000000019,0.8862060000000014,35.850371000000024,0.0
13,1,-0.946044999999998,0.9237099999999998,35.80788699999998,0.0
13,2,-0.9456710000000008,0.924083999999997,35.80265100000001,0.0
13,3,-0.9453220000000009,0.9447650000000003,35.756752000000006,0.0
13,4,-0.9448360000000022,0.9896829999999994,35.615680000000026,0.0
13,5,-0.9445399999999999,1.0200330000000015,35.49043199999999,0.0
13,6,-0.9441790000000019,1.050229999999999,35.33475400000003,0.0
13,7,-0.9439199999999985,1.0946010000000008,35.065160999999975,0.0
13,8,-0.9438670000000009,1.1321960000000004,34.80130700000001,0.0
13,9,-0.943721999999994,1.189186000000003,34.3435019999999,0.0
13,10,-0.943362999999998,1.2173349999999985,34.08549399999999,0.0
13,11,-0.9429850000000002,1.274681000000001,33.50711999999999,0.0
13,12,-0.9428029999999978,1.321799999999996,32.98644500000002,0.0
13,13,-0.9421040000000005,1.376763000000004,32.31780199999996,0.0
13,14,-0.9391940000000005,1.4392429999999976,31.46773200000004,0.0
13,15,-0.925415000000001,1.5108260000000016,30.28644299999999,0.0
13,16,-0.868159999999996,1.6669809999999998,27.199802999999953,0.0
13,17,-0.6676300000000026,1.9373170000000002,20.267537000000033,0.0
13,18,-0.25952600000000103,2.4838710000000006,5.670767000000005,0.0
14,0,-0.9237940000000009,0.8866210000000052,35.55571300000001,0.0
14,1,-0.9232940000000021,0.924083999999997,35.511750000000035,0.0
14,2,-0.9228839999999998,0.9447650000000003,35.46505799999999,0.0
14,3,-0.9224819999999987,0.9451670000000014,35.45862599999998,0.0
14,4,-0.9222069999999967,0.9899580000000014,35.32040299999995,0.0
14,5,-0.921875,1.0203649999999982,35.19412700000001,0.0
14,6,-0.9215589999999985,1.0505460000000006,35.03879799999997,0.0
14,7,-0.9213570000000004,1.0948029999999989,34.77042800000001,0.0
14,8,-0.9213309999999986,1.1322220000000023,34.50813099999996,0.0
14,9,-0.9213940000000029,1.189186000000003,34.05323800000001,0.0
14,10,-0.9210360000000009,1.2176930000000006,33.79166300000001,0.0
14,11,-0.9206540000000061,1.2750629999999958,33.21261500000013,0.0
14,12,-0.9202119999999994,1.3222420000000028,32.68745799999996,0.0
14,13,-0.9175719999999998,1.3794030000000035,31.964565999999955,0.0
14,14,-0.9043119999999973,1.452503,30.828625999999964,0.0
14,15,-0.8486370000000036,1.5665009999999953,28.45320400000012,0.0
14,16,-0.6676300000000026,1.8479880000000009,21.696801000000022,0.0
14,17,-0.25952600000000103,2.3454210000000018,8.024416999999985,0.0
15,0,-0.8927200000000006,0.8871210000000005,35.12067700000001,0.0
15,1,-0.8920819999999985,0.9244939999999993,35.07437199999998,0.0
15,2,-0.8917619999999999,0.9248139999999978,35.069252000000006,0.0
15,3,-0.891254,0.9456750000000014,35.019909999999996,0.0
15,4,-0.8910810000000033,0.9901309999999981,34.883947000000056,0.0
15,5,-0.890706999999999,1.0207390000000025,34.75590499999997,0.0
15,6,-0.890384000000001,1.0508689999999987,34.600410000000025,0.0
15,7,-0.8902619999999999,1.094925,34.334244,0.0
15,8,-0.8904270000000025,1.1322220000000023,34.07547500000002,0.0
15,9,-0.8906199999999984,1.1891229999999986,33.622969,0.0
15,10,-0.8902849999999987,1.2180280000000003,33.35779899999998,0.0
15,11,-0.8895729999999986,1.2757749999999959,32.76964900000002,0.0
15,12,-0.8872640000000018,1.3245509999999996,32.19847800000003,0.0
15,13,-0.8746880000000061,1.3919789999999992,31.2007020000001,0.0
15,14,-0.8211180000000056,1.5060730000000007,28.91393000000007,0.0
15,15,-0.6450570000000013,1.7425619999999995,22.962169000000024,0.0
15,16,-0.2461009999999959,2.2469440000000063,9.412098999999841,0.0
16,0,-0.8515749999999969,0.8877590000000026,34.503501999999955,0.0
16,1,-0.8508090000000017,0.9248139999999978,34.45495700000003,0.0
16,2,-0.8504489999999976,0.9456750000000014,34.40783499999996,0.0
16,3,-0.8497580000000013,0.9463659999999976,34.39539700000003,0.0
16,4,-0.8495139999999992,0.9903750000000002,34.25946599999999,0.0
16,5,-0.8491210000000002,1.0211320000000015,34.13015,0.0
16,6,-0.8489709999999988,1.0510190000000001,33.97831499999998,0.0
16,7,-0.8488509999999998,1.095044999999999,33.712239000000004,0.0
16,8,-0.8488509999999998,1.131775000000001,33.455128999999985,0.0
16,9,-0.849414000000003,1.1889300000000027,33.00661600000002,0.0
16,10,-0.8488770000000017,1.2185650000000017,32.73130900000001,0.0
16,11,-0.8463469999999944,1.2783050000000031,32.09342899999988,0.0
16,12,-0.8345259999999968,1.3363719999999972,31.265555999999982,0.0
16,13,-0.7834429999999983,1.4430619999999976,29.167948000000003,0.0
16,14,-0.6138839999999988,1.6756320000000002,23.431593999999976,0.0
16,15,-0.22647099999999654,2.1299750000000017,10.872183999999919,0.0
17,0,-0.7992810000000006,0.8885249999999942,33.666798000000014,0.0
17,1,-0.798251999999998,0.9251740000000019,33.61368499999996,0.0
17,2,-0.7978260000000006,0.9255999999999993,33.606017000000016,0.0
17,3,-0.7969329999999992,0.947258999999999,33.547518,0.0
17,4,-0.7966669999999993,0.9906410000000001,33.41284999999999,0.0
17,5,-0.7960650000000022,1.0217339999999986,33.27824400000004,0.0
17,6,-0.7960180000000001,1.0510660000000023,33.13078499999999,0.0
17,7,-0.7959150000000008,1.0951479999999982,32.86454200000003,0.0
17,8,-0.7959150000000008,1.1315150000000003,32.60997300000001,0.0
17,9,-0.796287999999997,1.188648999999998,32.159128999999965,0.0
17,10,-0.7940749999999994,1.2207779999999993,31.832347,0.0
17,11,-0.7826370000000047,1.2897429999999979,30.948251000000102,0.0
17,12,-0.7342190000000031,1.3847899999999989,29.079628000000064,0.0
17,13,-0.5723379999999949,1.6049430000000058,23.68581499999984,0.0
17,14,-0.19953499999999735,2.048434999999998,11.582767999999987,0.0
18,0,-0.7352120000000006,0.889554000000004,32.57762500000001,0.0
18,1,-0.7338760000000022,0.9255999999999993,32.51886700000004,0.0
18,2,-0.7332859999999997,0.9261900000000018,32.507656999999995,0.0
18,3,-0.7320700000000002,0.9484749999999984,32.44119900000001,0.0
18,4,-0.7316439999999993,0.991067000000001,32.305754999999984,0.0
18,5,-0.730910999999999,1.022466999999999,32.166960999999986,0.0
18,6,-0.7309359999999998,1.0510660000000023,32.02439099999999,0.0
18,7,-0.7307360000000003,1.0953479999999978,31.75509900000002,0.0
18,8,-0.7307349999999992,1.1315160000000013,31.501904999999976,0.0
18,9,-0.7292520000000025,1.1900189999999995,31.007187000000048,0.0
18,10,-0.7187330000000003,1.2312970000000014,30.44634299999999,0.0
18,11,-0.6729470000000006,1.3355289999999975,28.579875000000037,0.0
18,12,-0.5195229999999995,1.538214,23.58870799999999,0.0
18,13,-0.1642530000000022,1.960213000000003,12.12986,0.0
19,0,-0.6595879999999994,0.8908899999999988,31.21639299999999,0.0
19,1,-0.6578769999999992,0.9261900000000018,31.150294999999982,0.0
19,2,-0.6570900000000002,0.9269770000000008,31.134555000000002,0.0
19,3,-0.6555579999999992,0.9500069999999994,31.059386999999987,0.0
19,4,-0.6549319999999987,0.9916930000000015,30.92243499999997,0.0
19,5,-0.6539439999999992,1.0234549999999984,30.776614999999993,0.0
19,6,-0.6538679999999992,1.0511170000000014,30.63686099999998,0.0
19,7,-0.6533579999999972,1.0958579999999998,30.35872499999995,0.0
19,8,-0.6517829999999982,1.1330910000000003,30.068168999999966,0.0
19,9,-0.6425489999999989,1.1992529999999988,29.36342699999999,0.0
19,10,-0.5999450000000017,1.2739009999999986,27.882119000000046,0.0
19,11,-0.45591699999999946,1.4795569999999998,23.08902699999999,0.0
19,12,-0.12023200000000145,1.873898999999998,12.373250000000048,0.0
20,0,-0.5733960000000025,0.8926009999999991,29.578745000000048,0.0
20,1,-0.5712429999999991,0.9269770000000008,29.50346199999998,0.0
20,2,-0.5700620000000001,0.9281579999999998,29.478661000000002,0.0
20,3,-0.5681919999999998,0.9518769999999996,29.393822999999998,0.0
20,4,-0.56738,1.0234549999999984,29.131899000000004,0.0
20,5,-0.566122,1.0247129999999984,29.101707000000008,0.0
20,6,-0.5657330000000016,1.0515059999999998,28.959962000000033,0.0
20,7,-0.5637480000000004,1.097843000000001,28.64224,0.0
20,8,-0.5548860000000033,1.1419529999999973,28.156230000000086,0.0
20,9,-0.5160979999999995,1.2380410000000026,26.611765999999967,0.0
20,10,-0.38195799999999736,1.4080410000000008,22.39896599999994,0.0
20,11,-0.06812499999999844,1.7933899999999987,12.268815999999983,0.0
21,0,-0.4782909999999987,0.8947540000000025,27.676644999999972,0.0
21,1,-0.4756530000000012,0.9281579999999998,27.590481000000025,0.0
21,2,-0.47402800000000056,0.9297830000000005,27.55473100000001,0.0
21,3,-0.47178200000000103,0.9541229999999992,27.458885000000024,0.0
21,4,-0.47061000000000064,0.9936770000000017,27.315611000000008,0.0
21,5,-0.4689179999999986,1.0264050000000005,27.14916699999997,0.0
21,6,-0.46708699999999936,1.053336999999999,26.976055999999993,0.0
21,7,-0.45852100000000107,1.1064089999999993,26.477738000000027,0.0
21,8,-0.42259799999999714,1.1778760000000013,25.22308599999993,0.0
21,9,-0.29950400000000243,1.3611349999999973,21.172040000000074,0.0
21,10,-0.008774000000002502,1.7933899999999987,11.081796000000065,0.0
22,0,-0.3762909999999984,0.897392,25.534644999999966,0.0
22,1,-0.37312999999999974,0.9297830000000005,25.435872999999994,0.0
22,2,-0.3710519999999988,0.9541229999999992,25.343554999999977,0.0
22,3,-0.36846599999999796,0.956709,25.281490999999956,0.0
22,4,-0.3667599999999993,1.0264050000000005,25.003848999999985,0.0
22,5,-0.36372900000000286,1.053336999999999,24.805538000000066,0.0
22,6,-0.3557370000000013,1.0613290000000006,24.589754000000024,0.0
22,7,-0.32243700000000075,1.1397089999999999,23.386874000000017,0.0
22,8,-0.20956800000000086,1.2907450000000011,19.84650400000001,0.0
22,9,0.0565250000000006,1.6987710000000007,10.65670699999998,0.0
23,0,-0.2697719999999997,0.9005529999999986,23.191226999999994,0.0
23,1,-0.2661820000000006,0.9318610000000014,23.08093900000001,0.0
23,2,-0.26361200000000196,0.956709,22.974703000000044,0.0
23,3,-0.26052600000000226,0.9597949999999997,22.897553000000052,0.0
23,4,-0.2574830000000006,1.029435999999997,22.587631000000027,0.0
23,5,-0.24884799999999885,1.0380709999999986,22.35448599999998,0.0
23,6,-0.21845499999999873,1.0917220000000007,21.387191999999967,0.0
23,7,-0.11542700000000039,1.2427369999999982,18.11145800000002,0.0
23,8,0.1264719999999997,1.5326440000000012,10.518431999999997,0.0
24,0,-0.16127400000000236,0.9041429999999977,20.695773000000056,0.0
24,1,-0.15720199999999807,0.934431,20.571828999999955,0.0
24,2,-0.15397499999999908,0.9597949999999997,20.44687999999998,0.0
24,3,-0.14974399999999832,0.998426000000002,20.233673999999954,0.0
24,4,-0.1416320000000013,1.0380709999999986,19.888518000000037,0.0
24,5,-0.1128309999999999,1.066872,19.082089999999997,0.0
24,6,-0.019532999999999134,1.1850200000000015,16.25219799999997,0.0
24,7,0.19883899999999954,1.4611089999999969,9.354736000000031,0.0
25,0,-0.05321899999999857,0.908215000000002,18.102452999999965,0.0
25,1,-0.04861700000000013,0.937657999999999,17.962562000000005,0.0
25,2,-0.044176000000000215,0.9640260000000005,17.803242000000004,0.0
25,3,-0.03541799999999995,0.9727840000000008,17.566775999999997,0.0
25,4,-0.009146000000001209,1.066872,16.59365000000003,0.0
25,5,0.07585500000000067,1.151873000000002,14.128620999999974,0.0
25,6,0.2713279999999969,1.4611089999999969,7.615000000000094,0.0
26,0,0.05254199999999898,0.9128170000000004,15.458428000000026,0.0
26,1,0.05821100000000001,0.9420989999999989,15.287421000000002,0.0
26,2,0.06687499999999957,0.9507629999999985,15.053493000000014,0.0
26,3,0.0917609999999982,0.9976699999999994,14.312643000000048,0.0
26,4,0.16807000000000016,1.151873000000002,11.823245999999987,0.0
26,5,0.34274699999999925,1.326550000000001,6.582936000000014,0.0
27,0,0.15454899999999938,0.9184860000000015,12.806246000000016,0.0
27,1,0.16390999999999778,0.9507629999999985,12.53058300000006,0.0
27,2,0.18707900000000066,0.9739320000000014,11.88185099999998,0.0
27,3,0.2563890000000022,1.1091189999999997,9.697967999999943,0.0
27,4,0.4108330000000002,1.2635629999999978,5.064648000000002,0.0
28,0,0.2539420000000021,0.9278469999999999,10.122634999999942,0.0
28,1,0.2762310000000028,0.9501360000000005,9.498542999999923,0.0
28,2,0.3388080000000002,1.066980000000001,7.5990719999999925,0.0
28,3,0.4754739999999984,1.203645999999999,3.499092000000047,0.0
29,0,0.3577409999999972,0.9501360000000005,7.21626300000008,0.0
29,1,0.41488499999999817,1.0365089999999988,5.529858000000054,0.0
29,2,0.535305000000001,1.203645999999999,1.8238239999999735,0.0
30,0,0.4836140000000029,1.0072800000000015,3.565945999999915,0.0
30,1,0.5899870000000007,1.1569290000000017,0.3314799999999778,0.0
31,0,0.6389269999999989,1.1136529999999993,-1.093443999999966,0.0
