0.48977 0.44304 0.40801 0.38209 0.36360 0.35149 0.34505 0.34377 0.34729 0.35532 0.36766 0.38432 0.40581 0.43343 0.46968 0.51850 0.58516 0.67693 0.80450 0.98807 1.27084 1.77154
0.43175 0.38666 0.35425 0.33136 0.31606 0.30716 0.30388 0.30570 0.31222 0.32315 0.33832 0.35778 0.38208 0.41269 0.45228 0.50496 0.57618 0.67330 0.80711 0.99809 1.29037 0.00000
0.36276 0.32198 0.29454 0.27670 0.26632 0.26211 0.26327 0.26928 0.27975 0.29444 0.31321 0.33624 0.36430 0.39913 0.44370 0.50236 0.58059 0.68552 0.82749 1.02658 0.00000 0.00000
0.29619 0.26173 0.24102 0.22970 0.22544 0.22692 0.23336 0.24425 0.25927 0.27822 0.30111 0.32835 0.36107 0.40144 0.45280 0.51962 0.60704 0.72150 0.87216 0.00000 0.00000 0.00000
0.23433 0.20895 0.19710 0.19387 0.19692 0.20499 0.21740 0.23372 0.25371 0.27732 0.30477 0.33686 0.37517 0.42241 0.48211 0.55852 0.65597 0.77958 0.00000 0.00000 0.00000 0.00000
0.17667 0.16529 0.16528 0.17199 0.18351 0.19894 0.21780 0.23988 0.26508 0.29360 0.32599 0.36354 0.40833 0.46343 0.53225 0.61831 0.72448 0.00000 0.00000 0.00000 0.00000 0.00000
0.12211 0.13487 0.15081 0.16926 0.19001 0.21305 0.23837 0.26609 0.29640 0.32985 0.36740 0.41084 0.46262 0.52583 0.60328 0.69705 0.00000 0.00000 0.00000 0.00000 0.00000 0.00000
0.06987 0.13249 0.16762 0.19734 0.22609 0.25538 0.28590 0.31821 0.35281 0.39066 0.43310 0.48229 0.54069 0.61099 0.69459 0.00000 0.00000 0.00000 0.00000 0.00000 0.00000 0.00000
0.00000 0.23531 0.25901 0.28453 0.31190 0.34115 0.37238 0.40599 0.44249 0.48297 0.52890 0.58241 0.64554 0.71968 0.00000 0.00000 0.00000 0.00000 0.00000 0.00000 0.00000 0.00000
0.02911 0.15498 0.21425 0.25816 0.29695 0.33409 0.37119 0.40946 0.44983 0.49361 0.54217 0.59730 0.65989 0.00000 0.00000 0.00000 0.00000 0.00000 0.00000 0.00000 0.00000 0.00000
0.07621 0.16130 0.21794 0.26415 0.30595 0.34602 0.38579 0.42648 0.46891 0.51422 0.56345 0.61736 0.00000 0.00000 0.00000 0.00000 0.00000 0.00000 0.00000 0.00000 0.00000 0.00000
0.12192 0.18817 0.24003 0.28546 0.32787 0.36906 0.41008 0.45190 0.49503 0.54030 0.58776 0.00000 0.00000 0.00000 0.00000 0.00000 0.00000 0.00000 0.00000 0.00000 0.00000 0.00000
0.16644 0.22250 0.27065 0.31489 0.35722 0.39879 0.44020 0.48210 0.52462 0.56772 0.00000 0.00000 0.00000 0.00000 0.00000 0.00000 0.00000 0.00000 0.00000 0.00000 0.00000 0.00000
0.20995 0.26009 0.30568 0.34893 0.39095 0.43237 0.47337 0.51424 0.55428 0.00000 0.00000 0.00000 0.00000 0.00000 0.00000 0.00000 0.00000 0.00000 0.00000 0.00000 0.00000 0.00000
0.25268 0.29924 0.34314 0.38557 0.42703 0.46767 0.50733 0.54548 0.00000 0.00000 0.00000 0.00000 0.00000 0.00000 0.00000 0.00000 0.00000 0.00000 0.00000 0.00000 0.00000 0.00000
0.29483 0.33919 0.38189 0.42345 0.46387 0.50294 0.53968 0.00000 0.00000 0.00000 0.00000 0.00000 0.00000 0.00000 0.00000 0.00000 0.00000 0.00000 0.00000 0.00000 0.00000 0.00000
0.33654 0.37943 0.42104 0.46137 0.50004 0.53606 0.00000 0.00000 0.00000 0.00000 0.00000 0.00000 0.00000 0.00000 0.00000 0.00000 0.00000 0.00000 0.00000 0.00000 0.00000 0.00000
0.37783 0.41947 0.45971 0.49818 0.53369 0.00000 0.00000 0.00000 0.00000 0.00000 0.00000 0.00000 0.00000 0.00000 0.00000 0.00000 0.00000 0.00000 0.00000 0.00000 0.00000 0.00000
0.41849 0.45867 0.49694 0.53219 0.00000 0.00000 0.00000 0.00000 0.00000 0.00000 0.00000 0.00000 0.00000 0.00000 0.00000 0.00000 0.00000 0.00000 0.00000 0.00000 0.00000 0.00000
0.45804 0.49620 0.53120 0.00000 0.00000 0.00000 0.00000 0.00000 0.00000 0.00000 0.00000 0.00000 0.00000 0.00000 0.00000 0.00000 0.00000 0.00000 0.00000 0.00000 0.00000 0.00000
0.49576 0.53062 0.00000 0.00000 0.00000 0.00000 0.00000 0.00000 0.00000 0.00000 0.00000 0.00000 0.00000 0.00000 0.00000 0.00000 0.00000 0.00000 0.00000 0.00000 0.00000 0.00000
0.53029 0.00000 0.00000 0.00000 0.00000 0.00000 0.00000 0.00000 0.00000 0.00000 0.00000 0.00000 0.00000 0.00000 0.00000 0.00000 0.00000 0.00000 0.00000 0.00000 0.00000 0.00000
