0.00000 0.87569 0.81996 0.75666 0.69568 0.63792 0.58349 0.53275 0.48619 0.44412 0.40661 0.37349 0.34445 0.31905 0.29687 0.27751 0.27798 0.27917 0.28200 0.28837 0.30147 0.32556 0.36469 0.42150 0.50121 0.62820 0.87619
0.00000 0.76423 0.69714 0.63568 0.57848 0.52505 0.47560 0.43055 0.39018 0.35449 0.32327 0.29614 0.27262 0.25224 0.23453 0.23464 0.23494 0.23583 0.23821 0.24404 0.25664 0.28045 0.31947 0.37628 0.45669 0.58754 0.00000
0.00000 0.63004 0.57140 0.51657 0.46525 0.41787 0.37494 0.33674 0.30327 0.27427 0.24933 0.22793 0.20956 0.19374 0.19377 0.19388 0.19425 0.19544 0.19879 0.20691 0.22387 0.25416 0.30082 0.36482 0.45147 0.00000 0.00000
0.00000 0.51276 0.45983 0.41032 0.36483 0.32392 0.28785 0.25659 0.22980 0.20702 0.18771 0.17133 0.15738 0.15739 0.15744 0.15765 0.15840 0.16068 0.16663 0.17994 0.20529 0.24654 0.30467 0.37857 0.00000 0.00000 0.00000
0.00000 0.40689 0.35910 0.31552 0.27671 0.24287 0.21389 0.18938 0.16881 0.15160 0.13719 0.12507 0.12507 0.12510 0.12523 0.12572 0.12729 0.13166 0.14205 0.16307 0.19931 0.25298 0.32274 0.00000 0.00000 0.00000 0.00000
0.00000 0.31130 0.26983 0.23331 0.20187 0.17529 0.15312 0.13479 0.11969 0.10722 0.09688 0.09689 0.09690 0.09698 0.09728 0.09833 0.10141 0.10919 0.12591 0.15650 0.20446 0.26995 0.00000 0.00000 0.00000 0.00000 0.00000
0.00000 0.22836 0.19431 0.16539 0.14129 0.12149 0.10538 0.09231 0.08171 0.07306 0.07306 0.07307 0.07311 0.07330 0.07396 0.07603 0.08159 0.09428 0.11891 0.15987 0.21904 0.00000 0.00000 0.00000 0.00000 0.00000 0.00000
0.00000 0.16027 0.13391 0.11226 0.09477 0.08078 0.06964 0.06076 0.05365 0.05365 0.05365 0.05368 0.05378 0.05419 0.05552 0.05932 0.06850 0.08743 0.12082 0.17192 0.00000 0.00000 0.00000 0.00000 0.00000 0.00000 0.00000
0.00000 0.10754 0.08826 0.07294 0.06091 0.05151 0.04417 0.03842 0.03842 0.03842 0.03843 0.03849 0.03873 0.03956 0.04204 0.04842 0.06233 0.08835 0.13056 0.00000 0.00000 0.00000 0.00000 0.00000 0.00000 0.00000 0.00000
0.00000 0.06898 0.05564 0.04536 0.03750 0.03150 0.02690 0.02690 0.02690 0.02690 0.02693 0.02707 0.02757 0.02914 0.03340 0.04323 0.06268 0.09609 0.00000 0.00000 0.00000 0.00000 0.00000 0.00000 0.00000 0.00000 0.00000
0.00000 0.04230 0.03356 0.02701 0.02213 0.01848 0.01848 0.01848 0.01848 0.01850 0.01858 0.01887 0.01983 0.02259 0.02930 0.04333 0.06878 0.00000 0.00000 0.00000 0.00000 0.00000 0.00000 0.00000 0.00000 0.00000 0.00000
0.00000 0.02481 0.01937 0.01541 0.01252 0.01252 0.01252 0.01253 0.01253 0.01258 0.01274 0.01333 0.01507 0.01954 0.02936 0.04814 0.00000 0.00000 0.00000 0.00000 0.00000 0.00000 0.00000 0.00000 0.00000 0.00000 0.00000
0.00000 0.01393 0.01071 0.00843 0.00843 0.00843 0.00843 0.00843 0.00846 0.00855 0.00890 0.00999 0.01291 0.01965 0.03317 0.00000 0.00000 0.00000 0.00000 0.00000 0.00000 0.00000 0.00000 0.00000 0.00000 0.00000 0.00000
0.00000 0.00749 0.00568 0.00568 0.00568 0.00568 0.00568 0.00569 0.00575 0.00596 0.00664 0.00854 0.01312 0.02271 0.00000 0.00000 0.00000 0.00000 0.00000 0.00000 0.00000 0.00000 0.00000 0.00000 0.00000 0.00000 0.00000
0.00000 0.00386 0.00386 0.00386 0.00386 0.00386 0.00387 0.00390 0.00403 0.00446 0.00571 0.00883 0.01560 0.00000 0.00000 0.00000 0.00000 0.00000 0.00000 0.00000 0.00000 0.00000 0.00000 0.00000 0.00000 0.00000 0.00000
0.00000 0.00000 0.00000 0.00000 0.00000 0.00000 0.00000 0.00000 0.00000 0.00000 0.00000 0.00000 0.00000 0.00000 0.00000 0.00000 0.00000 0.00000 0.00000 0.00000 0.00000 0.00000 0.00000 0.00000 0.00000 0.00000 0.00000
0.00000 0.00000 0.00000 0.00000 0.00000 0.00000 0.00000 0.00000 0.00000 0.00000 0.00000 0.00000 0.00000 0.00000 0.00000 0.00000 0.00000 0.00000 0.00000 0.00000 0.00000 0.00000 0.00000 0.00000 0.00000 0.00000 0.00000
0.00000 0.00000 0.00000 0.00000 0.00000 0.00000 0.00000 0.00000 0.00000 0.00000 0.00000 0.00000 0.00000 0.00000 0.00000 0.00000 0.00000 0.00000 0.00000 0.00000 0.00000 0.00000 0.00000 0.00000 0.00000 0.00000 0.00000
0.00000 0.00000 0.00000 0.00000 0.00000 0.00000 0.00000 0.00000 0.00000 0.00000 0.00000 0.00000 0.00000 0.00000 0.00000 0.00000 0.00000 0.00000 0.00000 0.00000 0.00000 0.00000 0.00000 0.00000 0.00000 0.00000 0.00000
0.00000 0.00000 0.00000 0.00000 0.00000 0.00000 0.00000 0.00000 0.00000 0.00000 0.00000 0.00000 0.00000 0.00000 0.00000 0.00000 0.00000 0.00000 0.00000 0.00000 0.00000 0.00000 0.00000 0.00000 0.00000 0.00000 0.00000
0.00000 0.00000 0.00000 0.00000 0.00000 0.00000 0.00000 0.00000 0.00000 0.00000 0.00000 0.00000 0.00000 0.00000 0.00000 0.00000 0.00000 0.00000 0.00000 0.00000 0.00000 0.00000 0.00000 0.00000 0.00000 0.00000 0.00000
0.00000 0.00000 0.00000 0.00000 0.00000 0.00000 0.00000 0.00000 0.00000 0.00000 0.00000 0.00000 0.00000 0.00000 0.00000 0.00000 0.00000 0.00000 0.00000 0.00000 0.00000 0.00000 0.00000 0.00000 0.00000 0.00000 0.00000
0.00000 0.00000 0.00000 0.00000 0.00000 0.00000 0.00000 0.00000 0.00000 0.00000 0.00000 0.00000 0.00000 0.00000 0.00000 0.00000 0.00000 0.00000 0.00000 0.00000 0.00000 0.00000 0.00000 0.00000 0.00000 0.00000 0.00000
0.00000 0.00000 0.00000 0.00000 0.00000 0.00000 0.00000 0.00000 0.00000 0.00000 0.00000 0.00000 0.00000 0.00000 0.00000 0.00000 0.00000 0.00000 0.00000 0.00000 0.00000 0.00000 0.00000 0.00000 0.00000 0.00000 0.00000
0.00000 0.00000 0.00000 0.00000 0.00000 0.00000 0.00000 0.00000 0.00000 0.00000 0.00000 0.00000 0.00000 0.00000 0.00000 0.00000 0.00000 0.00000 0.00000 0.00000 0.00000 0.00000 0.00000 0.00000 0.00000 0.00000 0.00000
0.00000 0.00000 0.00000 0.00000 0.00000 0.00000 0.00000 0.00000 0.00000 0.00000 0.00000 0.00000 0.00000 0.00000 0.00000 0.00000 0.00000 0.00000 0.00000 0.00000 0.00000 0.00000 0.00000 0.00000 0.00000 0.00000 0.00000
0.00000 0.00000 0.00000 0.00000 0.00000 0.00000 0.00000 0.00000 0.00000 0.00000 0.00000 0.00000 0.00000 0.00000 0.00000 0.00000 0.00000 0.00000 0.00000 0.00000 0.00000 0.00000 0.00000 0.00000 0.00000 0.00000 0.00000
