0.00000 0.96582 0.95455 0.93311 0.90417 0.86908 0.82895 0.78525 0.73955 0.69342 0.64823 0.60516 0.56502 0.52847 0.49612 0.46862 0.47553 0.48832 0.51136 0.55400 0.64151 0.84477 1.35018
0.00000 0.94327 0.91663 0.88369 0.84489 0.80158 0.75514 0.70721 0.65932 0.61283 0.56882 0.52804 0.49093 0.45779 0.42894 0.43243 0.43934 0.45260 0.47779 0.52744 0.63262 0.87156 0.00000
0.00000 0.88998 0.85378 0.81217 0.76615 0.71752 0.66785 0.61873 0.57148 0.52711 0.48626 0.44932 0.41634 0.38735 0.38895 0.39238 0.39956 0.41454 0.44619 0.51312 0.65092 0.00000 0.00000
0.00000 0.81757 0.77314 0.72494 0.67441 0.62343 0.57352 0.52596 0.48171 0.44132 0.40503 0.37286 0.34459 0.34524 0.34680 0.35042 0.35905 0.37981 0.42785 0.52640 0.00000 0.00000 0.00000
0.00000 0.72869 0.67851 0.62674 0.57490 0.52471 0.47736 0.43372 0.39426 0.35913 0.32820 0.30124 0.30149 0.30213 0.30388 0.30879 0.32259 0.35857 0.43702 0.00000 0.00000 0.00000 0.00000
0.00000 0.62832 0.57566 0.52367 0.47371 0.42710 0.38455 0.34647 0.31291 0.28365 0.25834 0.25845 0.25872 0.25955 0.26245 0.27198 0.29977 0.36459 0.00000 0.00000 0.00000 0.00000 0.00000
0.00000 0.52298 0.47126 0.42220 0.37679 0.33580 0.29949 0.26784 0.24055 0.21719 0.21722 0.21735 0.21779 0.21961 0.22656 0.24876 0.30351 0.00000 0.00000 0.00000 0.00000 0.00000 0.00000
0.00000 0.41951 0.37174 0.32807 0.28900 0.25480 0.22531 0.20019 0.17896 0.17897 0.17902 0.17929 0.18054 0.18580 0.20396 0.25095 0.00000 0.00000 0.00000 0.00000 0.00000 0.00000 0.00000
0.00000 0.32395 0.28229 0.24550 0.21362 0.18648 0.16364 0.14458 0.14459 0.14462 0.14478 0.14568 0.14975 0.16468 0.20517 0.00000 0.00000 0.00000 0.00000 0.00000 0.00000 0.00000 0.00000
0.00000 0.24061 0.20623 0.17684 0.15210 0.13158 0.11469 0.11469 0.11471 0.11482 0.11546 0.11861 0.13079 0.16535 0.00000 0.00000 0.00000 0.00000 0.00000 0.00000 0.00000 0.00000 0.00000
0.00000 0.17184 0.14492 0.12259 0.10432 0.08950 0.08950 0.08951 0.08958 0.09005 0.09244 0.10224 0.13128 0.00000 0.00000 0.00000 0.00000 0.00000 0.00000 0.00000 0.00000 0.00000 0.00000
0.00000 0.11798 0.09795 0.08180 0.06892 0.06892 0.06892 0.06897 0.06930 0.07111 0.07883 0.10281 0.00000 0.00000 0.00000 0.00000 0.00000 0.00000 0.00000 0.00000 0.00000 0.00000 0.00000
0.00000 0.07790 0.06370 0.05255 0.05255 0.05256 0.05258 0.05283 0.05417 0.06020 0.07962 0.00000 0.00000 0.00000 0.00000 0.00000 0.00000 0.00000 0.00000 0.00000 0.00000 0.00000 0.00000
0.00000 0.04948 0.03987 0.03987 0.03988 0.03989 0.04006 0.04106 0.04570 0.06129 0.00000 0.00000 0.00000 0.00000 0.00000 0.00000 0.00000 0.00000 0.00000 0.00000 0.00000 0.00000 0.00000
0.00000 0.03026 0.03025 0.03027 0.03026 0.03040 0.03112 0.03471 0.04706 0.00000 0.00000 0.00000 0.00000 0.00000 0.00000 0.00000 0.00000 0.00000 0.00000 0.00000 0.00000 0.00000 0.00000
0.00000 0.00000 0.00000 0.00000 0.00000 0.00000 0.00000 0.00000 0.00000 0.00000 0.00000 0.00000 0.00000 0.00000 0.00000 0.00000 0.00000 0.00000 0.00000 0.00000 0.00000 0.00000 0.00000
0.00000 0.00000 0.00000 0.00000 0.00000 0.00000 0.00000 0.00000 0.00000 0.00000 0.00000 0.00000 0.00000 0.00000 0.00000 0.00000 0.00000 0.00000 0.00000 0.00000 0.00000 0.00000 0.00000
0.00000 0.00000 0.00000 0.00000 0.00000 0.00000 0.00000 0.00000 0.00000 0.00000 0.00000 0.00000 0.00000 0.00000 0.00000 0.00000 0.00000 0.00000 0.00000 0.00000 0.00000 0.00000 0.00000
0.00000 0.00000 0.00000 0.00000 0.00000 0.00000 0.00000 0.00000 0.00000 0.00000 0.00000 0.00000 0.00000 0.00000 0.00000 0.00000 0.00000 0.00000 0.00000 0.00000 0.00000 0.00000 0.00000
0.00000 0.00000 0.00000 0.00000 0.00000 0.00000 0.00000 0.00000 0.00000 0.00000 0.00000 0.00000 0.00000 0.00000 0.00000 0.00000 0.00000 0.00000 0.00000 0.00000 0.00000 0.00000 0.00000
0.00000 0.00000 0.00000 0.00000 0.00000 0.00000 0.00000 0.00000 0.00000 0.00000 0.00000 0.00000 0.00000 0.00000 0.00000 0.00000 0.00000 0.00000 0.00000 0.00000 0.00000 0.00000 0.00000
0.00000 0.00000 0.00000 0.00000 0.00000 0.00000 0.00000 0.00000 0.00000 0.00000 0.00000 0.00000 0.00000 0.00000 0.00000 0.00000 0.00000 0.00000 0.00000 0.00000 0.00000 0.00000 0.00000
0.00000 0.00000 0.00000 0.00000 0.00000 0.00000 0.00000 0.00000 0.00000 0.00000 0.00000 0.00000 0.00000 0.00000 0.00000 0.00000 0.00000 0.00000 0.00000 0.00000 0.00000 0.00000 0.00000
