0.33151 0.28416 0.24867 0.22110 0.19913 0.18137 0.16702 0.15577 0.14776 0.14363 0.14436 0.15112 0.16479 0.18547 0.21208 0.24249 0.27421 0.30516 0.33288
0.23042 0.19203 0.16463 0.14414 0.12832 0.11594 0.10637 0.09949 0.09563 0.09559 0.10049 0.11156 0.12961 0.15455 0.18508 0.21892 0.25351 0.28665 0.00000
0.13743 0.10997 0.09172 0.07879 0.06933 0.06246 0.05791 0.05589 0.05706 0.06250 0.07345 0.09096 0.11546 0.14627 0.18160 0.21896 0.25574 0.00000 0.00000
0.07261 0.05456 0.04387 0.03703 0.03270 0.03051 0.03067 0.03386 0.04116 0.05383 0.07296 0.09905 0.13159 0.16900 0.20895 0.24875 0.00000 0.00000 0.00000
0.03475 0.02353 0.01834 0.01600 0.01581 0.01800 0.02336 0.03309 0.04849 0.07069 0.10008 0.13603 0.17682 0.22004 0.26293 0.00000 0.00000 0.00000 0.00000
0.01499 0.00888 0.00812 0.00979 0.01404 0.02180 0.03444 0.05338 0.07972 0.11371 0.15446 0.19992 0.24735 0.29381 0.00000 0.00000 0.00000 0.00000 0.00000
0.00000 0.00660 0.01070 0.01747 0.02825 0.04464 0.06816 0.09985 0.13974 0.18653 0.23769 0.29011 0.34053 0.00000 0.00000 0.00000 0.00000 0.00000 0.00000
0.00167 0.00823 0.01582 0.02702 0.04365 0.06733 0.09913 0.13910 0.18594 0.23713 0.28956 0.33997 0.00000 0.00000 0.00000 0.00000 0.00000 0.00000 0.00000
0.00762 0.01542 0.02671 0.04340 0.06713 0.09896 0.13895 0.18580 0.23700 0.28943 0.33984 0.00000 0.00000 0.00000 0.00000 0.00000 0.00000 0.00000 0.00000
0.01533 0.02665 0.04335 0.06708 0.09892 0.13892 0.18577 0.23697 0.28941 0.33982 0.00000 0.00000 0.00000 0.00000 0.00000 0.00000 0.00000 0.00000 0.00000
0.02663 0.04334 0.06707 0.09891 0.13891 0.18576 0.23697 0.28940 0.33981 0.00000 0.00000 0.00000 0.00000 0.00000 0.00000 0.00000 0.00000 0.00000 0.00000
0.04334 0.06707 0.09891 0.13891 0.18576 0.23696 0.28940 0.33981 0.00000 0.00000 0.00000 0.00000 0.00000 0.00000 0.00000 0.00000 0.00000 0.00000 0.00000
0.06707 0.09891 0.13891 0.18576 0.23696 0.28940 0.33981 0.00000 0.00000 0.00000 0.00000 0.00000 0.00000 0.00000 0.00000 0.00000 0.00000 0.00000 0.00000
0.09891 0.13891 0.18576 0.23696 0.28940 0.33981 0.00000 0.00000 0.00000 0.00000 0.00000 0.00000 0.00000 0.00000 0.00000 0.00000 0.00000 0.00000 0.00000
0.13891 0.18576 0.23696 0.28940 0.33981 0.00000 0.00000 0.00000 0.00000 0.00000 0.00000 0.00000 0.00000 0.00000 0.00000 0.00000 0.00000 0.00000 0.00000
0.18576 0.23696 0.28940 0.33981 0.00000 0.00000 0.00000 0.00000 0.00000 0.00000 0.00000 0.00000 0.00000 0.00000 0.00000 0.00000 0.00000 0.00000 0.00000
0.23696 0.28940 0.33981 0.00000 0.00000 0.00000 0.00000 0.00000 0.00000 0.00000 0.00000 0.00000 0.00000 0.00000 0.00000 0.00000 0.00000 0.00000 0.00000
0.28940 0.33981 0.00000 0.00000 0.00000 0.00000 0.00000 0.00000 0.00000 0.00000 0.00000 0.00000 0.00000 0.00000 0.00000 0.00000 0.00000 0.00000 0.00000
0.33981 0.00000 0.00000 0.00000 0.00000 0.00000 0.00000 0.00000 0.00000 0.00000 0.00000 0.00000 0.00000 0.00000 0.00000 0.00000 0.00000 0.00000 0.00000
