0.00000 0.91316 0.95335 0.95846 0.94994 0.93228 0.90778 0.87848 0.84617 0.81254 0.77870 0.74576 0.71435 0.68490 0.65775 0.63316 0.61155 0.59323 0.57871 0.56860 0.58925 0.61646 0.65175 0.69671 0.75327 0.82463 0.91696 1.04256 1.22596 1.51931 2.06099 3.35953
0.00000 0.99301 0.98114 0.96182 0.93661 0.90615 0.87187 0.83547 0.79838 0.76182 0.72643 0.69288 0.66145 0.63235 0.60576 0.58183 0.56089 0.54318 0.52919 0.54420 0.56434 0.59106 0.62586 0.67044 0.72683 0.79841 0.89173 1.01982 1.20863 1.51324 2.07993 0.00000
0.00000 0.96874 0.94626 0.91745 0.88401 0.84710 0.80840 0.76948 0.73139 0.69493 0.66035 0.62801 0.59800 0.57039 0.54526 0.52272 0.50305 0.48645 0.49686 0.51114 0.53051 0.55640 0.59043 0.63435 0.69031 0.76194 0.85623 0.98705 1.18201 1.49999 0.00000 0.00000
0.00000 0.92327 0.89185 0.85542 0.81630 0.77585 0.73552 0.69647 0.65928 0.62434 0.59159 0.56122 0.53318 0.50747 0.48413 0.46323 0.44501 0.45189 0.46152 0.47495 0.49340 0.51837 0.55155 0.59475 0.65032 0.72210 0.81762 0.95174 1.15435 0.00000 0.00000 0.00000
0.00000 0.85995 0.82158 0.78035 0.73865 0.69755 0.65801 0.62067 0.58571 0.55322 0.52296 0.49501 0.46928 0.44574 0.42439 0.40530 0.40965 0.41586 0.42475 0.43739 0.45507 0.47934 0.51193 0.55479 0.61033 0.68274 0.78009 0.91865 0.00000 0.00000 0.00000 0.00000
0.00000 0.78275 0.74066 0.69797 0.65668 0.61730 0.58026 0.54580 0.51383 0.48427 0.45682 0.43153 0.40828 0.38703 0.36780 0.37038 0.37426 0.37994 0.38832 0.40053 0.41791 0.44206 0.47478 0.51802 0.57434 0.64818 0.74841 0.00000 0.00000 0.00000 0.00000 0.00000
0.00000 0.69815 0.65573 0.61447 0.57574 0.53954 0.50591 0.47485 0.44614 0.41966 0.39510 0.37250 0.35176 0.33284 0.33435 0.33665 0.34025 0.34572 0.35405 0.36644 0.38429 0.40927 0.44313 0.48785 0.54599 0.62237 0.00000 0.00000 0.00000 0.00000 0.00000 0.00000
0.00000 0.61293 0.57279 0.53480 0.49975 0.46732 0.43736 0.40974 0.38424 0.36075 0.33899 0.31900 0.30069 0.30155 0.30293 0.30515 0.30879 0.31452 0.32342 0.33680 0.35614 0.38308 0.41933 0.46672 0.52790 0.00000 0.00000 0.00000 0.00000 0.00000 0.00000 0.00000
0.00000 0.53232 0.49590 0.46192 0.43084 0.40217 0.37570 0.35131 0.32880 0.30810 0.28894 0.27141 0.27190 0.27273 0.27417 0.27658 0.28066 0.28722 0.29744 0.31278 0.33471 0.36483 0.40467 0.45593 0.00000 0.00000 0.00000 0.00000 0.00000 0.00000 0.00000 0.00000
0.00000 0.45919 0.42689 0.39694 0.36959 0.34435 0.32103 0.29956 0.27977 0.26161 0.24487 0.24515 0.24567 0.24663 0.24833 0.25126 0.25628 0.26430 0.27670 0.29497 0.32060 0.35500 0.39950 0.00000 0.00000 0.00000 0.00000 0.00000 0.00000 0.00000 0.00000 0.00000
0.00000 0.39436 0.36598 0.33967 0.31562 0.29341 0.27290 0.25404 0.23671 0.22086 0.22101 0.22135 0.22201 0.22324 0.22547 0.22934 0.23581 0.24602 0.26144 0.28360 0.31388 0.35350 0.00000 0.00000 0.00000 0.00000 0.00000 0.00000 0.00000 0.00000 0.00000 0.00000
0.00000 0.33740 0.31247 0.28933 0.26816 0.24862 0.23062 0.21412 0.19902 0.19917 0.19938 0.19986 0.20078 0.20250 0.20558 0.21080 0.21936 0.23248 0.25176 0.27865 0.31439 0.00000 0.00000 0.00000 0.00000 0.00000 0.00000 0.00000 0.00000 0.00000 0.00000 0.00000
0.00000 0.28737 0.26543 0.24505 0.22643 0.20928 0.19355 0.17920 0.17927 0.17948 0.17981 0.18051 0.18186 0.18434 0.18863 0.19576 0.20702 0.22382 0.24768 0.28003 0.00000 0.00000 0.00000 0.00000 0.00000 0.00000 0.00000 0.00000 0.00000 0.00000 0.00000 0.00000
0.00000 0.24333 0.22400 0.20609 0.18976 0.17480 0.16114 0.16119 0.16131 0.16162 0.16213 0.16320 0.16521 0.16874 0.17474 0.18432 0.19898 0.22011 0.24926 0.00000 0.00000 0.00000 0.00000 0.00000 0.00000 0.00000 0.00000 0.00000 0.00000 0.00000 0.00000 0.00000
0.00000 0.20454 0.18755 0.17188 0.15767 0.14472 0.14473 0.14481 0.14502 0.14546 0.14628 0.14791 0.15083 0.15586 0.16406 0.17674 0.19542 0.22154 0.00000 0.00000 0.00000 0.00000 0.00000 0.00000 0.00000 0.00000 0.00000 0.00000 0.00000 0.00000 0.00000 0.00000
0.00000 0.17047 0.15562 0.14202 0.12975 0.12977 0.12981 0.12998 0.13028 0.13098 0.13227 0.13468 0.13892 0.14589 0.15688 0.17323 0.19659 0.00000 0.00000 0.00000 0.00000 0.00000 0.00000 0.00000 0.00000 0.00000 0.00000 0.00000 0.00000 0.00000 0.00000 0.00000
0.00000 0.14070 0.12785 0.11615 0.11619 0.11623 0.11634 0.11659 0.11710 0.11819 0.12012 0.12369 0.12965 0.13913 0.15344 0.17412 0.00000 0.00000 0.00000 0.00000 0.00000 0.00000 0.00000 0.00000 0.00000 0.00000 0.00000 0.00000 0.00000 0.00000 0.00000 0.00000
0.00000 0.11493 0.10392 0.10389 0.10394 0.10406 0.10420 0.10464 0.10549 0.10710 0.11004 0.11514 0.12337 0.13582 0.15410 0.00000 0.00000 0.00000 0.00000 0.00000 0.00000 0.00000 0.00000 0.00000 0.00000 0.00000 0.00000 0.00000 0.00000 0.00000 0.00000 0.00000
0.00000 0.09287 0.09290 0.09283 0.09302 0.09313 0.09340 0.09420 0.09541 0.09795 0.10216 0.10937 0.12026 0.13629 0.00000 0.00000 0.00000 0.00000 0.00000 0.00000 0.00000 0.00000 0.00000 0.00000 0.00000 0.00000 0.00000 0.00000 0.00000 0.00000 0.00000 0.00000
0.00000 0.00000 0.00000 0.00000 0.00000 0.00000 0.00000 0.00000 0.00000 0.00000 0.00000 0.00000 0.00000 0.00000 0.00000 0.00000 0.00000 0.00000 0.00000 0.00000 0.00000 0.00000 0.00000 0.00000 0.00000 0.00000 0.00000 0.00000 0.00000 0.00000 0.00000 0.00000
0.00000 0.00000 0.00000 0.00000 0.00000 0.00000 0.00000 0.00000 0.00000 0.00000 0.00000 0.00000 0.00000 0.00000 0.00000 0.00000 0.00000 0.00000 0.00000 0.00000 0.00000 0.00000 0.00000 0.00000 0.00000 0.00000 0.00000 0.00000 0.00000 0.00000 0.00000 0.00000
0.00000 0.00000 0.00000 0.00000 0.00000 0.00000 0.00000 0.00000 0.00000 0.00000 0.00000 0.00000 0.00000 0.00000 0.00000 0.00000 0.00000 0.00000 0.00000 0.00000 0.00000 0.00000 0.00000 0.00000 0.00000 0.00000 0.00000 0.00000 0.00000 0.00000 0.00000 0.00000
0.00000 0.00000 0.00000 0.00000 0.00000 0.00000 0.00000 0.00000 0.00000 0.00000 0.00000 0.00000 0.00000 0.00000 0.00000 0.00000 0.00000 0.00000 0.00000 0.00000 0.00000 0.00000 0.00000 0.00000 0.00000 0.00000 0.00000 0.00000 0.00000 0.00000 0.00000 0.00000
0.00000 0.00000 0.00000 0.00000 0.00000 0.00000 0.00000 0.00000 0.00000 0.00000 0.00000 0.00000 0.00000 0.00000 0.00000 0.00000 0.00000 0.00000 0.00000 0.00000 0.00000 0.00000 0.00000 0.00000 0.00000 0.00000 0.00000 0.00000 0.00000 0.00000 0.00000 0.00000
0.00000 0.00000 0.00000 0.00000 0.00000 0.00000 0.00000 0.00000 0.00000 0.00000 0.00000 0.00000 0.00000 0.00000 0.00000 0.00000 0.00000 0.00000 0.00000 0.00000 0.00000 0.00000 0.00000 0.00000 0.00000 0.00000 0.00000 0.00000 0.00000 0.00000 0.00000 0.00000
0.00000 0.00000 0.00000 0.00000 0.00000 0.00000 0.00000 0.00000 0.00000 0.00000 0.00000 0.00000 0.00000 0.00000 0.00000 0.00000 0.00000 0.00000 0.00000 0.00000 0.00000 0.00000 0.00000 0.00000 0.00000 0.00000 0.00000 0.00000 0.00000 0.00000 0.00000 0.00000
0.00000 0.00000 0.00000 0.00000 0.00000 0.00000 0.00000 0.00000 0.00000 0.00000 0.00000 0.00000 0.00000 0.00000 0.00000 0.00000 0.00000 0.00000 0.00000 0.00000 0.00000 0.00000 0.00000 0.00000 0.00000 0.00000 0.00000 0.00000 0.00000 0.00000 0.00000 0.00000
0.00000 0.00000 0.00000 0.00000 0.00000 0.00000 0.00000 0.00000 0.00000 0.00000 0.00000 0.00000 0.00000 0.00000 0.00000 0.00000 0.00000 0.00000 0.00000 0.00000 0.00000 0.00000 0.00000 0.00000 0.00000 0.00000 0.00000 0.00000 0.00000 0.00000 0.00000 0.00000
0.00000 0.00000 0.00000 0.00000 0.00000 0.00000 0.00000 0.00000 0.00000 0.00000 0.00000 0.00000 0.00000 0.00000 0.00000 0.00000 0.00000 0.00000 0.00000 0.00000 0.00000 0.00000 0.00000 0.00000 0.00000 0.00000 0.00000 0.00000 0.00000 0.00000 0.00000 0.00000
0.00000 0.00000 0.00000 0.00000 0.00000 0.00000 0.00000 0.00000 0.00000 0.00000 0.00000 0.00000 0.00000 0.00000 0.00000 0.00000 0.00000 0.00000 0.00000 0.00000 0.00000 0.00000 0.00000 0.00000 0.00000 0.00000 0.00000 0.00000 0.00000 0.00000 0.00000 0.00000
0.00000 0.00000 0.00000 0.00000 0.00000 0.00000 0.00000 0.00000 0.00000 0.00000 0.00000 0.00000 0.00000 0.00000 0.00000 0.00000 0.00000 0.00000 0.00000 0.00000 0.00000 0.00000 0.00000 0.00000 0.00000 0.00000 0.00000 0.00000 0.00000 0.00000 0.00000 0.00000
0.00000 0.00000 0.00000 0.00000 0.00000 0.00000 0.00000 0.00000 0.00000 0.00000 0.00000 0.00000 0.00000 0.00000 0.00000 0.00000 0.00000 0.00000 0.00000 0.00000 0.00000 0.00000 0.00000 0.00000 0.00000 0.00000 0.00000 0.00000 0.00000 0.00000 0.00000 0.00000
