0.55306 0.52238 0.49497 0.47033 0.44811 0.42800 0.40975 0.39322 0.37825 0.36479 0.35275 0.34215 0.33304 0.32548 0.31957 0.31546 0.31334 0.31339 0.31590 0.32114 0.32945 0.34119 0.35671 0.37641 0.40076 0.43090 0.46953 0.52257 0.60134 0.72458 0.93039 1.34694
0.52960 0.49850 0.47089 0.44622 0.42409 0.40417 0.38618 0.36995 0.35533 0.34224 0.33061 0.32044 0.31178 0.30469 0.29928 0.29569 0.29411 0.29475 0.29787 0.30377 0.31279 0.32528 0.34161 0.36218 0.38747 0.41864 0.45844 0.51293 0.59370 0.72010 0.93201 0.00000
0.50160 0.47031 0.44273 0.41826 0.39644 0.37690 0.35936 0.34361 0.32951 0.31695 0.30587 0.29628 0.28820 0.28170 0.27691 0.27397 0.27306 0.27439 0.27824 0.28491 0.29474 0.30810 0.32536 0.34690 0.37325 0.40555 0.44665 0.50278 0.58611 0.71806 0.00000 0.00000
0.46869 0.43751 0.41027 0.38626 0.36502 0.34611 0.32923 0.31418 0.30079 0.28895 0.27860 0.26974 0.26240 0.25666 0.25264 0.25048 0.25038 0.25255 0.25727 0.26486 0.27564 0.29000 0.30830 0.33095 0.35845 0.39201 0.43457 0.49283 0.58100 0.00000 0.00000 0.00000
0.43093 0.40022 0.37365 0.35044 0.33007 0.31206 0.29611 0.28199 0.26953 0.25862 0.24919 0.24125 0.23484 0.23004 0.22697 0.22577 0.22667 0.22986 0.23563 0.24430 0.25620 0.27172 0.29122 0.31511 0.34391 0.37886 0.42329 0.48578 0.00000 0.00000 0.00000 0.00000
0.38938 0.35951 0.33397 0.31187 0.29266 0.27583 0.26105 0.24809 0.23677 0.22699 0.21869 0.21187 0.20659 0.20293 0.20102 0.20101 0.20312 0.20755 0.21459 0.22456 0.23780 0.25468 0.27556 0.30085 0.33109 0.36781 0.41594 0.00000 0.00000 0.00000 0.00000 0.00000
0.34550 0.31681 0.29261 0.27193 0.25414 0.23873 0.22535 0.21377 0.20380 0.19537 0.18839 0.18292 0.17899 0.17671 0.17620 0.17763 0.18121 0.18715 0.19573 0.20728 0.22210 0.24057 0.26304 0.28992 0.32193 0.36193 0.00000 0.00000 0.00000 0.00000 0.00000 0.00000
0.30098 0.27377 0.25119 0.23217 0.21604 0.20227 0.19048 0.18046 0.17205 0.16515 0.15973 0.15582 0.15350 0.15286 0.15404 0.15720 0.16257 0.17033 0.18077 0.19419 0.21089 0.23121 0.25549 0.28427 0.31926 0.00000 0.00000 0.00000 0.00000 0.00000 0.00000 0.00000
0.25757 0.23205 0.21130 0.19414 0.17985 0.16788 0.15786 0.14959 0.14291 0.13776 0.13411 0.13202 0.13157 0.13287 0.13606 0.14130 0.14879 0.15872 0.17135 0.18695 0.20581 0.22823 0.25464 0.28625 0.00000 0.00000 0.00000 0.00000 0.00000 0.00000 0.00000 0.00000
0.21678 0.19307 0.17429 0.15913 0.14683 0.13680 0.12871 0.12235 0.11760 0.11441 0.11278 0.11279 0.11451 0.11808 0.12362 0.13128 0.14125 0.15369 0.16884 0.18691 0.20817 0.23299 0.26221 0.00000 0.00000 0.00000 0.00000 0.00000 0.00000 0.00000 0.00000 0.00000
0.17961 0.15779 0.14109 0.12807 0.11788 0.10995 0.10394 0.09968 0.09706 0.09608 0.09675 0.09916 0.10340 0.10958 0.11783 0.12826 0.14104 0.15629 0.17421 0.19498 0.21889 0.24657 0.00000 0.00000 0.00000 0.00000 0.00000 0.00000 0.00000 0.00000 0.00000 0.00000
0.14656 0.12667 0.11219 0.10145 0.09354 0.08788 0.08416 0.08223 0.08202 0.08355 0.08684 0.09199 0.09910 0.10825 0.11954 0.13306 0.14891 0.16720 0.18806 0.21171 0.23855 0.00000 0.00000 0.00000 0.00000 0.00000 0.00000 0.00000 0.00000 0.00000 0.00000 0.00000
0.11757 0.09976 0.08773 0.07951 0.07413 0.07101 0.06987 0.07058 0.07311 0.07749 0.08377 0.09205 0.10238 0.11483 0.12946 0.14630 0.16542 0.18686 0.21077 0.23741 0.00000 0.00000 0.00000 0.00000 0.00000 0.00000 0.00000 0.00000 0.00000 0.00000 0.00000 0.00000
0.09225 0.07689 0.06775 0.06248 0.06002 0.05982 0.06163 0.06538 0.07106 0.07872 0.08840 0.10017 0.11407 0.13011 0.14828 0.16858 0.19101 0.21563 0.24256 0.00000 0.00000 0.00000 0.00000 0.00000 0.00000 0.00000 0.00000 0.00000 0.00000 0.00000 0.00000 0.00000
0.06998 0.05798 0.05257 0.05091 0.05194 0.05519 0.06046 0.06773 0.07702 0.08839 0.10186 0.11748 0.13521 0.15500 0.17681 0.20055 0.22624 0.25384 0.00000 0.00000 0.00000 0.00000 0.00000 0.00000 0.00000 0.00000 0.00000 0.00000 0.00000 0.00000 0.00000 0.00000
0.05006 0.04366 0.04341 0.04634 0.05158 0.05887 0.06814 0.07943 0.09278 0.10825 0.12583 0.14551 0.16718 0.19074 0.21605 0.24308 0.27167 0.00000 0.00000 0.00000 0.00000 0.00000 0.00000 0.00000 0.00000 0.00000 0.00000 0.00000 0.00000 0.00000 0.00000 0.00000
0.03178 0.03721 0.04416 0.05256 0.06256 0.07430 0.08792 0.10353 0.12121 0.14095 0.16272 0.18642 0.21188 0.23892 0.26743 0.29717 0.00000 0.00000 0.00000 0.00000 0.00000 0.00000 0.00000 0.00000 0.00000 0.00000 0.00000 0.00000 0.00000 0.00000 0.00000 0.00000
0.00000 0.05804 0.06791 0.07944 0.09283 0.10819 0.12561 0.14516 0.16681 0.19048 0.21601 0.24323 0.27189 0.30179 0.33260 0.00000 0.00000 0.00000 0.00000 0.00000 0.00000 0.00000 0.00000 0.00000 0.00000 0.00000 0.00000 0.00000 0.00000 0.00000 0.00000 0.00000
0.00240 0.04008 0.06090 0.07890 0.09705 0.11634 0.13719 0.15982 0.18423 0.21032 0.23792 0.26683 0.29684 0.32750 0.00000 0.00000 0.00000 0.00000 0.00000 0.00000 0.00000 0.00000 0.00000 0.00000 0.00000 0.00000 0.00000 0.00000 0.00000 0.00000 0.00000 0.00000
0.01938 0.04709 0.06856 0.08876 0.10942 0.13128 0.15462 0.17959 0.20611 0.23403 0.26311 0.29321 0.32380 0.00000 0.00000 0.00000 0.00000 0.00000 0.00000 0.00000 0.00000 0.00000 0.00000 0.00000 0.00000 0.00000 0.00000 0.00000 0.00000 0.00000 0.00000 0.00000
0.03689 0.06090 0.08265 0.10431 0.12689 0.15080 0.17616 0.20301 0.23117 0.26042 0.29055 0.32111 0.00000 0.00000 0.00000 0.00000 0.00000 0.00000 0.00000 0.00000 0.00000 0.00000 0.00000 0.00000 0.00000 0.00000 0.00000 0.00000 0.00000 0.00000 0.00000 0.00000
0.05529 0.07815 0.10058 0.12368 0.14798 0.17367 0.20073 0.22908 0.25847 0.28867 0.31917 0.00000 0.00000 0.00000 0.00000 0.00000 0.00000 0.00000 0.00000 0.00000 0.00000 0.00000 0.00000 0.00000 0.00000 0.00000 0.00000 0.00000 0.00000 0.00000 0.00000 0.00000
0.07489 0.09786 0.12136 0.14593 0.17185 0.19910 0.22756 0.25704 0.28732 0.31783 0.00000 0.00000 0.00000 0.00000 0.00000 0.00000 0.00000 0.00000 0.00000 0.00000 0.00000 0.00000 0.00000 0.00000 0.00000 0.00000 0.00000 0.00000 0.00000 0.00000 0.00000 0.00000
0.09590 0.11967 0.14448 0.17053 0.19792 0.22649 0.25603 0.28635 0.31688 0.00000 0.00000 0.00000 0.00000 0.00000 0.00000 0.00000 0.00000 0.00000 0.00000 0.00000 0.00000 0.00000 0.00000 0.00000 0.00000 0.00000 0.00000 0.00000 0.00000 0.00000 0.00000 0.00000
0.11848 0.14343 0.16962 0.19707 0.22573 0.25533 0.28567 0.31619 0.00000 0.00000 0.00000 0.00000 0.00000 0.00000 0.00000 0.00000 0.00000 0.00000 0.00000 0.00000 0.00000 0.00000 0.00000 0.00000 0.00000 0.00000 0.00000 0.00000 0.00000 0.00000 0.00000 0.00000
0.14269 0.16896 0.19650 0.22518 0.25484 0.28521 0.31573 0.00000 0.00000 0.00000 0.00000 0.00000 0.00000 0.00000 0.00000 0.00000 0.00000 0.00000 0.00000 0.00000 0.00000 0.00000 0.00000 0.00000 0.00000 0.00000 0.00000 0.00000 0.00000 0.00000 0.00000 0.00000
0.16850 0.19608 0.22482 0.25449 0.28489 0.31543 0.00000 0.00000 0.00000 0.00000 0.00000 0.00000 0.00000 0.00000 0.00000 0.00000 0.00000 0.00000 0.00000 0.00000 0.00000 0.00000 0.00000 0.00000 0.00000 0.00000 0.00000 0.00000 0.00000 0.00000 0.00000 0.00000
0.19580 0.22455 0.25426 0.28466 0.31522 0.00000 0.00000 0.00000 0.00000 0.00000 0.00000 0.00000 0.00000 0.00000 0.00000 0.00000 0.00000 0.00000 0.00000 0.00000 0.00000 0.00000 0.00000 0.00000 0.00000 0.00000 0.00000 0.00000 0.00000 0.00000 0.00000 0.00000
0.22438 0.25409 0.28453 0.31507 0.00000 0.00000 0.00000 0.00000 0.00000 0.00000 0.00000 0.00000 0.00000 0.00000 0.00000 0.00000 0.00000 0.00000 0.00000 0.00000 0.00000 0.00000 0.00000 0.00000 0.00000 0.00000 0.00000 0.00000 0.00000 0.00000 0.00000 0.00000
0.25398 0.28441 0.31498 0.00000 0.00000 0.00000 0.00000 0.00000 0.00000 0.00000 0.00000 0.00000 0.00000 0.00000 0.00000 0.00000 0.00000 0.00000 0.00000 0.00000 0.00000 0.00000 0.00000 0.00000 0.00000 0.00000 0.00000 0.00000 0.00000 0.00000 0.00000 0.00000
0.28434 0.31490 0.00000 0.00000 0.00000 0.00000 0.00000 0.00000 0.00000 0.00000 0.00000 0.00000 0.00000 0.00000 0.00000 0.00000 0.00000 0.00000 0.00000 0.00000 0.00000 0.00000 0.00000 0.00000 0.00000 0.00000 0.00000 0.00000 0.00000 0.00000 0.00000 0.00000
0.31486 0.00000 0.00000 0.00000 0.00000 0.00000 0.00000 0.00000 0.00000 0.00000 0.00000 0.00000 0.00000 0.00000 0.00000 0.00000 0.00000 0.00000 0.00000 0.00000 0.00000 0.00000 0.00000 0.00000 0.00000 0.00000 0.00000 0.00000 0.00000 0.00000 0.00000 0.00000
