0.00000 0.94938 0.98028 0.98831 0.98814 0.98212 0.97010 0.95158 0.92655 0.89570 0.86028 0.82191 0.78238 0.74346 0.70691 0.67441 0.64760 0.62806 0.61722 0.64998 0.69925 0.78170 0.93861 1.25466
0.00000 1.01117 1.00777 1.00105 0.99030 0.97422 0.95189 0.92318 0.88878 0.84997 0.80840 0.76578 0.72378 0.68393 0.64764 0.61623 0.59101 0.57326 0.59625 0.63004 0.68086 0.76623 0.92962 0.00000
0.00000 1.00438 0.99600 0.98334 0.96497 0.94001 0.90847 0.87119 0.82962 0.78546 0.74047 0.69625 0.65416 0.61537 0.58092 0.55179 0.52899 0.54446 0.56797 0.60250 0.65457 0.74260 0.00000 0.00000
0.00000 0.98761 0.97281 0.95183 0.92391 0.88926 0.84894 0.80455 0.75789 0.71075 0.66468 0.62093 0.58048 0.54409 0.51244 0.48620 0.49594 0.51154 0.53524 0.57015 0.62312 0.00000 0.00000 0.00000
0.00000 0.95801 0.93394 0.90267 0.86466 0.82118 0.77399 0.72498 0.67595 0.62842 0.58353 0.54212 0.50474 0.47176 0.44356 0.44923 0.45883 0.47424 0.49777 0.53269 0.00000 0.00000 0.00000 0.00000
0.00000 0.90986 0.87500 0.83354 0.78697 0.73716 0.68610 0.63557 0.58703 0.54157 0.49986 0.46227 0.42899 0.40009 0.40311 0.40853 0.41775 0.43266 0.45568 0.00000 0.00000 0.00000 0.00000 0.00000
0.00000 0.84014 0.79538 0.74600 0.69398 0.64133 0.58981 0.54084 0.49537 0.45398 0.41690 0.38414 0.35556 0.35704 0.35982 0.36483 0.37347 0.38764 0.00000 0.00000 0.00000 0.00000 0.00000 0.00000
0.00000 0.75063 0.69893 0.64526 0.59162 0.53973 0.49092 0.44605 0.40558 0.36961 0.33802 0.31054 0.31119 0.31248 0.31495 0.31947 0.32740 0.00000 0.00000 0.00000 0.00000 0.00000 0.00000 0.00000
0.00000 0.64723 0.59257 0.53861 0.48700 0.43897 0.39527 0.35623 0.32188 0.29196 0.26612 0.26637 0.26692 0.26802 0.27015 0.27415 0.00000 0.00000 0.00000 0.00000 0.00000 0.00000 0.00000 0.00000
0.00000 0.53791 0.48430 0.43359 0.38690 0.34486 0.30772 0.27536 0.24748 0.22361 0.22370 0.22391 0.22435 0.22526 0.22708 0.00000 0.00000 0.00000 0.00000 0.00000 0.00000 0.00000 0.00000 0.00000
0.00000 0.43069 0.38143 0.33656 0.29660 0.26167 0.23159 0.20596 0.18426 0.18429 0.18437 0.18453 0.18488 0.18562 0.00000 0.00000 0.00000 0.00000 0.00000 0.00000 0.00000 0.00000 0.00000 0.00000
0.00000 0.33218 0.28950 0.25190 0.21942 0.19177 0.16849 0.14904 0.14905 0.14907 0.14913 0.14925 0.14953 0.00000 0.00000 0.00000 0.00000 0.00000 0.00000 0.00000 0.00000 0.00000 0.00000 0.00000
0.00000 0.24682 0.21176 0.18183 0.15666 0.13575 0.11851 0.11852 0.11852 0.11854 0.11858 0.11868 0.00000 0.00000 0.00000 0.00000 0.00000 0.00000 0.00000 0.00000 0.00000 0.00000 0.00000 0.00000
0.00000 0.17671 0.14934 0.12661 0.10799 0.09285 0.09285 0.09285 0.09286 0.09287 0.09290 0.00000 0.00000 0.00000 0.00000 0.00000 0.00000 0.00000 0.00000 0.00000 0.00000 0.00000 0.00000 0.00000
0.00000 0.12196 0.10156 0.08508 0.07189 0.07189 0.07189 0.07189 0.07189 0.07190 0.00000 0.00000 0.00000 0.00000 0.00000 0.00000 0.00000 0.00000 0.00000 0.00000 0.00000 0.00000 0.00000 0.00000
0.00000 0.08117 0.06664 0.05520 0.05520 0.05520 0.05520 0.05520 0.05520 0.00000 0.00000 0.00000 0.00000 0.00000 0.00000 0.00000 0.00000 0.00000 0.00000 0.00000 0.00000 0.00000 0.00000 0.00000
0.00000 0.05212 0.04221 0.04221 0.04221 0.04221 0.04221 0.04221 0.00000 0.00000 0.00000 0.00000 0.00000 0.00000 0.00000 0.00000 0.00000 0.00000 0.00000 0.00000 0.00000 0.00000 0.00000 0.00000
0.00000 0.03231 0.03231 0.03231 0.03231 0.03231 0.03231 0.00000 0.00000 0.00000 0.00000 0.00000 0.00000 0.00000 0.00000 0.00000 0.00000 0.00000 0.00000 0.00000 0.00000 0.00000 0.00000 0.00000
0.00000 0.00000 0.00000 0.00000 0.00000 0.00000 0.00000 0.00000 0.00000 0.00000 0.00000 0.00000 0.00000 0.00000 0.00000 0.00000 0.00000 0.00000 0.00000 0.00000 0.00000 0.00000 0.00000 0.00000
0.00000 0.00000 0.00000 0.00000 0.00000 0.00000 0.00000 0.00000 0.00000 0.00000 0.00000 0.00000 0.00000 0.00000 0.00000 0.00000 0.00000 0.00000 0.00000 0.00000 0.00000 0.00000 0.00000 0.00000
0.00000 0.00000 0.00000 0.00000 0.00000 0.00000 0.00000 0.00000 0.00000 0.00000 0.00000 0.00000 0.00000 0.00000 0.00000 0.00000 0.00000 0.00000 0.00000 0.00000 0.00000 0.00000 0.00000 0.00000
0.00000 0.00000 0.00000 0.00000 0.00000 0.00000 0.00000 0.00000 0.00000 0.00000 0.00000 0.00000 0.00000 0.00000 0.00000 0.00000 0.00000 0.00000 0.00000 0.00000 0.00000 0.00000 0.00000 0.00000
0.00000 0.00000 0.00000 0.00000 0.00000 0.00000 0.00000 0.00000 0.00000 0.00000 0.00000 0.00000 0.00000 0.00000 0.00000 0.00000 0.00000 0.00000 0.00000 0.00000 0.00000 0.00000 0.00000 0.00000
0.00000 0.00000 0.00000 0.00000 0.00000 0.00000 0.00000 0.00000 0.00000 0.00000 0.00000 0.00000 0.00000 0.00000 0.00000 0.00000 0.00000 0.00000 0.00000 0.00000 0.00000 0.00000 0.00000 0.00000
