0.00000 1.61148 1.64355 1.66605 1.68657 1.70470 1.72214 1.73861 1.75320 1.76602 1.77636 1.78385 1.78956 1.79456 1.80055 1.80987 1.82575 1.85143 1.89141 2.02553 2.19808 2.42185 2.71627 3.11407 3.67774 4.53831 6.05115 9.36575
0.00000 1.63751 1.65662 1.67489 1.69245 1.70820 1.72299 1.73640 1.74733 1.75557 1.76037 1.76166 1.76078 1.75908 1.75847 1.76165 1.77198 1.79297 1.90226 2.04208 2.22305 2.45760 2.76772 3.18629 3.78068 4.69032 6.28933 0.00000
0.00000 1.63766 1.65676 1.67443 1.69064 1.70429 1.71630 1.72618 1.73252 1.73509 1.73354 1.72807 1.72035 1.71194 1.70512 1.70278 1.70835 1.79685 1.91070 2.05747 2.24726 2.49505 2.82204 3.26451 3.89625 4.86757 0.00000 0.00000
0.00000 1.63788 1.65540 1.67173 1.68565 1.69618 1.70433 1.70921 1.70945 1.70526 1.69658 1.68397 1.66928 1.65451 1.64210 1.63512 1.70705 1.79902 1.91860 2.07259 2.27339 2.53521 2.88214 3.35478 4.03574 0.00000 0.00000 0.00000
0.00000 1.63507 1.65106 1.66457 1.67547 1.68178 1.68452 1.68285 1.67589 1.66421 1.64808 1.62829 1.60711 1.58668 1.56967 1.62865 1.70326 1.79971 1.92513 2.08843 2.30092 2.57937 2.95237 3.46717 0.00000 0.00000 0.00000 0.00000
0.00000 1.62963 1.64229 1.65153 1.65802 1.65847 1.65415 1.64483 1.63001 1.61065 1.58714 1.56074 1.53390 1.50895 1.55796 1.61880 1.69721 1.79816 1.93150 2.10458 2.33137 2.63234 3.04329 0.00000 0.00000 0.00000 0.00000 0.00000
0.00000 1.61873 1.62672 1.63023 1.63024 1.62316 1.61074 1.59322 1.57042 1.54370 1.51354 1.48154 1.45031 1.49185 1.54207 1.60581 1.68780 1.79542 1.93693 2.12230 2.36935 2.70518 0.00000 0.00000 0.00000 0.00000 0.00000 0.00000
0.00000 1.59920 1.60157 1.59771 1.58929 1.57374 1.55273 1.52705 1.49665 1.46338 1.42775 1.39158 1.42757 1.46978 1.52224 1.58851 1.67609 1.79047 1.94252 2.14620 2.42626 0.00000 0.00000 0.00000 0.00000 0.00000 0.00000 0.00000
0.00000 1.56847 1.56323 1.55063 1.53276 1.50868 1.47919 1.44595 1.40906 1.37049 1.33101 1.36294 1.39915 1.44306 1.49723 1.56808 1.66104 1.78441 1.95299 2.18830 0.00000 0.00000 0.00000 0.00000 0.00000 0.00000 0.00000 0.00000
0.00000 1.52248 1.50825 1.48663 1.45966 1.42742 1.39034 1.35103 1.30921 1.26710 1.29661 1.32838 1.36588 1.41081 1.46882 1.54378 1.64425 1.78262 1.98124 0.00000 0.00000 0.00000 0.00000 0.00000 0.00000 0.00000 0.00000 0.00000
0.00000 1.45877 1.43597 1.40565 1.37063 1.33100 1.28810 1.24436 1.19960 1.22712 1.25623 1.28897 1.32690 1.37508 1.43625 1.51719 1.63111 1.79837 0.00000 0.00000 0.00000 0.00000 0.00000 0.00000 0.00000 0.00000 0.00000 0.00000
0.00000 1.37819 1.34710 1.30908 1.26727 1.22198 1.17523 1.12909 1.15445 1.18129 1.21130 1.24389 1.28463 1.33510 1.40131 1.49421 1.63537 0.00000 0.00000 0.00000 0.00000 0.00000 0.00000 0.00000 0.00000 0.00000 0.00000 0.00000
0.00000 1.28231 1.24373 1.19925 1.15273 1.10375 1.05543 1.07942 1.10385 1.13141 1.16120 1.19612 1.23837 1.29282 1.36976 1.48860 0.00000 0.00000 0.00000 0.00000 0.00000 0.00000 0.00000 0.00000 0.00000 0.00000 0.00000 0.00000
0.00000 1.17377 1.12884 1.08017 1.03115 0.98098 1.00256 1.02532 1.05040 1.07719 1.10974 1.14539 1.19066 1.25465 1.35552 0.00000 0.00000 0.00000 0.00000 0.00000 0.00000 0.00000 0.00000 0.00000 0.00000 0.00000 0.00000 0.00000
0.00000 1.05534 1.00693 0.95634 0.90739 0.92619 0.94619 0.96966 0.99347 1.02314 1.05616 1.09425 1.14789 1.23391 0.00000 0.00000 0.00000 0.00000 0.00000 0.00000 0.00000 0.00000 0.00000 0.00000 0.00000 0.00000 0.00000 0.00000
0.00000 0.93290 0.88328 0.83307 0.85272 0.86908 0.88982 0.91157 0.93865 0.96860 1.00319 1.04890 1.12232 0.00000 0.00000 0.00000 0.00000 0.00000 0.00000 0.00000 0.00000 0.00000 0.00000 0.00000 0.00000 0.00000 0.00000 0.00000
0.00000 0.81075 0.76283 0.77895 0.79651 0.81338 0.83115 0.85756 0.88417 0.91591 0.95745 1.02017 0.00000 0.00000 0.00000 0.00000 0.00000 0.00000 0.00000 0.00000 0.00000 0.00000 0.00000 0.00000 0.00000 0.00000 0.00000 0.00000
0.00000 0.69410 0.71260 0.72332 0.74495 0.75431 0.77926 0.80558 0.83167 0.87239 0.92774 0.00000 0.00000 0.00000 0.00000 0.00000 0.00000 0.00000 0.00000 0.00000 0.00000 0.00000 0.00000 0.00000 0.00000 0.00000 0.00000 0.00000
0.00000 0.00000 0.00000 0.00000 0.00000 0.00000 0.00000 0.00000 0.00000 0.00000 0.00000 0.00000 0.00000 0.00000 0.00000 0.00000 0.00000 0.00000 0.00000 0.00000 0.00000 0.00000 0.00000 0.00000 0.00000 0.00000 0.00000 0.00000
0.00000 0.00000 0.00000 0.00000 0.00000 0.00000 0.00000 0.00000 0.00000 0.00000 0.00000 0.00000 0.00000 0.00000 0.00000 0.00000 0.00000 0.00000 0.00000 0.00000 0.00000 0.00000 0.00000 0.00000 0.00000 0.00000 0.00000 0.00000
0.00000 0.00000 0.00000 0.00000 0.00000 0.00000 0.00000 0.00000 0.00000 0.00000 0.00000 0.00000 0.00000 0.00000 0.00000 0.00000 0.00000 0.00000 0.00000 0.00000 0.00000 0.00000 0.00000 0.00000 0.00000 0.00000 0.00000 0.00000
0.00000 0.00000 0.00000 0.00000 0.00000 0.00000 0.00000 0.00000 0.00000 0.00000 0.00000 0.00000 0.00000 0.00000 0.00000 0.00000 0.00000 0.00000 0.00000 0.00000 0.00000 0.00000 0.00000 0.00000 0.00000 0.00000 0.00000 0.00000
0.00000 0.00000 0.00000 0.00000 0.00000 0.00000 0.00000 0.00000 0.00000 0.00000 0.00000 0.00000 0.00000 0.00000 0.00000 0.00000 0.00000 0.00000 0.00000 0.00000 0.00000 0.00000 0.00000 0.00000 0.00000 0.00000 0.00000 0.00000
0.00000 0.00000 0.00000 0.00000 0.00000 0.00000 0.00000 0.00000 0.00000 0.00000 0.00000 0.00000 0.00000 0.00000 0.00000 0.00000 0.00000 0.00000 0.00000 0.00000 0.00000 0.00000 0.00000 0.00000 0.00000 0.00000 0.00000 0.00000
0.00000 0.00000 0.00000 0.00000 0.00000 0.00000 0.00000 0.00000 0.00000 0.00000 0.00000 0.00000 0.00000 0.00000 0.00000 0.00000 0.00000 0.00000 0.00000 0.00000 0.00000 0.00000 0.00000 0.00000 0.00000 0.00000 0.00000 0.00000
0.00000 0.00000 0.00000 0.00000 0.00000 0.00000 0.00000 0.00000 0.00000 0.00000 0.00000 0.00000 0.00000 0.00000 0.00000 0.00000 0.00000 0.00000 0.00000 0.00000 0.00000 0.00000 0.00000 0.00000 0.00000 0.00000 0.00000 0.00000
0.00000 0.00000 0.00000 0.00000 0.00000 0.00000 0.00000 0.00000 0.00000 0.00000 0.00000 0.00000 0.00000 0.00000 0.00000 0.00000 0.00000 0.00000 0.00000 0.00000 0.00000 0.00000 0.00000 0.00000 0.00000 0.00000 0.00000 0.00000
0.00000 0.00000 0.00000 0.00000 0.00000 0.00000 0.00000 0.00000 0.00000 0.00000 0.00000 0.00000 0.00000 0.00000 0.00000 0.00000 0.00000 0.00000 0.00000 0.00000 0.00000 0.00000 0.00000 0.00000 0.00000 0.00000 0.00000 0.00000
