0.00000 1.36102 1.40302 1.43447 1.46527 1.49419 1.52179 1.54965 1.57693 1.60398 1.62857 1.65167 1.67235 1.69061 1.70673 1.72079 1.73453 1.74755 1.83353 1.92538 2.02372 2.13073 2.25016 2.38848 2.55463 2.76682 3.05266 3.46068 4.08656 5.13309 7.10967 11.47479
0.00000 1.38907 1.41557 1.43874 1.46303 1.48656 1.50934 1.53248 1.55487 1.57676 1.59602 1.61383 1.62944 1.64308 1.65513 1.66575 1.67667 1.75925 1.84669 1.94019 2.03983 2.14849 2.27033 2.41130 2.58194 2.80074 3.09816 3.52467 4.18303 5.28798 7.37935 0.00000
0.00000 1.38626 1.40808 1.42655 1.44662 1.46616 1.48481 1.50344 1.52092 1.53767 1.55177 1.56467 1.57581 1.58555 1.59435 1.60237 1.68278 1.76671 1.85564 1.95021 2.05116 2.16171 2.28532 2.42948 2.60449 2.83133 3.14137 3.58981 4.28606 5.45947 0.00000 0.00000
0.00000 1.37432 1.39143 1.40585 1.42208 1.43754 1.45165 1.46531 1.47757 1.48911 1.49828 1.50673 1.51404 1.52064 1.52697 1.60416 1.68589 1.77119 1.86097 1.95663 2.05908 2.17077 2.29662 2.44366 2.62430 2.85982 3.18538 3.66016 4.40279 0.00000 0.00000 0.00000
0.00000 1.35331 1.36672 1.37749 1.38969 1.40056 1.40960 1.41793 1.42490 1.43148 1.43622 1.44092 1.44521 1.44950 1.52457 1.60297 1.68604 1.77204 1.86265 1.95957 2.06269 2.17594 2.30358 2.45465 2.64125 2.88800 3.23286 3.74135 0.00000 0.00000 0.00000 0.00000
0.00000 1.32548 1.33528 1.34193 1.34936 1.35496 1.35850 1.36144 1.36340 1.36558 1.36668 1.36850 1.37066 1.44303 1.51930 1.59895 1.68266 1.76931 1.86093 1.95817 2.06235 2.17657 2.30706 2.46227 2.65716 2.91848 3.28934 0.00000 0.00000 0.00000 0.00000 0.00000
0.00000 1.29130 1.29673 1.29835 1.30026 1.30019 1.29824 1.29616 1.29382 1.29249 1.29090 1.29081 1.36018 1.43372 1.51127 1.59140 1.67571 1.76318 1.85477 1.95271 2.05722 2.17342 2.30668 2.46822 2.67443 2.95653 0.00000 0.00000 0.00000 0.00000 0.00000 0.00000
0.00000 1.24960 1.24969 1.24558 1.24168 1.23608 1.22919 1.22296 1.21733 1.21358 1.21037 1.27640 1.34694 1.42176 1.49978 1.58035 1.66547 1.75260 1.84450 1.94227 2.04810 2.16602 2.30411 2.47477 2.69813 0.00000 0.00000 0.00000 0.00000 0.00000 0.00000 0.00000
0.00000 1.19887 1.19304 1.18307 1.17373 1.16338 1.15259 1.14340 1.13570 1.13069 1.19227 1.25946 1.33133 1.40659 1.48506 1.56633 1.65098 1.73811 1.82929 1.92788 2.03457 2.15619 2.30167 2.48695 0.00000 0.00000 0.00000 0.00000 0.00000 0.00000 0.00000 0.00000
0.00000 1.13833 1.12667 1.11149 1.09772 1.08386 1.07052 1.05971 1.05120 1.10945 1.17210 1.24073 1.31305 1.38880 1.46807 1.54859 1.63318 1.71908 1.81052 1.90925 2.01875 2.14642 2.30440 0.00000 0.00000 0.00000 0.00000 0.00000 0.00000 0.00000 0.00000 0.00000
0.00000 1.06855 1.05198 1.03280 1.01600 1.00012 0.98567 0.97455 1.02742 1.08688 1.15099 1.22014 1.29303 1.36972 1.44825 1.52846 1.61160 1.69728 1.78804 1.88884 2.00329 2.14178 0.00000 0.00000 0.00000 0.00000 0.00000 0.00000 0.00000 0.00000 0.00000 0.00000
0.00000 0.99155 0.97142 0.94982 0.93158 0.91516 0.90092 0.94924 1.00322 1.06441 1.12898 1.19891 1.27302 1.34896 1.42730 1.50558 1.58840 1.67259 1.76457 1.86943 1.99322 0.00000 0.00000 0.00000 0.00000 0.00000 0.00000 0.00000 0.00000 0.00000 0.00000 0.00000
0.00000 0.91025 0.88819 0.86577 0.84757 0.83192 0.87498 0.92450 0.98021 1.04209 1.10746 1.17908 1.25255 1.32846 1.40476 1.48232 1.56328 1.64792 1.74289 1.85581 0.00000 0.00000 0.00000 0.00000 0.00000 0.00000 0.00000 0.00000 0.00000 0.00000 0.00000 0.00000
0.00000 0.82788 0.80548 0.78370 0.76675 0.80636 0.85050 0.90206 0.95824 1.02133 1.08867 1.15995 1.23380 1.30750 1.38325 1.45801 1.53927 1.62589 1.72737 0.00000 0.00000 0.00000 0.00000 0.00000 0.00000 0.00000 0.00000 0.00000 0.00000 0.00000 0.00000 0.00000
0.00000 0.74750 0.72610 0.70609 0.74208 0.78310 0.82930 0.88139 0.93858 1.00466 1.07145 1.14393 1.21554 1.28891 1.36144 1.43563 1.51877 1.61031 0.00000 0.00000 0.00000 0.00000 0.00000 0.00000 0.00000 0.00000 0.00000 0.00000 0.00000 0.00000 0.00000 0.00000
0.00000 0.67157 0.65213 0.68258 0.72014 0.76430 0.81017 0.86357 0.92410 0.99022 1.05848 1.12900 1.20113 1.27030 1.34240 1.41714 1.50501 0.00000 0.00000 0.00000 0.00000 0.00000 0.00000 0.00000 0.00000 0.00000 0.00000 0.00000 0.00000 0.00000 0.00000 0.00000
0.00000 0.60173 0.63089 0.66145 0.70388 0.74821 0.79314 0.85280 0.91120 0.98212 1.04570 1.12008 1.18652 1.25480 1.32815 1.40413 0.00000 0.00000 0.00000 0.00000 0.00000 0.00000 0.00000 0.00000 0.00000 0.00000 0.00000 0.00000 0.00000 0.00000 0.00000 0.00000
0.00000 0.00000 0.00000 0.00000 0.00000 0.00000 0.00000 0.00000 0.00000 0.00000 0.00000 0.00000 0.00000 0.00000 0.00000 0.00000 0.00000 0.00000 0.00000 0.00000 0.00000 0.00000 0.00000 0.00000 0.00000 0.00000 0.00000 0.00000 0.00000 0.00000 0.00000 0.00000
0.00000 0.00000 0.00000 0.00000 0.00000 0.00000 0.00000 0.00000 0.00000 0.00000 0.00000 0.00000 0.00000 0.00000 0.00000 0.00000 0.00000 0.00000 0.00000 0.00000 0.00000 0.00000 0.00000 0.00000 0.00000 0.00000 0.00000 0.00000 0.00000 0.00000 0.00000 0.00000
0.00000 0.00000 0.00000 0.00000 0.00000 0.00000 0.00000 0.00000 0.00000 0.00000 0.00000 0.00000 0.00000 0.00000 0.00000 0.00000 0.00000 0.00000 0.00000 0.00000 0.00000 0.00000 0.00000 0.00000 0.00000 0.00000 0.00000 0.00000 0.00000 0.00000 0.00000 0.00000
0.00000 0.00000 0.00000 0.00000 0.00000 0.00000 0.00000 0.00000 0.00000 0.00000 0.00000 0.00000 0.00000 0.00000 0.00000 0.00000 0.00000 0.00000 0.00000 0.00000 0.00000 0.00000 0.00000 0.00000 0.00000 0.00000 0.00000 0.00000 0.00000 0.00000 0.00000 0.00000
0.00000 0.00000 0.00000 0.00000 0.00000 0.00000 0.00000 0.00000 0.00000 0.00000 0.00000 0.00000 0.00000 0.00000 0.00000 0.00000 0.00000 0.00000 0.00000 0.00000 0.00000 0.00000 0.00000 0.00000 0.00000 0.00000 0.00000 0.00000 0.00000 0.00000 0.00000 0.00000
0.00000 0.00000 0.00000 0.00000 0.00000 0.00000 0.00000 0.00000 0.00000 0.00000 0.00000 0.00000 0.00000 0.00000 0.00000 0.00000 0.00000 0.00000 0.00000 0.00000 0.00000 0.00000 0.00000 0.00000 0.00000 0.00000 0.00000 0.00000 0.00000 0.00000 0.00000 0.00000
0.00000 0.00000 0.00000 0.00000 0.00000 0.00000 0.00000 0.00000 0.00000 0.00000 0.00000 0.00000 0.00000 0.00000 0.00000 0.00000 0.00000 0.00000 0.00000 0.00000 0.00000 0.00000 0.00000 0.00000 0.00000 0.00000 0.00000 0.00000 0.00000 0.00000 0.00000 0.00000
0.00000 0.00000 0.00000 0.00000 0.00000 0.00000 0.00000 0.00000 0.00000 0.00000 0.00000 0.00000 0.00000 0.00000 0.00000 0.00000 0.00000 0.00000 0.00000 0.00000 0.00000 0.00000 0.00000 0.00000 0.00000 0.00000 0.00000 0.00000 0.00000 0.00000 0.00000 0.00000
0.00000 0.00000 0.00000 0.00000 0.00000 0.00000 0.00000 0.00000 0.00000 0.00000 0.00000 0.00000 0.00000 0.00000 0.00000 0.00000 0.00000 0.00000 0.00000 0.00000 0.00000 0.00000 0.00000 0.00000 0.00000 0.00000 0.00000 0.00000 0.00000 0.00000 0.00000 0.00000
0.00000 0.00000 0.00000 0.00000 0.00000 0.00000 0.00000 0.00000 0.00000 0.00000 0.00000 0.00000 0.00000 0.00000 0.00000 0.00000 0.00000 0.00000 0.00000 0.00000 0.00000 0.00000 0.00000 0.00000 0.00000 0.00000 0.00000 0.00000 0.00000 0.00000 0.00000 0.00000
0.00000 0.00000 0.00000 0.00000 0.00000 0.00000 0.00000 0.00000 0.00000 0.00000 0.00000 0.00000 0.00000 0.00000 0.00000 0.00000 0.00000 0.00000 0.00000 0.00000 0.00000 0.00000 0.00000 0.00000 0.00000 0.00000 0.00000 0.00000 0.00000 0.00000 0.00000 0.00000
0.00000 0.00000 0.00000 0.00000 0.00000 0.00000 0.00000 0.00000 0.00000 0.00000 0.00000 0.00000 0.00000 0.00000 0.00000 0.00000 0.00000 0.00000 0.00000 0.00000 0.00000 0.00000 0.00000 0.00000 0.00000 0.00000 0.00000 0.00000 0.00000 0.00000 0.00000 0.00000
0.00000 0.00000 0.00000 0.00000 0.00000 0.00000 0.00000 0.00000 0.00000 0.00000 0.00000 0.00000 0.00000 0.00000 0.00000 0.00000 0.00000 0.00000 0.00000 0.00000 0.00000 0.00000 0.00000 0.00000 0.00000 0.00000 0.00000 0.00000 0.00000 0.00000 0.00000 0.00000
0.00000 0.00000 0.00000 0.00000 0.00000 0.00000 0.00000 0.00000 0.00000 0.00000 0.00000 0.00000 0.00000 0.00000 0.00000 0.00000 0.00000 0.00000 0.00000 0.00000 0.00000 0.00000 0.00000 0.00000 0.00000 0.00000 0.00000 0.00000 0.00000 0.00000 0.00000 0.00000
0.00000 0.00000 0.00000 0.00000 0.00000 0.00000 0.00000 0.00000 0.00000 0.00000 0.00000 0.00000 0.00000 0.00000 0.00000 0.00000 0.00000 0.00000 0.00000 0.00000 0.00000 0.00000 0.00000 0.00000 0.00000 0.00000 0.00000 0.00000 0.00000 0.00000 0.00000 0.00000
