0.79347 0.76335 0.74098 0.72559 0.71634 0.71234 0.71265 0.71629 0.72227 0.72976 0.73803 0.74651 0.75494 0.76339 0.77280 0.78705 0.81964 0.91014 1.17177
0.78111 0.74985 0.72693 0.71143 0.70240 0.69885 0.69977 0.70410 0.71082 0.71904 0.72803 0.73716 0.74620 0.75521 0.76517 0.78009 0.81387 0.90721 0.00000
0.76538 0.73306 0.70972 0.69428 0.68566 0.68276 0.68447 0.68969 0.69731 0.70642 0.71624 0.72616 0.73591 0.74559 0.75619 0.77188 0.80698 0.00000 0.00000
0.74721 0.71384 0.69020 0.67497 0.66694 0.66487 0.66756 0.67382 0.68250 0.69264 0.70343 0.71424 0.72480 0.73522 0.74655 0.76310 0.00000 0.00000 0.00000
0.72552 0.69124 0.66749 0.65272 0.64553 0.64454 0.64846 0.65600 0.66594 0.67729 0.68921 0.70105 0.71254 0.72381 0.73598 0.00000 0.00000 0.00000 0.00000
0.69960 0.66460 0.64105 0.62709 0.62109 0.62153 0.62697 0.63607 0.64752 0.66030 0.67353 0.68656 0.69912 0.71139 0.00000 0.00000 0.00000 0.00000 0.00000
0.66895 0.63358 0.61066 0.59796 0.59359 0.59586 0.60321 0.61419 0.62745 0.64189 0.65664 0.67103 0.68484 0.00000 0.00000 0.00000 0.00000 0.00000 0.00000
0.63312 0.59788 0.57620 0.56537 0.56322 0.56784 0.57753 0.59078 0.60615 0.62253 0.63902 0.65497 0.00000 0.00000 0.00000 0.00000 0.00000 0.00000 0.00000
0.59161 0.55733 0.53776 0.52963 0.53041 0.53801 0.55059 0.56654 0.58437 0.60296 0.62142 0.00000 0.00000 0.00000 0.00000 0.00000 0.00000 0.00000 0.00000
0.54400 0.51195 0.49575 0.49142 0.49609 0.50743 0.52350 0.54262 0.56328 0.58436 0.00000 0.00000 0.00000 0.00000 0.00000 0.00000 0.00000 0.00000 0.00000
0.49011 0.46228 0.45122 0.45217 0.46188 0.47786 0.49808 0.52085 0.54468 0.00000 0.00000 0.00000 0.00000 0.00000 0.00000 0.00000 0.00000 0.00000 0.00000
0.43010 0.40963 0.40622 0.41433 0.43045 0.45202 0.47704 0.50388 0.00000 0.00000 0.00000 0.00000 0.00000 0.00000 0.00000 0.00000 0.00000 0.00000 0.00000
0.36455 0.35656 0.36427 0.38184 0.40585 0.43391 0.46423 0.00000 0.00000 0.00000 0.00000 0.00000 0.00000 0.00000 0.00000 0.00000 0.00000 0.00000 0.00000
0.29442 0.30780 0.33141 0.36098 0.39415 0.42923 0.00000 0.00000 0.00000 0.00000 0.00000 0.00000 0.00000 0.00000 0.00000 0.00000 0.00000 0.00000 0.00000
0.22099 0.27326 0.31867 0.36213 0.40466 0.00000 0.00000 0.00000 0.00000 0.00000 0.00000 0.00000 0.00000 0.00000 0.00000 0.00000 0.00000 0.00000 0.00000
0.14570 0.27988 0.34989 0.40451 0.00000 0.00000 0.00000 0.00000 0.00000 0.00000 0.00000 0.00000 0.00000 0.00000 0.00000 0.00000 0.00000 0.00000 0.00000
0.00000 0.45615 0.49311 0.00000 0.00000 0.00000 0.00000 0.00000 0.00000 0.00000 0.00000 0.00000 0.00000 0.00000 0.00000 0.00000 0.00000 0.00000 0.00000
0.00454 0.25377 0.00000 0.00000 0.00000 0.00000 0.00000 0.00000 0.00000 0.00000 0.00000 0.00000 0.00000 0.00000 0.00000 0.00000 0.00000 0.00000 0.00000
0.07685 0.00000 0.00000 0.00000 0.00000 0.00000 0.00000 0.00000 0.00000 0.00000 0.00000 0.00000 0.00000 0.00000 0.00000 0.00000 0.00000 0.00000 0.00000
