0.00000 1.60031 1.64478 1.67818 1.71366 1.75106 1.79027 1.83256 1.87701 1.92410 1.97148 2.01995 2.06876 2.11789 2.16751 2.21760 2.26987 2.32392 2.38105 2.44224 2.50720 2.57730 2.65426 2.74091 2.84055 2.95896 3.10577 3.39780 3.80601 4.45278 5.61622 8.06448
0.00000 1.61713 1.64626 1.67489 1.70878 1.74583 1.78518 1.82772 1.87235 1.91946 1.96658 2.01453 2.06255 2.11060 2.15882 2.20717 2.25741 2.30911 2.36362 2.42202 2.48401 2.55108 2.62500 2.70872 2.80557 2.92140 3.15827 3.45883 3.88041 4.55117 5.76024 0.00000
0.00000 1.60327 1.63341 1.66306 1.69835 1.73669 1.77705 1.82032 1.86533 1.91258 1.95935 2.00665 2.05368 2.10040 2.14694 2.19322 2.24114 2.29020 2.34188 2.39734 2.45632 2.52040 2.59146 2.67260 2.76723 2.96985 3.21431 3.52555 3.96429 4.66761 0.00000 0.00000
0.00000 1.59125 1.62310 1.65405 1.69074 1.73011 1.77105 1.81462 1.85957 1.90652 1.95247 1.99866 2.04423 2.08914 2.13352 2.17726 2.22247 2.26856 2.31715 2.36955 2.42550 2.48672 2.55524 2.63437 2.81337 3.02325 3.27770 3.60318 4.06644 0.00000 0.00000 0.00000
0.00000 1.58244 1.61591 1.64811 1.68581 1.72572 1.76671 1.81008 1.85447 1.90061 1.94522 1.98980 2.03340 2.07600 2.11774 2.15857 2.20074 2.24359 2.28896 2.33826 2.39136 2.45007 2.51664 2.67827 2.86436 3.08404 3.35205 3.69832 0.00000 0.00000 0.00000 0.00000
0.00000 1.57692 1.61151 1.64460 1.68281 1.72267 1.76315 1.80579 1.84909 1.89386 1.93661 1.97907 2.02019 2.05998 2.09867 2.13628 2.17518 2.21464 2.25680 2.30313 2.35379 2.41060 2.55810 2.72667 2.92241 3.15545 3.44305 0.00000 0.00000 0.00000 0.00000 0.00000
0.00000 1.57391 1.60889 1.64238 1.68054 1.71981 1.75929 1.80066 1.84235 1.88514 1.92556 1.96537 2.00351 2.04009 2.07538 2.10956 2.14503 2.18111 2.22025 2.26401 2.31290 2.44946 2.60366 2.78177 2.99073 3.24293 0.00000 0.00000 0.00000 0.00000 0.00000 0.00000
0.00000 1.57211 1.60693 1.64018 1.67776 1.71589 1.75395 1.79353 1.83307 1.87332 1.91093 1.94760 1.98234 2.01537 2.04705 2.07768 2.10972 2.14264 2.17918 2.22110 2.34893 2.49197 2.65563 2.84694 3.07489 0.00000 0.00000 0.00000 0.00000 0.00000 0.00000 0.00000
0.00000 1.57038 1.60454 1.63689 1.67326 1.70977 1.74596 1.78323 1.82009 1.85725 1.89162 1.92476 1.95576 1.98504 2.01303 2.04016 2.06898 2.09925 2.13395 2.25400 2.38827 2.54064 2.71762 2.92808 0.00000 0.00000 0.00000 0.00000 0.00000 0.00000 0.00000 0.00000
0.00000 1.56747 1.60052 1.63141 1.66598 1.70040 1.73423 1.76867 1.80233 1.83593 1.86668 1.89599 1.92308 1.94856 1.97295 1.99684 2.02294 2.05142 2.16365 2.28999 2.43358 2.59936 2.79597 0.00000 0.00000 0.00000 0.00000 0.00000 0.00000 0.00000 0.00000 0.00000
0.00000 1.56249 1.59384 1.62285 1.65501 1.68684 1.71779 1.74887 1.77883 1.80848 1.83534 1.86068 1.88385 1.90565 1.92676 1.94799 1.97223 2.07796 2.19627 2.33196 2.48907 2.67500 0.00000 0.00000 0.00000 0.00000 0.00000 0.00000 0.00000 0.00000 0.00000 0.00000
0.00000 1.55443 1.58346 1.61023 1.63944 1.66817 1.69567 1.72294 1.74883 1.77425 1.79708 1.81848 1.83792 1.85640 1.87483 1.89431 1.99548 2.10728 2.23492 2.38442 2.56216 0.00000 0.00000 0.00000 0.00000 0.00000 0.00000 0.00000 0.00000 0.00000 0.00000 0.00000
0.00000 1.54249 1.56854 1.59263 1.61837 1.64350 1.66704 1.69016 1.71173 1.73283 1.75165 1.76934 1.78544 1.80123 1.81792 1.91427 2.02137 2.14263 2.28441 2.45526 0.00000 0.00000 0.00000 0.00000 0.00000 0.00000 0.00000 0.00000 0.00000 0.00000 0.00000 0.00000
0.00000 1.52572 1.54815 1.56913 1.59088 1.61200 1.63122 1.64999 1.66718 1.68406 1.69912 1.71353 1.72698 1.74106 1.83444 1.93672 2.05333 2.18908 2.35310 0.00000 0.00000 0.00000 0.00000 0.00000 0.00000 0.00000 0.00000 0.00000 0.00000 0.00000 0.00000 0.00000
0.00000 1.50318 1.52145 1.53878 1.55615 1.57300 1.58771 1.60215 1.61515 1.62811 1.63988 1.65168 1.66352 1.75412 1.85336 1.96530 2.09673 2.25563 0.00000 0.00000 0.00000 0.00000 0.00000 0.00000 0.00000 0.00000 0.00000 0.00000 0.00000 0.00000 0.00000 0.00000
0.00000 1.47397 1.48758 1.50089 1.51363 1.52615 1.53640 1.54670 1.55590 1.56551 1.57474 1.58493 1.67309 1.76951 1.87849 2.00568 2.16126 0.00000 0.00000 0.00000 0.00000 0.00000 0.00000 0.00000 0.00000 0.00000 0.00000 0.00000 0.00000 0.00000 0.00000 0.00000
0.00000 1.43722 1.44603 1.45511 1.46320 1.47148 1.47754 1.48411 1.49013 1.49718 1.50495 1.59090 1.68496 1.79123 1.91581 2.06820 0.00000 0.00000 0.00000 0.00000 0.00000 0.00000 0.00000 0.00000 0.00000 0.00000 0.00000 0.00000 0.00000 0.00000 0.00000 0.00000
0.00000 1.39254 1.39661 1.40144 1.40510 1.40943 1.41180 1.41526 1.41894 1.42453 1.50748 1.59913 1.70327 1.82549 1.97635 0.00000 0.00000 0.00000 0.00000 0.00000 0.00000 0.00000 0.00000 0.00000 0.00000 0.00000 0.00000 0.00000 0.00000 0.00000 0.00000 0.00000
0.00000 1.33995 1.33956 1.34030 1.33999 1.34086 1.34024 1.34146 1.34386 1.42370 1.51231 1.61397 1.73447 1.88400 0.00000 0.00000 0.00000 0.00000 0.00000 0.00000 0.00000 0.00000 0.00000 0.00000 0.00000 0.00000 0.00000 0.00000 0.00000 0.00000 0.00000 0.00000
0.00000 1.27994 1.27551 1.27249 1.26888 1.26700 1.26431 1.26437 1.33996 1.42529 1.52390 1.64201 1.79090 0.00000 0.00000 0.00000 0.00000 0.00000 0.00000 0.00000 0.00000 0.00000 0.00000 0.00000 0.00000 0.00000 0.00000 0.00000 0.00000 0.00000 0.00000 0.00000
0.00000 1.21336 1.20550 1.19923 1.19315 1.18941 1.18577 1.25786 1.33862 1.43394 1.54891 1.69615 0.00000 0.00000 0.00000 0.00000 0.00000 0.00000 0.00000 0.00000 0.00000 0.00000 0.00000 0.00000 0.00000 0.00000 0.00000 0.00000 0.00000 0.00000 0.00000 0.00000
0.00000 1.14125 1.13081 1.12203 1.11445 1.10993 1.17699 1.25415 1.34461 1.45624 1.60067 0.00000 0.00000 0.00000 0.00000 0.00000 0.00000 0.00000 0.00000 0.00000 0.00000 0.00000 0.00000 0.00000 0.00000 0.00000 0.00000 0.00000 0.00000 0.00000 0.00000 0.00000
0.00000 1.06507 1.05299 1.04263 1.03464 1.09945 1.17118 1.25819 1.36434 1.50575 0.00000 0.00000 0.00000 0.00000 0.00000 0.00000 0.00000 0.00000 0.00000 0.00000 0.00000 0.00000 0.00000 0.00000 0.00000 0.00000 0.00000 0.00000 0.00000 0.00000 0.00000 0.00000
0.00000 0.98652 0.97382 0.96292 1.02254 1.09214 1.17343 1.27597 1.41137 0.00000 0.00000 0.00000 0.00000 0.00000 0.00000 0.00000 0.00000 0.00000 0.00000 0.00000 0.00000 0.00000 0.00000 0.00000 0.00000 0.00000 0.00000 0.00000 0.00000 0.00000 0.00000 0.00000
0.00000 0.90757 0.89521 0.94968 1.01356 1.09370 1.18908 1.32098 0.00000 0.00000 0.00000 0.00000 0.00000 0.00000 0.00000 0.00000 0.00000 0.00000 0.00000 0.00000 0.00000 0.00000 0.00000 0.00000 0.00000 0.00000 0.00000 0.00000 0.00000 0.00000 0.00000 0.00000
0.00000 0.83001 0.88245 0.93869 1.01441 1.10906 1.23025 0.00000 0.00000 0.00000 0.00000 0.00000 0.00000 0.00000 0.00000 0.00000 0.00000 0.00000 0.00000 0.00000 0.00000 0.00000 0.00000 0.00000 0.00000 0.00000 0.00000 0.00000 0.00000 0.00000 0.00000 0.00000
0.00000 0.00000 0.00000 0.00000 0.00000 0.00000 0.00000 0.00000 0.00000 0.00000 0.00000 0.00000 0.00000 0.00000 0.00000 0.00000 0.00000 0.00000 0.00000 0.00000 0.00000 0.00000 0.00000 0.00000 0.00000 0.00000 0.00000 0.00000 0.00000 0.00000 0.00000 0.00000
0.00000 0.00000 0.00000 0.00000 0.00000 0.00000 0.00000 0.00000 0.00000 0.00000 0.00000 0.00000 0.00000 0.00000 0.00000 0.00000 0.00000 0.00000 0.00000 0.00000 0.00000 0.00000 0.00000 0.00000 0.00000 0.00000 0.00000 0.00000 0.00000 0.00000 0.00000 0.00000
0.00000 0.00000 0.00000 0.00000 0.00000 0.00000 0.00000 0.00000 0.00000 0.00000 0.00000 0.00000 0.00000 0.00000 0.00000 0.00000 0.00000 0.00000 0.00000 0.00000 0.00000 0.00000 0.00000 0.00000 0.00000 0.00000 0.00000 0.00000 0.00000 0.00000 0.00000 0.00000
0.00000 0.00000 0.00000 0.00000 0.00000 0.00000 0.00000 0.00000 0.00000 0.00000 0.00000 0.00000 0.00000 0.00000 0.00000 0.00000 0.00000 0.00000 0.00000 0.00000 0.00000 0.00000 0.00000 0.00000 0.00000 0.00000 0.00000 0.00000 0.00000 0.00000 0.00000 0.00000
0.00000 0.00000 0.00000 0.00000 0.00000 0.00000 0.00000 0.00000 0.00000 0.00000 0.00000 0.00000 0.00000 0.00000 0.00000 0.00000 0.00000 0.00000 0.00000 0.00000 0.00000 0.00000 0.00000 0.00000 0.00000 0.00000 0.00000 0.00000 0.00000 0.00000 0.00000 0.00000
0.00000 0.00000 0.00000 0.00000 0.00000 0.00000 0.00000 0.00000 0.00000 0.00000 0.00000 0.00000 0.00000 0.00000 0.00000 0.00000 0.00000 0.00000 0.00000 0.00000 0.00000 0.00000 0.00000 0.00000 0.00000 0.00000 0.00000 0.00000 0.00000 0.00000 0.00000 0.00000
