0.43435 0.41026 0.38877 0.36936 0.35189 0.33605 0.32164 0.30855 0.29663 0.28584 0.27601 0.26718 0.25932 0.25245 0.24661 0.24183 0.23831 0.23611 0.23547 0.23667 0.24007 0.24626 0.25613 0.27108 0.29330 0.32632 0.37585 0.45118 0.56706 0.74713 1.04386 1.63345
0.40410 0.38038 0.35937 0.34050 0.32362 0.30840 0.29462 0.28217 0.27090 0.26078 0.25160 0.24344 0.23626 0.23008 0.22495 0.22091 0.21815 0.21675 0.21695 0.21907 0.22347 0.23078 0.24194 0.25842 0.28256 0.31816 0.37155 0.45293 0.57796 0.76994 1.07753 0.00000
0.37290 0.34966 0.32923 0.31102 0.29483 0.28033 0.26729 0.25558 0.24507 0.23570 0.22729 0.21991 0.21353 0.20817 0.20388 0.20071 0.19888 0.19846 0.19972 0.20299 0.20868 0.21744 0.23031 0.24889 0.27575 0.31519 0.37434 0.46430 0.60046 0.80223 0.00000 0.00000
0.34152 0.31885 0.29909 0.28163 0.26623 0.25254 0.24032 0.22945 0.21978 0.21128 0.20374 0.19725 0.19178 0.18737 0.18408 0.18197 0.18125 0.18203 0.18459 0.18931 0.19663 0.20728 0.22241 0.24388 0.27464 0.31969 0.38688 0.48706 0.63185 0.00000 0.00000 0.00000
0.31041 0.28838 0.26938 0.25276 0.23824 0.22545 0.21414 0.20420 0.19548 0.18794 0.18139 0.17592 0.17151 0.16822 0.16610 0.16524 0.16587 0.16810 0.17226 0.17876 0.18813 0.20122 0.21939 0.24486 0.28118 0.33388 0.41048 0.51818 0.00000 0.00000 0.00000 0.00000
0.27995 0.25862 0.24046 0.22476 0.21122 0.19942 0.18913 0.18023 0.17256 0.16609 0.16067 0.15637 0.15319 0.15119 0.15045 0.15108 0.15330 0.15728 0.16339 0.17210 0.18406 0.20031 0.22259 0.25360 0.29731 0.35882 0.44199 0.00000 0.00000 0.00000 0.00000 0.00000
0.25041 0.22987 0.21264 0.19795 0.18547 0.17478 0.16561 0.15786 0.15138 0.14613 0.14198 0.13902 0.13726 0.13677 0.13765 0.14003 0.14415 0.15024 0.15870 0.17014 0.18538 0.20583 0.23366 0.27191 0.32397 0.39129 0.00000 0.00000 0.00000 0.00000 0.00000 0.00000
0.22202 0.20233 0.18612 0.17257 0.16127 0.15180 0.14389 0.13743 0.13228 0.12842 0.12573 0.12432 0.12420 0.12547 0.12824 0.13268 0.13906 0.14765 0.15898 0.17382 0.19334 0.21936 0.25432 0.30060 0.35786 0.00000 0.00000 0.00000 0.00000 0.00000 0.00000 0.00000
0.19488 0.17614 0.16109 0.14881 0.13884 0.13075 0.12427 0.11927 0.11563 0.11336 0.11236 0.11273 0.11451 0.11783 0.12282 0.12966 0.13870 0.15030 0.16517 0.18438 0.20950 0.24257 0.28534 0.33631 0.00000 0.00000 0.00000 0.00000 0.00000 0.00000 0.00000 0.00000
0.16903 0.15140 0.13769 0.12687 0.11842 0.11190 0.10704 0.10372 0.10184 0.10139 0.10234 0.10478 0.10878 0.11447 0.12204 0.13171 0.14390 0.15918 0.17853 0.20340 0.23553 0.27625 0.32329 0.00000 0.00000 0.00000 0.00000 0.00000 0.00000 0.00000 0.00000 0.00000
0.14446 0.12816 0.11604 0.10695 0.10029 0.09560 0.09263 0.09125 0.09139 0.09308 0.09628 0.10112 0.10769 0.11614 0.12671 0.13971 0.15573 0.17562 0.20072 0.23263 0.27229 0.31691 0.00000 0.00000 0.00000 0.00000 0.00000 0.00000 0.00000 0.00000 0.00000 0.00000
0.12108 0.10650 0.09637 0.08937 0.08483 0.08231 0.08155 0.08245 0.08496 0.08912 0.09495 0.10257 0.11211 0.12377 0.13785 0.15486 0.17564 0.20140 0.23362 0.27300 0.31621 0.00000 0.00000 0.00000 0.00000 0.00000 0.00000 0.00000 0.00000 0.00000 0.00000 0.00000
0.09880 0.08656 0.07899 0.07460 0.07265 0.07271 0.07456 0.07815 0.08342 0.09047 0.09934 0.11018 0.12316 0.13855 0.15684 0.17880 0.20561 0.23859 0.27828 0.32087 0.00000 0.00000 0.00000 0.00000 0.00000 0.00000 0.00000 0.00000 0.00000 0.00000 0.00000 0.00000
0.07747 0.06868 0.06456 0.06347 0.06469 0.06787 0.07281 0.07953 0.08803 0.09842 0.11078 0.12533 0.14230 0.16213 0.18558 0.21379 0.24796 0.28845 0.33099 0.00000 0.00000 0.00000 0.00000 0.00000 0.00000 0.00000 0.00000 0.00000 0.00000 0.00000 0.00000 0.00000
0.05692 0.05367 0.05433 0.05747 0.06257 0.06944 0.07800 0.08835 0.10055 0.11474 0.13110 0.14990 0.17157 0.19682 0.22675 0.26251 0.30425 0.34716 0.00000 0.00000 0.00000 0.00000 0.00000 0.00000 0.00000 0.00000 0.00000 0.00000 0.00000 0.00000 0.00000 0.00000
0.03695 0.04363 0.05102 0.05944 0.06910 0.08019 0.09282 0.10722 0.12353 0.14197 0.16283 0.18656 0.21390 0.24587 0.28356 0.32694 0.37059 0.00000 0.00000 0.00000 0.00000 0.00000 0.00000 0.00000 0.00000 0.00000 0.00000 0.00000 0.00000 0.00000 0.00000 0.00000
0.01735 0.04528 0.06122 0.07527 0.08953 0.10486 0.12160 0.14017 0.16078 0.18379 0.20967 0.23921 0.27346 0.31334 0.35866 0.40321 0.00000 0.00000 0.00000 0.00000 0.00000 0.00000 0.00000 0.00000 0.00000 0.00000 0.00000 0.00000 0.00000 0.00000 0.00000 0.00000
0.00000 0.09314 0.10525 0.11902 0.13459 0.15215 0.17175 0.19370 0.21822 0.24580 0.27722 0.31356 0.35567 0.40296 0.44831 0.00000 0.00000 0.00000 0.00000 0.00000 0.00000 0.00000 0.00000 0.00000 0.00000 0.00000 0.00000 0.00000 0.00000 0.00000 0.00000 0.00000
0.02172 0.06955 0.09521 0.11672 0.13781 0.15984 0.18343 0.20918 0.23760 0.26955 0.30603 0.34787 0.39439 0.43840 0.00000 0.00000 0.00000 0.00000 0.00000 0.00000 0.00000 0.00000 0.00000 0.00000 0.00000 0.00000 0.00000 0.00000 0.00000 0.00000 0.00000 0.00000
0.04169 0.07664 0.10280 0.12664 0.15050 0.17545 0.20211 0.23126 0.26361 0.30023 0.34181 0.38768 0.43061 0.00000 0.00000 0.00000 0.00000 0.00000 0.00000 0.00000 0.00000 0.00000 0.00000 0.00000 0.00000 0.00000 0.00000 0.00000 0.00000 0.00000 0.00000 0.00000
0.06231 0.09204 0.11806 0.14331 0.16924 0.19669 0.22633 0.25908 0.29581 0.33722 0.38249 0.42451 0.00000 0.00000 0.00000 0.00000 0.00000 0.00000 0.00000 0.00000 0.00000 0.00000 0.00000 0.00000 0.00000 0.00000 0.00000 0.00000 0.00000 0.00000 0.00000 0.00000
0.08384 0.11148 0.13785 0.16452 0.19252 0.22261 0.25558 0.29247 0.33375 0.37860 0.41981 0.00000 0.00000 0.00000 0.00000 0.00000 0.00000 0.00000 0.00000 0.00000 0.00000 0.00000 0.00000 0.00000 0.00000 0.00000 0.00000 0.00000 0.00000 0.00000 0.00000 0.00000
0.10653 0.13371 0.16100 0.18938 0.21978 0.25299 0.28991 0.33115 0.37567 0.41629 0.00000 0.00000 0.00000 0.00000 0.00000 0.00000 0.00000 0.00000 0.00000 0.00000 0.00000 0.00000 0.00000 0.00000 0.00000 0.00000 0.00000 0.00000 0.00000 0.00000 0.00000 0.00000
0.13063 0.15833 0.18709 0.21766 0.25104 0.28804 0.32916 0.37349 0.41365 0.00000 0.00000 0.00000 0.00000 0.00000 0.00000 0.00000 0.00000 0.00000 0.00000 0.00000 0.00000 0.00000 0.00000 0.00000 0.00000 0.00000 0.00000 0.00000 0.00000 0.00000 0.00000 0.00000
0.15638 0.18536 0.21615 0.24959 0.28666 0.32774 0.37182 0.41169 0.00000 0.00000 0.00000 0.00000 0.00000 0.00000 0.00000 0.00000 0.00000 0.00000 0.00000 0.00000 0.00000 0.00000 0.00000 0.00000 0.00000 0.00000 0.00000 0.00000 0.00000 0.00000 0.00000 0.00000
0.18410 0.21502 0.24858 0.28563 0.32671 0.37065 0.41018 0.00000 0.00000 0.00000 0.00000 0.00000 0.00000 0.00000 0.00000 0.00000 0.00000 0.00000 0.00000 0.00000 0.00000 0.00000 0.00000 0.00000 0.00000 0.00000 0.00000 0.00000 0.00000 0.00000 0.00000 0.00000
0.21420 0.24783 0.28495 0.32593 0.36980 0.40914 0.00000 0.00000 0.00000 0.00000 0.00000 0.00000 0.00000 0.00000 0.00000 0.00000 0.00000 0.00000 0.00000 0.00000 0.00000 0.00000 0.00000 0.00000 0.00000 0.00000 0.00000 0.00000 0.00000 0.00000 0.00000 0.00000
0.24728 0.28443 0.32543 0.36916 0.40838 0.00000 0.00000 0.00000 0.00000 0.00000 0.00000 0.00000 0.00000 0.00000 0.00000 0.00000 0.00000 0.00000 0.00000 0.00000 0.00000 0.00000 0.00000 0.00000 0.00000 0.00000 0.00000 0.00000 0.00000 0.00000 0.00000 0.00000
0.28405 0.32506 0.36876 0.40781 0.00000 0.00000 0.00000 0.00000 0.00000 0.00000 0.00000 0.00000 0.00000 0.00000 0.00000 0.00000 0.00000 0.00000 0.00000 0.00000 0.00000 0.00000 0.00000 0.00000 0.00000 0.00000 0.00000 0.00000 0.00000 0.00000 0.00000 0.00000
0.32477 0.36846 0.40745 0.00000 0.00000 0.00000 0.00000 0.00000 0.00000 0.00000 0.00000 0.00000 0.00000 0.00000 0.00000 0.00000 0.00000 0.00000 0.00000 0.00000 0.00000 0.00000 0.00000 0.00000 0.00000 0.00000 0.00000 0.00000 0.00000 0.00000 0.00000 0.00000
0.36821 0.40718 0.00000 0.00000 0.00000 0.00000 0.00000 0.00000 0.00000 0.00000 0.00000 0.00000 0.00000 0.00000 0.00000 0.00000 0.00000 0.00000 0.00000 0.00000 0.00000 0.00000 0.00000 0.00000 0.00000 0.00000 0.00000 0.00000 0.00000 0.00000 0.00000 0.00000
0.40696 0.00000 0.00000 0.00000 0.00000 0.00000 0.00000 0.00000 0.00000 0.00000 0.00000 0.00000 0.00000 0.00000 0.00000 0.00000 0.00000 0.00000 0.00000 0.00000 0.00000 0.00000 0.00000 0.00000 0.00000 0.00000 0.00000 0.00000 0.00000 0.00000 0.00000 0.00000
