0.85128 0.84500 0.84046 0.83714 0.83532 0.83373 0.83276 0.83231 0.83233 0.83261 0.83263 0.83350 0.83466 0.83599 0.83739 0.83898 0.84123 0.84283 0.84432 0.84585 0.84736 0.84879 0.85020 0.85154 0.85266 0.85407 0.85562 0.85766 0.85994 0.86345 0.86912 0.87908 0.89705 0.92939 0.98860 1.09585 1.29408 1.68799 2.55352
0.84725 0.84088 0.83631 0.83299 0.83120 0.82964 0.82871 0.82833 0.82840 0.82875 0.82882 0.82976 0.83101 0.83240 0.83388 0.83554 0.83787 0.83954 0.84109 0.84268 0.84425 0.84574 0.84720 0.84859 0.84975 0.85121 0.85281 0.85490 0.85724 0.86082 0.86659 0.87670 0.89493 0.92771 0.98772 1.09643 1.29746 1.69674 0.00000
0.84126 0.83486 0.83031 0.82702 0.82531 0.82384 0.82300 0.82270 0.82289 0.82334 0.82351 0.82455 0.82590 0.82741 0.82899 0.83075 0.83319 0.83496 0.83659 0.83828 0.83993 0.84149 0.84303 0.84449 0.84572 0.84725 0.84892 0.85109 0.85349 0.85717 0.86306 0.87336 0.89188 0.92520 0.98625 1.09709 1.30239 0.00000 0.00000
0.83510 0.82868 0.82414 0.82091 0.81928 0.81790 0.81715 0.81697 0.81726 0.81783 0.81810 0.81926 0.82072 0.82234 0.82404 0.82590 0.82847 0.83033 0.83206 0.83384 0.83558 0.83723 0.83884 0.84038 0.84168 0.84328 0.84502 0.84727 0.84976 0.85354 0.85957 0.87009 0.88901 0.92312 0.98590 1.10049 0.00000 0.00000 0.00000
0.82892 0.82247 0.81796 0.81478 0.81325 0.81196 0.81132 0.81125 0.81166 0.81235 0.81273 0.81401 0.81560 0.81734 0.81915 0.82113 0.82382 0.82579 0.82762 0.82949 0.83132 0.83306 0.83476 0.83638 0.83774 0.83942 0.84124 0.84357 0.84615 0.85005 0.85627 0.86711 0.88671 0.92233 0.98853 0.00000 0.00000 0.00000 0.00000
0.82275 0.81628 0.81179 0.80868 0.80724 0.80606 0.80554 0.80559 0.80613 0.80694 0.80744 0.80885 0.81057 0.81243 0.81436 0.81647 0.81928 0.82137 0.82330 0.82527 0.82720 0.82903 0.83081 0.83252 0.83396 0.83571 0.83762 0.84005 0.84274 0.84681 0.85331 0.86476 0.88579 0.92466 0.00000 0.00000 0.00000 0.00000 0.00000
0.81657 0.81008 0.80562 0.80258 0.80125 0.80019 0.79979 0.79997 0.80065 0.80160 0.80222 0.80377 0.80562 0.80762 0.80969 0.81192 0.81486 0.81707 0.81912 0.82119 0.82322 0.82514 0.82702 0.82881 0.83033 0.83217 0.83417 0.83672 0.83957 0.84391 0.85100 0.86385 0.88808 0.00000 0.00000 0.00000 0.00000 0.00000 0.00000
0.81035 0.80385 0.79943 0.79647 0.79525 0.79432 0.79406 0.79438 0.79521 0.79630 0.79707 0.79875 0.80076 0.80290 0.80511 0.80747 0.81055 0.81289 0.81505 0.81724 0.81938 0.82140 0.82337 0.82526 0.82686 0.82880 0.83091 0.83364 0.83676 0.84168 0.85017 0.86625 0.00000 0.00000 0.00000 0.00000 0.00000 0.00000 0.00000
0.80404 0.79754 0.79316 0.79029 0.78920 0.78841 0.78829 0.78878 0.78976 0.79102 0.79194 0.79377 0.79594 0.79824 0.80059 0.80310 0.80632 0.80880 0.81108 0.81339 0.81563 0.81777 0.81984 0.82183 0.82353 0.82559 0.82787 0.83088 0.83459 0.84094 0.85272 0.00000 0.00000 0.00000 0.00000 0.00000 0.00000 0.00000 0.00000
0.79754 0.79106 0.78673 0.78397 0.78301 0.78238 0.78243 0.78309 0.78425 0.78567 0.78677 0.78876 0.79110 0.79356 0.79607 0.79874 0.80211 0.80474 0.80714 0.80958 0.81195 0.81419 0.81638 0.81848 0.82030 0.82254 0.82512 0.82874 0.83391 0.84363 0.00000 0.00000 0.00000 0.00000 0.00000 0.00000 0.00000 0.00000 0.00000
0.79076 0.78431 0.78005 0.77741 0.77660 0.77616 0.77639 0.77723 0.77858 0.78020 0.78149 0.78366 0.78618 0.78882 0.79150 0.79433 0.79785 0.80064 0.80319 0.80576 0.80825 0.81062 0.81294 0.81519 0.81719 0.81973 0.82293 0.82807 0.83671 0.00000 0.00000 0.00000 0.00000 0.00000 0.00000 0.00000 0.00000 0.00000 0.00000
0.78360 0.77719 0.77302 0.77052 0.76989 0.76965 0.77008 0.77113 0.77270 0.77452 0.77602 0.77838 0.78110 0.78393 0.78679 0.78980 0.79349 0.79645 0.79915 0.80186 0.80450 0.80701 0.80949 0.81193 0.81425 0.81745 0.82221 0.83096 0.00000 0.00000 0.00000 0.00000 0.00000 0.00000 0.00000 0.00000 0.00000 0.00000 0.00000
0.77594 0.76962 0.76556 0.76323 0.76279 0.76277 0.76344 0.76473 0.76652 0.76857 0.77030 0.77287 0.77581 0.77885 0.78192 0.78512 0.78898 0.79212 0.79498 0.79785 0.80065 0.80334 0.80603 0.80882 0.81182 0.81664 0.82514 0.00000 0.00000 0.00000 0.00000 0.00000 0.00000 0.00000 0.00000 0.00000 0.00000 0.00000 0.00000
0.76773 0.76151 0.75759 0.75546 0.75524 0.75549 0.75642 0.75796 0.76002 0.76231 0.76430 0.76710 0.77028 0.77355 0.77683 0.78024 0.78428 0.78763 0.79066 0.79372 0.79671 0.79964 0.80270 0.80620 0.81090 0.81960 0.00000 0.00000 0.00000 0.00000 0.00000 0.00000 0.00000 0.00000 0.00000 0.00000 0.00000 0.00000 0.00000
0.75887 0.75279 0.74906 0.74716 0.74720 0.74774 0.74897 0.75080 0.75315 0.75572 0.75799 0.76105 0.76449 0.76800 0.77151 0.77515 0.77940 0.78296 0.78619 0.78946 0.79272 0.79604 0.79986 0.80514 0.81387 0.00000 0.00000 0.00000 0.00000 0.00000 0.00000 0.00000 0.00000 0.00000 0.00000 0.00000 0.00000 0.00000 0.00000
0.74932 0.74342 0.73992 0.73829 0.73863 0.73950 0.74107 0.74323 0.74590 0.74876 0.75135 0.75469 0.75842 0.76220 0.76597 0.76984 0.77433 0.77812 0.78159 0.78515 0.78883 0.79296 0.79863 0.80812 0.00000 0.00000 0.00000 0.00000 0.00000 0.00000 0.00000 0.00000 0.00000 0.00000 0.00000 0.00000 0.00000 0.00000 0.00000
0.73900 0.73333 0.73011 0.72880 0.72950 0.73074 0.73270 0.73523 0.73825 0.74145 0.74437 0.74803 0.75206 0.75614 0.76018 0.76433 0.76907 0.77314 0.77693 0.78094 0.78548 0.79156 0.80163 0.00000 0.00000 0.00000 0.00000 0.00000 0.00000 0.00000 0.00000 0.00000 0.00000 0.00000 0.00000 0.00000 0.00000 0.00000 0.00000
0.72786 0.72247 0.71959 0.71865 0.71977 0.72144 0.72383 0.72677 0.73019 0.73376 0.73705 0.74105 0.74543 0.74983 0.75418 0.75862 0.76367 0.76810 0.77237 0.77730 0.78389 0.79457 0.00000 0.00000 0.00000 0.00000 0.00000 0.00000 0.00000 0.00000 0.00000 0.00000 0.00000 0.00000 0.00000 0.00000 0.00000 0.00000 0.00000
0.71581 0.71078 0.70831 0.70781 0.70941 0.71157 0.71445 0.71785 0.72172 0.72569 0.72939 0.73378 0.73852 0.74327 0.74796 0.75276 0.75820 0.76316 0.76841 0.77550 0.78693 0.00000 0.00000 0.00000 0.00000 0.00000 0.00000 0.00000 0.00000 0.00000 0.00000 0.00000 0.00000 0.00000 0.00000 0.00000 0.00000 0.00000 0.00000
0.70277 0.69817 0.69621 0.69622 0.69838 0.70109 0.70453 0.70846 0.71282 0.71725 0.72139 0.72620 0.73134 0.73649 0.74158 0.74681 0.75285 0.75885 0.76638 0.77856 0.00000 0.00000 0.00000 0.00000 0.00000 0.00000 0.00000 0.00000 0.00000 0.00000 0.00000 0.00000 0.00000 0.00000 0.00000 0.00000 0.00000 0.00000 0.00000
0.68864 0.68458 0.68322 0.68385 0.68666 0.69000 0.69408 0.69858 0.70350 0.70843 0.71306 0.71835 0.72393 0.72954 0.73512 0.74100 0.74815 0.75657 0.76946 0.00000 0.00000 0.00000 0.00000 0.00000 0.00000 0.00000 0.00000 0.00000 0.00000 0.00000 0.00000 0.00000 0.00000 0.00000 0.00000 0.00000 0.00000 0.00000 0.00000
0.67332 0.66993 0.66931 0.67065 0.67422 0.67829 0.68308 0.68824 0.69378 0.69927 0.70444 0.71025 0.71635 0.72252 0.72881 0.73589 0.74562 0.75968 0.00000 0.00000 0.00000 0.00000 0.00000 0.00000 0.00000 0.00000 0.00000 0.00000 0.00000 0.00000 0.00000 0.00000 0.00000 0.00000 0.00000 0.00000 0.00000 0.00000 0.00000
0.65671 0.65416 0.65441 0.65662 0.66106 0.66596 0.67156 0.67746 0.68368 0.68981 0.69558 0.70200 0.70873 0.71569 0.72328 0.73309 0.74878 0.00000 0.00000 0.00000 0.00000 0.00000 0.00000 0.00000 0.00000 0.00000 0.00000 0.00000 0.00000 0.00000 0.00000 0.00000 0.00000 0.00000 0.00000 0.00000 0.00000 0.00000 0.00000
0.63870 0.63719 0.63850 0.64173 0.64719 0.65304 0.65956 0.66628 0.67328 0.68011 0.68658 0.69373 0.70134 0.70971 0.72021 0.73634 0.00000 0.00000 0.00000 0.00000 0.00000 0.00000 0.00000 0.00000 0.00000 0.00000 0.00000 0.00000 0.00000 0.00000 0.00000 0.00000 0.00000 0.00000 0.00000 0.00000 0.00000 0.00000 0.00000
0.61920 0.61898 0.62157 0.62601 0.63265 0.63960 0.64715 0.65481 0.66268 0.67032 0.67763 0.68578 0.69492 0.70640 0.72362 0.00000 0.00000 0.00000 0.00000 0.00000 0.00000 0.00000 0.00000 0.00000 0.00000 0.00000 0.00000 0.00000 0.00000 0.00000 0.00000 0.00000 0.00000 0.00000 0.00000 0.00000 0.00000 0.00000 0.00000
0.59810 0.59948 0.60363 0.60951 0.61754 0.62574 0.63447 0.64318 0.65205 0.66066 0.66909 0.67893 0.69143 0.71006 0.00000 0.00000 0.00000 0.00000 0.00000 0.00000 0.00000 0.00000 0.00000 0.00000 0.00000 0.00000 0.00000 0.00000 0.00000 0.00000 0.00000 0.00000 0.00000 0.00000 0.00000 0.00000 0.00000 0.00000 0.00000
0.57532 0.57870 0.58473 0.59234 0.60197 0.61161 0.62167 0.63160 0.64165 0.65154 0.66185 0.67531 0.69546 0.00000 0.00000 0.00000 0.00000 0.00000 0.00000 0.00000 0.00000 0.00000 0.00000 0.00000 0.00000 0.00000 0.00000 0.00000 0.00000 0.00000 0.00000 0.00000 0.00000 0.00000 0.00000 0.00000 0.00000 0.00000 0.00000
0.55075 0.55665 0.56496 0.57464 0.58613 0.59745 0.60904 0.62041 0.63199 0.64396 0.65821 0.67988 0.00000 0.00000 0.00000 0.00000 0.00000 0.00000 0.00000 0.00000 0.00000 0.00000 0.00000 0.00000 0.00000 0.00000 0.00000 0.00000 0.00000 0.00000 0.00000 0.00000 0.00000 0.00000 0.00000 0.00000 0.00000 0.00000 0.00000
0.52429 0.53337 0.54449 0.55664 0.57032 0.58359 0.59698 0.61018 0.62417 0.64046 0.66358 0.00000 0.00000 0.00000 0.00000 0.00000 0.00000 0.00000 0.00000 0.00000 0.00000 0.00000 0.00000 0.00000 0.00000 0.00000 0.00000 0.00000 0.00000 0.00000 0.00000 0.00000 0.00000 0.00000 0.00000 0.00000 0.00000 0.00000 0.00000
0.49584 0.50899 0.52356 0.53867 0.55494 0.57051 0.58619 0.60219 0.62102 0.64694 0.00000 0.00000 0.00000 0.00000 0.00000 0.00000 0.00000 0.00000 0.00000 0.00000 0.00000 0.00000 0.00000 0.00000 0.00000 0.00000 0.00000 0.00000 0.00000 0.00000 0.00000 0.00000 0.00000 0.00000 0.00000 0.00000 0.00000 0.00000 0.00000
0.46524 0.48365 0.50253 0.52123 0.54062 0.55909 0.57816 0.59964 0.62911 0.00000 0.00000 0.00000 0.00000 0.00000 0.00000 0.00000 0.00000 0.00000 0.00000 0.00000 0.00000 0.00000 0.00000 0.00000 0.00000 0.00000 0.00000 0.00000 0.00000 0.00000 0.00000 0.00000 0.00000 0.00000 0.00000 0.00000 0.00000 0.00000 0.00000
0.43226 0.45764 0.48195 0.50508 0.52840 0.55110 0.57656 0.60994 0.00000 0.00000 0.00000 0.00000 0.00000 0.00000 0.00000 0.00000 0.00000 0.00000 0.00000 0.00000 0.00000 0.00000 0.00000 0.00000 0.00000 0.00000 0.00000 0.00000 0.00000 0.00000 0.00000 0.00000 0.00000 0.00000 0.00000 0.00000 0.00000 0.00000 0.00000
0.39652 0.43140 0.46273 0.49157 0.52048 0.55089 0.59000 0.00000 0.00000 0.00000 0.00000 0.00000 0.00000 0.00000 0.00000 0.00000 0.00000 0.00000 0.00000 0.00000 0.00000 0.00000 0.00000 0.00000 0.00000 0.00000 0.00000 0.00000 0.00000 0.00000 0.00000 0.00000 0.00000 0.00000 0.00000 0.00000 0.00000 0.00000 0.00000
0.35737 0.40576 0.44658 0.48352 0.52230 0.56881 0.00000 0.00000 0.00000 0.00000 0.00000 0.00000 0.00000 0.00000 0.00000 0.00000 0.00000 0.00000 0.00000 0.00000 0.00000 0.00000 0.00000 0.00000 0.00000 0.00000 0.00000 0.00000 0.00000 0.00000 0.00000 0.00000 0.00000 0.00000 0.00000 0.00000 0.00000 0.00000 0.00000
0.31354 0.38252 0.43733 0.48813 0.54698 0.00000 0.00000 0.00000 0.00000 0.00000 0.00000 0.00000 0.00000 0.00000 0.00000 0.00000 0.00000 0.00000 0.00000 0.00000 0.00000 0.00000 0.00000 0.00000 0.00000 0.00000 0.00000 0.00000 0.00000 0.00000 0.00000 0.00000 0.00000 0.00000 0.00000 0.00000 0.00000 0.00000 0.00000
0.26262 0.36674 0.44552 0.52364 0.00000 0.00000 0.00000 0.00000 0.00000 0.00000 0.00000 0.00000 0.00000 0.00000 0.00000 0.00000 0.00000 0.00000 0.00000 0.00000 0.00000 0.00000 0.00000 0.00000 0.00000 0.00000 0.00000 0.00000 0.00000 0.00000 0.00000 0.00000 0.00000 0.00000 0.00000 0.00000 0.00000 0.00000 0.00000
0.19991 0.37579 0.50096 0.00000 0.00000 0.00000 0.00000 0.00000 0.00000 0.00000 0.00000 0.00000 0.00000 0.00000 0.00000 0.00000 0.00000 0.00000 0.00000 0.00000 0.00000 0.00000 0.00000 0.00000 0.00000 0.00000 0.00000 0.00000 0.00000 0.00000 0.00000 0.00000 0.00000 0.00000 0.00000 0.00000 0.00000 0.00000 0.00000
0.11776 0.47824 0.00000 0.00000 0.00000 0.00000 0.00000 0.00000 0.00000 0.00000 0.00000 0.00000 0.00000 0.00000 0.00000 0.00000 0.00000 0.00000 0.00000 0.00000 0.00000 0.00000 0.00000 0.00000 0.00000 0.00000 0.00000 0.00000 0.00000 0.00000 0.00000 0.00000 0.00000 0.00000 0.00000 0.00000 0.00000 0.00000 0.00000
0.00000 0.00000 0.00000 0.00000 0.00000 0.00000 0.00000 0.00000 0.00000 0.00000 0.00000 0.00000 0.00000 0.00000 0.00000 0.00000 0.00000 0.00000 0.00000 0.00000 0.00000 0.00000 0.00000 0.00000 0.00000 0.00000 0.00000 0.00000 0.00000 0.00000 0.00000 0.00000 0.00000 0.00000 0.00000 0.00000 0.00000 0.00000 0.00000
