0.52694 0.51052 0.49518 0.48067 0.46700 0.45412 0.44194 0.43043 0.41954 0.40925 0.39951 0.39029 0.38159 0.37339 0.36567 0.35841 0.35162 0.34529 0.33941 0.33401 0.32909 0.32466 0.32075 0.31738 0.31457 0.31236 0.31079 0.30989 0.30972 0.31034 0.31181 0.31421 0.31760 0.32206 0.32765 0.33443 0.34244 0.35171 0.36225 0.37404 0.38708 0.40133 0.41676 0.43333 0.45102 0.47023 0.49102 0.51368 0.53853 0.56596 0.59635 0.63048 0.66991 0.71685 0.77631 0.85687 0.97597 1.17141 1.53069 2.31079
0.51291 0.49642 0.48104 0.46651 0.45286 0.44001 0.42789 0.41645 0.40564 0.39544 0.38580 0.37669 0.36811 0.36003 0.35244 0.34531 0.33865 0.33246 0.32673 0.32148 0.31671 0.31243 0.30868 0.30547 0.30283 0.30079 0.29939 0.29867 0.29869 0.29950 0.30117 0.30377 0.30738 0.31206 0.31789 0.32491 0.33317 0.34270 0.35351 0.36558 0.37890 0.39346 0.40919 0.42606 0.44407 0.46359 0.48472 0.50771 0.53293 0.56074 0.59153 0.62610 0.66602 0.71353 0.77370 0.85519 0.97567 1.17330 1.53623 0.00000
0.49631 0.47982 0.46448 0.45001 0.43645 0.42371 0.41170 0.40039 0.38973 0.37968 0.37020 0.36125 0.35284 0.34493 0.33751 0.33056 0.32409 0.31808 0.31254 0.30747 0.30289 0.29881 0.29525 0.29224 0.28980 0.28796 0.28677 0.28627 0.28651 0.28754 0.28944 0.29229 0.29614 0.30108 0.30717 0.31447 0.32301 0.33284 0.34395 0.35634 0.36998 0.38486 0.40092 0.41814 0.43649 0.45637 0.47786 0.50124 0.52685 0.55508 0.58633 0.62138 0.66186 0.71006 0.77112 0.85389 0.97626 1.17674 0.00000 0.00000
0.47897 0.46250 0.44723 0.43286 0.41940 0.40679 0.39494 0.38379 0.37328 0.36341 0.35411 0.34535 0.33713 0.32941 0.32219 0.31544 0.30916 0.30336 0.29802 0.29316 0.28879 0.28492 0.28158 0.27878 0.27656 0.27495 0.27399 0.27372 0.27419 0.27547 0.27762 0.28073 0.28485 0.29007 0.29644 0.30404 0.31289 0.32303 0.33447 0.34719 0.36118 0.37641 0.39284 0.41042 0.42913 0.44940 0.47128 0.49506 0.52110 0.54978 0.58152 0.61713 0.65827 0.70734 0.76965 0.85429 0.97942 0.00000 0.00000 0.00000
0.46073 0.44433 0.42916 0.41491 0.40161 0.38916 0.37748 0.36652 0.35621 0.34654 0.33745 0.32891 0.32090 0.31340 0.30640 0.29988 0.29382 0.28825 0.28314 0.27851 0.27437 0.27073 0.26763 0.26507 0.26309 0.26173 0.26102 0.26100 0.26174 0.26329 0.26571 0.26910 0.27352 0.27903 0.28572 0.29363 0.30281 0.31330 0.32509 0.33817 0.35252 0.36812 0.38493 0.40289 0.42200 0.44267 0.46496 0.48917 0.51566 0.54482 0.57709 0.61334 0.65533 0.70559 0.76974 0.85717 0.00000 0.00000 0.00000 0.00000
0.44156 0.42527 0.41024 0.39615 0.38303 0.37079 0.35932 0.34858 0.33850 0.32907 0.32022 0.31192 0.30415 0.29690 0.29016 0.28388 0.27808 0.27276 0.26791 0.26353 0.25965 0.25628 0.25343 0.25114 0.24943 0.24834 0.24792 0.24818 0.24921 0.25105 0.25378 0.25747 0.26221 0.26805 0.27507 0.28333 0.29287 0.30372 0.31588 0.32934 0.34408 0.36008 0.37728 0.39565 0.41517 0.43625 0.45898 0.48364 0.51060 0.54028 0.57316 0.61019 0.65332 0.70535 0.77223 0.00000 0.00000 0.00000 0.00000 0.00000
0.42155 0.40540 0.39055 0.37667 0.36377 0.35177 0.34055 0.33007 0.32025 0.31109 0.30251 0.29449 0.28700 0.28003 0.27356 0.26757 0.26205 0.25701 0.25244 0.24836 0.24476 0.24168 0.23913 0.23714 0.23573 0.23494 0.23482 0.23540 0.23674 0.23891 0.24197 0.24600 0.25108 0.25728 0.26467 0.27331 0.28323 0.29447 0.30703 0.32089 0.33604 0.35246 0.37008 0.38888 0.40882 0.43034 0.45352 0.47865 0.50612 0.53639 0.57000 0.60809 0.65290 0.70756 0.00000 0.00000 0.00000 0.00000 0.00000 0.00000
0.40084 0.38487 0.37025 0.35661 0.34398 0.33225 0.32132 0.31113 0.30162 0.29275 0.28448 0.27676 0.26958 0.26292 0.25677 0.25109 0.24588 0.24116 0.23690 0.23313 0.22986 0.22710 0.22488 0.22321 0.22213 0.22168 0.22190 0.22283 0.22453 0.22705 0.23048 0.23489 0.24035 0.24694 0.25473 0.26378 0.27411 0.28578 0.29876 0.31306 0.32864 0.34550 0.36357 0.38280 0.40319 0.42518 0.44883 0.47447 0.50250 0.53347 0.56807 0.60772 0.65507 0.00000 0.00000 0.00000 0.00000 0.00000 0.00000 0.00000
0.37960 0.36386 0.34950 0.33614 0.32380 0.31239 0.30178 0.29192 0.28274 0.27422 0.26628 0.25890 0.25206 0.24574 0.23993 0.23459 0.22973 0.22536 0.22145 0.21804 0.21511 0.21271 0.21085 0.20955 0.20884 0.20876 0.20937 0.21068 0.21277 0.21569 0.21952 0.22435 0.23024 0.23725 0.24548 0.25497 0.26576 0.27788 0.29132 0.30608 0.32213 0.33945 0.35799 0.37769 0.39856 0.42103 0.44519 0.47139 0.50009 0.53199 0.56804 0.61006 0.00000 0.00000 0.00000 0.00000 0.00000 0.00000 0.00000 0.00000
0.35799 0.34252 0.32845 0.31542 0.30342 0.29236 0.28211 0.27261 0.26379 0.25564 0.24807 0.24106 0.23460 0.22865 0.22322 0.21826 0.21378 0.20978 0.20626 0.20323 0.20070 0.19870 0.19723 0.19634 0.19604 0.19638 0.19741 0.19915 0.20167 0.20504 0.20932 0.21460 0.22096 0.22845 0.23715 0.24713 0.25841 0.27102 0.28496 0.30022 0.31676 0.33457 0.35360 0.37380 0.39516 0.41815 0.44287 0.46973 0.49930 0.53257 0.57083 0.00000 0.00000 0.00000 0.00000 0.00000 0.00000 0.00000 0.00000 0.00000
0.33620 0.32102 0.30729 0.29461 0.28298 0.27231 0.26245 0.25335 0.24493 0.23718 0.23002 0.22341 0.21735 0.21181 0.20679 0.20224 0.19818 0.19461 0.19151 0.18891 0.18681 0.18524 0.18422 0.18377 0.18393 0.18473 0.18623 0.18844 0.19145 0.19531 0.20008 0.20587 0.21274 0.22075 0.22999 0.24050 0.25230 0.26545 0.27992 0.29570 0.31277 0.33110 0.35065 0.37137 0.39327 0.41682 0.44219 0.46989 0.50072 0.53605 0.00000 0.00000 0.00000 0.00000 0.00000 0.00000 0.00000 0.00000 0.00000 0.00000
0.31439 0.29955 0.28618 0.27389 0.26267 0.25242 0.24299 0.23431 0.22633 0.21901 0.21228 0.20611 0.20049 0.19540 0.19083 0.18673 0.18312 0.18000 0.17737 0.17524 0.17361 0.17253 0.17200 0.17205 0.17271 0.17402 0.17603 0.17877 0.18232 0.18671 0.19204 0.19839 0.20582 0.21440 0.22421 0.23530 0.24767 0.26140 0.27644 0.29278 0.31040 0.32928 0.34938 0.37065 0.39313 0.41732 0.44350 0.47239 0.50508 0.00000 0.00000 0.00000 0.00000 0.00000 0.00000 0.00000 0.00000 0.00000 0.00000 0.00000
0.29275 0.27827 0.26530 0.25343 0.24265 0.23285 0.22388 0.21567 0.20814 0.20129 0.19504 0.18934 0.18420 0.17958 0.17550 0.17188 0.16877 0.16616 0.16403 0.16241 0.16131 0.16076 0.16076 0.16136 0.16257 0.16444 0.16703 0.17035 0.17448 0.17947 0.18540 0.19236 0.20040 0.20961 0.22004 0.23175 0.24474 0.25908 0.27473 0.29167 0.30987 0.32933 0.35000 0.37186 0.39498 0.41996 0.44726 0.47787 0.00000 0.00000 0.00000 0.00000 0.00000 0.00000 0.00000 0.00000 0.00000 0.00000 0.00000 0.00000
0.27145 0.25735 0.24480 0.23339 0.22309 0.21377 0.20529 0.19757 0.19054 0.18420 0.17845 0.17325 0.16862 0.16453 0.16096 0.15788 0.15530 0.15324 0.15166 0.15061 0.15008 0.15010 0.15070 0.15189 0.15371 0.15620 0.15941 0.16336 0.16813 0.17377 0.18036 0.18798 0.19669 0.20657 0.21767 0.23005 0.24371 0.25870 0.27498 0.29254 0.31135 0.33142 0.35270 0.37520 0.39910 0.42513 0.45400 0.00000 0.00000 0.00000 0.00000 0.00000 0.00000 0.00000 0.00000 0.00000 0.00000 0.00000 0.00000 0.00000
0.25062 0.23694 0.22484 0.21392 0.20412 0.19532 0.18736 0.18017 0.17367 0.16786 0.16265 0.15800 0.15392 0.15038 0.14739 0.14488 0.14288 0.14141 0.14044 0.13999 0.14008 0.14074 0.14198 0.14382 0.14630 0.14946 0.15335 0.15799 0.16345 0.16980 0.17709 0.18543 0.19486 0.20546 0.21728 0.23037 0.24472 0.26040 0.27736 0.29557 0.31501 0.33570 0.35765 0.38090 0.40580 0.43327 0.00000 0.00000 0.00000 0.00000 0.00000 0.00000 0.00000 0.00000 0.00000 0.00000 0.00000 0.00000 0.00000 0.00000
0.23041 0.21716 0.20554 0.19513 0.18587 0.17762 0.17022 0.16359 0.15767 0.15243 0.14780 0.14373 0.14024 0.13730 0.13492 0.13303 0.13166 0.13083 0.13051 0.13073 0.13149 0.13283 0.13477 0.13732 0.14051 0.14439 0.14902 0.15440 0.16061 0.16771 0.17576 0.18486 0.19506 0.20642 0.21900 0.23284 0.24793 0.26432 0.28197 0.30085 0.32095 0.34232 0.36502 0.38921 0.41543 0.00000 0.00000 0.00000 0.00000 0.00000 0.00000 0.00000 0.00000 0.00000 0.00000 0.00000 0.00000 0.00000 0.00000 0.00000
0.21088 0.19810 0.18699 0.17713 0.16844 0.16078 0.15397 0.14795 0.14263 0.13801 0.13400 0.13056 0.12771 0.12541 0.12368 0.12246 0.12177 0.12164 0.12202 0.12296 0.12445 0.12653 0.12921 0.13253 0.13649 0.14114 0.14655 0.15272 0.15973 0.16763 0.17649 0.18640 0.19741 0.20957 0.22294 0.23757 0.25341 0.27054 0.28891 0.30848 0.32928 0.35139 0.37501 0.40040 0.00000 0.00000 0.00000 0.00000 0.00000 0.00000 0.00000 0.00000 0.00000 0.00000 0.00000 0.00000 0.00000 0.00000 0.00000 0.00000
0.19212 0.17983 0.16927 0.16000 0.15192 0.14489 0.13872 0.13334 0.12867 0.12471 0.12137 0.11861 0.11644 0.11484 0.11382 0.11332 0.11336 0.11397 0.11511 0.11682 0.11910 0.12197 0.12546 0.12958 0.13436 0.13984 0.14609 0.15309 0.16095 0.16969 0.17940 0.19015 0.20201 0.21500 0.22919 0.24463 0.26125 0.27914 0.29823 0.31852 0.34007 0.36306 0.38779 0.00000 0.00000 0.00000 0.00000 0.00000 0.00000 0.00000 0.00000 0.00000 0.00000 0.00000 0.00000 0.00000 0.00000 0.00000 0.00000 0.00000
0.17413 0.16239 0.15241 0.14378 0.13636 0.13001 0.12452 0.11985 0.11588 0.11263 0.11001 0.10797 0.10654 0.10570 0.10544 0.10571 0.10655 0.10796 0.10991 0.11245 0.11556 0.11929 0.12362 0.12861 0.13426 0.14061 0.14773 0.15562 0.16436 0.17398 0.18457 0.19620 0.20892 0.22277 0.23781 0.25406 0.27148 0.29013 0.30997 0.33104 0.35345 0.37744 0.00000 0.00000 0.00000 0.00000 0.00000 0.00000 0.00000 0.00000 0.00000 0.00000 0.00000 0.00000 0.00000 0.00000 0.00000 0.00000 0.00000 0.00000
0.15694 0.14578 0.13645 0.12852 0.12183 0.11621 0.11147 0.10755 0.10435 0.10187 0.10003 0.09878 0.09814 0.09810 0.09867 0.09978 0.10146 0.10373 0.10656 0.10997 0.11398 0.11860 0.12384 0.12974 0.13630 0.14356 0.15160 0.16040 0.17005 0.18059 0.19208 0.20461 0.21822 0.23294 0.24882 0.26591 0.28412 0.30355 0.32418 0.34611 0.36948 0.00000 0.00000 0.00000 0.00000 0.00000 0.00000 0.00000 0.00000 0.00000 0.00000 0.00000 0.00000 0.00000 0.00000 0.00000 0.00000 0.00000 0.00000 0.00000
0.14052 0.13001 0.12141 0.11425 0.10836 0.10355 0.09963 0.09654 0.09417 0.09252 0.09152 0.09113 0.09136 0.09219 0.09364 0.09565 0.09824 0.10143 0.10518 0.10953 0.11449 0.12005 0.12624 0.13309 0.14060 0.14881 0.15778 0.16753 0.17812 0.18958 0.20199 0.21544 0.22994 0.24554 0.26227 0.28018 0.29919 0.31943 0.34093 0.36377 0.00000 0.00000 0.00000 0.00000 0.00000 0.00000 0.00000 0.00000 0.00000 0.00000 0.00000 0.00000 0.00000 0.00000 0.00000 0.00000 0.00000 0.00000 0.00000 0.00000
0.12482 0.11507 0.10730 0.10102 0.09601 0.09210 0.08909 0.08690 0.08545 0.08472 0.08464 0.08517 0.08633 0.08811 0.09051 0.09348 0.09703 0.10120 0.10593 0.11127 0.11722 0.12378 0.13095 0.13878 0.14727 0.15646 0.16640 0.17710 0.18865 0.20105 0.21438 0.22874 0.24413 0.26059 0.27816 0.29689 0.31674 0.33784 0.36021 0.00000 0.00000 0.00000 0.00000 0.00000 0.00000 0.00000 0.00000 0.00000 0.00000 0.00000 0.00000 0.00000 0.00000 0.00000 0.00000 0.00000 0.00000 0.00000 0.00000 0.00000
0.10979 0.10094 0.09414 0.08886 0.08487 0.08197 0.07997 0.07879 0.07833 0.07860 0.07952 0.08106 0.08323 0.08602 0.08944 0.09344 0.09802 0.10321 0.10898 0.11535 0.12234 0.12993 0.13812 0.14697 0.15646 0.16663 0.17755 0.18922 0.20173 0.21506 0.22930 0.24455 0.26082 0.27813 0.29653 0.31609 0.33682 0.35876 0.00000 0.00000 0.00000 0.00000 0.00000 0.00000 0.00000 0.00000 0.00000 0.00000 0.00000 0.00000 0.00000 0.00000 0.00000 0.00000 0.00000 0.00000 0.00000 0.00000 0.00000 0.00000
0.09537 0.08763 0.08198 0.07788 0.07506 0.07330 0.07242 0.07236 0.07301 0.07437 0.07638 0.07901 0.08226 0.08614 0.09064 0.09573 0.10140 0.10768 0.11453 0.12197 0.13003 0.13868 0.14791 0.15779 0.16829 0.17946 0.19136 0.20399 0.21744 0.23169 0.24683 0.26295 0.28007 0.29820 0.31743 0.33786 0.35941 0.00000 0.00000 0.00000 0.00000 0.00000 0.00000 0.00000 0.00000 0.00000 0.00000 0.00000 0.00000 0.00000 0.00000 0.00000 0.00000 0.00000 0.00000 0.00000 0.00000 0.00000 0.00000 0.00000
0.08147 0.07515 0.07093 0.06822 0.06674 0.06629 0.06668 0.06785 0.06972 0.07228 0.07547 0.07928 0.08369 0.08872 0.09438 0.10062 0.10742 0.11483 0.12280 0.13134 0.14050 0.15022 0.16051 0.17143 0.18294 0.19509 0.20796 0.22153 0.23590 0.25104 0.26702 0.28399 0.30193 0.32089 0.34096 0.36216 0.00000 0.00000 0.00000 0.00000 0.00000 0.00000 0.00000 0.00000 0.00000 0.00000 0.00000 0.00000 0.00000 0.00000 0.00000 0.00000 0.00000 0.00000 0.00000 0.00000 0.00000 0.00000 0.00000 0.00000
0.06804 0.06359 0.06115 0.06012 0.06022 0.06125 0.06307 0.06562 0.06882 0.07267 0.07714 0.08219 0.08785 0.09410 0.10097 0.10841 0.11639 0.12495 0.13406 0.14373 0.15400 0.16479 0.17613 0.18808 0.20059 0.21370 0.22750 0.24197 0.25722 0.27320 0.28999 0.30776 0.32649 0.34629 0.36711 0.00000 0.00000 0.00000 0.00000 0.00000 0.00000 0.00000 0.00000 0.00000 0.00000 0.00000 0.00000 0.00000 0.00000 0.00000 0.00000 0.00000 0.00000 0.00000 0.00000 0.00000 0.00000 0.00000 0.00000 0.00000
0.05498 0.05313 0.05297 0.05398 0.05592 0.05865 0.06206 0.06611 0.07076 0.07600 0.08182 0.08820 0.09515 0.10267 0.11080 0.11946 0.12864 0.13838 0.14864 0.15944 0.17080 0.18266 0.19503 0.20797 0.22144 0.23547 0.25015 0.26547 0.28154 0.29830 0.31585 0.33439 0.35391 0.37442 0.00000 0.00000 0.00000 0.00000 0.00000 0.00000 0.00000 0.00000 0.00000 0.00000 0.00000 0.00000 0.00000 0.00000 0.00000 0.00000 0.00000 0.00000 0.00000 0.00000 0.00000 0.00000 0.00000 0.00000 0.00000 0.00000
0.04222 0.04416 0.04699 0.05047 0.05455 0.05918 0.06433 0.07001 0.07618 0.08288 0.09012 0.09786 0.10614 0.11495 0.12435 0.13426 0.14463 0.15554 0.16693 0.17882 0.19125 0.20413 0.21748 0.23137 0.24574 0.26061 0.27611 0.29221 0.30903 0.32650 0.34475 0.36405 0.38419 0.00000 0.00000 0.00000 0.00000 0.00000 0.00000 0.00000 0.00000 0.00000 0.00000 0.00000 0.00000 0.00000 0.00000 0.00000 0.00000 0.00000 0.00000 0.00000 0.00000 0.00000 0.00000 0.00000 0.00000 0.00000 0.00000 0.00000
0.02970 0.03753 0.04432 0.05078 0.05726 0.06394 0.07092 0.07827 0.08600 0.09417 0.10281 0.11191 0.12151 0.13159 0.14224 0.15335 0.16488 0.17691 0.18938 0.20231 0.21573 0.22957 0.24383 0.25859 0.27376 0.28939 0.30561 0.32240 0.33987 0.35800 0.37693 0.39679 0.00000 0.00000 0.00000 0.00000 0.00000 0.00000 0.00000 0.00000 0.00000 0.00000 0.00000 0.00000 0.00000 0.00000 0.00000 0.00000 0.00000 0.00000 0.00000 0.00000 0.00000 0.00000 0.00000 0.00000 0.00000 0.00000 0.00000 0.00000
0.01733 0.03535 0.04729 0.05706 0.06599 0.07467 0.08338 0.09230 0.10148 0.11101 0.12098 0.13134 0.14216 0.15343 0.16523 0.17746 0.19005 0.20310 0.21656 0.23042 0.24473 0.25941 0.27446 0.28997 0.30583 0.32210 0.33892 0.35628 0.37432 0.39306 0.41243 0.00000 0.00000 0.00000 0.00000 0.00000 0.00000 0.00000 0.00000 0.00000 0.00000 0.00000 0.00000 0.00000 0.00000 0.00000 0.00000 0.00000 0.00000 0.00000 0.00000 0.00000 0.00000 0.00000 0.00000 0.00000 0.00000 0.00000 0.00000 0.00000
0.00506 0.04406 0.06142 0.07373 0.08432 0.09431 0.10420 0.11424 0.12450 0.13507 0.14607 0.15745 0.16927 0.18153 0.19430 0.20748 0.22095 0.23486 0.24913 0.26376 0.27879 0.29415 0.30984 0.32594 0.34233 0.35908 0.37635 0.39418 0.41271 0.43178 0.00000 0.00000 0.00000 0.00000 0.00000 0.00000 0.00000 0.00000 0.00000 0.00000 0.00000 0.00000 0.00000 0.00000 0.00000 0.00000 0.00000 0.00000 0.00000 0.00000 0.00000 0.00000 0.00000 0.00000 0.00000 0.00000 0.00000 0.00000 0.00000 0.00000
0.00000 0.09610 0.10337 0.11114 0.11942 0.12823 0.13759 0.14750 0.15788 0.16874 0.18017 0.19205 0.20444 0.21730 0.23070 0.24452 0.25859 0.27308 0.28792 0.30307 0.31859 0.33440 0.35051 0.36698 0.38370 0.40074 0.41832 0.43649 0.45520 0.00000 0.00000 0.00000 0.00000 0.00000 0.00000 0.00000 0.00000 0.00000 0.00000 0.00000 0.00000 0.00000 0.00000 0.00000 0.00000 0.00000 0.00000 0.00000 0.00000 0.00000 0.00000 0.00000 0.00000 0.00000 0.00000 0.00000 0.00000 0.00000 0.00000 0.00000
0.01944 0.06502 0.08557 0.10025 0.11289 0.12478 0.13649 0.14831 0.16028 0.17250 0.18512 0.19806 0.21140 0.22511 0.23928 0.25378 0.26846 0.28348 0.29878 0.31433 0.33017 0.34626 0.36258 0.37921 0.39604 0.41317 0.43085 0.44891 0.00000 0.00000 0.00000 0.00000 0.00000 0.00000 0.00000 0.00000 0.00000 0.00000 0.00000 0.00000 0.00000 0.00000 0.00000 0.00000 0.00000 0.00000 0.00000 0.00000 0.00000 0.00000 0.00000 0.00000 0.00000 0.00000 0.00000 0.00000 0.00000 0.00000 0.00000 0.00000
0.03177 0.06339 0.08360 0.09958 0.11369 0.12696 0.13994 0.15291 0.16591 0.17908 0.19256 0.20629 0.22036 0.23472 0.24948 0.26453 0.27967 0.29510 0.31075 0.32658 0.34264 0.35890 0.37535 0.39206 0.40896 0.42616 0.44371 0.00000 0.00000 0.00000 0.00000 0.00000 0.00000 0.00000 0.00000 0.00000 0.00000 0.00000 0.00000 0.00000 0.00000 0.00000 0.00000 0.00000 0.00000 0.00000 0.00000 0.00000 0.00000 0.00000 0.00000 0.00000 0.00000 0.00000 0.00000 0.00000 0.00000 0.00000 0.00000 0.00000
0.04421 0.06921 0.08806 0.10409 0.11874 0.13272 0.14645 0.16018 0.17391 0.18777 0.20191 0.21625 0.23088 0.24576 0.26099 0.27646 0.29195 0.30769 0.32358 0.33960 0.35579 0.37214 0.38866 0.40541 0.42236 0.43941 0.00000 0.00000 0.00000 0.00000 0.00000 0.00000 0.00000 0.00000 0.00000 0.00000 0.00000 0.00000 0.00000 0.00000 0.00000 0.00000 0.00000 0.00000 0.00000 0.00000 0.00000 0.00000 0.00000 0.00000 0.00000 0.00000 0.00000 0.00000 0.00000 0.00000 0.00000 0.00000 0.00000 0.00000
0.05682 0.07814 0.09581 0.11165 0.12652 0.14092 0.15515 0.16942 0.18371 0.19809 0.21274 0.22758 0.24265 0.25793 0.27353 0.28933 0.30509 0.32103 0.33708 0.35321 0.36946 0.38584 0.40238 0.41918 0.43594 0.00000 0.00000 0.00000 0.00000 0.00000 0.00000 0.00000 0.00000 0.00000 0.00000 0.00000 0.00000 0.00000 0.00000 0.00000 0.00000 0.00000 0.00000 0.00000 0.00000 0.00000 0.00000 0.00000 0.00000 0.00000 0.00000 0.00000 0.00000 0.00000 0.00000 0.00000 0.00000 0.00000 0.00000 0.00000
0.06962 0.08872 0.10556 0.12120 0.13618 0.15087 0.16547 0.18017 0.19489 0.20970 0.22477 0.23999 0.25542 0.27102 0.28690 0.30293 0.31887 0.33495 0.35108 0.36726 0.38350 0.39988 0.41644 0.43304 0.00000 0.00000 0.00000 0.00000 0.00000 0.00000 0.00000 0.00000 0.00000 0.00000 0.00000 0.00000 0.00000 0.00000 0.00000 0.00000 0.00000 0.00000 0.00000 0.00000 0.00000 0.00000 0.00000 0.00000 0.00000 0.00000 0.00000 0.00000 0.00000 0.00000 0.00000 0.00000 0.00000 0.00000 0.00000 0.00000
0.08265 0.10035 0.11663 0.13213 0.14722 0.16214 0.17705 0.19210 0.20718 0.22234 0.23774 0.25328 0.26899 0.28483 0.30091 0.31710 0.33316 0.34930 0.36545 0.38161 0.39783 0.41420 0.43053 0.00000 0.00000 0.00000 0.00000 0.00000 0.00000 0.00000 0.00000 0.00000 0.00000 0.00000 0.00000 0.00000 0.00000 0.00000 0.00000 0.00000 0.00000 0.00000 0.00000 0.00000 0.00000 0.00000 0.00000 0.00000 0.00000 0.00000 0.00000 0.00000 0.00000 0.00000 0.00000 0.00000 0.00000 0.00000 0.00000 0.00000
0.09592 0.11275 0.12867 0.14412 0.15932 0.17445 0.18963 0.20497 0.22035 0.23580 0.25148 0.26727 0.28319 0.29920 0.31542 0.33171 0.34780 0.36395 0.38007 0.39620 0.41240 0.42849 0.00000 0.00000 0.00000 0.00000 0.00000 0.00000 0.00000 0.00000 0.00000 0.00000 0.00000 0.00000 0.00000 0.00000 0.00000 0.00000 0.00000 0.00000 0.00000 0.00000 0.00000 0.00000 0.00000 0.00000 0.00000 0.00000 0.00000 0.00000 0.00000 0.00000 0.00000 0.00000 0.00000 0.00000 0.00000 0.00000 0.00000 0.00000
0.10945 0.12574 0.14147 0.15693 0.17226 0.18760 0.20301 0.21860 0.23424 0.24993 0.26583 0.28181 0.29788 0.31401 0.33029 0.34661 0.36270 0.37880 0.39488 0.41096 0.42689 0.00000 0.00000 0.00000 0.00000 0.00000 0.00000 0.00000 0.00000 0.00000 0.00000 0.00000 0.00000 0.00000 0.00000 0.00000 0.00000 0.00000 0.00000 0.00000 0.00000 0.00000 0.00000 0.00000 0.00000 0.00000 0.00000 0.00000 0.00000 0.00000 0.00000 0.00000 0.00000 0.00000 0.00000 0.00000 0.00000 0.00000 0.00000 0.00000
0.12327 0.13925 0.15489 0.17041 0.18589 0.20142 0.21704 0.23285 0.24870 0.26459 0.28066 0.29678 0.31295 0.32912 0.34542 0.36171 0.37775 0.39379 0.40982 0.42563 0.00000 0.00000 0.00000 0.00000 0.00000 0.00000 0.00000 0.00000 0.00000 0.00000 0.00000 0.00000 0.00000 0.00000 0.00000 0.00000 0.00000 0.00000 0.00000 0.00000 0.00000 0.00000 0.00000 0.00000 0.00000 0.00000 0.00000 0.00000 0.00000 0.00000 0.00000 0.00000 0.00000 0.00000 0.00000 0.00000 0.00000 0.00000 0.00000 0.00000
0.13737 0.15319 0.16884 0.18446 0.20009 0.21580 0.23161 0.24761 0.26363 0.27967 0.29586 0.31206 0.32828 0.34445 0.36071 0.37694 0.39291 0.40889 0.42462 0.00000 0.00000 0.00000 0.00000 0.00000 0.00000 0.00000 0.00000 0.00000 0.00000 0.00000 0.00000 0.00000 0.00000 0.00000 0.00000 0.00000 0.00000 0.00000 0.00000 0.00000 0.00000 0.00000 0.00000 0.00000 0.00000 0.00000 0.00000 0.00000 0.00000 0.00000 0.00000 0.00000 0.00000 0.00000 0.00000 0.00000 0.00000 0.00000 0.00000 0.00000
0.15176 0.16753 0.18323 0.19897 0.21476 0.23064 0.24662 0.26276 0.27892 0.29508 0.31133 0.32757 0.34378 0.35990 0.37609 0.39223 0.40813 0.42381 0.00000 0.00000 0.00000 0.00000 0.00000 0.00000 0.00000 0.00000 0.00000 0.00000 0.00000 0.00000 0.00000 0.00000 0.00000 0.00000 0.00000 0.00000 0.00000 0.00000 0.00000 0.00000 0.00000 0.00000 0.00000 0.00000 0.00000 0.00000 0.00000 0.00000 0.00000 0.00000 0.00000 0.00000 0.00000 0.00000 0.00000 0.00000 0.00000 0.00000 0.00000 0.00000
0.16644 0.18223 0.19802 0.21390 0.22984 0.24587 0.26198 0.27824 0.29449 0.31072 0.32700 0.34323 0.35938 0.37542 0.39151 0.40756 0.42316 0.00000 0.00000 0.00000 0.00000 0.00000 0.00000 0.00000 0.00000 0.00000 0.00000 0.00000 0.00000 0.00000 0.00000 0.00000 0.00000 0.00000 0.00000 0.00000 0.00000 0.00000 0.00000 0.00000 0.00000 0.00000 0.00000 0.00000 0.00000 0.00000 0.00000 0.00000 0.00000 0.00000 0.00000 0.00000 0.00000 0.00000 0.00000 0.00000 0.00000 0.00000 0.00000 0.00000
0.18139 0.19725 0.21316 0.22917 0.24525 0.26141 0.27763 0.29396 0.31027 0.32651 0.34277 0.35895 0.37502 0.39095 0.40695 0.42265 0.00000 0.00000 0.00000 0.00000 0.00000 0.00000 0.00000 0.00000 0.00000 0.00000 0.00000 0.00000 0.00000 0.00000 0.00000 0.00000 0.00000 0.00000 0.00000 0.00000 0.00000 0.00000 0.00000 0.00000 0.00000 0.00000 0.00000 0.00000 0.00000 0.00000 0.00000 0.00000 0.00000 0.00000 0.00000 0.00000 0.00000 0.00000 0.00000 0.00000 0.00000 0.00000 0.00000 0.00000
0.19661 0.21256 0.22859 0.24473 0.26092 0.27718 0.29348 0.30985 0.32617 0.34239 0.35859 0.37468 0.39065 0.40648 0.42214 0.00000 0.00000 0.00000 0.00000 0.00000 0.00000 0.00000 0.00000 0.00000 0.00000 0.00000 0.00000 0.00000 0.00000 0.00000 0.00000 0.00000 0.00000 0.00000 0.00000 0.00000 0.00000 0.00000 0.00000 0.00000 0.00000 0.00000 0.00000 0.00000 0.00000 0.00000 0.00000 0.00000 0.00000 0.00000 0.00000 0.00000 0.00000 0.00000 0.00000 0.00000 0.00000 0.00000 0.00000 0.00000
0.21207 0.22813 0.24427 0.26052 0.27681 0.29314 0.30947 0.32584 0.34213 0.35829 0.37440 0.39038 0.40626 0.42174 0.00000 0.00000 0.00000 0.00000 0.00000 0.00000 0.00000 0.00000 0.00000 0.00000 0.00000 0.00000 0.00000 0.00000 0.00000 0.00000 0.00000 0.00000 0.00000 0.00000 0.00000 0.00000 0.00000 0.00000 0.00000 0.00000 0.00000 0.00000 0.00000 0.00000 0.00000 0.00000 0.00000 0.00000 0.00000 0.00000 0.00000 0.00000 0.00000 0.00000 0.00000 0.00000 0.00000 0.00000 0.00000 0.00000
0.22775 0.24392 0.26016 0.27650 0.29285 0.30921 0.32555 0.34187 0.35809 0.37416 0.39016 0.40605 0.42158 0.00000 0.00000 0.00000 0.00000 0.00000 0.00000 0.00000 0.00000 0.00000 0.00000 0.00000 0.00000 0.00000 0.00000 0.00000 0.00000 0.00000 0.00000 0.00000 0.00000 0.00000 0.00000 0.00000 0.00000 0.00000 0.00000 0.00000 0.00000 0.00000 0.00000 0.00000 0.00000 0.00000 0.00000 0.00000 0.00000 0.00000 0.00000 0.00000 0.00000 0.00000 0.00000 0.00000 0.00000 0.00000 0.00000 0.00000
0.24362 0.25989 0.27621 0.29261 0.30899 0.32535 0.34164 0.35789 0.37401 0.38998 0.40588 0.42142 0.00000 0.00000 0.00000 0.00000 0.00000 0.00000 0.00000 0.00000 0.00000 0.00000 0.00000 0.00000 0.00000 0.00000 0.00000 0.00000 0.00000 0.00000 0.00000 0.00000 0.00000 0.00000 0.00000 0.00000 0.00000 0.00000 0.00000 0.00000 0.00000 0.00000 0.00000 0.00000 0.00000 0.00000 0.00000 0.00000 0.00000 0.00000 0.00000 0.00000 0.00000 0.00000 0.00000 0.00000 0.00000 0.00000 0.00000 0.00000
0.25966 0.27600 0.29238 0.30880 0.32518 0.34150 0.35772 0.37386 0.38986 0.40574 0.42128 0.00000 0.00000 0.00000 0.00000 0.00000 0.00000 0.00000 0.00000 0.00000 0.00000 0.00000 0.00000 0.00000 0.00000 0.00000 0.00000 0.00000 0.00000 0.00000 0.00000 0.00000 0.00000 0.00000 0.00000 0.00000 0.00000 0.00000 0.00000 0.00000 0.00000 0.00000 0.00000 0.00000 0.00000 0.00000 0.00000 0.00000 0.00000 0.00000 0.00000 0.00000 0.00000 0.00000 0.00000 0.00000 0.00000 0.00000 0.00000 0.00000
0.27582 0.29222 0.30861 0.32503 0.34137 0.35760 0.37372 0.38974 0.40564 0.42117 0.00000 0.00000 0.00000 0.00000 0.00000 0.00000 0.00000 0.00000 0.00000 0.00000 0.00000 0.00000 0.00000 0.00000 0.00000 0.00000 0.00000 0.00000 0.00000 0.00000 0.00000 0.00000 0.00000 0.00000 0.00000 0.00000 0.00000 0.00000 0.00000 0.00000 0.00000 0.00000 0.00000 0.00000 0.00000 0.00000 0.00000 0.00000 0.00000 0.00000 0.00000 0.00000 0.00000 0.00000 0.00000 0.00000 0.00000 0.00000 0.00000 0.00000
0.29207 0.30849 0.32487 0.34124 0.35750 0.37363 0.38964 0.40555 0.42109 0.00000 0.00000 0.00000 0.00000 0.00000 0.00000 0.00000 0.00000 0.00000 0.00000 0.00000 0.00000 0.00000 0.00000 0.00000 0.00000 0.00000 0.00000 0.00000 0.00000 0.00000 0.00000 0.00000 0.00000 0.00000 0.00000 0.00000 0.00000 0.00000 0.00000 0.00000 0.00000 0.00000 0.00000 0.00000 0.00000 0.00000 0.00000 0.00000 0.00000 0.00000 0.00000 0.00000 0.00000 0.00000 0.00000 0.00000 0.00000 0.00000 0.00000 0.00000
0.30838 0.32477 0.34111 0.35740 0.37356 0.38957 0.40547 0.42102 0.00000 0.00000 0.00000 0.00000 0.00000 0.00000 0.00000 0.00000 0.00000 0.00000 0.00000 0.00000 0.00000 0.00000 0.00000 0.00000 0.00000 0.00000 0.00000 0.00000 0.00000 0.00000 0.00000 0.00000 0.00000 0.00000 0.00000 0.00000 0.00000 0.00000 0.00000 0.00000 0.00000 0.00000 0.00000 0.00000 0.00000 0.00000 0.00000 0.00000 0.00000 0.00000 0.00000 0.00000 0.00000 0.00000 0.00000 0.00000 0.00000 0.00000 0.00000 0.00000
0.32469 0.34103 0.35728 0.37346 0.38951 0.40541 0.42095 0.00000 0.00000 0.00000 0.00000 0.00000 0.00000 0.00000 0.00000 0.00000 0.00000 0.00000 0.00000 0.00000 0.00000 0.00000 0.00000 0.00000 0.00000 0.00000 0.00000 0.00000 0.00000 0.00000 0.00000 0.00000 0.00000 0.00000 0.00000 0.00000 0.00000 0.00000 0.00000 0.00000 0.00000 0.00000 0.00000 0.00000 0.00000 0.00000 0.00000 0.00000 0.00000 0.00000 0.00000 0.00000 0.00000 0.00000 0.00000 0.00000 0.00000 0.00000 0.00000 0.00000
0.34096 0.35722 0.37336 0.38942 0.40537 0.42091 0.00000 0.00000 0.00000 0.00000 0.00000 0.00000 0.00000 0.00000 0.00000 0.00000 0.00000 0.00000 0.00000 0.00000 0.00000 0.00000 0.00000 0.00000 0.00000 0.00000 0.00000 0.00000 0.00000 0.00000 0.00000 0.00000 0.00000 0.00000 0.00000 0.00000 0.00000 0.00000 0.00000 0.00000 0.00000 0.00000 0.00000 0.00000 0.00000 0.00000 0.00000 0.00000 0.00000 0.00000 0.00000 0.00000 0.00000 0.00000 0.00000 0.00000 0.00000 0.00000 0.00000 0.00000
0.35716 0.37331 0.38933 0.40528 0.42087 0.00000 0.00000 0.00000 0.00000 0.00000 0.00000 0.00000 0.00000 0.00000 0.00000 0.00000 0.00000 0.00000 0.00000 0.00000 0.00000 0.00000 0.00000 0.00000 0.00000 0.00000 0.00000 0.00000 0.00000 0.00000 0.00000 0.00000 0.00000 0.00000 0.00000 0.00000 0.00000 0.00000 0.00000 0.00000 0.00000 0.00000 0.00000 0.00000 0.00000 0.00000 0.00000 0.00000 0.00000 0.00000 0.00000 0.00000 0.00000 0.00000 0.00000 0.00000 0.00000 0.00000 0.00000 0.00000
0.37326 0.38929 0.40520 0.42076 0.00000 0.00000 0.00000 0.00000 0.00000 0.00000 0.00000 0.00000 0.00000 0.00000 0.00000 0.00000 0.00000 0.00000 0.00000 0.00000 0.00000 0.00000 0.00000 0.00000 0.00000 0.00000 0.00000 0.00000 0.00000 0.00000 0.00000 0.00000 0.00000 0.00000 0.00000 0.00000 0.00000 0.00000 0.00000 0.00000 0.00000 0.00000 0.00000 0.00000 0.00000 0.00000 0.00000 0.00000 0.00000 0.00000 0.00000 0.00000 0.00000 0.00000 0.00000 0.00000 0.00000 0.00000 0.00000 0.00000
0.38925 0.40516 0.42071 0.00000 0.00000 0.00000 0.00000 0.00000 0.00000 0.00000 0.00000 0.00000 0.00000 0.00000 0.00000 0.00000 0.00000 0.00000 0.00000 0.00000 0.00000 0.00000 0.00000 0.00000 0.00000 0.00000 0.00000 0.00000 0.00000 0.00000 0.00000 0.00000 0.00000 0.00000 0.00000 0.00000 0.00000 0.00000 0.00000 0.00000 0.00000 0.00000 0.00000 0.00000 0.00000 0.00000 0.00000 0.00000 0.00000 0.00000 0.00000 0.00000 0.00000 0.00000 0.00000 0.00000 0.00000 0.00000 0.00000 0.00000
0.40513 0.42068 0.00000 0.00000 0.00000 0.00000 0.00000 0.00000 0.00000 0.00000 0.00000 0.00000 0.00000 0.00000 0.00000 0.00000 0.00000 0.00000 0.00000 0.00000 0.00000 0.00000 0.00000 0.00000 0.00000 0.00000 0.00000 0.00000 0.00000 0.00000 0.00000 0.00000 0.00000 0.00000 0.00000 0.00000 0.00000 0.00000 0.00000 0.00000 0.00000 0.00000 0.00000 0.00000 0.00000 0.00000 0.00000 0.00000 0.00000 0.00000 0.00000 0.00000 0.00000 0.00000 0.00000 0.00000 0.00000 0.00000 0.00000 0.00000
0.42065 0.00000 0.00000 0.00000 0.00000 0.00000 0.00000 0.00000 0.00000 0.00000 0.00000 0.00000 0.00000 0.00000 0.00000 0.00000 0.00000 0.00000 0.00000 0.00000 0.00000 0.00000 0.00000 0.00000 0.00000 0.00000 0.00000 0.00000 0.00000 0.00000 0.00000 0.00000 0.00000 0.00000 0.00000 0.00000 0.00000 0.00000 0.00000 0.00000 0.00000 0.00000 0.00000 0.00000 0.00000 0.00000 0.00000 0.00000 0.00000 0.00000 0.00000 0.00000 0.00000 0.00000 0.00000 0.00000 0.00000 0.00000 0.00000 0.00000
