0.00000 1.60681 1.66661 1.69814 1.72506 1.73998 1.75186 1.76190 1.77075 1.77822 1.78247 1.78947 1.79656 1.80325 1.80940 1.81543 1.82303 1.82769 1.83142 1.83479 1.83757 1.83963 1.84111 1.84189 1.84149 1.84124 1.84062 1.84036 1.83975 1.84099 1.84595 1.85906 1.88794 1.94544 2.05662 2.26313 2.64895 3.41842 5.10703
0.00000 1.66830 1.69389 1.71211 1.73209 1.74298 1.75232 1.76074 1.76867 1.77568 1.77976 1.78674 1.79385 1.80056 1.80669 1.81266 1.82014 1.82465 1.82818 1.83131 1.83380 1.83550 1.83655 1.83681 1.83581 1.83485 1.83342 1.83226 1.83063 1.83077 1.83453 1.84635 1.87385 1.92986 2.03941 2.24410 2.62768 3.39349 0.00000
0.00000 1.66150 1.68420 1.70109 1.72055 1.73130 1.74079 1.74966 1.75819 1.76590 1.77068 1.77826 1.78587 1.79297 1.79938 1.80553 1.81312 1.81766 1.82115 1.82415 1.82643 1.82784 1.82849 1.82825 1.82664 1.82495 1.82269 1.82058 1.81791 1.81691 1.81943 1.82994 1.85606 1.91064 2.01875 2.22216 2.60479 0.00000 0.00000
0.00000 1.64908 1.67120 1.68812 1.70777 1.71895 1.72910 1.73875 1.74814 1.75665 1.76212 1.77027 1.77831 1.78572 1.79233 1.79860 1.80620 1.81070 1.81406 1.81684 1.81881 1.81981 1.81994 1.81907 1.81670 1.81415 1.81092 1.80773 1.80389 1.80163 1.80284 1.81200 1.83675 1.89007 1.99734 2.20099 0.00000 0.00000 0.00000
0.00000 1.63580 1.65815 1.67539 1.69557 1.70755 1.71859 1.72918 1.73942 1.74865 1.75473 1.76329 1.77163 1.77922 1.78593 1.79219 1.79972 1.80406 1.80717 1.80961 1.81113 1.81157 1.81102 1.80937 1.80609 1.80253 1.79817 1.79378 1.78866 1.78506 1.78491 1.79273 1.81634 1.86904 1.97705 0.00000 0.00000 0.00000 0.00000
0.00000 1.62324 1.64589 1.66379 1.68481 1.69777 1.70982 1.72129 1.73226 1.74207 1.74856 1.75738 1.76587 1.77351 1.78018 1.78634 1.79365 1.79771 1.80044 1.80239 1.80331 1.80304 1.80166 1.79905 1.79471 1.78998 1.78437 1.77865 1.77215 1.76717 1.76569 1.77242 1.79557 1.84931 0.00000 0.00000 0.00000 0.00000 0.00000
0.00000 1.61178 1.63501 1.65390 1.67592 1.68998 1.70293 1.71512 1.72663 1.73680 1.74353 1.75244 1.76094 1.76850 1.77501 1.78093 1.78789 1.79153 1.79372 1.79503 1.79518 1.79402 1.79164 1.78791 1.78235 1.77632 1.76933 1.76221 1.75429 1.74796 1.74541 1.75177 1.77617 0.00000 0.00000 0.00000 0.00000 0.00000 0.00000
0.00000 1.60209 1.62622 1.64618 1.66918 1.68420 1.69784 1.71052 1.72234 1.73267 1.73949 1.74831 1.75668 1.76402 1.77024 1.77577 1.78222 1.78530 1.78679 1.78728 1.78650 1.78428 1.78073 1.77574 1.76881 1.76135 1.75290 1.74432 1.73503 1.72762 1.72476 1.73250 0.00000 0.00000 0.00000 0.00000 0.00000 0.00000 0.00000
0.00000 1.59501 1.61985 1.64085 1.66455 1.68024 1.69429 1.70720 1.71910 1.72939 1.73615 1.74474 1.75283 1.75983 1.76561 1.77060 1.77637 1.77872 1.77933 1.77883 1.77694 1.77350 1.76863 1.76222 1.75380 1.74483 1.73487 1.72490 1.71451 1.70681 1.70543 0.00000 0.00000 0.00000 0.00000 0.00000 0.00000 0.00000 0.00000
0.00000 1.59031 1.61579 1.63749 1.66156 1.67763 1.69182 1.70471 1.71650 1.72660 1.73316 1.74138 1.74906 1.75556 1.76075 1.76504 1.76996 1.77141 1.77098 1.76931 1.76614 1.76132 1.75498 1.74704 1.73705 1.72653 1.71513 1.70406 1.69339 1.68726 0.00000 0.00000 0.00000 0.00000 0.00000 0.00000 0.00000 0.00000 0.00000
0.00000 1.58795 1.61354 1.63555 1.65960 1.67578 1.68987 1.70258 1.71410 1.72387 1.73011 1.73784 1.74498 1.75084 1.75529 1.75872 1.76259 1.76297 1.76131 1.75831 1.75371 1.74737 1.73945 1.72990 1.71831 1.70631 1.69378 1.68245 1.67343 0.00000 0.00000 0.00000 0.00000 0.00000 0.00000 0.00000 0.00000 0.00000 0.00000
0.00000 1.58694 1.61227 1.63429 1.65805 1.67411 1.68795 1.70034 1.71148 1.72080 1.72664 1.73372 1.74019 1.74526 1.74880 1.75119 1.75386 1.75299 1.74994 1.74546 1.73928 1.73131 1.72174 1.71055 1.69745 1.68430 1.67151 1.66192 0.00000 0.00000 0.00000 0.00000 0.00000 0.00000 0.00000 0.00000 0.00000 0.00000 0.00000
0.00000 1.58656 1.61141 1.63313 1.65638 1.67219 1.68567 1.69763 1.70829 1.71706 1.72236 1.72870 1.73434 1.73846 1.74092 1.74210 1.74338 1.74110 1.73650 1.73040 1.72254 1.71287 1.70161 1.68888 1.67463 1.66124 1.65027 0.00000 0.00000 0.00000 0.00000 0.00000 0.00000 0.00000 0.00000 0.00000 0.00000 0.00000 0.00000
0.00000 1.58626 1.61034 1.63158 1.65422 1.66968 1.68272 1.69418 1.70428 1.71236 1.71701 1.72244 1.72710 1.73009 1.73129 1.73110 1.73082 1.72697 1.72070 1.71286 1.70325 1.69186 1.67904 1.66513 1.65068 1.63920 0.00000 0.00000 0.00000 0.00000 0.00000 0.00000 0.00000 0.00000 0.00000 0.00000 0.00000 0.00000 0.00000
0.00000 1.58548 1.60872 1.62940 1.65136 1.66637 1.67893 1.68979 1.69919 1.70646 1.71029 1.71466 1.71815 1.71984 1.71962 1.71787 1.71588 1.71032 1.70227 1.69263 1.68128 1.66828 1.65426 1.64016 1.62775 0.00000 0.00000 0.00000 0.00000 0.00000 0.00000 0.00000 0.00000 0.00000 0.00000 0.00000 0.00000 0.00000 0.00000
0.00000 1.58396 1.60640 1.62641 1.64762 1.66211 1.67410 1.68423 1.69280 1.69907 1.70192 1.70505 1.70720 1.70741 1.70558 1.70214 1.69831 1.69092 1.68101 1.66959 1.65659 1.64239 1.62822 1.61625 0.00000 0.00000 0.00000 0.00000 0.00000 0.00000 0.00000 0.00000 0.00000 0.00000 0.00000 0.00000 0.00000 0.00000 0.00000
0.00000 1.58158 1.60321 1.62247 1.64288 1.65674 1.66802 1.67729 1.68485 1.68995 1.69160 1.69333 1.69394 1.69249 1.68891 1.68363 1.67785 1.66857 1.65682 1.64373 1.62952 1.61520 1.60327 0.00000 0.00000 0.00000 0.00000 0.00000 0.00000 0.00000 0.00000 0.00000 0.00000 0.00000 0.00000 0.00000 0.00000 0.00000 0.00000
0.00000 1.57822 1.59903 1.61741 1.63696 1.65002 1.66047 1.66867 1.67504 1.67878 1.67903 1.67916 1.67805 1.67478 1.66931 1.66208 1.65431 1.64315 1.62970 1.61538 1.60109 1.58915 0.00000 0.00000 0.00000 0.00000 0.00000 0.00000 0.00000 0.00000 0.00000 0.00000 0.00000 0.00000 0.00000 0.00000 0.00000 0.00000 0.00000
0.00000 1.57371 1.59369 1.61109 1.62961 1.64172 1.65114 1.65809 1.66304 1.66521 1.66387 1.66223 1.65922 1.65400 1.64654 1.63731 1.62756 1.61466 1.59998 1.58562 1.57385 0.00000 0.00000 0.00000 0.00000 0.00000 0.00000 0.00000 0.00000 0.00000 0.00000 0.00000 0.00000 0.00000 0.00000 0.00000 0.00000 0.00000 0.00000
0.00000 1.56794 1.58697 1.60318 1.62055 1.63148 1.63967 1.64515 1.64849 1.64889 1.64576 1.64219 1.63715 1.62988 1.62037 1.60916 1.59761 1.58345 1.56880 1.55711 0.00000 0.00000 0.00000 0.00000 0.00000 0.00000 0.00000 0.00000 0.00000 0.00000 0.00000 0.00000 0.00000 0.00000 0.00000 0.00000 0.00000 0.00000 0.00000
0.00000 1.56068 1.57857 1.59344 1.60942 1.61895 1.62568 1.62948 1.63101 1.62946 1.62437 1.61875 1.61158 1.60221 1.59068 1.57768 1.56484 1.55073 1.53892 0.00000 0.00000 0.00000 0.00000 0.00000 0.00000 0.00000 0.00000 0.00000 0.00000 0.00000 0.00000 0.00000 0.00000 0.00000 0.00000 0.00000 0.00000 0.00000 0.00000
0.00000 1.55148 1.56814 1.58143 1.59582 1.60371 1.60878 1.61069 1.61023 1.60657 1.59940 1.59163 1.58229 1.57087 1.55752 1.54325 1.53048 1.51936 0.00000 0.00000 0.00000 0.00000 0.00000 0.00000 0.00000 0.00000 0.00000 0.00000 0.00000 0.00000 0.00000 0.00000 0.00000 0.00000 0.00000 0.00000 0.00000 0.00000 0.00000
0.00000 1.54019 1.55528 1.56678 1.57933 1.58538 1.58857 1.58841 1.58581 1.57993 1.57060 1.56065 1.54919 1.53592 1.52132 1.50720 1.49757 0.00000 0.00000 0.00000 0.00000 0.00000 0.00000 0.00000 0.00000 0.00000 0.00000 0.00000 0.00000 0.00000 0.00000 0.00000 0.00000 0.00000 0.00000 0.00000 0.00000 0.00000 0.00000
0.00000 1.52621 1.53958 1.54908 1.55960 1.56358 1.56470 1.56233 1.55746 1.54929 1.53777 1.52571 1.51237 1.49784 1.48345 1.47267 0.00000 0.00000 0.00000 0.00000 0.00000 0.00000 0.00000 0.00000 0.00000 0.00000 0.00000 0.00000 0.00000 0.00000 0.00000 0.00000 0.00000 0.00000 0.00000 0.00000 0.00000 0.00000 0.00000
0.00000 1.50929 1.52064 1.52797 1.53621 1.53796 1.53686 1.53218 1.52498 1.51451 1.50089 1.48696 1.47235 1.45809 1.44723 0.00000 0.00000 0.00000 0.00000 0.00000 0.00000 0.00000 0.00000 0.00000 0.00000 0.00000 0.00000 0.00000 0.00000 0.00000 0.00000 0.00000 0.00000 0.00000 0.00000 0.00000 0.00000 0.00000 0.00000
0.00000 1.48896 1.49809 1.50309 1.50888 1.50828 1.50484 1.49779 1.48827 1.47558 1.46012 1.44495 1.43067 1.42012 0.00000 0.00000 0.00000 0.00000 0.00000 0.00000 0.00000 0.00000 0.00000 0.00000 0.00000 0.00000 0.00000 0.00000 0.00000 0.00000 0.00000 0.00000 0.00000 0.00000 0.00000 0.00000 0.00000 0.00000 0.00000
0.00000 1.46489 1.47161 1.47416 1.47738 1.47433 1.46850 1.45909 1.44735 1.43272 1.41608 1.40131 1.39091 0.00000 0.00000 0.00000 0.00000 0.00000 0.00000 0.00000 0.00000 0.00000 0.00000 0.00000 0.00000 0.00000 0.00000 0.00000 0.00000 0.00000 0.00000 0.00000 0.00000 0.00000 0.00000 0.00000 0.00000 0.00000 0.00000
0.00000 1.43682 1.44096 1.44100 1.44155 1.43603 1.42782 1.41616 1.40248 1.38660 1.37047 1.35976 0.00000 0.00000 0.00000 0.00000 0.00000 0.00000 0.00000 0.00000 0.00000 0.00000 0.00000 0.00000 0.00000 0.00000 0.00000 0.00000 0.00000 0.00000 0.00000 0.00000 0.00000 0.00000 0.00000 0.00000 0.00000 0.00000 0.00000
0.00000 1.40452 1.40600 1.40349 1.40136 1.39339 1.38292 1.36931 1.35440 1.33899 1.32716 0.00000 0.00000 0.00000 0.00000 0.00000 0.00000 0.00000 0.00000 0.00000 0.00000 0.00000 0.00000 0.00000 0.00000 0.00000 0.00000 0.00000 0.00000 0.00000 0.00000 0.00000 0.00000 0.00000 0.00000 0.00000 0.00000 0.00000 0.00000
0.00000 1.36792 1.36668 1.36164 1.35686 1.34661 1.33417 1.31933 1.30495 1.29389 0.00000 0.00000 0.00000 0.00000 0.00000 0.00000 0.00000 0.00000 0.00000 0.00000 0.00000 0.00000 0.00000 0.00000 0.00000 0.00000 0.00000 0.00000 0.00000 0.00000 0.00000 0.00000 0.00000 0.00000 0.00000 0.00000 0.00000 0.00000 0.00000
0.00000 1.32705 1.32308 1.31557 1.30830 1.29607 1.28240 1.26811 1.25822 0.00000 0.00000 0.00000 0.00000 0.00000 0.00000 0.00000 0.00000 0.00000 0.00000 0.00000 0.00000 0.00000 0.00000 0.00000 0.00000 0.00000 0.00000 0.00000 0.00000 0.00000 0.00000 0.00000 0.00000 0.00000 0.00000 0.00000 0.00000 0.00000 0.00000
0.00000 1.28197 1.27534 1.26556 1.25613 1.24267 1.22958 1.21987 0.00000 0.00000 0.00000 0.00000 0.00000 0.00000 0.00000 0.00000 0.00000 0.00000 0.00000 0.00000 0.00000 0.00000 0.00000 0.00000 0.00000 0.00000 0.00000 0.00000 0.00000 0.00000 0.00000 0.00000 0.00000 0.00000 0.00000 0.00000 0.00000 0.00000 0.00000
0.00000 1.23294 1.22383 1.21208 1.20126 1.18841 1.17999 0.00000 0.00000 0.00000 0.00000 0.00000 0.00000 0.00000 0.00000 0.00000 0.00000 0.00000 0.00000 0.00000 0.00000 0.00000 0.00000 0.00000 0.00000 0.00000 0.00000 0.00000 0.00000 0.00000 0.00000 0.00000 0.00000 0.00000 0.00000 0.00000 0.00000 0.00000 0.00000
0.00000 1.18036 1.16908 1.15611 1.14574 1.13762 0.00000 0.00000 0.00000 0.00000 0.00000 0.00000 0.00000 0.00000 0.00000 0.00000 0.00000 0.00000 0.00000 0.00000 0.00000 0.00000 0.00000 0.00000 0.00000 0.00000 0.00000 0.00000 0.00000 0.00000 0.00000 0.00000 0.00000 0.00000 0.00000 0.00000 0.00000 0.00000 0.00000
0.00000 1.12474 1.11207 1.09973 1.09396 0.00000 0.00000 0.00000 0.00000 0.00000 0.00000 0.00000 0.00000 0.00000 0.00000 0.00000 0.00000 0.00000 0.00000 0.00000 0.00000 0.00000 0.00000 0.00000 0.00000 0.00000 0.00000 0.00000 0.00000 0.00000 0.00000 0.00000 0.00000 0.00000 0.00000 0.00000 0.00000 0.00000 0.00000
0.00000 1.06714 1.05491 1.04727 0.00000 0.00000 0.00000 0.00000 0.00000 0.00000 0.00000 0.00000 0.00000 0.00000 0.00000 0.00000 0.00000 0.00000 0.00000 0.00000 0.00000 0.00000 0.00000 0.00000 0.00000 0.00000 0.00000 0.00000 0.00000 0.00000 0.00000 0.00000 0.00000 0.00000 0.00000 0.00000 0.00000 0.00000 0.00000
0.00000 1.00961 1.00192 0.00000 0.00000 0.00000 0.00000 0.00000 0.00000 0.00000 0.00000 0.00000 0.00000 0.00000 0.00000 0.00000 0.00000 0.00000 0.00000 0.00000 0.00000 0.00000 0.00000 0.00000 0.00000 0.00000 0.00000 0.00000 0.00000 0.00000 0.00000 0.00000 0.00000 0.00000 0.00000 0.00000 0.00000 0.00000 0.00000
0.00000 0.95648 0.00000 0.00000 0.00000 0.00000 0.00000 0.00000 0.00000 0.00000 0.00000 0.00000 0.00000 0.00000 0.00000 0.00000 0.00000 0.00000 0.00000 0.00000 0.00000 0.00000 0.00000 0.00000 0.00000 0.00000 0.00000 0.00000 0.00000 0.00000 0.00000 0.00000 0.00000 0.00000 0.00000 0.00000 0.00000 0.00000 0.00000
0.00000 0.00000 0.00000 0.00000 0.00000 0.00000 0.00000 0.00000 0.00000 0.00000 0.00000 0.00000 0.00000 0.00000 0.00000 0.00000 0.00000 0.00000 0.00000 0.00000 0.00000 0.00000 0.00000 0.00000 0.00000 0.00000 0.00000 0.00000 0.00000 0.00000 0.00000 0.00000 0.00000 0.00000 0.00000 0.00000 0.00000 0.00000 0.00000
