0.00000 1.74163 1.75166 1.76564 1.77335 1.77985 1.78473 1.78751 1.78761 1.78526 1.78143 1.77485 1.76591 1.75489 1.74145 1.72673 1.70963 1.69066 1.67081 1.65084 1.63120 1.65256 1.67930 1.71233 1.75507 1.81184 1.88741 1.99315 2.14578 2.37948 2.76423 3.45830 4.84846 8.02359
0.00000 1.73575 1.74012 1.75319 1.76048 1.76630 1.77002 1.77126 1.76949 1.76502 1.75880 1.74954 1.73774 1.72373 1.70721 1.68941 1.66928 1.64737 1.62474 1.60222 1.62170 1.64266 1.66966 1.70326 1.74785 1.80730 1.88648 1.99806 2.15920 2.40603 2.81267 3.54510 5.00441 0.00000
0.00000 1.71933 1.72466 1.73841 1.74540 1.75026 1.75248 1.75186 1.74784 1.74095 1.73200 1.71977 1.70490 1.68774 1.66806 1.64714 1.62408 1.59937 1.57418 1.59138 1.61044 1.63132 1.65868 1.69380 1.74073 1.80343 1.88775 2.00689 2.17914 2.44374 2.87885 3.65476 0.00000 0.00000
0.00000 1.70550 1.71112 1.72414 1.72977 1.73288 1.73300 1.72998 1.72314 1.71346 1.70138 1.68586 1.66768 1.64725 1.62436 1.60032 1.57450 1.54720 1.56243 1.57908 1.59806 1.61893 1.64763 1.68471 1.73458 1.80209 1.89326 2.02260 2.21046 2.49880 2.96550 0.00000 0.00000 0.00000
0.00000 1.69243 1.69724 1.70819 1.71170 1.71255 1.71010 1.70418 1.69410 1.68134 1.66587 1.64685 1.62525 1.60156 1.57554 1.54855 1.52021 1.53420 1.54870 1.56514 1.58409 1.60597 1.63644 1.67597 1.73047 1.80447 1.90512 2.04910 2.25810 2.57188 0.00000 0.00000 0.00000 0.00000
0.00000 1.67739 1.68051 1.68866 1.68964 1.68783 1.68240 1.67320 1.65965 1.64357 1.62459 1.60197 1.57697 1.55018 1.52126 1.49165 1.50560 1.51875 1.53283 1.54905 1.56898 1.59234 1.62507 1.66868 1.72967 1.81281 1.92741 2.09138 2.32239 0.00000 0.00000 0.00000 0.00000 0.00000
0.00000 1.65844 1.65943 1.66445 1.66255 1.65763 1.64893 1.63620 1.61908 1.59951 1.57699 1.55087 1.52262 1.49301 1.46152 1.47515 1.48819 1.50083 1.51440 1.53146 1.55273 1.57808 1.61476 1.66422 1.73453 1.83146 1.96545 2.14970 0.00000 0.00000 0.00000 0.00000 0.00000 0.00000
0.00000 1.63473 1.63335 1.63489 1.62974 1.62122 1.60904 1.59263 1.57191 1.54882 1.52289 1.49352 1.46228 1.43026 1.44299 1.45563 1.46807 1.48013 1.49420 1.51243 1.53547 1.56454 1.60700 1.66523 1.74976 1.86612 2.01941 0.00000 0.00000 0.00000 0.00000 0.00000 0.00000 0.00000
0.00000 1.60591 1.60168 1.59932 1.59054 1.57810 1.56230 1.54216 1.51791 1.49144 1.46236 1.43014 1.39632 1.40971 1.42129 1.43323 1.44494 1.45750 1.47234 1.49213 1.51869 1.55334 1.60454 1.67672 1.78138 1.91687 0.00000 0.00000 0.00000 0.00000 0.00000 0.00000 0.00000 0.00000
0.00000 1.57117 1.56367 1.55706 1.54446 1.52803 1.50848 1.48471 1.45710 1.42755 1.39572 1.36112 1.37356 1.38583 1.39657 1.40762 1.41975 1.43309 1.44900 1.47216 1.50411 1.54740 1.61277 1.70521 1.82947 0.00000 0.00000 0.00000 0.00000 0.00000 0.00000 0.00000 0.00000 0.00000
0.00000 1.52972 1.51862 1.50770 1.49124 1.47092 1.44760 1.42045 1.38981 1.35758 1.32352 1.33640 1.34737 1.35884 1.36853 1.37989 1.39269 1.40703 1.42581 1.45424 1.49478 1.55242 1.63868 1.75076 0.00000 0.00000 0.00000 0.00000 0.00000 0.00000 0.00000 0.00000 0.00000 0.00000
0.00000 1.48100 1.46627 1.45118 1.43098 1.40694 1.38003 1.34985 1.31664 1.28224 1.29684 1.30823 1.31806 1.32847 1.33840 1.35029 1.36388 1.38103 1.40451 1.44148 1.49671 1.57592 1.68234 0.00000 0.00000 0.00000 0.00000 0.00000 0.00000 0.00000 0.00000 0.00000 0.00000 0.00000
0.00000 1.42508 1.40674 1.38764 1.36392 1.33648 1.30639 1.27365 1.23844 1.25353 1.26670 1.27699 1.28526 1.29607 1.30641 1.31888 1.33514 1.35689 1.38827 1.44021 1.51801 1.61784 0.00000 0.00000 0.00000 0.00000 0.00000 0.00000 0.00000 0.00000 0.00000 0.00000 0.00000 0.00000
0.00000 1.36212 1.34038 1.31744 1.29064 1.26022 1.22752 1.19283 1.20800 1.22146 1.23354 1.24233 1.25046 1.26190 1.27257 1.28754 1.30819 1.33775 1.38383 1.45913 1.55850 0.00000 0.00000 0.00000 0.00000 0.00000 0.00000 0.00000 0.00000 0.00000 0.00000 0.00000 0.00000 0.00000
0.00000 1.29257 1.26771 1.24132 1.21194 1.17911 1.14449 1.16094 1.17432 1.18655 1.19695 1.20597 1.21393 1.22591 1.23885 1.25797 1.28625 1.33068 1.40059 1.49780 0.00000 0.00000 0.00000 0.00000 0.00000 0.00000 0.00000 0.00000 0.00000 0.00000 0.00000 0.00000 0.00000 0.00000
0.00000 1.21707 1.18963 1.16032 1.12892 1.09435 1.11145 1.12598 1.13800 1.14833 1.15889 1.16829 1.17558 1.19022 1.20693 1.23333 1.27679 1.34587 1.43746 0.00000 0.00000 0.00000 0.00000 0.00000 0.00000 0.00000 0.00000 0.00000 0.00000 0.00000 0.00000 0.00000 0.00000 0.00000
0.00000 1.13670 1.10721 1.07568 1.04289 1.06066 1.07554 1.08863 1.09838 1.10909 1.11986 1.12907 1.13758 1.15642 1.17982 1.22153 1.29097 1.38135 0.00000 0.00000 0.00000 0.00000 0.00000 0.00000 0.00000 0.00000 0.00000 0.00000 0.00000 0.00000 0.00000 0.00000 0.00000 0.00000
0.00000 1.05274 1.02171 0.98872 1.00907 1.02446 1.03751 1.04793 1.05816 1.06934 1.07953 1.09085 1.10113 1.12725 1.16585 1.23502 1.32513 0.00000 0.00000 0.00000 0.00000 0.00000 0.00000 0.00000 0.00000 0.00000 0.00000 0.00000 0.00000 0.00000 0.00000 0.00000 0.00000 0.00000
0.00000 0.96660 0.93458 0.95446 0.97322 0.98677 0.99570 1.00717 1.01799 1.02818 1.04103 1.05497 1.06758 1.11165 1.17981 1.26694 0.00000 0.00000 0.00000 0.00000 0.00000 0.00000 0.00000 0.00000 0.00000 0.00000 0.00000 0.00000 0.00000 0.00000 0.00000 0.00000 0.00000 0.00000
0.00000 0.87981 0.90102 0.91796 0.93738 0.94463 0.95389 0.96767 0.97591 0.98907 1.00616 1.02208 1.04337 1.13149 1.20758 0.00000 0.00000 0.00000 0.00000 0.00000 0.00000 0.00000 0.00000 0.00000 0.00000 0.00000 0.00000 0.00000 0.00000 0.00000 0.00000 0.00000 0.00000 0.00000
0.00000 0.00000 0.00000 0.00000 0.00000 0.00000 0.00000 0.00000 0.00000 0.00000 0.00000 0.00000 0.00000 0.00000 0.00000 0.00000 0.00000 0.00000 0.00000 0.00000 0.00000 0.00000 0.00000 0.00000 0.00000 0.00000 0.00000 0.00000 0.00000 0.00000 0.00000 0.00000 0.00000 0.00000
0.00000 0.00000 0.00000 0.00000 0.00000 0.00000 0.00000 0.00000 0.00000 0.00000 0.00000 0.00000 0.00000 0.00000 0.00000 0.00000 0.00000 0.00000 0.00000 0.00000 0.00000 0.00000 0.00000 0.00000 0.00000 0.00000 0.00000 0.00000 0.00000 0.00000 0.00000 0.00000 0.00000 0.00000
0.00000 0.00000 0.00000 0.00000 0.00000 0.00000 0.00000 0.00000 0.00000 0.00000 0.00000 0.00000 0.00000 0.00000 0.00000 0.00000 0.00000 0.00000 0.00000 0.00000 0.00000 0.00000 0.00000 0.00000 0.00000 0.00000 0.00000 0.00000 0.00000 0.00000 0.00000 0.00000 0.00000 0.00000
0.00000 0.00000 0.00000 0.00000 0.00000 0.00000 0.00000 0.00000 0.00000 0.00000 0.00000 0.00000 0.00000 0.00000 0.00000 0.00000 0.00000 0.00000 0.00000 0.00000 0.00000 0.00000 0.00000 0.00000 0.00000 0.00000 0.00000 0.00000 0.00000 0.00000 0.00000 0.00000 0.00000 0.00000
0.00000 0.00000 0.00000 0.00000 0.00000 0.00000 0.00000 0.00000 0.00000 0.00000 0.00000 0.00000 0.00000 0.00000 0.00000 0.00000 0.00000 0.00000 0.00000 0.00000 0.00000 0.00000 0.00000 0.00000 0.00000 0.00000 0.00000 0.00000 0.00000 0.00000 0.00000 0.00000 0.00000 0.00000
0.00000 0.00000 0.00000 0.00000 0.00000 0.00000 0.00000 0.00000 0.00000 0.00000 0.00000 0.00000 0.00000 0.00000 0.00000 0.00000 0.00000 0.00000 0.00000 0.00000 0.00000 0.00000 0.00000 0.00000 0.00000 0.00000 0.00000 0.00000 0.00000 0.00000 0.00000 0.00000 0.00000 0.00000
0.00000 0.00000 0.00000 0.00000 0.00000 0.00000 0.00000 0.00000 0.00000 0.00000 0.00000 0.00000 0.00000 0.00000 0.00000 0.00000 0.00000 0.00000 0.00000 0.00000 0.00000 0.00000 0.00000 0.00000 0.00000 0.00000 0.00000 0.00000 0.00000 0.00000 0.00000 0.00000 0.00000 0.00000
0.00000 0.00000 0.00000 0.00000 0.00000 0.00000 0.00000 0.00000 0.00000 0.00000 0.00000 0.00000 0.00000 0.00000 0.00000 0.00000 0.00000 0.00000 0.00000 0.00000 0.00000 0.00000 0.00000 0.00000 0.00000 0.00000 0.00000 0.00000 0.00000 0.00000 0.00000 0.00000 0.00000 0.00000
0.00000 0.00000 0.00000 0.00000 0.00000 0.00000 0.00000 0.00000 0.00000 0.00000 0.00000 0.00000 0.00000 0.00000 0.00000 0.00000 0.00000 0.00000 0.00000 0.00000 0.00000 0.00000 0.00000 0.00000 0.00000 0.00000 0.00000 0.00000 0.00000 0.00000 0.00000 0.00000 0.00000 0.00000
0.00000 0.00000 0.00000 0.00000 0.00000 0.00000 0.00000 0.00000 0.00000 0.00000 0.00000 0.00000 0.00000 0.00000 0.00000 0.00000 0.00000 0.00000 0.00000 0.00000 0.00000 0.00000 0.00000 0.00000 0.00000 0.00000 0.00000 0.00000 0.00000 0.00000 0.00000 0.00000 0.00000 0.00000
0.00000 0.00000 0.00000 0.00000 0.00000 0.00000 0.00000 0.00000 0.00000 0.00000 0.00000 0.00000 0.00000 0.00000 0.00000 0.00000 0.00000 0.00000 0.00000 0.00000 0.00000 0.00000 0.00000 0.00000 0.00000 0.00000 0.00000 0.00000 0.00000 0.00000 0.00000 0.00000 0.00000 0.00000
0.00000 0.00000 0.00000 0.00000 0.00000 0.00000 0.00000 0.00000 0.00000 0.00000 0.00000 0.00000 0.00000 0.00000 0.00000 0.00000 0.00000 0.00000 0.00000 0.00000 0.00000 0.00000 0.00000 0.00000 0.00000 0.00000 0.00000 0.00000 0.00000 0.00000 0.00000 0.00000 0.00000 0.00000
0.00000 0.00000 0.00000 0.00000 0.00000 0.00000 0.00000 0.00000 0.00000 0.00000 0.00000 0.00000 0.00000 0.00000 0.00000 0.00000 0.00000 0.00000 0.00000 0.00000 0.00000 0.00000 0.00000 0.00000 0.00000 0.00000 0.00000 0.00000 0.00000 0.00000 0.00000 0.00000 0.00000 0.00000
0.00000 0.00000 0.00000 0.00000 0.00000 0.00000 0.00000 0.00000 0.00000 0.00000 0.00000 0.00000 0.00000 0.00000 0.00000 0.00000 0.00000 0.00000 0.00000 0.00000 0.00000 0.00000 0.00000 0.00000 0.00000 0.00000 0.00000 0.00000 0.00000 0.00000 0.00000 0.00000 0.00000 0.00000
