0.00000 0.97701 0.98431 0.97708 0.96416 0.94806 0.92980 0.90983 0.88834 0.86547 0.84139 0.81630 0.79042 0.76400 0.73728 0.71053 0.68398 0.65785 0.63234 0.60760 0.58376 0.56092 0.53913 0.51844 0.49885 0.48035 0.46291 0.44650 0.43107 0.41655 0.40291 0.39007 0.37799 0.36661 0.35588 0.34575 0.33617 0.32711 0.31853 0.31857 0.31863 0.31871 0.31885 0.31905 0.31936 0.31983 0.32052 0.32155 0.32305 0.32526 0.32846 0.33310 0.33980 0.34946 0.36337 0.38353 0.41289 0.45634 0.52262 0.62873 0.80773 1.12845 1.78432
0.00000 0.99160 0.97711 0.95988 0.94082 0.92036 0.89863 0.87567 0.85153 0.82632 0.80023 0.77346 0.74625 0.71884 0.69150 0.66444 0.63791 0.61207 0.58708 0.56307 0.54011 0.51828 0.49760 0.47806 0.45965 0.44235 0.42610 0.41084 0.39654 0.38311 0.37051 0.35867 0.34753 0.33705 0.32717 0.31785 0.30904 0.30071 0.30073 0.30076 0.30081 0.30089 0.30101 0.30119 0.30148 0.30190 0.30255 0.30351 0.30493 0.30702 0.31007 0.31451 0.32095 0.33029 0.34380 0.36349 0.39232 0.43526 0.50119 0.60759 0.78847 1.11457 0.00000
0.00000 0.96263 0.94401 0.92389 0.90255 0.88004 0.85635 0.83152 0.80566 0.77897 0.75164 0.72394 0.69611 0.66842 0.64108 0.61433 0.58835 0.56328 0.53926 0.51635 0.49462 0.47407 0.45472 0.43652 0.41946 0.40348 0.38851 0.37450 0.36138 0.34909 0.33757 0.32676 0.31659 0.30703 0.29802 0.28953 0.28150 0.28151 0.28152 0.28155 0.28159 0.28166 0.28176 0.28193 0.28218 0.28256 0.28315 0.28403 0.28535 0.28730 0.29018 0.29442 0.30062 0.30969 0.32292 0.34232 0.37088 0.41363 0.47964 0.58688 0.77031 0.00000 0.00000
0.00000 0.92541 0.90452 0.88252 0.85939 0.83509 0.80967 0.78324 0.75601 0.72820 0.70007 0.67189 0.64390 0.61635 0.58946 0.56339 0.53832 0.51435 0.49156 0.46998 0.44964 0.43053 0.41261 0.39585 0.38018 0.36554 0.35188 0.33911 0.32718 0.31602 0.30556 0.29575 0.28654 0.27788 0.26972 0.26203 0.26203 0.26204 0.26205 0.26207 0.26211 0.26216 0.26225 0.26239 0.26261 0.26296 0.26348 0.26429 0.26551 0.26735 0.27011 0.27423 0.28036 0.28943 0.30279 0.32252 0.35162 0.39513 0.46229 0.57153 0.00000 0.00000 0.00000
0.00000 0.88363 0.86108 0.83738 0.81251 0.78652 0.75955 0.73181 0.70355 0.67503 0.64653 0.61831 0.59060 0.56361 0.53754 0.51252 0.48866 0.46604 0.44468 0.42460 0.40579 0.38819 0.37177 0.35647 0.34222 0.32894 0.31656 0.30502 0.29425 0.28418 0.27476 0.26593 0.25764 0.24985 0.24251 0.24251 0.24252 0.24252 0.24253 0.24255 0.24258 0.24262 0.24270 0.24282 0.24301 0.24332 0.24380 0.24455 0.24571 0.24750 0.25024 0.25443 0.26078 0.27033 0.28453 0.30552 0.33630 0.38185 0.45149 0.00000 0.00000 0.00000 0.00000
0.00000 0.83852 0.81425 0.78880 0.76224 0.73473 0.70650 0.67782 0.64896 0.62019 0.59177 0.56395 0.53695 0.51092 0.48602 0.46233 0.43994 0.41886 0.39910 0.38064 0.36342 0.34740 0.33251 0.31868 0.30582 0.29388 0.28277 0.27242 0.26278 0.25377 0.24534 0.23745 0.23004 0.22308 0.22308 0.22308 0.22309 0.22309 0.22310 0.22311 0.22314 0.22317 0.22324 0.22334 0.22352 0.22380 0.22425 0.22497 0.22612 0.22794 0.23082 0.23534 0.24232 0.25297 0.26886 0.29216 0.32580 0.37457 0.00000 0.00000 0.00000 0.00000 0.00000
0.00000 0.78999 0.76394 0.73681 0.70878 0.68010 0.65104 0.62188 0.59289 0.56436 0.53650 0.50953 0.48362 0.45890 0.43547 0.41337 0.39263 0.37325 0.35520 0.33842 0.32284 0.30841 0.29505 0.28266 0.27119 0.26054 0.25065 0.24145 0.23288 0.22489 0.21742 0.21042 0.20385 0.20385 0.20385 0.20385 0.20385 0.20386 0.20386 0.20387 0.20389 0.20393 0.20398 0.20408 0.20424 0.20450 0.20494 0.20567 0.20688 0.20887 0.21210 0.21728 0.22542 0.23787 0.25631 0.28288 0.32026 0.00000 0.00000 0.00000 0.00000 0.00000 0.00000
0.00000 0.73789 0.71021 0.68171 0.65263 0.62325 0.59386 0.56474 0.53615 0.50833 0.48148 0.45577 0.43131 0.40820 0.38647 0.36614 0.34721 0.32962 0.31333 0.29826 0.28434 0.27148 0.25960 0.24863 0.23848 0.22908 0.22035 0.21225 0.20471 0.19767 0.19110 0.18494 0.18494 0.18494 0.18494 0.18494 0.18494 0.18495 0.18495 0.18496 0.18498 0.18501 0.18506 0.18515 0.18530 0.18556 0.18602 0.18682 0.18819 0.19051 0.19437 0.20066 0.21054 0.22552 0.24729 0.27779 0.00000 0.00000 0.00000 0.00000 0.00000 0.00000 0.00000
0.00000 0.68254 0.65361 0.62420 0.59458 0.56505 0.53588 0.50733 0.47963 0.45299 0.42755 0.40344 0.38072 0.35944 0.33959 0.32116 0.30411 0.28835 0.27384 0.26046 0.24816 0.23683 0.22639 0.21677 0.20788 0.19965 0.19203 0.18496 0.17838 0.17224 0.16651 0.16651 0.16651 0.16651 0.16651 0.16651 0.16651 0.16652 0.16652 0.16653 0.16654 0.16657 0.16662 0.16670 0.16686 0.16715 0.16767 0.16861 0.17028 0.17318 0.17805 0.18596 0.19823 0.21641 0.24205 0.00000 0.00000 0.00000 0.00000 0.00000 0.00000 0.00000 0.00000
0.00000 0.62469 0.59503 0.56526 0.53567 0.50654 0.47812 0.45064 0.42429 0.39922 0.37553 0.35328 0.33251 0.31321 0.29535 0.27888 0.26372 0.24979 0.23702 0.22530 0.21454 0.20467 0.19559 0.18724 0.17953 0.17242 0.16582 0.15971 0.15402 0.14872 0.14872 0.14872 0.14872 0.14872 0.14872 0.14872 0.14872 0.14872 0.14872 0.14873 0.14875 0.14877 0.14882 0.14891 0.14909 0.14943 0.15009 0.15130 0.15348 0.15728 0.16363 0.17373 0.18899 0.21085 0.00000 0.00000 0.00000 0.00000 0.00000 0.00000 0.00000 0.00000 0.00000
0.00000 0.56538 0.53554 0.50600 0.47700 0.44881 0.42163 0.39566 0.37103 0.34784 0.32614 0.30595 0.28726 0.27002 0.25418 0.23965 0.22636 0.21421 0.20311 0.19296 0.18367 0.17516 0.16736 0.16018 0.15357 0.14747 0.14182 0.13659 0.13172 0.13172 0.13172 0.13172 0.13172 0.13172 0.13172 0.13172 0.13172 0.13172 0.13172 0.13173 0.13174 0.13177 0.13183 0.13194 0.13217 0.13262 0.13350 0.13516 0.13814 0.14326 0.15160 0.16446 0.18316 0.00000 0.00000 0.00000 0.00000 0.00000 0.00000 0.00000 0.00000 0.00000 0.00000
0.00000 0.50573 0.47631 0.44755 0.41967 0.39289 0.36738 0.34327 0.32065 0.29956 0.28001 0.26197 0.24541 0.23024 0.21639 0.20376 0.19226 0.18180 0.17226 0.16358 0.15565 0.14840 0.14176 0.13567 0.13006 0.12488 0.12009 0.11566 0.11566 0.11566 0.11566 0.11566 0.11566 0.11566 0.11566 0.11566 0.11566 0.11566 0.11566 0.11567 0.11569 0.11572 0.11579 0.11594 0.11626 0.11691 0.11817 0.12052 0.12467 0.13158 0.14243 0.15847 0.00000 0.00000 0.00000 0.00000 0.00000 0.00000 0.00000 0.00000 0.00000 0.00000 0.00000
0.00000 0.44691 0.41845 0.39098 0.36468 0.33971 0.31619 0.29420 0.27378 0.25493 0.23760 0.22174 0.20728 0.19413 0.18219 0.17137 0.16155 0.15265 0.14457 0.13722 0.13053 0.12443 0.11885 0.11372 0.10901 0.10467 0.10065 0.10065 0.10065 0.10065 0.10065 0.10065 0.10065 0.10065 0.10065 0.10065 0.10065 0.10066 0.10066 0.10067 0.10069 0.10074 0.10084 0.10107 0.10155 0.10252 0.10437 0.10773 0.11346 0.12263 0.13638 0.00000 0.00000 0.00000 0.00000 0.00000 0.00000 0.00000 0.00000 0.00000 0.00000 0.00000 0.00000
0.00000 0.39002 0.36302 0.33727 0.31291 0.29005 0.26875 0.24905 0.23092 0.21434 0.19922 0.18550 0.17307 0.16183 0.15169 0.14253 0.13426 0.12678 0.12002 0.11388 0.10830 0.10322 0.09858 0.09432 0.09041 0.08680 0.08680 0.08680 0.08680 0.08680 0.08680 0.08680 0.08680 0.08680 0.08680 0.08680 0.08680 0.08681 0.08681 0.08682 0.08686 0.08693 0.08709 0.08745 0.08819 0.08965 0.09237 0.09712 0.10486 0.11665 0.00000 0.00000 0.00000 0.00000 0.00000 0.00000 0.00000 0.00000 0.00000 0.00000 0.00000 0.00000 0.00000
0.00000 0.33603 0.31090 0.28721 0.26507 0.24451 0.22555 0.20819 0.19237 0.17802 0.16505 0.15335 0.14282 0.13335 0.12485 0.11721 0.11033 0.10414 0.09854 0.09348 0.08888 0.08470 0.08088 0.07738 0.07417 0.07417 0.07417 0.07417 0.07417 0.07417 0.07417 0.07417 0.07417 0.07417 0.07417 0.07417 0.07417 0.07417 0.07418 0.07420 0.07425 0.07437 0.07464 0.07520 0.07635 0.07855 0.08245 0.08897 0.09905 0.00000 0.00000 0.00000 0.00000 0.00000 0.00000 0.00000 0.00000 0.00000 0.00000 0.00000 0.00000 0.00000 0.00000
0.00000 0.28578 0.26280 0.24141 0.22163 0.20347 0.18689 0.17185 0.15827 0.14605 0.13508 0.12525 0.11646 0.10861 0.10158 0.09528 0.08964 0.08457 0.08000 0.07587 0.07213 0.06873 0.06563 0.06278 0.06278 0.06278 0.06278 0.06278 0.06278 0.06278 0.06278 0.06278 0.06278 0.06278 0.06278 0.06278 0.06279 0.06279 0.06281 0.06284 0.06293 0.06312 0.06355 0.06445 0.06620 0.06941 0.07484 0.08342 0.00000 0.00000 0.00000 0.00000 0.00000 0.00000 0.00000 0.00000 0.00000 0.00000 0.00000 0.00000 0.00000 0.00000 0.00000
0.00000 0.23984 0.21923 0.20025 0.18289 0.16712 0.15287 0.14005 0.12858 0.11833 0.10920 0.10107 0.09384 0.08741 0.08168 0.07657 0.07200 0.06790 0.06421 0.06089 0.05788 0.05514 0.05265 0.05265 0.05265 0.05265 0.05265 0.05265 0.05265 0.05265 0.05265 0.05265 0.05265 0.05265 0.05265 0.05265 0.05265 0.05266 0.05269 0.05275 0.05290 0.05322 0.05391 0.05530 0.05789 0.06240 0.06963 0.00000 0.00000 0.00000 0.00000 0.00000 0.00000 0.00000 0.00000 0.00000 0.00000 0.00000 0.00000 0.00000 0.00000 0.00000 0.00000
0.00000 0.19862 0.18046 0.16391 0.14895 0.13548 0.12342 0.11268 0.10314 0.09469 0.08720 0.08057 0.07471 0.06952 0.06491 0.06081 0.05715 0.05388 0.05094 0.04830 0.04590 0.04373 0.04373 0.04373 0.04373 0.04373 0.04373 0.04373 0.04373 0.04373 0.04373 0.04373 0.04373 0.04373 0.04373 0.04374 0.04374 0.04376 0.04381 0.04391 0.04416 0.04469 0.04578 0.04785 0.05154 0.05759 0.00000 0.00000 0.00000 0.00000 0.00000 0.00000 0.00000 0.00000 0.00000 0.00000 0.00000 0.00000 0.00000 0.00000 0.00000 0.00000 0.00000
0.00000 0.16229 0.14656 0.13239 0.11970 0.10839 0.09836 0.08950 0.08169 0.07482 0.06877 0.06344 0.05876 0.05462 0.05097 0.04772 0.04484 0.04226 0.03995 0.03787 0.03599 0.03599 0.03599 0.03599 0.03599 0.03599 0.03599 0.03599 0.03599 0.03599 0.03599 0.03599 0.03599 0.03599 0.03599 0.03599 0.03601 0.03604 0.03612 0.03630 0.03670 0.03755 0.03919 0.04217 0.04716 0.00000 0.00000 0.00000 0.00000 0.00000 0.00000 0.00000 0.00000 0.00000 0.00000 0.00000 0.00000 0.00000 0.00000 0.00000 0.00000 0.00000 0.00000
0.00000 0.13083 0.11744 0.10550 0.09492 0.08558 0.07737 0.07018 0.06388 0.05838 0.05356 0.04935 0.04565 0.04240 0.03954 0.03701 0.03476 0.03275 0.03096 0.02934 0.02934 0.02934 0.02934 0.02934 0.02934 0.02934 0.02934 0.02934 0.02934 0.02934 0.02934 0.02934 0.02934 0.02934 0.02935 0.02935 0.02938 0.02943 0.02957 0.02987 0.03052 0.03181 0.03419 0.03826 0.00000 0.00000 0.00000 0.00000 0.00000 0.00000 0.00000 0.00000 0.00000 0.00000 0.00000 0.00000 0.00000 0.00000 0.00000 0.00000 0.00000 0.00000 0.00000
0.00000 0.10404 0.09284 0.08295 0.07427 0.06668 0.06007 0.05432 0.04932 0.04497 0.04120 0.03791 0.03503 0.03252 0.03031 0.02835 0.02662 0.02508 0.02370 0.02370 0.02370 0.02370 0.02370 0.02370 0.02370 0.02370 0.02370 0.02370 0.02370 0.02370 0.02370 0.02371 0.02371 0.02371 0.02371 0.02373 0.02377 0.02386 0.02409 0.02458 0.02558 0.02747 0.03075 0.00000 0.00000 0.00000 0.00000 0.00000 0.00000 0.00000 0.00000 0.00000 0.00000 0.00000 0.00000 0.00000 0.00000 0.00000 0.00000 0.00000 0.00000 0.00000 0.00000
0.00000 0.08163 0.07240 0.06435 0.05734 0.05128 0.04603 0.04150 0.03759 0.03421 0.03129 0.02876 0.02656 0.02463 0.02295 0.02146 0.02015 0.01898 0.01898 0.01898 0.01898 0.01898 0.01898 0.01898 0.01898 0.01898 0.01898 0.01898 0.01898 0.01898 0.01898 0.01898 0.01898 0.01898 0.01899 0.01902 0.01909 0.01926 0.01963 0.02039 0.02186 0.02448 0.00000 0.00000 0.00000 0.00000 0.00000 0.00000 0.00000 0.00000 0.00000 0.00000 0.00000 0.00000 0.00000 0.00000 0.00000 0.00000 0.00000 0.00000 0.00000 0.00000 0.00000
0.00000 0.06318 0.05571 0.04925 0.04369 0.03891 0.03481 0.03130 0.02829 0.02570 0.02347 0.02155 0.01988 0.01843 0.01716 0.01605 0.01506 0.01506 0.01506 0.01506 0.01506 0.01506 0.01506 0.01506 0.01506 0.01506 0.01506 0.01506 0.01506 0.01506 0.01506 0.01507 0.01507 0.01507 0.01509 0.01514 0.01526 0.01553 0.01611 0.01725 0.01931 0.00000 0.00000 0.00000 0.00000 0.00000 0.00000 0.00000 0.00000 0.00000 0.00000 0.00000 0.00000 0.00000 0.00000 0.00000 0.00000 0.00000 0.00000 0.00000 0.00000 0.00000 0.00000
0.00000 0.04824 0.04229 0.03719 0.03284 0.02914 0.02599 0.02330 0.02102 0.01906 0.01739 0.01595 0.01471 0.01363 0.01268 0.01186 0.01186 0.01186 0.01186 0.01186 0.01186 0.01186 0.01186 0.01186 0.01186 0.01186 0.01185 0.01185 0.01185 0.01186 0.01186 0.01186 0.01186 0.01188 0.01191 0.01199 0.01219 0.01262 0.01349 0.01510 0.00000 0.00000 0.00000 0.00000 0.00000 0.00000 0.00000 0.00000 0.00000 0.00000 0.00000 0.00000 0.00000 0.00000 0.00000 0.00000 0.00000 0.00000 0.00000 0.00000 0.00000 0.00000 0.00000
0.00000 0.03634 0.03167 0.02771 0.02437 0.02154 0.01915 0.01713 0.01542 0.01396 0.01272 0.01166 0.01074 0.00995 0.00926 0.00926 0.00926 0.00926 0.00926 0.00926 0.00926 0.00926 0.00926 0.00926 0.00926 0.00926 0.00926 0.00926 0.00926 0.00926 0.00926 0.00926 0.00927 0.00929 0.00935 0.00949 0.00981 0.01047 0.01171 0.00000 0.00000 0.00000 0.00000 0.00000 0.00000 0.00000 0.00000 0.00000 0.00000 0.00000 0.00000 0.00000 0.00000 0.00000 0.00000 0.00000 0.00000 0.00000 0.00000 0.00000 0.00000 0.00000 0.00000
0.00000 0.02700 0.02340 0.02038 0.01784 0.01571 0.01393 0.01243 0.01116 0.01010 0.00919 0.00841 0.00775 0.00717 0.00717 0.00717 0.00717 0.00717 0.00717 0.00717 0.00717 0.00717 0.00717 0.00717 0.00717 0.00717 0.00717 0.00717 0.00717 0.00717 0.00718 0.00719 0.00720 0.00724 0.00734 0.00757 0.00805 0.00901 0.00000 0.00000 0.00000 0.00000 0.00000 0.00000 0.00000 0.00000 0.00000 0.00000 0.00000 0.00000 0.00000 0.00000 0.00000 0.00000 0.00000 0.00000 0.00000 0.00000 0.00000 0.00000 0.00000 0.00000 0.00000
0.00000 0.01980 0.01706 0.01478 0.01289 0.01131 0.01000 0.00890 0.00798 0.00721 0.00656 0.00600 0.00552 0.00552 0.00552 0.00552 0.00552 0.00552 0.00552 0.00552 0.00552 0.00552 0.00552 0.00552 0.00552 0.00552 0.00552 0.00552 0.00552 0.00552 0.00553 0.00554 0.00557 0.00564 0.00580 0.00616 0.00687 0.00000 0.00000 0.00000 0.00000 0.00000 0.00000 0.00000 0.00000 0.00000 0.00000 0.00000 0.00000 0.00000 0.00000 0.00000 0.00000 0.00000 0.00000 0.00000 0.00000 0.00000 0.00000 0.00000 0.00000 0.00000 0.00000
0.00000 0.01432 0.01227 0.01058 0.00919 0.00804 0.00708 0.00629 0.00564 0.00508 0.00462 0.00422 0.00422 0.00422 0.00422 0.00422 0.00422 0.00422 0.00422 0.00422 0.00422 0.00422 0.00422 0.00422 0.00422 0.00422 0.00422 0.00422 0.00422 0.00422 0.00424 0.00426 0.00431 0.00442 0.00468 0.00521 0.00000 0.00000 0.00000 0.00000 0.00000 0.00000 0.00000 0.00000 0.00000 0.00000 0.00000 0.00000 0.00000 0.00000 0.00000 0.00000 0.00000 0.00000 0.00000 0.00000 0.00000 0.00000 0.00000 0.00000 0.00000 0.00000 0.00000
0.00000 0.01022 0.00871 0.00748 0.00647 0.00564 0.00496 0.00439 0.00393 0.00354 0.00321 0.00321 0.00321 0.00321 0.00321 0.00321 0.00321 0.00321 0.00321 0.00321 0.00321 0.00321 0.00321 0.00321 0.00321 0.00321 0.00321 0.00321 0.00321 0.00321 0.00324 0.00327 0.00335 0.00355 0.00394 0.00000 0.00000 0.00000 0.00000 0.00000 0.00000 0.00000 0.00000 0.00000 0.00000 0.00000 0.00000 0.00000 0.00000 0.00000 0.00000 0.00000 0.00000 0.00000 0.00000 0.00000 0.00000 0.00000 0.00000 0.00000 0.00000 0.00000 0.00000
0.00000 0.00720 0.00610 0.00521 0.00449 0.00390 0.00342 0.00303 0.00270 0.00243 0.00243 0.00243 0.00243 0.00243 0.00243 0.00243 0.00243 0.00243 0.00243 0.00243 0.00243 0.00243 0.00244 0.00244 0.00243 0.00243 0.00243 0.00243 0.00243 0.00244 0.00248 0.00254 0.00267 0.00297 0.00000 0.00000 0.00000 0.00000 0.00000 0.00000 0.00000 0.00000 0.00000 0.00000 0.00000 0.00000 0.00000 0.00000 0.00000 0.00000 0.00000 0.00000 0.00000 0.00000 0.00000 0.00000 0.00000 0.00000 0.00000 0.00000 0.00000 0.00000 0.00000
0.00000 0.00501 0.00422 0.00359 0.00308 0.00267 0.00233 0.00206 0.00184 0.00184 0.00184 0.00184 0.00184 0.00184 0.00184 0.00184 0.00184 0.00184 0.00184 0.00184 0.00184 0.00184 0.00184 0.00184 0.00184 0.00183 0.00183 0.00182 0.00183 0.00185 0.00191 0.00201 0.00223 0.00000 0.00000 0.00000 0.00000 0.00000 0.00000 0.00000 0.00000 0.00000 0.00000 0.00000 0.00000 0.00000 0.00000 0.00000 0.00000 0.00000 0.00000 0.00000 0.00000 0.00000 0.00000 0.00000 0.00000 0.00000 0.00000 0.00000 0.00000 0.00000 0.00000
0.00000 0.00343 0.00288 0.00244 0.00208 0.00180 0.00157 0.00139 0.00139 0.00139 0.00139 0.00139 0.00139 0.00139 0.00139 0.00139 0.00139 0.00139 0.00139 0.00139 0.00139 0.00139 0.00139 0.00139 0.00138 0.00138 0.00137 0.00137 0.00139 0.00141 0.00152 0.00168 0.00000 0.00000 0.00000 0.00000 0.00000 0.00000 0.00000 0.00000 0.00000 0.00000 0.00000 0.00000 0.00000 0.00000 0.00000 0.00000 0.00000 0.00000 0.00000 0.00000 0.00000 0.00000 0.00000 0.00000 0.00000 0.00000 0.00000 0.00000 0.00000 0.00000 0.00000
0.00000 0.00232 0.00194 0.00163 0.00139 0.00120 0.00104 0.00104 0.00105 0.00104 0.00104 0.00104 0.00104 0.00104 0.00104 0.00104 0.00104 0.00104 0.00105 0.00104 0.00105 0.00104 0.00105 0.00105 0.00104 0.00103 0.00103 0.00102 0.00105 0.00110 0.00127 0.00000 0.00000 0.00000 0.00000 0.00000 0.00000 0.00000 0.00000 0.00000 0.00000 0.00000 0.00000 0.00000 0.00000 0.00000 0.00000 0.00000 0.00000 0.00000 0.00000 0.00000 0.00000 0.00000 0.00000 0.00000 0.00000 0.00000 0.00000 0.00000 0.00000 0.00000 0.00000
0.00000 0.00155 0.00129 0.00108 0.00092 0.00079 0.00079 0.00079 0.00079 0.00079 0.00079 0.00079 0.00079 0.00079 0.00079 0.00079 0.00079 0.00079 0.00079 0.00079 0.00079 0.00079 0.00079 0.00080 0.00078 0.00077 0.00077 0.00075 0.00081 0.00091 0.00000 0.00000 0.00000 0.00000 0.00000 0.00000 0.00000 0.00000 0.00000 0.00000 0.00000 0.00000 0.00000 0.00000 0.00000 0.00000 0.00000 0.00000 0.00000 0.00000 0.00000 0.00000 0.00000 0.00000 0.00000 0.00000 0.00000 0.00000 0.00000 0.00000 0.00000 0.00000 0.00000
0.00000 0.00102 0.00085 0.00071 0.00060 0.00060 0.00060 0.00060 0.00060 0.00060 0.00060 0.00060 0.00060 0.00060 0.00060 0.00060 0.00060 0.00060 0.00060 0.00060 0.00060 0.00060 0.00061 0.00060 0.00058 0.00058 0.00056 0.00057 0.00067 0.00000 0.00000 0.00000 0.00000 0.00000 0.00000 0.00000 0.00000 0.00000 0.00000 0.00000 0.00000 0.00000 0.00000 0.00000 0.00000 0.00000 0.00000 0.00000 0.00000 0.00000 0.00000 0.00000 0.00000 0.00000 0.00000 0.00000 0.00000 0.00000 0.00000 0.00000 0.00000 0.00000 0.00000
0.00000 0.00067 0.00055 0.00046 0.00046 0.00046 0.00046 0.00046 0.00046 0.00046 0.00046 0.00046 0.00046 0.00046 0.00046 0.00046 0.00046 0.00046 0.00046 0.00045 0.00046 0.00046 0.00046 0.00046 0.00044 0.00042 0.00042 0.00044 0.00000 0.00000 0.00000 0.00000 0.00000 0.00000 0.00000 0.00000 0.00000 0.00000 0.00000 0.00000 0.00000 0.00000 0.00000 0.00000 0.00000 0.00000 0.00000 0.00000 0.00000 0.00000 0.00000 0.00000 0.00000 0.00000 0.00000 0.00000 0.00000 0.00000 0.00000 0.00000 0.00000 0.00000 0.00000
0.00000 0.00043 0.00035 0.00035 0.00035 0.00035 0.00035 0.00035 0.00035 0.00035 0.00035 0.00035 0.00035 0.00035 0.00035 0.00035 0.00036 0.00035 0.00035 0.00035 0.00036 0.00035 0.00036 0.00036 0.00031 0.00030 0.00033 0.00000 0.00000 0.00000 0.00000 0.00000 0.00000 0.00000 0.00000 0.00000 0.00000 0.00000 0.00000 0.00000 0.00000 0.00000 0.00000 0.00000 0.00000 0.00000 0.00000 0.00000 0.00000 0.00000 0.00000 0.00000 0.00000 0.00000 0.00000 0.00000 0.00000 0.00000 0.00000 0.00000 0.00000 0.00000 0.00000
0.00000 0.00027 0.00027 0.00027 0.00027 0.00027 0.00027 0.00027 0.00027 0.00027 0.00027 0.00027 0.00027 0.00027 0.00027 0.00028 0.00028 0.00027 0.00027 0.00029 0.00028 0.00025 0.00031 0.00025 0.00021 0.00025 0.00000 0.00000 0.00000 0.00000 0.00000 0.00000 0.00000 0.00000 0.00000 0.00000 0.00000 0.00000 0.00000 0.00000 0.00000 0.00000 0.00000 0.00000 0.00000 0.00000 0.00000 0.00000 0.00000 0.00000 0.00000 0.00000 0.00000 0.00000 0.00000 0.00000 0.00000 0.00000 0.00000 0.00000 0.00000 0.00000 0.00000
0.00000 0.00000 0.00000 0.00000 0.00000 0.00000 0.00000 0.00000 0.00000 0.00000 0.00000 0.00000 0.00000 0.00000 0.00000 0.00000 0.00000 0.00000 0.00000 0.00000 0.00000 0.00000 0.00000 0.00000 0.00000 0.00000 0.00000 0.00000 0.00000 0.00000 0.00000 0.00000 0.00000 0.00000 0.00000 0.00000 0.00000 0.00000 0.00000 0.00000 0.00000 0.00000 0.00000 0.00000 0.00000 0.00000 0.00000 0.00000 0.00000 0.00000 0.00000 0.00000 0.00000 0.00000 0.00000 0.00000 0.00000 0.00000 0.00000 0.00000 0.00000 0.00000 0.00000
0.00000 0.00000 0.00000 0.00000 0.00000 0.00000 0.00000 0.00000 0.00000 0.00000 0.00000 0.00000 0.00000 0.00000 0.00000 0.00000 0.00000 0.00000 0.00000 0.00000 0.00000 0.00000 0.00000 0.00000 0.00000 0.00000 0.00000 0.00000 0.00000 0.00000 0.00000 0.00000 0.00000 0.00000 0.00000 0.00000 0.00000 0.00000 0.00000 0.00000 0.00000 0.00000 0.00000 0.00000 0.00000 0.00000 0.00000 0.00000 0.00000 0.00000 0.00000 0.00000 0.00000 0.00000 0.00000 0.00000 0.00000 0.00000 0.00000 0.00000 0.00000 0.00000 0.00000
0.00000 0.00000 0.00000 0.00000 0.00000 0.00000 0.00000 0.00000 0.00000 0.00000 0.00000 0.00000 0.00000 0.00000 0.00000 0.00000 0.00000 0.00000 0.00000 0.00000 0.00000 0.00000 0.00000 0.00000 0.00000 0.00000 0.00000 0.00000 0.00000 0.00000 0.00000 0.00000 0.00000 0.00000 0.00000 0.00000 0.00000 0.00000 0.00000 0.00000 0.00000 0.00000 0.00000 0.00000 0.00000 0.00000 0.00000 0.00000 0.00000 0.00000 0.00000 0.00000 0.00000 0.00000 0.00000 0.00000 0.00000 0.00000 0.00000 0.00000 0.00000 0.00000 0.00000
0.00000 0.00000 0.00000 0.00000 0.00000 0.00000 0.00000 0.00000 0.00000 0.00000 0.00000 0.00000 0.00000 0.00000 0.00000 0.00000 0.00000 0.00000 0.00000 0.00000 0.00000 0.00000 0.00000 0.00000 0.00000 0.00000 0.00000 0.00000 0.00000 0.00000 0.00000 0.00000 0.00000 0.00000 0.00000 0.00000 0.00000 0.00000 0.00000 0.00000 0.00000 0.00000 0.00000 0.00000 0.00000 0.00000 0.00000 0.00000 0.00000 0.00000 0.00000 0.00000 0.00000 0.00000 0.00000 0.00000 0.00000 0.00000 0.00000 0.00000 0.00000 0.00000 0.00000
0.00000 0.00000 0.00000 0.00000 0.00000 0.00000 0.00000 0.00000 0.00000 0.00000 0.00000 0.00000 0.00000 0.00000 0.00000 0.00000 0.00000 0.00000 0.00000 0.00000 0.00000 0.00000 0.00000 0.00000 0.00000 0.00000 0.00000 0.00000 0.00000 0.00000 0.00000 0.00000 0.00000 0.00000 0.00000 0.00000 0.00000 0.00000 0.00000 0.00000 0.00000 0.00000 0.00000 0.00000 0.00000 0.00000 0.00000 0.00000 0.00000 0.00000 0.00000 0.00000 0.00000 0.00000 0.00000 0.00000 0.00000 0.00000 0.00000 0.00000 0.00000 0.00000 0.00000
0.00000 0.00000 0.00000 0.00000 0.00000 0.00000 0.00000 0.00000 0.00000 0.00000 0.00000 0.00000 0.00000 0.00000 0.00000 0.00000 0.00000 0.00000 0.00000 0.00000 0.00000 0.00000 0.00000 0.00000 0.00000 0.00000 0.00000 0.00000 0.00000 0.00000 0.00000 0.00000 0.00000 0.00000 0.00000 0.00000 0.00000 0.00000 0.00000 0.00000 0.00000 0.00000 0.00000 0.00000 0.00000 0.00000 0.00000 0.00000 0.00000 0.00000 0.00000 0.00000 0.00000 0.00000 0.00000 0.00000 0.00000 0.00000 0.00000 0.00000 0.00000 0.00000 0.00000
0.00000 0.00000 0.00000 0.00000 0.00000 0.00000 0.00000 0.00000 0.00000 0.00000 0.00000 0.00000 0.00000 0.00000 0.00000 0.00000 0.00000 0.00000 0.00000 0.00000 0.00000 0.00000 0.00000 0.00000 0.00000 0.00000 0.00000 0.00000 0.00000 0.00000 0.00000 0.00000 0.00000 0.00000 0.00000 0.00000 0.00000 0.00000 0.00000 0.00000 0.00000 0.00000 0.00000 0.00000 0.00000 0.00000 0.00000 0.00000 0.00000 0.00000 0.00000 0.00000 0.00000 0.00000 0.00000 0.00000 0.00000 0.00000 0.00000 0.00000 0.00000 0.00000 0.00000
0.00000 0.00000 0.00000 0.00000 0.00000 0.00000 0.00000 0.00000 0.00000 0.00000 0.00000 0.00000 0.00000 0.00000 0.00000 0.00000 0.00000 0.00000 0.00000 0.00000 0.00000 0.00000 0.00000 0.00000 0.00000 0.00000 0.00000 0.00000 0.00000 0.00000 0.00000 0.00000 0.00000 0.00000 0.00000 0.00000 0.00000 0.00000 0.00000 0.00000 0.00000 0.00000 0.00000 0.00000 0.00000 0.00000 0.00000 0.00000 0.00000 0.00000 0.00000 0.00000 0.00000 0.00000 0.00000 0.00000 0.00000 0.00000 0.00000 0.00000 0.00000 0.00000 0.00000
0.00000 0.00000 0.00000 0.00000 0.00000 0.00000 0.00000 0.00000 0.00000 0.00000 0.00000 0.00000 0.00000 0.00000 0.00000 0.00000 0.00000 0.00000 0.00000 0.00000 0.00000 0.00000 0.00000 0.00000 0.00000 0.00000 0.00000 0.00000 0.00000 0.00000 0.00000 0.00000 0.00000 0.00000 0.00000 0.00000 0.00000 0.00000 0.00000 0.00000 0.00000 0.00000 0.00000 0.00000 0.00000 0.00000 0.00000 0.00000 0.00000 0.00000 0.00000 0.00000 0.00000 0.00000 0.00000 0.00000 0.00000 0.00000 0.00000 0.00000 0.00000 0.00000 0.00000
0.00000 0.00000 0.00000 0.00000 0.00000 0.00000 0.00000 0.00000 0.00000 0.00000 0.00000 0.00000 0.00000 0.00000 0.00000 0.00000 0.00000 0.00000 0.00000 0.00000 0.00000 0.00000 0.00000 0.00000 0.00000 0.00000 0.00000 0.00000 0.00000 0.00000 0.00000 0.00000 0.00000 0.00000 0.00000 0.00000 0.00000 0.00000 0.00000 0.00000 0.00000 0.00000 0.00000 0.00000 0.00000 0.00000 0.00000 0.00000 0.00000 0.00000 0.00000 0.00000 0.00000 0.00000 0.00000 0.00000 0.00000 0.00000 0.00000 0.00000 0.00000 0.00000 0.00000
0.00000 0.00000 0.00000 0.00000 0.00000 0.00000 0.00000 0.00000 0.00000 0.00000 0.00000 0.00000 0.00000 0.00000 0.00000 0.00000 0.00000 0.00000 0.00000 0.00000 0.00000 0.00000 0.00000 0.00000 0.00000 0.00000 0.00000 0.00000 0.00000 0.00000 0.00000 0.00000 0.00000 0.00000 0.00000 0.00000 0.00000 0.00000 0.00000 0.00000 0.00000 0.00000 0.00000 0.00000 0.00000 0.00000 0.00000 0.00000 0.00000 0.00000 0.00000 0.00000 0.00000 0.00000 0.00000 0.00000 0.00000 0.00000 0.00000 0.00000 0.00000 0.00000 0.00000
0.00000 0.00000 0.00000 0.00000 0.00000 0.00000 0.00000 0.00000 0.00000 0.00000 0.00000 0.00000 0.00000 0.00000 0.00000 0.00000 0.00000 0.00000 0.00000 0.00000 0.00000 0.00000 0.00000 0.00000 0.00000 0.00000 0.00000 0.00000 0.00000 0.00000 0.00000 0.00000 0.00000 0.00000 0.00000 0.00000 0.00000 0.00000 0.00000 0.00000 0.00000 0.00000 0.00000 0.00000 0.00000 0.00000 0.00000 0.00000 0.00000 0.00000 0.00000 0.00000 0.00000 0.00000 0.00000 0.00000 0.00000 0.00000 0.00000 0.00000 0.00000 0.00000 0.00000
0.00000 0.00000 0.00000 0.00000 0.00000 0.00000 0.00000 0.00000 0.00000 0.00000 0.00000 0.00000 0.00000 0.00000 0.00000 0.00000 0.00000 0.00000 0.00000 0.00000 0.00000 0.00000 0.00000 0.00000 0.00000 0.00000 0.00000 0.00000 0.00000 0.00000 0.00000 0.00000 0.00000 0.00000 0.00000 0.00000 0.00000 0.00000 0.00000 0.00000 0.00000 0.00000 0.00000 0.00000 0.00000 0.00000 0.00000 0.00000 0.00000 0.00000 0.00000 0.00000 0.00000 0.00000 0.00000 0.00000 0.00000 0.00000 0.00000 0.00000 0.00000 0.00000 0.00000
0.00000 0.00000 0.00000 0.00000 0.00000 0.00000 0.00000 0.00000 0.00000 0.00000 0.00000 0.00000 0.00000 0.00000 0.00000 0.00000 0.00000 0.00000 0.00000 0.00000 0.00000 0.00000 0.00000 0.00000 0.00000 0.00000 0.00000 0.00000 0.00000 0.00000 0.00000 0.00000 0.00000 0.00000 0.00000 0.00000 0.00000 0.00000 0.00000 0.00000 0.00000 0.00000 0.00000 0.00000 0.00000 0.00000 0.00000 0.00000 0.00000 0.00000 0.00000 0.00000 0.00000 0.00000 0.00000 0.00000 0.00000 0.00000 0.00000 0.00000 0.00000 0.00000 0.00000
0.00000 0.00000 0.00000 0.00000 0.00000 0.00000 0.00000 0.00000 0.00000 0.00000 0.00000 0.00000 0.00000 0.00000 0.00000 0.00000 0.00000 0.00000 0.00000 0.00000 0.00000 0.00000 0.00000 0.00000 0.00000 0.00000 0.00000 0.00000 0.00000 0.00000 0.00000 0.00000 0.00000 0.00000 0.00000 0.00000 0.00000 0.00000 0.00000 0.00000 0.00000 0.00000 0.00000 0.00000 0.00000 0.00000 0.00000 0.00000 0.00000 0.00000 0.00000 0.00000 0.00000 0.00000 0.00000 0.00000 0.00000 0.00000 0.00000 0.00000 0.00000 0.00000 0.00000
0.00000 0.00000 0.00000 0.00000 0.00000 0.00000 0.00000 0.00000 0.00000 0.00000 0.00000 0.00000 0.00000 0.00000 0.00000 0.00000 0.00000 0.00000 0.00000 0.00000 0.00000 0.00000 0.00000 0.00000 0.00000 0.00000 0.00000 0.00000 0.00000 0.00000 0.00000 0.00000 0.00000 0.00000 0.00000 0.00000 0.00000 0.00000 0.00000 0.00000 0.00000 0.00000 0.00000 0.00000 0.00000 0.00000 0.00000 0.00000 0.00000 0.00000 0.00000 0.00000 0.00000 0.00000 0.00000 0.00000 0.00000 0.00000 0.00000 0.00000 0.00000 0.00000 0.00000
0.00000 0.00000 0.00000 0.00000 0.00000 0.00000 0.00000 0.00000 0.00000 0.00000 0.00000 0.00000 0.00000 0.00000 0.00000 0.00000 0.00000 0.00000 0.00000 0.00000 0.00000 0.00000 0.00000 0.00000 0.00000 0.00000 0.00000 0.00000 0.00000 0.00000 0.00000 0.00000 0.00000 0.00000 0.00000 0.00000 0.00000 0.00000 0.00000 0.00000 0.00000 0.00000 0.00000 0.00000 0.00000 0.00000 0.00000 0.00000 0.00000 0.00000 0.00000 0.00000 0.00000 0.00000 0.00000 0.00000 0.00000 0.00000 0.00000 0.00000 0.00000 0.00000 0.00000
0.00000 0.00000 0.00000 0.00000 0.00000 0.00000 0.00000 0.00000 0.00000 0.00000 0.00000 0.00000 0.00000 0.00000 0.00000 0.00000 0.00000 0.00000 0.00000 0.00000 0.00000 0.00000 0.00000 0.00000 0.00000 0.00000 0.00000 0.00000 0.00000 0.00000 0.00000 0.00000 0.00000 0.00000 0.00000 0.00000 0.00000 0.00000 0.00000 0.00000 0.00000 0.00000 0.00000 0.00000 0.00000 0.00000 0.00000 0.00000 0.00000 0.00000 0.00000 0.00000 0.00000 0.00000 0.00000 0.00000 0.00000 0.00000 0.00000 0.00000 0.00000 0.00000 0.00000
0.00000 0.00000 0.00000 0.00000 0.00000 0.00000 0.00000 0.00000 0.00000 0.00000 0.00000 0.00000 0.00000 0.00000 0.00000 0.00000 0.00000 0.00000 0.00000 0.00000 0.00000 0.00000 0.00000 0.00000 0.00000 0.00000 0.00000 0.00000 0.00000 0.00000 0.00000 0.00000 0.00000 0.00000 0.00000 0.00000 0.00000 0.00000 0.00000 0.00000 0.00000 0.00000 0.00000 0.00000 0.00000 0.00000 0.00000 0.00000 0.00000 0.00000 0.00000 0.00000 0.00000 0.00000 0.00000 0.00000 0.00000 0.00000 0.00000 0.00000 0.00000 0.00000 0.00000
0.00000 0.00000 0.00000 0.00000 0.00000 0.00000 0.00000 0.00000 0.00000 0.00000 0.00000 0.00000 0.00000 0.00000 0.00000 0.00000 0.00000 0.00000 0.00000 0.00000 0.00000 0.00000 0.00000 0.00000 0.00000 0.00000 0.00000 0.00000 0.00000 0.00000 0.00000 0.00000 0.00000 0.00000 0.00000 0.00000 0.00000 0.00000 0.00000 0.00000 0.00000 0.00000 0.00000 0.00000 0.00000 0.00000 0.00000 0.00000 0.00000 0.00000 0.00000 0.00000 0.00000 0.00000 0.00000 0.00000 0.00000 0.00000 0.00000 0.00000 0.00000 0.00000 0.00000
0.00000 0.00000 0.00000 0.00000 0.00000 0.00000 0.00000 0.00000 0.00000 0.00000 0.00000 0.00000 0.00000 0.00000 0.00000 0.00000 0.00000 0.00000 0.00000 0.00000 0.00000 0.00000 0.00000 0.00000 0.00000 0.00000 0.00000 0.00000 0.00000 0.00000 0.00000 0.00000 0.00000 0.00000 0.00000 0.00000 0.00000 0.00000 0.00000 0.00000 0.00000 0.00000 0.00000 0.00000 0.00000 0.00000 0.00000 0.00000 0.00000 0.00000 0.00000 0.00000 0.00000 0.00000 0.00000 0.00000 0.00000 0.00000 0.00000 0.00000 0.00000 0.00000 0.00000
0.00000 0.00000 0.00000 0.00000 0.00000 0.00000 0.00000 0.00000 0.00000 0.00000 0.00000 0.00000 0.00000 0.00000 0.00000 0.00000 0.00000 0.00000 0.00000 0.00000 0.00000 0.00000 0.00000 0.00000 0.00000 0.00000 0.00000 0.00000 0.00000 0.00000 0.00000 0.00000 0.00000 0.00000 0.00000 0.00000 0.00000 0.00000 0.00000 0.00000 0.00000 0.00000 0.00000 0.00000 0.00000 0.00000 0.00000 0.00000 0.00000 0.00000 0.00000 0.00000 0.00000 0.00000 0.00000 0.00000 0.00000 0.00000 0.00000 0.00000 0.00000 0.00000 0.00000
0.00000 0.00000 0.00000 0.00000 0.00000 0.00000 0.00000 0.00000 0.00000 0.00000 0.00000 0.00000 0.00000 0.00000 0.00000 0.00000 0.00000 0.00000 0.00000 0.00000 0.00000 0.00000 0.00000 0.00000 0.00000 0.00000 0.00000 0.00000 0.00000 0.00000 0.00000 0.00000 0.00000 0.00000 0.00000 0.00000 0.00000 0.00000 0.00000 0.00000 0.00000 0.00000 0.00000 0.00000 0.00000 0.00000 0.00000 0.00000 0.00000 0.00000 0.00000 0.00000 0.00000 0.00000 0.00000 0.00000 0.00000 0.00000 0.00000 0.00000 0.00000 0.00000 0.00000
0.00000 0.00000 0.00000 0.00000 0.00000 0.00000 0.00000 0.00000 0.00000 0.00000 0.00000 0.00000 0.00000 0.00000 0.00000 0.00000 0.00000 0.00000 0.00000 0.00000 0.00000 0.00000 0.00000 0.00000 0.00000 0.00000 0.00000 0.00000 0.00000 0.00000 0.00000 0.00000 0.00000 0.00000 0.00000 0.00000 0.00000 0.00000 0.00000 0.00000 0.00000 0.00000 0.00000 0.00000 0.00000 0.00000 0.00000 0.00000 0.00000 0.00000 0.00000 0.00000 0.00000 0.00000 0.00000 0.00000 0.00000 0.00000 0.00000 0.00000 0.00000 0.00000 0.00000
0.00000 0.00000 0.00000 0.00000 0.00000 0.00000 0.00000 0.00000 0.00000 0.00000 0.00000 0.00000 0.00000 0.00000 0.00000 0.00000 0.00000 0.00000 0.00000 0.00000 0.00000 0.00000 0.00000 0.00000 0.00000 0.00000 0.00000 0.00000 0.00000 0.00000 0.00000 0.00000 0.00000 0.00000 0.00000 0.00000 0.00000 0.00000 0.00000 0.00000 0.00000 0.00000 0.00000 0.00000 0.00000 0.00000 0.00000 0.00000 0.00000 0.00000 0.00000 0.00000 0.00000 0.00000 0.00000 0.00000 0.00000 0.00000 0.00000 0.00000 0.00000 0.00000 0.00000
