0.25783 0.59385 0.72998 0.81613 0.88290 0.93849 0.98820 1.03386 1.07639 1.11652 1.15405 1.18947 1.22304 1.25508 1.28634 1.31541 1.34283 1.36856 1.39275 1.41654 1.43995 1.46108 1.48059 1.50025 1.51725 1.53392 1.55087 1.56614 1.58230 1.59674 1.61121 1.62595 1.64258 1.65930 1.67887 1.69885 1.72075 1.74703 1.77846 1.81289 1.85307 1.90036 1.95261 2.01196 2.07939 2.15650 2.24622 2.35513 2.49502 2.68417 2.97088 3.45905 4.36935 6.08600
0.00000 0.96545 1.00168 1.03778 1.07458 1.10971 1.14465 1.17899 1.21243 1.24505 1.27612 1.30590 1.33440 1.36192 1.38916 1.41444 1.43832 1.46072 1.48177 1.50266 1.52343 1.54197 1.55885 1.57621 1.59093 1.60544 1.62040 1.63371 1.64808 1.66074 1.67365 1.68680 1.70198 1.71732 1.73566 1.75446 1.77526 1.80064 1.83134 1.86513 1.90486 1.95187 2.00398 2.06335 2.13097 2.20845 2.29873 2.40851 2.54976 2.74099 3.03132 3.52621 4.44929 0.00000
0.04229 0.52894 0.71529 0.82636 0.90788 0.97278 1.02882 1.07881 1.12427 1.16637 1.20509 1.24113 1.27473 1.30658 1.33747 1.36585 1.39241 1.41713 1.44019 1.46281 1.48518 1.50513 1.52309 1.54157 1.55732 1.57274 1.58852 1.60257 1.61759 1.63086 1.64446 1.65807 1.67358 1.68921 1.70770 1.72661 1.74742 1.77272 1.80317 1.83664 1.87592 1.92234 1.97375 2.03230 2.09892 2.17521 2.26400 2.37187 2.51059 2.69831 2.98308 3.46676 0.00000 0.00000
0.11654 0.43425 0.61113 0.73140 0.82382 0.89857 0.96285 1.01971 1.07085 1.11769 1.16039 1.19980 1.23608 1.27031 1.30324 1.33334 1.36139 1.38740 1.41157 1.43514 1.45847 1.47919 1.49815 1.51723 1.53355 1.54945 1.56566 1.58007 1.59540 1.60896 1.62250 1.63629 1.65189 1.66758 1.68602 1.70486 1.72551 1.75057 1.78064 1.81367 1.85240 1.89813 1.94877 2.00640 2.07197 2.14699 2.23428 2.34033 2.47685 2.66165 2.94040 0.00000 0.00000 0.00000
0.16915 0.40780 0.56527 0.68183 0.77541 0.85293 0.92024 0.98009 1.03394 1.08319 1.12802 1.16931 1.20701 1.24260 1.27671 1.30781 1.33673 1.36349 1.38832 1.41243 1.43641 1.45760 1.47705 1.49650 1.51316 1.52934 1.54578 1.56040 1.57589 1.58960 1.60315 1.61702 1.63260 1.64828 1.66659 1.68529 1.70575 1.73053 1.76019 1.79276 1.83092 1.87596 1.92581 1.98254 2.04705 2.12086 2.20678 2.31138 2.44632 2.62770 0.00000 0.00000 0.00000 0.00000
0.21148 0.40448 0.54488 0.65488 0.74619 0.82347 0.89122 0.95204 1.00696 1.05727 1.10311 1.14539 1.18426 1.22054 1.25528 1.28690 1.31627 1.34344 1.36862 1.39300 1.41694 1.43838 1.45809 1.47774 1.49459 1.51092 1.52749 1.54221 1.55776 1.57153 1.58508 1.59897 1.61449 1.63010 1.64826 1.66681 1.68706 1.71156 1.74083 1.77293 1.81054 1.85489 1.90398 1.95981 2.02331 2.09604 2.18092 2.28466 2.41751 0.00000 0.00000 0.00000 0.00000 0.00000
0.24849 0.41162 0.53802 0.64110 0.72885 0.80447 0.87129 0.93191 0.98687 1.03738 1.08349 1.12619 1.16548 1.20198 1.23698 1.26878 1.29831 1.32563 1.35095 1.37543 1.39936 1.42091 1.44073 1.46044 1.47737 1.49377 1.51036 1.52512 1.54066 1.55443 1.56795 1.58181 1.59723 1.61277 1.63076 1.64915 1.66920 1.69341 1.72229 1.75396 1.79101 1.83470 1.88304 1.93803 2.00064 2.07260 2.15694 2.25922 0.00000 0.00000 0.00000 0.00000 0.00000 0.00000
0.28233 0.42428 0.53919 0.63570 0.71942 0.79270 0.85835 0.91805 0.97242 1.02255 1.06841 1.11112 1.15042 1.18680 1.22177 1.25350 1.28298 1.31026 1.33555 1.35997 1.38384 1.40537 1.42518 1.44487 1.46178 1.47817 1.49471 1.50944 1.52491 1.53864 1.55209 1.56591 1.58121 1.59665 1.61448 1.63272 1.65256 1.67649 1.70501 1.73625 1.77277 1.81582 1.86346 1.91772 1.97976 2.05145 2.13458 0.00000 0.00000 0.00000 0.00000 0.00000 0.00000 0.00000
0.31470 0.44068 0.54599 0.63644 0.71600 0.78662 0.85040 0.90875 0.96211 1.01148 1.05674 1.09868 1.13774 1.17376 1.20853 1.24000 1.26925 1.29636 1.32149 1.34575 1.36947 1.39089 1.41061 1.43019 1.44701 1.46331 1.47975 1.49442 1.50978 1.52343 1.53680 1.55055 1.56571 1.58106 1.59872 1.61681 1.63646 1.66011 1.68827 1.71909 1.75508 1.79754 1.84458 1.89839 1.96031 2.03105 0.00000 0.00000 0.00000 0.00000 0.00000 0.00000 0.00000 0.00000
0.34501 0.45851 0.55572 0.64067 0.71671 0.78454 0.84612 0.90287 0.95496 1.00331 1.04774 1.08890 1.12706 1.16255 1.19699 1.22808 1.25698 1.28379 1.30868 1.33268 1.35619 1.37743 1.39699 1.41639 1.43305 1.44923 1.46552 1.48009 1.49532 1.50887 1.52214 1.53581 1.55084 1.56608 1.58358 1.60152 1.62099 1.64436 1.67217 1.70258 1.73808 1.78003 1.82674 1.88055 1.94166 0.00000 0.00000 0.00000 0.00000 0.00000 0.00000 0.00000 0.00000 0.00000
0.37378 0.47718 0.56742 0.64740 0.71985 0.78489 0.84412 0.89914 0.94980 0.99697 1.04042 1.08072 1.11801 1.15283 1.18688 1.21747 1.24592 1.27236 1.29692 1.32061 1.34388 1.36487 1.38420 1.40338 1.41983 1.43585 1.45197 1.46642 1.48149 1.49494 1.50810 1.52170 1.53659 1.55171 1.56906 1.58686 1.60614 1.62924 1.65670 1.68672 1.72182 1.76354 1.81035 1.86345 0.00000 0.00000 0.00000 0.00000 0.00000 0.00000 0.00000 0.00000 0.00000 0.00000
0.40119 0.49620 0.58037 0.65582 0.72481 0.78713 0.84443 0.89764 0.94678 0.99266 1.03501 1.07436 1.11071 1.14477 1.17792 1.20794 1.23586 1.26186 1.28603 1.30936 1.33238 1.35308 1.37212 1.39103 1.40726 1.42309 1.43900 1.45333 1.46823 1.48157 1.49465 1.50815 1.52292 1.53793 1.55513 1.57278 1.59187 1.61469 1.64184 1.67155 1.70653 1.74845 1.79463 0.00000 0.00000 0.00000 0.00000 0.00000 0.00000 0.00000 0.00000 0.00000 0.00000 0.00000
0.42734 0.51522 0.59404 0.66536 0.73107 0.79074 0.84594 0.89731 0.94488 0.98941 1.03061 1.06895 1.10427 1.13752 1.16989 1.19929 1.22662 1.25214 1.27587 1.29879 1.32157 1.34194 1.36062 1.37924 1.39522 1.41085 1.42654 1.44075 1.45547 1.46870 1.48173 1.49515 1.50978 1.52468 1.54174 1.55924 1.57813 1.60070 1.62761 1.65725 1.69252 1.73394 0.00000 0.00000 0.00000 0.00000 0.00000 0.00000 0.00000 0.00000 0.00000 0.00000 0.00000 0.00000
0.45225 0.53398 0.60803 0.67555 0.73819 0.79530 0.84839 0.89794 0.94393 0.98707 1.02708 1.06437 1.09903 1.13144 1.16305 1.19180 1.21850 1.24349 1.26675 1.28924 1.31134 1.33135 1.34962 1.36792 1.38365 1.39908 1.41454 1.42861 1.44317 1.45628 1.46932 1.48264 1.49717 1.51195 1.52886 1.54621 1.56489 1.58729 1.61420 1.64415 1.67899 0.00000 0.00000 0.00000 0.00000 0.00000 0.00000 0.00000 0.00000 0.00000 0.00000 0.00000 0.00000 0.00000
0.47596 0.55230 0.62205 0.68608 0.74582 0.80048 0.85154 0.89929 0.94370 0.98546 1.02426 1.06049 1.09429 1.12584 1.15667 1.18474 1.21122 1.23568 1.25843 1.28047 1.30205 1.32169 1.33949 1.35747 1.37295 1.38817 1.40341 1.41735 1.43174 1.44475 1.45784 1.47107 1.48548 1.50015 1.51691 1.53412 1.55264 1.57511 1.60242 1.63190 0.00000 0.00000 0.00000 0.00000 0.00000 0.00000 0.00000 0.00000 0.00000 0.00000 0.00000 0.00000 0.00000 0.00000
0.49892 0.57047 0.63633 0.69713 0.75414 0.80645 0.85557 0.90156 0.94443 0.98481 1.02241 1.05757 1.09044 1.12115 1.15118 1.17856 1.20425 1.22814 1.25036 1.27193 1.29303 1.31230 1.33003 1.34768 1.36294 1.37795 1.39298 1.40677 1.42102 1.43393 1.44668 1.45981 1.47411 1.48865 1.50529 1.52242 1.54094 1.56388 1.59084 0.00000 0.00000 0.00000 0.00000 0.00000 0.00000 0.00000 0.00000 0.00000 0.00000 0.00000 0.00000 0.00000 0.00000 0.00000
0.52057 0.58784 0.65014 0.70794 0.76239 0.81242 0.85973 0.90402 0.94538 0.98440 1.02082 1.05492 1.08685 1.11675 1.14597 1.17265 1.19765 1.22097 1.24262 1.26372 1.28436 1.30325 1.32073 1.33807 1.35313 1.36795 1.38277 1.39641 1.41052 1.42333 1.43593 1.44896 1.46314 1.47757 1.49415 1.51142 1.53025 1.55289 0.00000 0.00000 0.00000 0.00000 0.00000 0.00000 0.00000 0.00000 0.00000 0.00000 0.00000 0.00000 0.00000 0.00000 0.00000 0.00000
0.54148 0.60487 0.66392 0.71892 0.77095 0.81878 0.86400 0.90664 0.94653 0.98423 1.01948 1.05253 1.08354 1.11266 1.14108 1.16706 1.19141 1.21415 1.23519 1.25583 1.27600 1.29452 1.31171 1.32873 1.34368 1.35830 1.37292 1.38640 1.40038 1.41310 1.42558 1.43852 1.45260 1.46699 1.48372 1.50150 1.52022 0.00000 0.00000 0.00000 0.00000 0.00000 0.00000 0.00000 0.00000 0.00000 0.00000 0.00000 0.00000 0.00000 0.00000 0.00000 0.00000 0.00000
0.56116 0.62104 0.67708 0.72947 0.77923 0.82492 0.86829 0.90934 0.94781 0.98424 1.01835 1.05038 1.08046 1.10887 1.13650 1.16177 1.18549 1.20766 1.22806 1.24823 1.26795 1.28611 1.30299 1.31972 1.33459 1.34903 1.36347 1.37676 1.39061 1.40323 1.41562 1.42846 1.44251 1.45708 1.47433 1.49183 0.00000 0.00000 0.00000 0.00000 0.00000 0.00000 0.00000 0.00000 0.00000 0.00000 0.00000 0.00000 0.00000 0.00000 0.00000 0.00000 0.00000 0.00000
0.57978 0.63643 0.68970 0.73964 0.78726 0.83127 0.87293 0.91245 0.94956 0.98475 1.01775 1.04879 1.07795 1.10531 1.13215 1.15674 1.17983 1.20144 1.22158 1.24131 1.26058 1.27839 1.29498 1.31144 1.32587 1.34012 1.35439 1.36745 1.38117 1.39370 1.40600 1.41882 1.43304 1.44817 1.46518 0.00000 0.00000 0.00000 0.00000 0.00000 0.00000 0.00000 0.00000 0.00000 0.00000 0.00000 0.00000 0.00000 0.00000 0.00000 0.00000 0.00000 0.00000 0.00000
0.59740 0.65109 0.70178 0.74940 0.79500 0.83728 0.87730 0.91537 0.95116 0.98516 1.01709 1.04716 1.07543 1.10192 1.12800 1.15191 1.17439 1.19546 1.21519 1.23447 1.25332 1.27080 1.28711 1.30331 1.31748 1.33156 1.34567 1.35845 1.37205 1.38448 1.39675 1.40976 1.42451 1.43941 0.00000 0.00000 0.00000 0.00000 0.00000 0.00000 0.00000 0.00000 0.00000 0.00000 0.00000 0.00000 0.00000 0.00000 0.00000 0.00000 0.00000 0.00000 0.00000 0.00000
0.61404 0.66500 0.71329 0.75872 0.80241 0.84298 0.88147 0.91813 0.95266 0.98553 1.01642 1.04555 1.07295 1.09863 1.12397 1.14723 1.16912 1.18967 1.20895 1.22782 1.24627 1.26343 1.27947 1.29543 1.30940 1.32330 1.33725 1.35013 1.36361 1.37601 1.38845 1.40202 1.41650 0.00000 0.00000 0.00000 0.00000 0.00000 0.00000 0.00000 0.00000 0.00000 0.00000 0.00000 0.00000 0.00000 0.00000 0.00000 0.00000 0.00000 0.00000 0.00000 0.00000 0.00000
0.62973 0.67816 0.72421 0.76755 0.80944 0.84840 0.88540 0.92073 0.95404 0.98586 1.01573 1.04395 1.07050 1.09543 1.12006 1.14268 1.16401 1.18406 1.20291 1.22138 1.23944 1.25629 1.27209 1.28781 1.30160 1.31533 1.32913 1.34195 1.35537 1.36793 1.38087 1.39420 0.00000 0.00000 0.00000 0.00000 0.00000 0.00000 0.00000 0.00000 0.00000 0.00000 0.00000 0.00000 0.00000 0.00000 0.00000 0.00000 0.00000 0.00000 0.00000 0.00000 0.00000 0.00000
0.64451 0.69059 0.73455 0.77625 0.81643 0.85385 0.88945 0.92350 0.95564 0.98648 1.01538 1.04272 1.06846 1.09266 1.11662 1.13864 1.15943 1.17901 1.19744 1.21553 1.23324 1.24981 1.26535 1.28087 1.29445 1.30802 1.32167 1.33445 1.34802 1.36108 1.37369 0.00000 0.00000 0.00000 0.00000 0.00000 0.00000 0.00000 0.00000 0.00000 0.00000 0.00000 0.00000 0.00000 0.00000 0.00000 0.00000 0.00000 0.00000 0.00000 0.00000 0.00000 0.00000 0.00000
0.65876 0.70265 0.74466 0.78432 0.82289 0.85884 0.89311 0.92594 0.95696 0.98689 1.01485 1.04134 1.06631 1.08981 1.11313 1.13458 1.15486 1.17400 1.19202 1.20975 1.22714 1.24343 1.25874 1.27404 1.28740 1.30082 1.31439 1.32731 1.34138 1.35413 0.00000 0.00000 0.00000 0.00000 0.00000 0.00000 0.00000 0.00000 0.00000 0.00000 0.00000 0.00000 0.00000 0.00000 0.00000 0.00000 0.00000 0.00000 0.00000 0.00000 0.00000 0.00000 0.00000 0.00000
0.67204 0.71390 0.75408 0.79222 0.82926 0.86383 0.89682 0.92849 0.95843 0.98718 1.01424 1.03991 1.06413 1.08698 1.10968 1.13059 1.15040 1.16911 1.18674 1.20415 1.22122 1.23725 1.25233 1.26743 1.28053 1.29385 1.30754 1.32096 1.33475 0.00000 0.00000 0.00000 0.00000 0.00000 0.00000 0.00000 0.00000 0.00000 0.00000 0.00000 0.00000 0.00000 0.00000 0.00000 0.00000 0.00000 0.00000 0.00000 0.00000 0.00000 0.00000 0.00000 0.00000 0.00000
0.68450 0.72446 0.76292 0.79952 0.83512 0.86837 0.90014 0.93069 0.95961 0.98735 1.01355 1.03844 1.06197 1.08418 1.10631 1.12671 1.14607 1.16440 1.18163 1.19872 1.21550 1.23127 1.24613 1.26103 1.27390 1.28733 1.30147 1.31460 0.00000 0.00000 0.00000 0.00000 0.00000 0.00000 0.00000 0.00000 0.00000 0.00000 0.00000 0.00000 0.00000 0.00000 0.00000 0.00000 0.00000 0.00000 0.00000 0.00000 0.00000 0.00000 0.00000 0.00000 0.00000 0.00000
0.69620 0.73439 0.77122 0.80635 0.84056 0.87255 0.90317 0.93266 0.96060 0.98743 1.01281 1.03694 1.05981 1.08143 1.10300 1.12293 1.14187 1.15983 1.17665 1.19345 1.20995 1.22548 1.24012 1.25490 1.26806 1.28196 1.29574 0.00000 0.00000 0.00000 0.00000 0.00000 0.00000 0.00000 0.00000 0.00000 0.00000 0.00000 0.00000 0.00000 0.00000 0.00000 0.00000 0.00000 0.00000 0.00000 0.00000 0.00000 0.00000 0.00000 0.00000 0.00000 0.00000 0.00000
0.70718 0.74370 0.77901 0.81273 0.84564 0.87643 0.90595 0.93443 0.96143 0.98741 1.01201 1.03540 1.05766 1.07872 1.09975 1.11923 1.13778 1.15540 1.17178 1.18834 1.20456 1.21986 1.23436 1.24919 1.26282 1.27637 0.00000 0.00000 0.00000 0.00000 0.00000 0.00000 0.00000 0.00000 0.00000 0.00000 0.00000 0.00000 0.00000 0.00000 0.00000 0.00000 0.00000 0.00000 0.00000 0.00000 0.00000 0.00000 0.00000 0.00000 0.00000 0.00000 0.00000 0.00000
0.71747 0.75243 0.78629 0.81868 0.85035 0.88001 0.90848 0.93600 0.96211 0.98728 1.01116 1.03381 1.05552 1.07603 1.09653 1.11559 1.13377 1.15106 1.16735 1.18370 1.19967 1.21482 1.22937 1.24460 1.25781 0.00000 0.00000 0.00000 0.00000 0.00000 0.00000 0.00000 0.00000 0.00000 0.00000 0.00000 0.00000 0.00000 0.00000 0.00000 0.00000 0.00000 0.00000 0.00000 0.00000 0.00000 0.00000 0.00000 0.00000 0.00000 0.00000 0.00000 0.00000 0.00000
0.72708 0.76058 0.79307 0.82421 0.85469 0.88328 0.91075 0.93737 0.96265 0.98705 1.01025 1.03217 1.05337 1.07335 1.09331 1.11198 1.12980 1.14677 1.16283 1.17903 1.19481 1.21001 1.22495 1.23979 0.00000 0.00000 0.00000 0.00000 0.00000 0.00000 0.00000 0.00000 0.00000 0.00000 0.00000 0.00000 0.00000 0.00000 0.00000 0.00000 0.00000 0.00000 0.00000 0.00000 0.00000 0.00000 0.00000 0.00000 0.00000 0.00000 0.00000 0.00000 0.00000 0.00000
0.73604 0.76816 0.79936 0.82931 0.85868 0.88625 0.91279 0.93855 0.96305 0.98673 1.00929 1.03083 1.05146 1.07104 1.09043 1.10873 1.12622 1.14288 1.15867 1.17446 1.19022 1.20584 1.22036 0.00000 0.00000 0.00000 0.00000 0.00000 0.00000 0.00000 0.00000 0.00000 0.00000 0.00000 0.00000 0.00000 0.00000 0.00000 0.00000 0.00000 0.00000 0.00000 0.00000 0.00000 0.00000 0.00000 0.00000 0.00000 0.00000 0.00000 0.00000 0.00000 0.00000 0.00000
0.74438 0.77519 0.80518 0.83401 0.86232 0.88894 0.91460 0.93955 0.96332 0.98632 1.00828 1.02935 1.04947 1.06865 1.08779 1.10572 1.12288 1.13925 1.15481 1.17054 1.18662 1.20185 0.00000 0.00000 0.00000 0.00000 0.00000 0.00000 0.00000 0.00000 0.00000 0.00000 0.00000 0.00000 0.00000 0.00000 0.00000 0.00000 0.00000 0.00000 0.00000 0.00000 0.00000 0.00000 0.00000 0.00000 0.00000 0.00000 0.00000 0.00000 0.00000 0.00000 0.00000 0.00000
0.75245 0.78203 0.81088 0.83866 0.86597 0.89170 0.91653 0.94072 0.96381 0.98618 1.00759 1.02817 1.04784 1.06661 1.08533 1.10292 1.11976 1.13589 1.15141 1.16745 1.18303 0.00000 0.00000 0.00000 0.00000 0.00000 0.00000 0.00000 0.00000 0.00000 0.00000 0.00000 0.00000 0.00000 0.00000 0.00000 0.00000 0.00000 0.00000 0.00000 0.00000 0.00000 0.00000 0.00000 0.00000 0.00000 0.00000 0.00000 0.00000 0.00000 0.00000 0.00000 0.00000 0.00000
0.75985 0.78828 0.81605 0.84285 0.86923 0.89411 0.91817 0.94165 0.96410 0.98589 1.00677 1.02688 1.04612 1.06449 1.08274 1.09999 1.11657 1.13264 1.14843 1.16397 0.00000 0.00000 0.00000 0.00000 0.00000 0.00000 0.00000 0.00000 0.00000 0.00000 0.00000 0.00000 0.00000 0.00000 0.00000 0.00000 0.00000 0.00000 0.00000 0.00000 0.00000 0.00000 0.00000 0.00000 0.00000 0.00000 0.00000 0.00000 0.00000 0.00000 0.00000 0.00000 0.00000 0.00000
0.76672 0.79405 0.82081 0.84669 0.87219 0.89629 0.91964 0.94245 0.96430 0.98554 1.00593 1.02559 1.04443 1.06241 1.08049 1.09746 1.11397 1.13029 1.14550 0.00000 0.00000 0.00000 0.00000 0.00000 0.00000 0.00000 0.00000 0.00000 0.00000 0.00000 0.00000 0.00000 0.00000 0.00000 0.00000 0.00000 0.00000 0.00000 0.00000 0.00000 0.00000 0.00000 0.00000 0.00000 0.00000 0.00000 0.00000 0.00000 0.00000 0.00000 0.00000 0.00000 0.00000 0.00000
0.77311 0.79941 0.82523 0.85025 0.87493 0.89829 0.92097 0.94315 0.96444 0.98518 1.00510 1.02434 1.04277 1.06037 1.07822 1.09509 1.11182 1.12758 0.00000 0.00000 0.00000 0.00000 0.00000 0.00000 0.00000 0.00000 0.00000 0.00000 0.00000 0.00000 0.00000 0.00000 0.00000 0.00000 0.00000 0.00000 0.00000 0.00000 0.00000 0.00000 0.00000 0.00000 0.00000 0.00000 0.00000 0.00000 0.00000 0.00000 0.00000 0.00000 0.00000 0.00000 0.00000 0.00000
0.77907 0.80438 0.82932 0.85354 0.87746 0.90014 0.92218 0.94378 0.96455 0.98482 1.00429 1.02311 1.04116 1.05844 1.07618 1.09326 1.10940 0.00000 0.00000 0.00000 0.00000 0.00000 0.00000 0.00000 0.00000 0.00000 0.00000 0.00000 0.00000 0.00000 0.00000 0.00000 0.00000 0.00000 0.00000 0.00000 0.00000 0.00000 0.00000 0.00000 0.00000 0.00000 0.00000 0.00000 0.00000 0.00000 0.00000 0.00000 0.00000 0.00000 0.00000 0.00000 0.00000 0.00000
0.78463 0.80901 0.83312 0.85659 0.87979 0.90183 0.92329 0.94434 0.96461 0.98446 1.00350 1.02191 1.03964 1.05676 1.07470 1.09117 0.00000 0.00000 0.00000 0.00000 0.00000 0.00000 0.00000 0.00000 0.00000 0.00000 0.00000 0.00000 0.00000 0.00000 0.00000 0.00000 0.00000 0.00000 0.00000 0.00000 0.00000 0.00000 0.00000 0.00000 0.00000 0.00000 0.00000 0.00000 0.00000 0.00000 0.00000 0.00000 0.00000 0.00000 0.00000 0.00000 0.00000 0.00000
0.78982 0.81329 0.83664 0.85941 0.88194 0.90339 0.92429 0.94483 0.96462 0.98409 1.00271 1.02079 1.03836 1.05560 1.07295 0.00000 0.00000 0.00000 0.00000 0.00000 0.00000 0.00000 0.00000 0.00000 0.00000 0.00000 0.00000 0.00000 0.00000 0.00000 0.00000 0.00000 0.00000 0.00000 0.00000 0.00000 0.00000 0.00000 0.00000 0.00000 0.00000 0.00000 0.00000 0.00000 0.00000 0.00000 0.00000 0.00000 0.00000 0.00000 0.00000 0.00000 0.00000 0.00000
0.79469 0.81728 0.83991 0.86202 0.88393 0.90481 0.92519 0.94525 0.96457 0.98372 1.00199 1.01988 1.03761 1.05411 0.00000 0.00000 0.00000 0.00000 0.00000 0.00000 0.00000 0.00000 0.00000 0.00000 0.00000 0.00000 0.00000 0.00000 0.00000 0.00000 0.00000 0.00000 0.00000 0.00000 0.00000 0.00000 0.00000 0.00000 0.00000 0.00000 0.00000 0.00000 0.00000 0.00000 0.00000 0.00000 0.00000 0.00000 0.00000 0.00000 0.00000 0.00000 0.00000 0.00000
0.79926 0.82129 0.84325 0.86474 0.88607 0.90643 0.92631 0.94591 0.96479 0.98338 1.00146 1.01949 1.03654 0.00000 0.00000 0.00000 0.00000 0.00000 0.00000 0.00000 0.00000 0.00000 0.00000 0.00000 0.00000 0.00000 0.00000 0.00000 0.00000 0.00000 0.00000 0.00000 0.00000 0.00000 0.00000 0.00000 0.00000 0.00000 0.00000 0.00000 0.00000 0.00000 0.00000 0.00000 0.00000 0.00000 0.00000 0.00000 0.00000 0.00000 0.00000 0.00000 0.00000 0.00000
0.80354 0.82494 0.84628 0.86719 0.88797 0.90782 0.92722 0.94640 0.96490 0.98323 1.00141 1.01875 0.00000 0.00000 0.00000 0.00000 0.00000 0.00000 0.00000 0.00000 0.00000 0.00000 0.00000 0.00000 0.00000 0.00000 0.00000 0.00000 0.00000 0.00000 0.00000 0.00000 0.00000 0.00000 0.00000 0.00000 0.00000 0.00000 0.00000 0.00000 0.00000 0.00000 0.00000 0.00000 0.00000 0.00000 0.00000 0.00000 0.00000 0.00000 0.00000 0.00000 0.00000 0.00000
0.80755 0.82834 0.84909 0.86944 0.88970 0.90906 0.92799 0.94684 0.96512 0.98354 1.00100 0.00000 0.00000 0.00000 0.00000 0.00000 0.00000 0.00000 0.00000 0.00000 0.00000 0.00000 0.00000 0.00000 0.00000 0.00000 0.00000 0.00000 0.00000 0.00000 0.00000 0.00000 0.00000 0.00000 0.00000 0.00000 0.00000 0.00000 0.00000 0.00000 0.00000 0.00000 0.00000 0.00000 0.00000 0.00000 0.00000 0.00000 0.00000 0.00000 0.00000 0.00000 0.00000 0.00000
0.81132 0.83153 0.85172 0.87154 0.89129 0.91018 0.92870 0.94743 0.96578 0.98345 0.00000 0.00000 0.00000 0.00000 0.00000 0.00000 0.00000 0.00000 0.00000 0.00000 0.00000 0.00000 0.00000 0.00000 0.00000 0.00000 0.00000 0.00000 0.00000 0.00000 0.00000 0.00000 0.00000 0.00000 0.00000 0.00000 0.00000 0.00000 0.00000 0.00000 0.00000 0.00000 0.00000 0.00000 0.00000 0.00000 0.00000 0.00000 0.00000 0.00000 0.00000 0.00000 0.00000 0.00000
0.81517 0.83482 0.85448 0.87379 0.89306 0.91153 0.92982 0.94843 0.96603 0.00000 0.00000 0.00000 0.00000 0.00000 0.00000 0.00000 0.00000 0.00000 0.00000 0.00000 0.00000 0.00000 0.00000 0.00000 0.00000 0.00000 0.00000 0.00000 0.00000 0.00000 0.00000 0.00000 0.00000 0.00000 0.00000 0.00000 0.00000 0.00000 0.00000 0.00000 0.00000 0.00000 0.00000 0.00000 0.00000 0.00000 0.00000 0.00000 0.00000 0.00000 0.00000 0.00000 0.00000 0.00000
0.81871 0.83783 0.85698 0.87580 0.89465 0.91288 0.93120 0.94899 0.00000 0.00000 0.00000 0.00000 0.00000 0.00000 0.00000 0.00000 0.00000 0.00000 0.00000 0.00000 0.00000 0.00000 0.00000 0.00000 0.00000 0.00000 0.00000 0.00000 0.00000 0.00000 0.00000 0.00000 0.00000 0.00000 0.00000 0.00000 0.00000 0.00000 0.00000 0.00000 0.00000 0.00000 0.00000 0.00000 0.00000 0.00000 0.00000 0.00000 0.00000 0.00000 0.00000 0.00000 0.00000 0.00000
0.82205 0.84066 0.85931 0.87771 0.89629 0.91456 0.93210 0.00000 0.00000 0.00000 0.00000 0.00000 0.00000 0.00000 0.00000 0.00000 0.00000 0.00000 0.00000 0.00000 0.00000 0.00000 0.00000 0.00000 0.00000 0.00000 0.00000 0.00000 0.00000 0.00000 0.00000 0.00000 0.00000 0.00000 0.00000 0.00000 0.00000 0.00000 0.00000 0.00000 0.00000 0.00000 0.00000 0.00000 0.00000 0.00000 0.00000 0.00000 0.00000 0.00000 0.00000 0.00000 0.00000 0.00000
0.82519 0.84330 0.86152 0.87966 0.89829 0.91575 0.00000 0.00000 0.00000 0.00000 0.00000 0.00000 0.00000 0.00000 0.00000 0.00000 0.00000 0.00000 0.00000 0.00000 0.00000 0.00000 0.00000 0.00000 0.00000 0.00000 0.00000 0.00000 0.00000 0.00000 0.00000 0.00000 0.00000 0.00000 0.00000 0.00000 0.00000 0.00000 0.00000 0.00000 0.00000 0.00000 0.00000 0.00000 0.00000 0.00000 0.00000 0.00000 0.00000 0.00000 0.00000 0.00000 0.00000 0.00000
0.82813 0.84580 0.86375 0.88193 0.89978 0.00000 0.00000 0.00000 0.00000 0.00000 0.00000 0.00000 0.00000 0.00000 0.00000 0.00000 0.00000 0.00000 0.00000 0.00000 0.00000 0.00000 0.00000 0.00000 0.00000 0.00000 0.00000 0.00000 0.00000 0.00000 0.00000 0.00000 0.00000 0.00000 0.00000 0.00000 0.00000 0.00000 0.00000 0.00000 0.00000 0.00000 0.00000 0.00000 0.00000 0.00000 0.00000 0.00000 0.00000 0.00000 0.00000 0.00000 0.00000 0.00000
0.83094 0.84828 0.86626 0.88366 0.00000 0.00000 0.00000 0.00000 0.00000 0.00000 0.00000 0.00000 0.00000 0.00000 0.00000 0.00000 0.00000 0.00000 0.00000 0.00000 0.00000 0.00000 0.00000 0.00000 0.00000 0.00000 0.00000 0.00000 0.00000 0.00000 0.00000 0.00000 0.00000 0.00000 0.00000 0.00000 0.00000 0.00000 0.00000 0.00000 0.00000 0.00000 0.00000 0.00000 0.00000 0.00000 0.00000 0.00000 0.00000 0.00000 0.00000 0.00000 0.00000 0.00000
0.83402 0.85120 0.86849 0.00000 0.00000 0.00000 0.00000 0.00000 0.00000 0.00000 0.00000 0.00000 0.00000 0.00000 0.00000 0.00000 0.00000 0.00000 0.00000 0.00000 0.00000 0.00000 0.00000 0.00000 0.00000 0.00000 0.00000 0.00000 0.00000 0.00000 0.00000 0.00000 0.00000 0.00000 0.00000 0.00000 0.00000 0.00000 0.00000 0.00000 0.00000 0.00000 0.00000 0.00000 0.00000 0.00000 0.00000 0.00000 0.00000 0.00000 0.00000 0.00000 0.00000 0.00000
0.83727 0.85373 0.00000 0.00000 0.00000 0.00000 0.00000 0.00000 0.00000 0.00000 0.00000 0.00000 0.00000 0.00000 0.00000 0.00000 0.00000 0.00000 0.00000 0.00000 0.00000 0.00000 0.00000 0.00000 0.00000 0.00000 0.00000 0.00000 0.00000 0.00000 0.00000 0.00000 0.00000 0.00000 0.00000 0.00000 0.00000 0.00000 0.00000 0.00000 0.00000 0.00000 0.00000 0.00000 0.00000 0.00000 0.00000 0.00000 0.00000 0.00000 0.00000 0.00000 0.00000 0.00000
0.83991 0.00000 0.00000 0.00000 0.00000 0.00000 0.00000 0.00000 0.00000 0.00000 0.00000 0.00000 0.00000 0.00000 0.00000 0.00000 0.00000 0.00000 0.00000 0.00000 0.00000 0.00000 0.00000 0.00000 0.00000 0.00000 0.00000 0.00000 0.00000 0.00000 0.00000 0.00000 0.00000 0.00000 0.00000 0.00000 0.00000 0.00000 0.00000 0.00000 0.00000 0.00000 0.00000 0.00000 0.00000 0.00000 0.00000 0.00000 0.00000 0.00000 0.00000 0.00000 0.00000 0.00000
