0.56991 0.52923 0.49403 0.46330 0.43633 0.41263 0.39191 0.37412 0.35950 0.34862 0.34249 0.34250 0.35026 0.36738 0.39533 0.43606 0.49386 0.57685 0.69921 0.91085
0.53666 0.49542 0.46011 0.42960 0.40307 0.37996 0.35994 0.34296 0.32925 0.31942 0.31452 0.31597 0.32543 0.34452 0.37473 0.41805 0.47888 0.56553 0.69230 0.00000
0.49707 0.45571 0.42076 0.39093 0.36527 0.34319 0.32435 0.30869 0.29650 0.28845 0.28565 0.28958 0.30192 0.32425 0.35800 0.40518 0.47036 0.56174 0.00000 0.00000
0.45489 0.41364 0.37936 0.35053 0.32613 0.30551 0.28836 0.27467 0.26484 0.25965 0.26031 0.26836 0.28544 0.31297 0.35217 0.40498 0.47594 0.00000 0.00000 0.00000
0.41137 0.37043 0.33713 0.30969 0.28700 0.26839 0.25362 0.24280 0.23646 0.23559 0.24151 0.25581 0.27995 0.31495 0.36155 0.42133 0.00000 0.00000 0.00000 0.00000
0.36716 0.32681 0.29488 0.26934 0.24896 0.23312 0.22166 0.21486 0.21348 0.21869 0.23197 0.25480 0.28825 0.33260 0.38768 0.00000 0.00000 0.00000 0.00000 0.00000
0.32247 0.28309 0.25315 0.23025 0.21307 0.20103 0.19412 0.19283 0.19815 0.21146 0.23428 0.26777 0.31221 0.36661 0.00000 0.00000 0.00000 0.00000 0.00000 0.00000
0.27720 0.23954 0.21257 0.19345 0.18074 0.17394 0.17320 0.17926 0.19332 0.21688 0.25127 0.29692 0.35273 0.00000 0.00000 0.00000 0.00000 0.00000 0.00000 0.00000
0.23124 0.19665 0.17426 0.16061 0.15418 0.15453 0.16202 0.17760 0.20262 0.23849 0.28588 0.34388 0.00000 0.00000 0.00000 0.00000 0.00000 0.00000 0.00000 0.00000
0.18443 0.15548 0.14029 0.13464 0.13693 0.14687 0.16502 0.19250 0.23061 0.28020 0.34064 0.00000 0.00000 0.00000 0.00000 0.00000 0.00000 0.00000 0.00000 0.00000
0.13656 0.11840 0.11464 0.12053 0.13467 0.15705 0.18846 0.23002 0.28259 0.34572 0.00000 0.00000 0.00000 0.00000 0.00000 0.00000 0.00000 0.00000 0.00000 0.00000
0.08735 0.09121 0.10547 0.12741 0.15684 0.19442 0.24116 0.29787 0.36418 0.00000 0.00000 0.00000 0.00000 0.00000 0.00000 0.00000 0.00000 0.00000 0.00000 0.00000
0.03642 0.09185 0.13210 0.17352 0.22012 0.27383 0.33568 0.40539 0.00000 0.00000 0.00000 0.00000 0.00000 0.00000 0.00000 0.00000 0.00000 0.00000 0.00000 0.00000
0.00000 0.21116 0.25263 0.30107 0.35692 0.42031 0.49019 0.00000 0.00000 0.00000 0.00000 0.00000 0.00000 0.00000 0.00000 0.00000 0.00000 0.00000 0.00000 0.00000
0.07229 0.18214 0.25234 0.31748 0.38418 0.45340 0.00000 0.00000 0.00000 0.00000 0.00000 0.00000 0.00000 0.00000 0.00000 0.00000 0.00000 0.00000 0.00000 0.00000
0.13081 0.21711 0.28927 0.35860 0.42740 0.00000 0.00000 0.00000 0.00000 0.00000 0.00000 0.00000 0.00000 0.00000 0.00000 0.00000 0.00000 0.00000 0.00000 0.00000
0.19225 0.26957 0.34094 0.40956 0.00000 0.00000 0.00000 0.00000 0.00000 0.00000 0.00000 0.00000 0.00000 0.00000 0.00000 0.00000 0.00000 0.00000 0.00000 0.00000
0.25614 0.32906 0.39766 0.00000 0.00000 0.00000 0.00000 0.00000 0.00000 0.00000 0.00000 0.00000 0.00000 0.00000 0.00000 0.00000 0.00000 0.00000 0.00000 0.00000
0.32125 0.38994 0.00000 0.00000 0.00000 0.00000 0.00000 0.00000 0.00000 0.00000 0.00000 0.00000 0.00000 0.00000 0.00000 0.00000 0.00000 0.00000 0.00000 0.00000
0.38504 0.00000 0.00000 0.00000 0.00000 0.00000 0.00000 0.00000 0.00000 0.00000 0.00000 0.00000 0.00000 0.00000 0.00000 0.00000 0.00000 0.00000 0.00000 0.00000
