0.00000 1.12468 1.14124 1.15859 1.17229 1.18719 1.20321 1.21924 1.23705 1.25541 1.27419 1.29294 1.31166 1.33153 1.35013 1.36865 1.38682 1.40470 1.42204 1.43898 1.45802 1.47838 1.50133 1.52803 1.55990 1.59894 1.67769 1.77005 1.87742 2.00441 2.16146 2.36001 2.62717 3.01466 3.64825 4.85523 7.60633
0.00000 1.12602 1.14236 1.15938 1.17298 1.18766 1.20352 1.21935 1.23677 1.25470 1.27299 1.29116 1.30925 1.32843 1.34631 1.36411 1.38157 1.39878 1.41552 1.43202 1.45078 1.47104 1.49414 1.52121 1.55363 1.62410 1.70538 1.80023 1.91012 2.04014 2.20071 2.40422 2.67822 3.07698 3.72944 4.97183 0.00000
0.00000 1.12720 1.14320 1.15985 1.17327 1.18768 1.20328 1.21881 1.23577 1.25316 1.27088 1.28840 1.30578 1.32419 1.34133 1.35839 1.37515 1.39176 1.40803 1.42428 1.44299 1.46344 1.48696 1.51467 1.57797 1.65080 1.73432 1.83127 1.94382 2.07646 2.24094 2.44944 2.73168 3.14340 3.81842 0.00000 0.00000
0.00000 1.12802 1.14367 1.15985 1.17305 1.18708 1.20234 1.21747 1.23386 1.25065 1.26770 1.28451 1.30112 1.31872 1.33510 1.35144 1.36758 1.38372 1.39971 1.41595 1.43494 1.45587 1.48010 1.53837 1.60388 1.67875 1.76406 1.86322 1.97796 2.11355 2.28184 2.49659 2.78838 3.21585 0.00000 0.00000 0.00000
0.00000 1.12849 1.14364 1.15928 1.17214 1.18574 1.20053 1.21518 1.23091 1.24699 1.26332 1.27935 1.29514 1.31191 1.32756 1.34327 1.35895 1.37482 1.39081 1.40737 1.42694 1.44867 1.50331 1.56370 1.63107 1.70748 1.79466 1.89549 2.01268 2.15104 2.32429 2.54634 2.85000 0.00000 0.00000 0.00000 0.00000
0.00000 1.12836 1.14303 1.15799 1.17044 1.18349 1.19772 1.21178 1.22675 1.24205 1.25758 1.27280 1.28777 1.30374 1.31875 1.33398 1.34943 1.36533 1.38164 1.39886 1.41936 1.47149 1.52820 1.59036 1.65903 1.73704 1.82547 1.92822 2.04757 2.18978 2.36887 2.60023 0.00000 0.00000 0.00000 0.00000 0.00000
0.00000 1.12763 1.14165 1.15584 1.16776 1.18018 1.19372 1.20710 1.22124 1.23569 1.25037 1.26478 1.27897 1.29423 1.30878 1.32379 1.33932 1.35560 1.37260 1.39081 1.44185 1.49608 1.55450 1.61782 1.68781 1.76672 1.85659 1.96092 2.08346 2.23026 2.41697 0.00000 0.00000 0.00000 0.00000 0.00000 0.00000
0.00000 1.12598 1.13935 1.15266 1.16395 1.17562 1.18839 1.20100 1.21423 1.22778 1.24161 1.25526 1.26878 1.28351 1.29786 1.31298 1.32897 1.34604 1.36408 1.41292 1.46620 1.52215 1.58163 1.64612 1.71667 1.79663 1.88749 1.99441 2.12077 2.27377 0.00000 0.00000 0.00000 0.00000 0.00000 0.00000 0.00000
0.00000 1.12337 1.13598 1.14828 1.15882 1.16966 1.18155 1.19333 1.20561 1.21827 1.23128 1.24428 1.25734 1.27181 1.28632 1.30195 1.31883 1.33706 1.38592 1.43700 1.49213 1.54911 1.60964 1.67445 1.74567 1.82616 1.91900 2.02903 2.16073 0.00000 0.00000 0.00000 0.00000 0.00000 0.00000 0.00000 0.00000
0.00000 1.11954 1.13130 1.14251 1.15220 1.16212 1.17307 1.18397 1.19531 1.20712 1.21944 1.23201 1.24489 1.25948 1.27460 1.29118 1.30933 1.35866 1.40986 1.46275 1.51902 1.57700 1.63767 1.70288 1.77415 1.85613 1.95137 2.06593 0.00000 0.00000 0.00000 0.00000 0.00000 0.00000 0.00000 0.00000 0.00000
0.00000 1.11435 1.12514 1.13517 1.14394 1.15286 1.16283 1.17284 1.18330 1.19441 1.20627 1.21870 1.23182 1.24699 1.26317 1.28112 1.33060 1.38250 1.43560 1.48953 1.54691 1.60491 1.66578 1.73069 1.80294 1.88675 1.98569 0.00000 0.00000 0.00000 0.00000 0.00000 0.00000 0.00000 0.00000 0.00000 0.00000
0.00000 1.10759 1.11731 1.12612 1.13388 1.14177 1.15076 1.15995 1.16969 1.18032 1.19204 1.20477 1.21859 1.23483 1.25254 1.30199 1.35425 1.40828 1.46248 1.51741 1.57484 1.63289 1.69316 1.75871 1.83218 1.91903 0.00000 0.00000 0.00000 0.00000 0.00000 0.00000 0.00000 0.00000 0.00000 0.00000 0.00000
0.00000 1.09908 1.10762 1.11518 1.12191 1.12879 1.13686 1.14537 1.15465 1.16517 1.17719 1.19072 1.20576 1.22354 1.27300 1.32539 1.37997 1.43530 1.49059 1.54536 1.60287 1.66008 1.72069 1.78701 1.86283 0.00000 0.00000 0.00000 0.00000 0.00000 0.00000 0.00000 0.00000 0.00000 0.00000 0.00000 0.00000
0.00000 1.08867 1.09595 1.10226 1.10798 1.11391 1.12124 1.12932 1.13853 1.14940 1.16227 1.17714 1.19389 1.24346 1.29613 1.35101 1.40704 1.46368 1.51882 1.57343 1.63003 1.68737 1.74836 1.81652 0.00000 0.00000 0.00000 0.00000 0.00000 0.00000 0.00000 0.00000 0.00000 0.00000 0.00000 0.00000 0.00000
0.00000 1.07620 1.08219 1.08730 1.09210 1.09727 1.10413 1.11215 1.12180 1.13358 1.14787 1.16459 1.21331 1.26620 1.32164 1.37809 1.43560 1.49224 1.54724 1.60057 1.65727 1.71468 1.77706 0.00000 0.00000 0.00000 0.00000 0.00000 0.00000 0.00000 0.00000 0.00000 0.00000 0.00000 0.00000 0.00000 0.00000
0.00000 1.06161 1.06633 1.07034 1.07441 1.07912 1.08591 1.09438 1.10506 1.11836 1.13461 1.18346 1.23570 1.29146 1.34872 1.40681 1.46439 1.52105 1.57472 1.62778 1.68445 1.74288 0.00000 0.00000 0.00000 0.00000 0.00000 0.00000 0.00000 0.00000 0.00000 0.00000 0.00000 0.00000 0.00000 0.00000 0.00000
0.00000 1.04487 1.04842 1.05155 1.05520 1.05986 1.06713 1.07664 1.08900 1.10438 1.15280 1.20547 1.26078 1.31841 1.37762 1.43582 1.49352 1.54889 1.60231 1.65483 1.71240 0.00000 0.00000 0.00000 0.00000 0.00000 0.00000 0.00000 0.00000 0.00000 0.00000 0.00000 0.00000 0.00000 0.00000 0.00000 0.00000
0.00000 1.02603 1.02864 1.03121 1.03489 1.04007 1.04844 1.05964 1.07429 1.12185 1.17429 1.23036 1.28765 1.34734 1.40686 1.46526 1.52162 1.57691 1.62973 1.68250 0.00000 0.00000 0.00000 0.00000 0.00000 0.00000 0.00000 0.00000 0.00000 0.00000 0.00000 0.00000 0.00000 0.00000 0.00000 0.00000 0.00000
0.00000 1.00531 1.00731 1.00981 1.01410 1.02045 1.03061 1.04410 1.09101 1.14276 1.19883 1.25716 1.31672 1.37670 1.43666 1.49360 1.54997 1.60474 1.65774 0.00000 0.00000 0.00000 0.00000 0.00000 0.00000 0.00000 0.00000 0.00000 0.00000 0.00000 0.00000 0.00000 0.00000 0.00000 0.00000 0.00000 0.00000
0.00000 0.98305 0.98494 0.98796 0.99355 1.00178 1.01437 1.05989 1.11134 1.16690 1.22538 1.28643 1.34626 1.40673 1.46526 1.52226 1.57807 1.63317 0.00000 0.00000 0.00000 0.00000 0.00000 0.00000 0.00000 0.00000 0.00000 0.00000 0.00000 0.00000 0.00000 0.00000 0.00000 0.00000 0.00000 0.00000 0.00000
0.00000 0.95975 0.96215 0.96642 0.97406 0.98482 1.02941 1.07939 1.13507 1.19312 1.25467 1.31627 1.37663 1.43540 1.49431 1.55061 1.60671 0.00000 0.00000 0.00000 0.00000 0.00000 0.00000 0.00000 0.00000 0.00000 0.00000 0.00000 0.00000 0.00000 0.00000 0.00000 0.00000 0.00000 0.00000 0.00000 0.00000
0.00000 0.93611 0.93975 0.94603 0.95642 0.99904 1.04833 1.10239 1.16091 1.22241 1.28458 1.34723 1.40542 1.46462 1.52298 1.57941 0.00000 0.00000 0.00000 0.00000 0.00000 0.00000 0.00000 0.00000 0.00000 0.00000 0.00000 0.00000 0.00000 0.00000 0.00000 0.00000 0.00000 0.00000 0.00000 0.00000 0.00000
0.00000 0.91295 0.91859 0.92759 0.97005 1.01724 1.07097 1.12732 1.19028 1.25233 1.31594 1.37644 1.43490 1.49324 1.55201 0.00000 0.00000 0.00000 0.00000 0.00000 0.00000 0.00000 0.00000 0.00000 0.00000 0.00000 0.00000 0.00000 0.00000 0.00000 0.00000 0.00000 0.00000 0.00000 0.00000 0.00000 0.00000
0.00000 0.89115 0.89950 0.94019 0.98800 1.03933 1.09531 1.15613 1.22036 1.28425 1.34497 1.40697 1.46345 1.52164 0.00000 0.00000 0.00000 0.00000 0.00000 0.00000 0.00000 0.00000 0.00000 0.00000 0.00000 0.00000 0.00000 0.00000 0.00000 0.00000 0.00000 0.00000 0.00000 0.00000 0.00000 0.00000 0.00000
0.00000 0.87157 0.91141 0.95691 1.01094 1.06185 1.12487 1.18449 1.25432 1.31241 1.37603 1.43706 1.49010 0.00000 0.00000 0.00000 0.00000 0.00000 0.00000 0.00000 0.00000 0.00000 0.00000 0.00000 0.00000 0.00000 0.00000 0.00000 0.00000 0.00000 0.00000 0.00000 0.00000 0.00000 0.00000 0.00000 0.00000
0.00000 0.00000 0.00000 0.00000 0.00000 0.00000 0.00000 0.00000 0.00000 0.00000 0.00000 0.00000 0.00000 0.00000 0.00000 0.00000 0.00000 0.00000 0.00000 0.00000 0.00000 0.00000 0.00000 0.00000 0.00000 0.00000 0.00000 0.00000 0.00000 0.00000 0.00000 0.00000 0.00000 0.00000 0.00000 0.00000 0.00000
0.00000 0.00000 0.00000 0.00000 0.00000 0.00000 0.00000 0.00000 0.00000 0.00000 0.00000 0.00000 0.00000 0.00000 0.00000 0.00000 0.00000 0.00000 0.00000 0.00000 0.00000 0.00000 0.00000 0.00000 0.00000 0.00000 0.00000 0.00000 0.00000 0.00000 0.00000 0.00000 0.00000 0.00000 0.00000 0.00000 0.00000
0.00000 0.00000 0.00000 0.00000 0.00000 0.00000 0.00000 0.00000 0.00000 0.00000 0.00000 0.00000 0.00000 0.00000 0.00000 0.00000 0.00000 0.00000 0.00000 0.00000 0.00000 0.00000 0.00000 0.00000 0.00000 0.00000 0.00000 0.00000 0.00000 0.00000 0.00000 0.00000 0.00000 0.00000 0.00000 0.00000 0.00000
0.00000 0.00000 0.00000 0.00000 0.00000 0.00000 0.00000 0.00000 0.00000 0.00000 0.00000 0.00000 0.00000 0.00000 0.00000 0.00000 0.00000 0.00000 0.00000 0.00000 0.00000 0.00000 0.00000 0.00000 0.00000 0.00000 0.00000 0.00000 0.00000 0.00000 0.00000 0.00000 0.00000 0.00000 0.00000 0.00000 0.00000
0.00000 0.00000 0.00000 0.00000 0.00000 0.00000 0.00000 0.00000 0.00000 0.00000 0.00000 0.00000 0.00000 0.00000 0.00000 0.00000 0.00000 0.00000 0.00000 0.00000 0.00000 0.00000 0.00000 0.00000 0.00000 0.00000 0.00000 0.00000 0.00000 0.00000 0.00000 0.00000 0.00000 0.00000 0.00000 0.00000 0.00000
0.00000 0.00000 0.00000 0.00000 0.00000 0.00000 0.00000 0.00000 0.00000 0.00000 0.00000 0.00000 0.00000 0.00000 0.00000 0.00000 0.00000 0.00000 0.00000 0.00000 0.00000 0.00000 0.00000 0.00000 0.00000 0.00000 0.00000 0.00000 0.00000 0.00000 0.00000 0.00000 0.00000 0.00000 0.00000 0.00000 0.00000
0.00000 0.00000 0.00000 0.00000 0.00000 0.00000 0.00000 0.00000 0.00000 0.00000 0.00000 0.00000 0.00000 0.00000 0.00000 0.00000 0.00000 0.00000 0.00000 0.00000 0.00000 0.00000 0.00000 0.00000 0.00000 0.00000 0.00000 0.00000 0.00000 0.00000 0.00000 0.00000 0.00000 0.00000 0.00000 0.00000 0.00000
0.00000 0.00000 0.00000 0.00000 0.00000 0.00000 0.00000 0.00000 0.00000 0.00000 0.00000 0.00000 0.00000 0.00000 0.00000 0.00000 0.00000 0.00000 0.00000 0.00000 0.00000 0.00000 0.00000 0.00000 0.00000 0.00000 0.00000 0.00000 0.00000 0.00000 0.00000 0.00000 0.00000 0.00000 0.00000 0.00000 0.00000
0.00000 0.00000 0.00000 0.00000 0.00000 0.00000 0.00000 0.00000 0.00000 0.00000 0.00000 0.00000 0.00000 0.00000 0.00000 0.00000 0.00000 0.00000 0.00000 0.00000 0.00000 0.00000 0.00000 0.00000 0.00000 0.00000 0.00000 0.00000 0.00000 0.00000 0.00000 0.00000 0.00000 0.00000 0.00000 0.00000 0.00000
0.00000 0.00000 0.00000 0.00000 0.00000 0.00000 0.00000 0.00000 0.00000 0.00000 0.00000 0.00000 0.00000 0.00000 0.00000 0.00000 0.00000 0.00000 0.00000 0.00000 0.00000 0.00000 0.00000 0.00000 0.00000 0.00000 0.00000 0.00000 0.00000 0.00000 0.00000 0.00000 0.00000 0.00000 0.00000 0.00000 0.00000
0.00000 0.00000 0.00000 0.00000 0.00000 0.00000 0.00000 0.00000 0.00000 0.00000 0.00000 0.00000 0.00000 0.00000 0.00000 0.00000 0.00000 0.00000 0.00000 0.00000 0.00000 0.00000 0.00000 0.00000 0.00000 0.00000 0.00000 0.00000 0.00000 0.00000 0.00000 0.00000 0.00000 0.00000 0.00000 0.00000 0.00000
0.00000 0.00000 0.00000 0.00000 0.00000 0.00000 0.00000 0.00000 0.00000 0.00000 0.00000 0.00000 0.00000 0.00000 0.00000 0.00000 0.00000 0.00000 0.00000 0.00000 0.00000 0.00000 0.00000 0.00000 0.00000 0.00000 0.00000 0.00000 0.00000 0.00000 0.00000 0.00000 0.00000 0.00000 0.00000 0.00000 0.00000
