0.73030 0.72524 0.72241 0.72180 0.72323 0.72658 0.73207 0.73986 0.74997 0.76267 0.77809 0.79668 0.81921 0.84657 0.87996 0.92098 0.97174 1.03537 1.11606 1.21861 1.35050 1.52087 1.74162 2.03016 2.42295 2.99920 3.95689 5.70790
0.71969 0.71482 0.71226 0.71199 0.71379 0.71756 0.72350 0.73179 0.74244 0.75572 0.77176 0.79103 0.81430 0.84248 0.87681 0.91891 0.97091 1.03603 1.11852 1.22328 1.35791 1.53172 1.75678 2.05081 2.45099 3.03811 4.01382 0.00000
0.70552 0.70102 0.69889 0.69913 0.70147 0.70579 0.71233 0.72125 0.73255 0.74654 0.76332 0.78337 0.80749 0.83661 0.87197 0.91526 0.96861 1.03535 1.11982 1.22697 1.36455 1.54208 1.77176 2.07166 2.48006 3.08003 0.00000 0.00000
0.69041 0.68637 0.68475 0.68560 0.68854 0.69350 0.70070 0.71031 0.72235 0.73710 0.75468 0.77558 0.80062 0.83074 0.86724 0.91181 0.96660 1.03510 1.12171 1.23147 1.37227 1.55386 1.78862 2.09518 2.51376 0.00000 0.00000 0.00000
0.67439 0.67091 0.66990 0.67142 0.67508 0.68075 0.68870 0.69908 0.71192 0.72751 0.74596 0.76779 0.79383 0.82504 0.86276 0.90874 0.96516 1.03559 1.12460 1.23730 1.38173 1.56787 1.80861 2.12380 0.00000 0.00000 0.00000 0.00000
0.65738 0.65457 0.65428 0.65654 0.66104 0.66752 0.67630 0.68755 0.70127 0.71780 0.73721 0.76004 0.78717 0.81958 0.85865 0.90620 0.96450 1.03714 1.12894 1.24508 1.39377 1.58540 1.83408 0.00000 0.00000 0.00000 0.00000 0.00000
0.63916 0.63721 0.63777 0.64086 0.64630 0.65371 0.66342 0.67564 0.69035 0.70793 0.72840 0.75234 0.78067 0.81442 0.85502 0.90437 0.96489 1.04020 1.13534 1.25564 1.40971 1.60882 0.00000 0.00000 0.00000 0.00000 0.00000 0.00000
0.61950 0.61861 0.62021 0.62427 0.63076 0.63923 0.65001 0.66331 0.67912 0.69789 0.71953 0.74471 0.77438 0.80966 0.85203 0.90351 0.96669 1.04529 1.14459 1.27028 1.43184 0.00000 0.00000 0.00000 0.00000 0.00000 0.00000 0.00000
0.59821 0.59859 0.60145 0.60670 0.61436 0.62409 0.63604 0.65058 0.66763 0.68768 0.71063 0.73721 0.76842 0.80546 0.84994 0.90402 0.97047 1.05323 1.15795 1.29127 0.00000 0.00000 0.00000 0.00000 0.00000 0.00000 0.00000 0.00000
0.57509 0.57700 0.58138 0.58810 0.59712 0.60831 0.62159 0.63756 0.65599 0.67746 0.70188 0.73005 0.76306 0.80222 0.84929 0.90658 0.97717 1.06542 1.17785 0.00000 0.00000 0.00000 0.00000 0.00000 0.00000 0.00000 0.00000 0.00000
0.55002 0.55381 0.56005 0.56854 0.57920 0.59202 0.60685 0.62443 0.64442 0.66747 0.69360 0.72363 0.75880 0.80056 0.85086 0.91224 0.98834 1.08447 0.00000 0.00000 0.00000 0.00000 0.00000 0.00000 0.00000 0.00000 0.00000 0.00000
0.52302 0.52914 0.53764 0.54821 0.56082 0.57548 0.59211 0.61148 0.63325 0.65812 0.68624 0.71849 0.75631 0.80134 0.85580 0.92268 1.00674 0.00000 0.00000 0.00000 0.00000 0.00000 0.00000 0.00000 0.00000 0.00000 0.00000 0.00000
0.49414 0.50315 0.51435 0.52737 0.54228 0.55900 0.57769 0.59908 0.62288 0.64988 0.68041 0.71537 0.75653 0.80578 0.86587 0.94086 0.00000 0.00000 0.00000 0.00000 0.00000 0.00000 0.00000 0.00000 0.00000 0.00000 0.00000 0.00000
0.46343 0.47604 0.49046 0.50637 0.52396 0.54302 0.56408 0.58776 0.61393 0.64349 0.67698 0.71535 0.76083 0.81581 0.88418 0.00000 0.00000 0.00000 0.00000 0.00000 0.00000 0.00000 0.00000 0.00000 0.00000 0.00000 0.00000 0.00000
0.43086 0.44799 0.46630 0.48562 0.50636 0.52815 0.55191 0.57827 0.60725 0.63994 0.67710 0.71995 0.77132 0.83483 0.00000 0.00000 0.00000 0.00000 0.00000 0.00000 0.00000 0.00000 0.00000 0.00000 0.00000 0.00000 0.00000 0.00000
0.39650 0.41933 0.44240 0.46577 0.49019 0.51518 0.54209 0.57162 0.60403 0.64063 0.68248 0.73149 0.79167 0.00000 0.00000 0.00000 0.00000 0.00000 0.00000 0.00000 0.00000 0.00000 0.00000 0.00000 0.00000 0.00000 0.00000 0.00000
0.36041 0.39053 0.41952 0.44770 0.47640 0.50519 0.53582 0.56919 0.60583 0.64747 0.69571 0.75392 0.00000 0.00000 0.00000 0.00000 0.00000 0.00000 0.00000 0.00000 0.00000 0.00000 0.00000 0.00000 0.00000 0.00000 0.00000 0.00000
0.32270 0.36232 0.39869 0.43264 0.46637 0.49968 0.53475 0.57284 0.61487 0.66337 0.72121 0.00000 0.00000 0.00000 0.00000 0.00000 0.00000 0.00000 0.00000 0.00000 0.00000 0.00000 0.00000 0.00000 0.00000 0.00000 0.00000 0.00000
0.28346 0.33575 0.38138 0.42237 0.46211 0.50076 0.54123 0.58526 0.63455 0.69330 0.00000 0.00000 0.00000 0.00000 0.00000 0.00000 0.00000 0.00000 0.00000 0.00000 0.00000 0.00000 0.00000 0.00000 0.00000 0.00000 0.00000 0.00000
0.24278 0.31256 0.36999 0.41961 0.46652 0.51152 0.55867 0.61062 0.67074 0.00000 0.00000 0.00000 0.00000 0.00000 0.00000 0.00000 0.00000 0.00000 0.00000 0.00000 0.00000 0.00000 0.00000 0.00000 0.00000 0.00000 0.00000 0.00000
0.20073 0.29586 0.36857 0.42867 0.48404 0.53666 0.59250 0.65615 0.00000 0.00000 0.00000 0.00000 0.00000 0.00000 0.00000 0.00000 0.00000 0.00000 0.00000 0.00000 0.00000 0.00000 0.00000 0.00000 0.00000 0.00000 0.00000 0.00000
0.15732 0.29175 0.38438 0.45683 0.52191 0.58398 0.65226 0.00000 0.00000 0.00000 0.00000 0.00000 0.00000 0.00000 0.00000 0.00000 0.00000 0.00000 0.00000 0.00000 0.00000 0.00000 0.00000 0.00000 0.00000 0.00000 0.00000 0.00000
0.11239 0.31445 0.43210 0.51751 0.59313 0.66775 0.00000 0.00000 0.00000 0.00000 0.00000 0.00000 0.00000 0.00000 0.00000 0.00000 0.00000 0.00000 0.00000 0.00000 0.00000 0.00000 0.00000 0.00000 0.00000 0.00000 0.00000 0.00000
0.06578 0.40714 0.54642 0.63879 0.72361 0.00000 0.00000 0.00000 0.00000 0.00000 0.00000 0.00000 0.00000 0.00000 0.00000 0.00000 0.00000 0.00000 0.00000 0.00000 0.00000 0.00000 0.00000 0.00000 0.00000 0.00000 0.00000 0.00000
0.00000 0.78734 0.83376 0.89005 0.00000 0.00000 0.00000 0.00000 0.00000 0.00000 0.00000 0.00000 0.00000 0.00000 0.00000 0.00000 0.00000 0.00000 0.00000 0.00000 0.00000 0.00000 0.00000 0.00000 0.00000 0.00000 0.00000 0.00000
0.03345 0.43704 0.61218 0.00000 0.00000 0.00000 0.00000 0.00000 0.00000 0.00000 0.00000 0.00000 0.00000 0.00000 0.00000 0.00000 0.00000 0.00000 0.00000 0.00000 0.00000 0.00000 0.00000 0.00000 0.00000 0.00000 0.00000 0.00000
0.08788 0.36501 0.00000 0.00000 0.00000 0.00000 0.00000 0.00000 0.00000 0.00000 0.00000 0.00000 0.00000 0.00000 0.00000 0.00000 0.00000 0.00000 0.00000 0.00000 0.00000 0.00000 0.00000 0.00000 0.00000 0.00000 0.00000 0.00000
0.14840 0.00000 0.00000 0.00000 0.00000 0.00000 0.00000 0.00000 0.00000 0.00000 0.00000 0.00000 0.00000 0.00000 0.00000 0.00000 0.00000 0.00000 0.00000 0.00000 0.00000 0.00000 0.00000 0.00000 0.00000 0.00000 0.00000 0.00000
