0.00000 0.96854 0.95753 0.93489 0.90307 0.86315 0.81676 0.76609 0.71360 0.66160 0.61193 0.56582 0.52393 0.48641 0.45307 0.42358 0.39762 0.39871 0.40394 0.42543 0.49804 0.67707
0.00000 0.94651 0.91807 0.88125 0.83680 0.78640 0.73235 0.67719 0.62323 0.57230 0.52555 0.48351 0.44623 0.41342 0.38462 0.35939 0.35984 0.36211 0.37173 0.40574 0.50513 0.00000
0.00000 0.88963 0.84861 0.80023 0.74637 0.68952 0.63230 0.57705 0.52552 0.47878 0.43722 0.40075 0.36899 0.34139 0.31741 0.31770 0.31924 0.32590 0.34853 0.40872 0.00000 0.00000
0.00000 0.80760 0.75553 0.69862 0.63949 0.58083 0.52495 0.47351 0.42742 0.38695 0.35186 0.32166 0.29570 0.27337 0.27358 0.27480 0.28040 0.29992 0.34923 0.00000 0.00000 0.00000
0.00000 0.70346 0.64413 0.58346 0.52414 0.46842 0.41783 0.37311 0.33437 0.30123 0.27307 0.24917 0.22884 0.22899 0.22995 0.23471 0.25233 0.29828 0.00000 0.00000 0.00000 0.00000
0.00000 0.58480 0.52345 0.46436 0.40966 0.36070 0.31805 0.28164 0.25095 0.22524 0.20374 0.18568 0.18579 0.18652 0.19042 0.20589 0.24863 0.00000 0.00000 0.00000 0.00000 0.00000
0.00000 0.46211 0.40415 0.35128 0.30468 0.26470 0.23111 0.20325 0.18030 0.16140 0.14576 0.14584 0.14637 0.14943 0.16244 0.20075 0.00000 0.00000 0.00000 0.00000 0.00000 0.00000
0.00000 0.34619 0.29587 0.25220 0.21535 0.18491 0.16011 0.14004 0.12381 0.11061 0.11066 0.11103 0.11333 0.12380 0.15665 0.00000 0.00000 0.00000 0.00000 0.00000 0.00000 0.00000
0.00000 0.24556 0.20521 0.17174 0.14459 0.12290 0.10568 0.09204 0.08116 0.08119 0.08144 0.08311 0.09117 0.11812 0.00000 0.00000 0.00000 0.00000 0.00000 0.00000 0.00000 0.00000
0.00000 0.16486 0.13483 0.11094 0.09223 0.07771 0.06645 0.05767 0.05769 0.05786 0.05902 0.06498 0.08616 0.00000 0.00000 0.00000 0.00000 0.00000 0.00000 0.00000 0.00000 0.00000
0.00000 0.10480 0.08398 0.06802 0.05592 0.04677 0.03981 0.03982 0.03993 0.04071 0.04496 0.06097 0.00000 0.00000 0.00000 0.00000 0.00000 0.00000 0.00000 0.00000 0.00000 0.00000
0.00000 0.06315 0.04963 0.03963 0.03226 0.02681 0.02681 0.02688 0.02739 0.03034 0.04203 0.00000 0.00000 0.00000 0.00000 0.00000 0.00000 0.00000 0.00000 0.00000 0.00000 0.00000
0.00000 0.03611 0.02787 0.02196 0.01772 0.01773 0.01777 0.01810 0.02009 0.02839 0.00000 0.00000 0.00000 0.00000 0.00000 0.00000 0.00000 0.00000 0.00000 0.00000 0.00000 0.00000
0.00000 0.01962 0.01489 0.01159 0.01159 0.01162 0.01183 0.01315 0.01894 0.00000 0.00000 0.00000 0.00000 0.00000 0.00000 0.00000 0.00000 0.00000 0.00000 0.00000 0.00000 0.00000
0.00000 0.01015 0.00758 0.00758 0.00759 0.00773 0.00860 0.01260 0.00000 0.00000 0.00000 0.00000 0.00000 0.00000 0.00000 0.00000 0.00000 0.00000 0.00000 0.00000 0.00000 0.00000
0.00000 0.00500 0.00500 0.00501 0.00510 0.00568 0.00844 0.00000 0.00000 0.00000 0.00000 0.00000 0.00000 0.00000 0.00000 0.00000 0.00000 0.00000 0.00000 0.00000 0.00000 0.00000
0.00000 0.00000 0.00000 0.00000 0.00000 0.00000 0.00000 0.00000 0.00000 0.00000 0.00000 0.00000 0.00000 0.00000 0.00000 0.00000 0.00000 0.00000 0.00000 0.00000 0.00000 0.00000
0.00000 0.00000 0.00000 0.00000 0.00000 0.00000 0.00000 0.00000 0.00000 0.00000 0.00000 0.00000 0.00000 0.00000 0.00000 0.00000 0.00000 0.00000 0.00000 0.00000 0.00000 0.00000
0.00000 0.00000 0.00000 0.00000 0.00000 0.00000 0.00000 0.00000 0.00000 0.00000 0.00000 0.00000 0.00000 0.00000 0.00000 0.00000 0.00000 0.00000 0.00000 0.00000 0.00000 0.00000
0.00000 0.00000 0.00000 0.00000 0.00000 0.00000 0.00000 0.00000 0.00000 0.00000 0.00000 0.00000 0.00000 0.00000 0.00000 0.00000 0.00000 0.00000 0.00000 0.00000 0.00000 0.00000
0.00000 0.00000 0.00000 0.00000 0.00000 0.00000 0.00000 0.00000 0.00000 0.00000 0.00000 0.00000 0.00000 0.00000 0.00000 0.00000 0.00000 0.00000 0.00000 0.00000 0.00000 0.00000
0.00000 0.00000 0.00000 0.00000 0.00000 0.00000 0.00000 0.00000 0.00000 0.00000 0.00000 0.00000 0.00000 0.00000 0.00000 0.00000 0.00000 0.00000 0.00000 0.00000 0.00000 0.00000
