0.66441 0.63886 0.61520 0.59323 0.57278 0.55369 0.53584 0.51912 0.50342 0.48867 0.47480 0.46176 0.44951 0.43805 0.42739 0.41756 0.40865 0.40076 0.39406 0.38874 0.38506 0.38337 0.38420 0.38837 0.39733 0.41339 0.44008 0.48240 0.54771 0.64931 0.81946 1.15054
0.65066 0.62463 0.60061 0.57837 0.55772 0.53849 0.52055 0.50378 0.48807 0.47334 0.45951 0.44654 0.43437 0.42301 0.41247 0.40277 0.39400 0.38628 0.37976 0.37465 0.37123 0.36987 0.37114 0.37602 0.38612 0.40403 0.43347 0.47944 0.54885 0.65441 0.82795 0.00000
0.63470 0.60825 0.58392 0.56147 0.54068 0.52137 0.50341 0.48665 0.47099 0.45633 0.44260 0.42974 0.41771 0.40650 0.39611 0.38659 0.37802 0.37051 0.36423 0.35939 0.35633 0.35548 0.35762 0.36400 0.37666 0.39862 0.43372 0.48637 0.56228 0.67267 0.00000 0.00000
0.61787 0.59101 0.56638 0.54373 0.52282 0.50347 0.48550 0.46878 0.45319 0.43864 0.42503 0.41231 0.40045 0.38941 0.37922 0.36990 0.36155 0.35429 0.34829 0.34382 0.34129 0.34135 0.34508 0.35425 0.37141 0.39978 0.44270 0.50324 0.58531 0.00000 0.00000 0.00000
0.59996 0.57269 0.54779 0.52497 0.50398 0.48460 0.46667 0.45003 0.43455 0.42013 0.40669 0.39415 0.38248 0.37165 0.36168 0.35261 0.34452 0.33756 0.33194 0.32804 0.32643 0.32814 0.33476 0.34860 0.37247 0.40908 0.46040 0.52762 0.00000 0.00000 0.00000 0.00000
0.58075 0.55309 0.52796 0.50500 0.48397 0.46462 0.44677 0.43025 0.41492 0.40069 0.38745 0.37514 0.36371 0.35313 0.34343 0.33465 0.32689 0.32034 0.31531 0.31236 0.31246 0.31715 0.32860 0.34938 0.38177 0.42707 0.48527 0.00000 0.00000 0.00000 0.00000 0.00000
0.56009 0.53209 0.50675 0.48372 0.46270 0.44343 0.42571 0.40937 0.39426 0.38026 0.36728 0.35524 0.34410 0.33383 0.32446 0.31604 0.30873 0.30279 0.29877 0.29759 0.30078 0.31047 0.32911 0.35871 0.40006 0.45241 0.00000 0.00000 0.00000 0.00000 0.00000 0.00000
0.53790 0.50960 0.48412 0.46107 0.44012 0.42100 0.40348 0.38738 0.37255 0.35884 0.34618 0.33447 0.32368 0.31379 0.30483 0.29690 0.29026 0.28538 0.28320 0.28523 0.29361 0.31076 0.33854 0.37742 0.42603 0.00000 0.00000 0.00000 0.00000 0.00000 0.00000 0.00000
0.51416 0.48560 0.46005 0.43705 0.41625 0.39735 0.38011 0.36432 0.34983 0.33649 0.32421 0.31291 0.30254 0.29311 0.28470 0.27750 0.27198 0.26905 0.27020 0.27762 0.29373 0.32037 0.35778 0.40416 0.00000 0.00000 0.00000 0.00000 0.00000 0.00000 0.00000 0.00000
0.48889 0.46013 0.43458 0.41172 0.39115 0.37255 0.35566 0.34027 0.32619 0.31330 0.30148 0.29067 0.28083 0.27201 0.26439 0.25840 0.25492 0.25546 0.26221 0.27765 0.30362 0.34027 0.38546 0.00000 0.00000 0.00000 0.00000 0.00000 0.00000 0.00000 0.00000 0.00000
0.46218 0.43330 0.40783 0.38519 0.36494 0.34674 0.33029 0.31538 0.30181 0.28944 0.27818 0.26796 0.25880 0.25085 0.24453 0.24068 0.24083 0.24718 0.26227 0.28796 0.32433 0.36906 0.00000 0.00000 0.00000 0.00000 0.00000 0.00000 0.00000 0.00000 0.00000 0.00000
0.43421 0.40527 0.37997 0.35764 0.33782 0.32011 0.30420 0.28986 0.27689 0.26515 0.25456 0.24510 0.23689 0.23034 0.22627 0.22622 0.23241 0.24742 0.27314 0.30964 0.35442 0.00000 0.00000 0.00000 0.00000 0.00000 0.00000 0.00000 0.00000 0.00000 0.00000 0.00000
0.40521 0.37629 0.35124 0.32933 0.31003 0.29291 0.27764 0.26397 0.25171 0.24073 0.23098 0.22257 0.21586 0.21170 0.21160 0.21783 0.23300 0.25906 0.29602 0.34126 0.00000 0.00000 0.00000 0.00000 0.00000 0.00000 0.00000 0.00000 0.00000 0.00000 0.00000 0.00000
0.37546 0.34662 0.32192 0.30054 0.28187 0.26545 0.25093 0.23805 0.22663 0.21658 0.20798 0.20118 0.19701 0.19700 0.20344 0.21901 0.24565 0.28339 0.32943 0.00000 0.00000 0.00000 0.00000 0.00000 0.00000 0.00000 0.00000 0.00000 0.00000 0.00000 0.00000 0.00000
0.34530 0.31659 0.29233 0.27157 0.25365 0.23805 0.22440 0.21246 0.20207 0.19328 0.18642 0.18232 0.18251 0.18934 0.20549 0.23298 0.27177 0.31892 0.00000 0.00000 0.00000 0.00000 0.00000 0.00000 0.00000 0.00000 0.00000 0.00000 0.00000 0.00000 0.00000 0.00000
0.31502 0.28649 0.26277 0.24276 0.22571 0.21106 0.19845 0.18764 0.17864 0.17174 0.16776 0.16827 0.17563 0.19259 0.22116 0.26127 0.30983 0.00000 0.00000 0.00000 0.00000 0.00000 0.00000 0.00000 0.00000 0.00000 0.00000 0.00000 0.00000 0.00000 0.00000 0.00000
0.28494 0.25663 0.23354 0.21441 0.19838 0.18486 0.17351 0.16424 0.15730 0.15350 0.15443 0.16250 0.18048 0.21040 0.25212 0.30238 0.00000 0.00000 0.00000 0.00000 0.00000 0.00000 0.00000 0.00000 0.00000 0.00000 0.00000 0.00000 0.00000 0.00000 0.00000 0.00000
0.25530 0.22723 0.20491 0.18682 0.17201 0.15990 0.15024 0.14324 0.13967 0.14115 0.15013 0.16941 0.20100 0.24467 0.29694 0.00000 0.00000 0.00000 0.00000 0.00000 0.00000 0.00000 0.00000 0.00000 0.00000 0.00000 0.00000 0.00000 0.00000 0.00000 0.00000 0.00000
0.22628 0.19849 0.17710 0.16030 0.14703 0.13682 0.12970 0.12642 0.12861 0.13876 0.15969 0.19336 0.23940 0.29406 0.00000 0.00000 0.00000 0.00000 0.00000 0.00000 0.00000 0.00000 0.00000 0.00000 0.00000 0.00000 0.00000 0.00000 0.00000 0.00000 0.00000 0.00000
0.19792 0.17050 0.15032 0.13521 0.12410 0.11678 0.11387 0.11699 0.12866 0.15172 0.18803 0.23701 0.29454 0.00000 0.00000 0.00000 0.00000 0.00000 0.00000 0.00000 0.00000 0.00000 0.00000 0.00000 0.00000 0.00000 0.00000 0.00000 0.00000 0.00000 0.00000 0.00000
0.17013 0.14328 0.12486 0.11225 0.10455 0.10211 0.10648 0.12020 0.14607 0.18580 0.23848 0.29953 0.00000 0.00000 0.00000 0.00000 0.00000 0.00000 0.00000 0.00000 0.00000 0.00000 0.00000 0.00000 0.00000 0.00000 0.00000 0.00000 0.00000 0.00000 0.00000 0.00000
0.14258 0.11692 0.10140 0.09298 0.09121 0.09737 0.11393 0.14362 0.18788 0.24534 0.31075 0.00000 0.00000 0.00000 0.00000 0.00000 0.00000 0.00000 0.00000 0.00000 0.00000 0.00000 0.00000 0.00000 0.00000 0.00000 0.00000 0.00000 0.00000 0.00000 0.00000 0.00000
0.11459 0.09187 0.08192 0.08121 0.09013 0.11087 0.14595 0.19639 0.26013 0.33105 0.00000 0.00000 0.00000 0.00000 0.00000 0.00000 0.00000 0.00000 0.00000 0.00000 0.00000 0.00000 0.00000 0.00000 0.00000 0.00000 0.00000 0.00000 0.00000 0.00000 0.00000 0.00000
0.08496 0.07057 0.07211 0.08593 0.11333 0.15638 0.21547 0.28756 0.36539 0.00000 0.00000 0.00000 0.00000 0.00000 0.00000 0.00000 0.00000 0.00000 0.00000 0.00000 0.00000 0.00000 0.00000 0.00000 0.00000 0.00000 0.00000 0.00000 0.00000 0.00000 0.00000 0.00000
0.05182 0.06392 0.08903 0.12817 0.18349 0.25472 0.33767 0.42365 0.00000 0.00000 0.00000 0.00000 0.00000 0.00000 0.00000 0.00000 0.00000 0.00000 0.00000 0.00000 0.00000 0.00000 0.00000 0.00000 0.00000 0.00000 0.00000 0.00000 0.00000 0.00000 0.00000 0.00000
0.00000 0.13769 0.18974 0.25870 0.34293 0.43648 0.52878 0.00000 0.00000 0.00000 0.00000 0.00000 0.00000 0.00000 0.00000 0.00000 0.00000 0.00000 0.00000 0.00000 0.00000 0.00000 0.00000 0.00000 0.00000 0.00000 0.00000 0.00000 0.00000 0.00000 0.00000 0.00000
0.03624 0.13752 0.22170 0.31205 0.40763 0.49973 0.00000 0.00000 0.00000 0.00000 0.00000 0.00000 0.00000 0.00000 0.00000 0.00000 0.00000 0.00000 0.00000 0.00000 0.00000 0.00000 0.00000 0.00000 0.00000 0.00000 0.00000 0.00000 0.00000 0.00000 0.00000 0.00000
0.09719 0.19309 0.28808 0.38505 0.47671 0.00000 0.00000 0.00000 0.00000 0.00000 0.00000 0.00000 0.00000 0.00000 0.00000 0.00000 0.00000 0.00000 0.00000 0.00000 0.00000 0.00000 0.00000 0.00000 0.00000 0.00000 0.00000 0.00000 0.00000 0.00000 0.00000 0.00000
0.17131 0.26976 0.36765 0.45876 0.00000 0.00000 0.00000 0.00000 0.00000 0.00000 0.00000 0.00000 0.00000 0.00000 0.00000 0.00000 0.00000 0.00000 0.00000 0.00000 0.00000 0.00000 0.00000 0.00000 0.00000 0.00000 0.00000 0.00000 0.00000 0.00000 0.00000 0.00000
0.25598 0.35446 0.44499 0.00000 0.00000 0.00000 0.00000 0.00000 0.00000 0.00000 0.00000 0.00000 0.00000 0.00000 0.00000 0.00000 0.00000 0.00000 0.00000 0.00000 0.00000 0.00000 0.00000 0.00000 0.00000 0.00000 0.00000 0.00000 0.00000 0.00000 0.00000 0.00000
0.34462 0.43460 0.00000 0.00000 0.00000 0.00000 0.00000 0.00000 0.00000 0.00000 0.00000 0.00000 0.00000 0.00000 0.00000 0.00000 0.00000 0.00000 0.00000 0.00000 0.00000 0.00000 0.00000 0.00000 0.00000 0.00000 0.00000 0.00000 0.00000 0.00000 0.00000 0.00000
0.42688 0.00000 0.00000 0.00000 0.00000 0.00000 0.00000 0.00000 0.00000 0.00000 0.00000 0.00000 0.00000 0.00000 0.00000 0.00000 0.00000 0.00000 0.00000 0.00000 0.00000 0.00000 0.00000 0.00000 0.00000 0.00000 0.00000 0.00000 0.00000 0.00000 0.00000 0.00000
