0.00000 1.67213 1.69176 1.69704 1.69932 1.70197 1.70813 1.71642 1.72547 1.73482 1.74416 1.75347 1.76227 1.77146 1.77959 1.78659 1.79230 1.79626 1.80080 1.80512 1.80871 1.81156 1.81357 1.81521 1.81525 1.81424 1.81122 1.80698 1.80158 1.79541 1.78987 1.78519 1.78401 1.78993 1.80766 1.84357 1.90735 2.04904 2.25977 2.57845 3.09664 4.05340 6.12690
0.00000 1.67712 1.67886 1.68098 1.68476 1.69006 1.69863 1.70870 1.71899 1.72920 1.73916 1.74895 1.75814 1.76761 1.77594 1.78304 1.78874 1.79256 1.79684 1.80076 1.80379 1.80593 1.80706 1.80766 1.80647 1.80408 1.79953 1.79361 1.78642 1.77837 1.77089 1.76423 1.76108 1.76506 1.78090 1.81500 1.91067 2.05540 2.27130 2.59831 3.12991 4.11013 0.00000
0.00000 1.64669 1.65264 1.66026 1.66900 1.67805 1.68918 1.70098 1.71244 1.72349 1.73409 1.74439 1.75396 1.76371 1.77220 1.77933 1.78493 1.78851 1.79239 1.79575 1.79805 1.79930 1.79937 1.79872 1.79611 1.79216 1.78589 1.77814 1.76903 1.75901 1.74952 1.74087 1.73577 1.73786 1.75194 1.81626 1.91392 2.06242 2.28467 2.62160 3.16866 0.00000 0.00000
0.00000 1.62506 1.63721 1.64983 1.66201 1.67321 1.68566 1.69827 1.71025 1.72168 1.73257 1.74305 1.75273 1.76248 1.77086 1.77776 1.78298 1.78605 1.78926 1.79179 1.79309 1.79316 1.79189 1.78972 1.78545 1.77968 1.77149 1.76173 1.75056 1.73845 1.72690 1.71623 1.70920 1.70950 1.75287 1.81842 1.91877 2.07220 2.30252 2.65178 0.00000 0.00000 0.00000
0.00000 1.61607 1.63262 1.64798 1.66165 1.67361 1.68640 1.69916 1.71122 1.72269 1.73356 1.74398 1.75350 1.76301 1.77103 1.77745 1.78204 1.78433 1.78659 1.78802 1.78805 1.78667 1.78379 1.77985 1.77368 1.76590 1.75561 1.74371 1.73037 1.71612 1.70250 1.68985 1.68099 1.71020 1.75422 1.82164 1.92579 2.08582 2.32664 0.00000 0.00000 0.00000 0.00000
0.00000 1.61597 1.63446 1.65060 1.66449 1.67641 1.68904 1.70166 1.71359 1.72490 1.73559 1.74576 1.75495 1.76400 1.77145 1.77717 1.78090 1.78218 1.78325 1.78332 1.78182 1.77875 1.77402 1.76810 1.75983 1.74988 1.73737 1.72324 1.70771 1.69133 1.67568 1.66116 1.68122 1.71066 1.75593 1.82631 1.93590 2.10489 0.00000 0.00000 0.00000 0.00000 0.00000
0.00000 1.61966 1.63846 1.65443 1.66799 1.67961 1.69198 1.70438 1.71610 1.72718 1.73757 1.74735 1.75605 1.76446 1.77116 1.77596 1.77862 1.77865 1.77829 1.77677 1.77351 1.76852 1.76173 1.75365 1.74314 1.73091 1.71612 1.69973 1.68202 1.66358 1.64602 1.66074 1.68074 1.71099 1.75857 1.83352 1.95097 0.00000 0.00000 0.00000 0.00000 0.00000 0.00000
0.00000 1.62381 1.64229 1.65782 1.67099 1.68234 1.69447 1.70665 1.71812 1.72889 1.73888 1.74814 1.75618 1.76379 1.76954 1.77321 1.77457 1.77312 1.77111 1.76776 1.76252 1.75541 1.74639 1.73601 1.72316 1.70860 1.69150 1.67290 1.65309 1.63270 1.64487 1.65933 1.67985 1.71199 1.76351 1.84554 0.00000 0.00000 0.00000 0.00000 0.00000 0.00000 0.00000
0.00000 1.62717 1.64524 1.66038 1.67328 1.68445 1.69637 1.70831 1.71947 1.72982 1.73927 1.74785 1.75506 1.76165 1.76624 1.76855 1.76838 1.76521 1.76131 1.75591 1.74849 1.73909 1.72770 1.71492 1.69969 1.68277 1.66342 1.64268 1.62090 1.63081 1.64263 1.65742 1.67956 1.71528 1.77327 0.00000 0.00000 0.00000 0.00000 0.00000 0.00000 0.00000 0.00000
0.00000 1.62960 1.64734 1.66229 1.67502 1.68603 1.69769 1.70932 1.72005 1.72984 1.73856 1.74628 1.75243 1.75779 1.76097 1.76168 1.75972 1.75460 1.74859 1.74093 1.73115 1.71932 1.70547 1.69024 1.67261 1.65339 1.63186 1.60913 1.61834 1.62779 1.63986 1.65613 1.68163 1.72356 0.00000 0.00000 0.00000 0.00000 0.00000 0.00000 0.00000 0.00000 0.00000
0.00000 1.63135 1.64894 1.66379 1.67637 1.68714 1.69847 1.70964 1.71976 1.72878 1.73657 1.74319 1.74804 1.75191 1.75343 1.75228 1.74828 1.74096 1.73263 1.72254 1.71026 1.69591 1.67954 1.66187 1.64188 1.62047 1.59692 1.60591 1.61462 1.62424 1.63773 1.65727 1.68886 0.00000 0.00000 0.00000 0.00000 0.00000 0.00000 0.00000 0.00000 0.00000 0.00000
0.00000 1.63281 1.65027 1.66498 1.67732 1.68772 1.69855 1.70906 1.71835 1.72637 1.73299 1.73825 1.74154 1.74365 1.74323 1.73996 1.73368 1.72396 1.71313 1.70047 1.68559 1.66868 1.64981 1.62974 1.60752 1.58406 1.59302 1.60148 1.61034 1.62133 1.63813 1.66380 0.00000 0.00000 0.00000 0.00000 0.00000 0.00000 0.00000 0.00000 0.00000 0.00000 0.00000
0.00000 1.63408 1.65129 1.66576 1.67770 1.68754 1.69765 1.70726 1.71549 1.72225 1.72742 1.73104 1.73250 1.73257 1.72994 1.72431 1.71554 1.70323 1.68976 1.67444 1.65694 1.63747 1.61617 1.59383 1.56954 1.57941 1.58782 1.59642 1.60669 1.62104 1.64410 0.00000 0.00000 0.00000 0.00000 0.00000 0.00000 0.00000 0.00000 0.00000 0.00000 0.00000 0.00000
0.00000 1.63498 1.65179 1.66584 1.67718 1.68622 1.69537 1.70383 1.71071 1.71595 1.71938 1.72107 1.72041 1.71818 1.71309 1.70488 1.69344 1.67841 1.66222 1.64422 1.62412 1.60218 1.57859 1.55415 1.56400 1.57334 1.58189 1.59196 1.60571 1.62650 0.00000 0.00000 0.00000 0.00000 0.00000 0.00000 0.00000 0.00000 0.00000 0.00000 0.00000 0.00000 0.00000
0.00000 1.63520 1.65145 1.66484 1.67531 1.68330 1.69124 1.69827 1.70353 1.70693 1.70834 1.70782 1.70476 1.69999 1.69222 1.68126 1.66702 1.64920 1.63028 1.60963 1.58703 1.56277 1.53709 1.54763 1.55691 1.56644 1.57651 1.59021 1.61068 0.00000 0.00000 0.00000 0.00000 0.00000 0.00000 0.00000 0.00000 0.00000 0.00000 0.00000 0.00000 0.00000 0.00000
0.00000 1.63439 1.64982 1.66228 1.67160 1.67830 1.68473 1.69004 1.69337 1.69466 1.69376 1.69073 1.68504 1.67752 1.66690 1.65308 1.63599 1.61537 1.59376 1.57058 1.54563 1.51928 1.52944 1.53941 1.54885 1.56003 1.57389 1.59461 0.00000 0.00000 0.00000 0.00000 0.00000 0.00000 0.00000 0.00000 0.00000 0.00000 0.00000 0.00000 0.00000 0.00000 0.00000
0.00000 1.63205 1.64640 1.65763 1.66556 1.67064 1.67528 1.67857 1.67968 1.67856 1.67507 1.66931 1.66077 1.65034 1.63677 1.62003 1.60010 1.57675 1.55258 1.52704 1.50000 1.51039 1.51993 1.53010 1.54121 1.55643 1.57765 0.00000 0.00000 0.00000 0.00000 0.00000 0.00000 0.00000 0.00000 0.00000 0.00000 0.00000 0.00000 0.00000 0.00000 0.00000 0.00000
0.00000 1.62766 1.64066 1.65040 1.65661 1.65980 1.66233 1.66330 1.66190 1.65808 1.65177 1.64307 1.63154 1.61809 1.60155 1.58193 1.55924 1.53330 1.50676 1.47913 1.48973 1.49947 1.50919 1.52115 1.53642 1.55945 0.00000 0.00000 0.00000 0.00000 0.00000 0.00000 0.00000 0.00000 0.00000 0.00000 0.00000 0.00000 0.00000 0.00000 0.00000 0.00000 0.00000
0.00000 1.62067 1.63209 1.64001 1.64420 1.64518 1.64529 1.64364 1.63945 1.63272 1.62339 1.61161 1.59700 1.58054 1.56106 1.53865 1.51337 1.48507 1.45645 1.46739 1.47729 1.48720 1.49876 1.51512 1.53848 0.00000 0.00000 0.00000 0.00000 0.00000 0.00000 0.00000 0.00000 0.00000 0.00000 0.00000 0.00000 0.00000 0.00000 0.00000 0.00000 0.00000 0.00000
0.00000 1.61062 1.62010 1.62588 1.62772 1.62620 1.62359 1.61905 1.61186 1.60203 1.58956 1.57463 1.55695 1.53751 1.51524 1.49023 1.46260 1.43224 1.44311 1.45331 1.46338 1.47516 1.49130 1.51623 0.00000 0.00000 0.00000 0.00000 0.00000 0.00000 0.00000 0.00000 0.00000 0.00000 0.00000 0.00000 0.00000 0.00000 0.00000 0.00000 0.00000 0.00000 0.00000
0.00000 1.59681 1.60411 1.60743 1.60664 1.60230 1.59670 1.58906 1.57869 1.56564 1.54997 1.53193 1.51126 1.48901 1.46415 1.43681 1.40715 1.41723 1.42730 1.43765 1.44967 1.46616 1.49126 0.00000 0.00000 0.00000 0.00000 0.00000 0.00000 0.00000 0.00000 0.00000 0.00000 0.00000 0.00000 0.00000 0.00000 0.00000 0.00000 0.00000 0.00000 0.00000 0.00000
0.00000 1.57880 1.58356 1.58412 1.58039 1.57297 1.56417 1.55326 1.53961 1.52333 1.50452 1.48346 1.45998 1.43515 1.40800 1.37867 1.39046 1.39962 1.40979 1.42216 1.43910 1.46485 0.00000 0.00000 0.00000 0.00000 0.00000 0.00000 0.00000 0.00000 0.00000 0.00000 0.00000 0.00000 0.00000 0.00000 0.00000 0.00000 0.00000 0.00000 0.00000 0.00000 0.00000
0.00000 1.55591 1.55788 1.55539 1.54848 1.53780 1.52563 1.51140 1.49447 1.47501 1.45318 1.42933 1.40330 1.37620 1.34713 1.36018 1.37106 1.38022 1.39243 1.40990 1.43655 0.00000 0.00000 0.00000 0.00000 0.00000 0.00000 0.00000 0.00000 0.00000 0.00000 0.00000 0.00000 0.00000 0.00000 0.00000 0.00000 0.00000 0.00000 0.00000 0.00000 0.00000 0.00000
0.00000 1.52772 1.52659 1.52080 1.51054 1.49646 1.48090 1.46335 1.44323 1.42077 1.39616 1.36980 1.34156 1.31260 1.32673 1.33887 1.34982 1.36098 1.37840 1.40597 0.00000 0.00000 0.00000 0.00000 0.00000 0.00000 0.00000 0.00000 0.00000 0.00000 0.00000 0.00000 0.00000 0.00000 0.00000 0.00000 0.00000 0.00000 0.00000 0.00000 0.00000 0.00000 0.00000
0.00000 1.49368 1.48926 1.48004 1.46633 1.44885 1.42993 1.40919 1.38608 1.36087 1.33381 1.30531 1.27528 1.29021 1.30345 1.31570 1.32878 1.34519 1.37304 0.00000 0.00000 0.00000 0.00000 0.00000 0.00000 0.00000 0.00000 0.00000 0.00000 0.00000 0.00000 0.00000 0.00000 0.00000 0.00000 0.00000 0.00000 0.00000 0.00000 0.00000 0.00000 0.00000 0.00000
0.00000 1.45348 1.44566 1.43295 1.41580 1.39500 1.37288 1.34918 1.32337 1.29576 1.26663 1.23645 1.25093 1.26488 1.27827 1.29278 1.31138 1.33842 0.00000 0.00000 0.00000 0.00000 0.00000 0.00000 0.00000 0.00000 0.00000 0.00000 0.00000 0.00000 0.00000 0.00000 0.00000 0.00000 0.00000 0.00000 0.00000 0.00000 0.00000 0.00000 0.00000 0.00000 0.00000
0.00000 1.40701 1.39573 1.37958 1.35910 1.33517 1.31012 1.28378 1.25564 1.22607 1.19535 1.21025 1.22361 1.23766 1.25345 1.27371 1.30338 0.00000 0.00000 0.00000 0.00000 0.00000 0.00000 0.00000 0.00000 0.00000 0.00000 0.00000 0.00000 0.00000 0.00000 0.00000 0.00000 0.00000 0.00000 0.00000 0.00000 0.00000 0.00000 0.00000 0.00000 0.00000 0.00000
0.00000 1.35425 1.33959 1.32018 1.29662 1.26985 1.24223 1.21364 1.18364 1.15258 1.16740 1.18108 1.19444 1.21091 1.23267 1.26439 0.00000 0.00000 0.00000 0.00000 0.00000 0.00000 0.00000 0.00000 0.00000 0.00000 0.00000 0.00000 0.00000 0.00000 0.00000 0.00000 0.00000 0.00000 0.00000 0.00000 0.00000 0.00000 0.00000 0.00000 0.00000 0.00000 0.00000
0.00000 1.29550 1.27762 1.25523 1.22891 1.19971 1.16995 1.13959 1.10822 1.12308 1.13651 1.15014 1.16589 1.18837 1.22198 0.00000 0.00000 0.00000 0.00000 0.00000 0.00000 0.00000 0.00000 0.00000 0.00000 0.00000 0.00000 0.00000 0.00000 0.00000 0.00000 0.00000 0.00000 0.00000 0.00000 0.00000 0.00000 0.00000 0.00000 0.00000 0.00000 0.00000 0.00000
0.00000 1.23121 1.21042 1.18543 1.15676 1.12559 1.09419 1.06259 1.07741 1.09070 1.10394 1.12000 1.14181 1.17621 0.00000 0.00000 0.00000 0.00000 0.00000 0.00000 0.00000 0.00000 0.00000 0.00000 0.00000 0.00000 0.00000 0.00000 0.00000 0.00000 0.00000 0.00000 0.00000 0.00000 0.00000 0.00000 0.00000 0.00000 0.00000 0.00000 0.00000 0.00000 0.00000
0.00000 1.16211 1.13878 1.11164 1.08112 1.04849 1.01599 1.03075 1.04376 1.05673 1.07240 1.09457 1.12842 0.00000 0.00000 0.00000 0.00000 0.00000 0.00000 0.00000 0.00000 0.00000 0.00000 0.00000 0.00000 0.00000 0.00000 0.00000 0.00000 0.00000 0.00000 0.00000 0.00000 0.00000 0.00000 0.00000 0.00000 0.00000 0.00000 0.00000 0.00000 0.00000 0.00000
0.00000 1.08904 1.06365 1.03488 1.00303 0.96951 0.98347 0.99612 1.00861 1.02405 1.04590 1.08006 0.00000 0.00000 0.00000 0.00000 0.00000 0.00000 0.00000 0.00000 0.00000 0.00000 0.00000 0.00000 0.00000 0.00000 0.00000 0.00000 0.00000 0.00000 0.00000 0.00000 0.00000 0.00000 0.00000 0.00000 0.00000 0.00000 0.00000 0.00000 0.00000 0.00000 0.00000
0.00000 1.01300 0.98610 0.95624 0.92363 0.93687 0.94813 0.96001 0.97501 0.99674 1.03061 0.00000 0.00000 0.00000 0.00000 0.00000 0.00000 0.00000 0.00000 0.00000 0.00000 0.00000 0.00000 0.00000 0.00000 0.00000 0.00000 0.00000 0.00000 0.00000 0.00000 0.00000 0.00000 0.00000 0.00000 0.00000 0.00000 0.00000 0.00000 0.00000 0.00000 0.00000 0.00000
0.00000 0.93509 0.90725 0.87687 0.89159 0.90138 0.91119 0.92570 0.94713 0.98091 0.00000 0.00000 0.00000 0.00000 0.00000 0.00000 0.00000 0.00000 0.00000 0.00000 0.00000 0.00000 0.00000 0.00000 0.00000 0.00000 0.00000 0.00000 0.00000 0.00000 0.00000 0.00000 0.00000 0.00000 0.00000 0.00000 0.00000 0.00000 0.00000 0.00000 0.00000 0.00000 0.00000
0.00000 0.85648 0.82828 0.84615 0.85679 0.86401 0.87607 0.89756 0.93105 0.00000 0.00000 0.00000 0.00000 0.00000 0.00000 0.00000 0.00000 0.00000 0.00000 0.00000 0.00000 0.00000 0.00000 0.00000 0.00000 0.00000 0.00000 0.00000 0.00000 0.00000 0.00000 0.00000 0.00000 0.00000 0.00000 0.00000 0.00000 0.00000 0.00000 0.00000 0.00000 0.00000 0.00000
0.00000 0.77828 0.79905 0.81304 0.81969 0.82833 0.84729 0.88189 0.00000 0.00000 0.00000 0.00000 0.00000 0.00000 0.00000 0.00000 0.00000 0.00000 0.00000 0.00000 0.00000 0.00000 0.00000 0.00000 0.00000 0.00000 0.00000 0.00000 0.00000 0.00000 0.00000 0.00000 0.00000 0.00000 0.00000 0.00000 0.00000 0.00000 0.00000 0.00000 0.00000 0.00000 0.00000
0.00000 0.00000 0.00000 0.00000 0.00000 0.00000 0.00000 0.00000 0.00000 0.00000 0.00000 0.00000 0.00000 0.00000 0.00000 0.00000 0.00000 0.00000 0.00000 0.00000 0.00000 0.00000 0.00000 0.00000 0.00000 0.00000 0.00000 0.00000 0.00000 0.00000 0.00000 0.00000 0.00000 0.00000 0.00000 0.00000 0.00000 0.00000 0.00000 0.00000 0.00000 0.00000 0.00000
0.00000 0.00000 0.00000 0.00000 0.00000 0.00000 0.00000 0.00000 0.00000 0.00000 0.00000 0.00000 0.00000 0.00000 0.00000 0.00000 0.00000 0.00000 0.00000 0.00000 0.00000 0.00000 0.00000 0.00000 0.00000 0.00000 0.00000 0.00000 0.00000 0.00000 0.00000 0.00000 0.00000 0.00000 0.00000 0.00000 0.00000 0.00000 0.00000 0.00000 0.00000 0.00000 0.00000
0.00000 0.00000 0.00000 0.00000 0.00000 0.00000 0.00000 0.00000 0.00000 0.00000 0.00000 0.00000 0.00000 0.00000 0.00000 0.00000 0.00000 0.00000 0.00000 0.00000 0.00000 0.00000 0.00000 0.00000 0.00000 0.00000 0.00000 0.00000 0.00000 0.00000 0.00000 0.00000 0.00000 0.00000 0.00000 0.00000 0.00000 0.00000 0.00000 0.00000 0.00000 0.00000 0.00000
0.00000 0.00000 0.00000 0.00000 0.00000 0.00000 0.00000 0.00000 0.00000 0.00000 0.00000 0.00000 0.00000 0.00000 0.00000 0.00000 0.00000 0.00000 0.00000 0.00000 0.00000 0.00000 0.00000 0.00000 0.00000 0.00000 0.00000 0.00000 0.00000 0.00000 0.00000 0.00000 0.00000 0.00000 0.00000 0.00000 0.00000 0.00000 0.00000 0.00000 0.00000 0.00000 0.00000
0.00000 0.00000 0.00000 0.00000 0.00000 0.00000 0.00000 0.00000 0.00000 0.00000 0.00000 0.00000 0.00000 0.00000 0.00000 0.00000 0.00000 0.00000 0.00000 0.00000 0.00000 0.00000 0.00000 0.00000 0.00000 0.00000 0.00000 0.00000 0.00000 0.00000 0.00000 0.00000 0.00000 0.00000 0.00000 0.00000 0.00000 0.00000 0.00000 0.00000 0.00000 0.00000 0.00000
0.00000 0.00000 0.00000 0.00000 0.00000 0.00000 0.00000 0.00000 0.00000 0.00000 0.00000 0.00000 0.00000 0.00000 0.00000 0.00000 0.00000 0.00000 0.00000 0.00000 0.00000 0.00000 0.00000 0.00000 0.00000 0.00000 0.00000 0.00000 0.00000 0.00000 0.00000 0.00000 0.00000 0.00000 0.00000 0.00000 0.00000 0.00000 0.00000 0.00000 0.00000 0.00000 0.00000
0.00000 0.00000 0.00000 0.00000 0.00000 0.00000 0.00000 0.00000 0.00000 0.00000 0.00000 0.00000 0.00000 0.00000 0.00000 0.00000 0.00000 0.00000 0.00000 0.00000 0.00000 0.00000 0.00000 0.00000 0.00000 0.00000 0.00000 0.00000 0.00000 0.00000 0.00000 0.00000 0.00000 0.00000 0.00000 0.00000 0.00000 0.00000 0.00000 0.00000 0.00000 0.00000 0.00000
