0.50084 0.60923 0.70761 0.79820 0.88304 0.96448 1.04515 1.12704 1.21088 1.29893 1.39282 1.49704 1.61311 1.74457 1.89631 2.07801 2.29916 2.57211 2.91645 3.35674 3.95952 4.86757 6.40369 9.34991
0.43425 0.56759 0.68348 0.78677 0.88116 0.97005 1.05684 1.14406 1.23251 1.32481 1.42267 1.53110 1.65160 1.78789 1.94508 2.13323 2.36209 2.64426 3.00001 3.45421 4.07583 5.01468 6.60611 0.00000
0.35045 0.52018 0.65989 0.77936 0.88523 0.98264 1.07616 1.16933 1.26256 1.35921 1.46085 1.57363 1.69886 1.84047 2.00380 2.19933 2.43706 2.72970 3.09848 3.56800 4.21099 5.19006 0.00000 0.00000
0.26196 0.48560 0.65584 0.79392 0.91186 1.01742 1.11705 1.21483 1.31209 1.41240 1.51786 1.63462 1.76448 1.91173 2.08179 2.28557 2.53335 2.83772 3.22011 3.70742 4.37966 0.00000 0.00000 0.00000
0.17290 0.47880 0.68763 0.84525 0.97392 1.08527 1.18894 1.28940 1.38896 1.49145 1.59946 1.71935 1.85346 2.00668 2.18387 2.39633 2.65513 2.97233 3.37029 3.88074 0.00000 0.00000 0.00000 0.00000
0.08868 0.53187 0.78352 0.95646 1.08990 1.20224 1.30516 1.40431 1.50286 1.60484 1.71324 1.83475 1.97237 2.13051 2.31480 2.53706 2.80750 3.13900 3.55582 0.00000 0.00000 0.00000 0.00000 0.00000
0.00789 0.72687 1.00396 1.16953 1.28932 1.38930 1.48146 1.57168 1.66336 1.76032 1.86564 1.98632 2.12620 2.28834 2.47877 2.71058 2.99316 3.34097 0.00000 0.00000 0.00000 0.00000 0.00000 0.00000
0.00000 1.47174 1.52637 1.57973 1.63191 1.68615 1.74598 1.81225 1.88652 1.97074 2.06732 2.18312 2.32172 2.48591 2.68189 2.92283 3.21779 0.00000 0.00000 0.00000 0.00000 0.00000 0.00000 0.00000
0.13054 0.81519 1.07868 1.23601 1.35108 1.44544 1.53277 1.61799 1.70684 1.80203 1.90711 2.02931 2.17272 2.34049 2.53924 2.78161 0.00000 0.00000 0.00000 0.00000 0.00000 0.00000 0.00000 0.00000
0.19532 0.64009 0.88795 1.05659 1.18526 1.29173 1.38890 1.48206 1.57698 1.67690 1.78575 1.91083 2.05623 2.22557 2.42503 0.00000 0.00000 0.00000 0.00000 0.00000 0.00000 0.00000 0.00000 0.00000
0.25358 0.58009 0.79552 0.95571 1.08291 1.19016 1.28919 1.38426 1.48083 1.58204 1.69192 1.81802 1.96399 2.13324 0.00000 0.00000 0.00000 0.00000 0.00000 0.00000 0.00000 0.00000 0.00000 0.00000
0.30876 0.56487 0.75114 0.89767 1.01843 1.12277 1.21986 1.31375 1.40955 1.51010 1.61944 1.74495 1.89008 0.00000 0.00000 0.00000 0.00000 0.00000 0.00000 0.00000 0.00000 0.00000 0.00000 0.00000
0.35906 0.56878 0.73129 0.86474 0.97767 1.07718 1.17041 1.26162 1.35540 1.45430 1.56250 1.68660 0.00000 0.00000 0.00000 0.00000 0.00000 0.00000 0.00000 0.00000 0.00000 0.00000 0.00000 0.00000
0.40620 0.58292 0.72618 0.84707 0.95213 1.04616 1.13554 1.22338 1.31456 1.41165 1.51760 0.00000 0.00000 0.00000 0.00000 0.00000 0.00000 0.00000 0.00000 0.00000 0.00000 0.00000 0.00000 0.00000
0.44922 0.60112 0.72871 0.83870 0.93636 1.02486 1.11012 1.19447 1.28308 1.37764 0.00000 0.00000 0.00000 0.00000 0.00000 0.00000 0.00000 0.00000 0.00000 0.00000 0.00000 0.00000 0.00000 0.00000
0.48831 0.62169 0.73632 0.83685 0.92772 1.01091 1.09211 1.17335 1.25849 0.00000 0.00000 0.00000 0.00000 0.00000 0.00000 0.00000 0.00000 0.00000 0.00000 0.00000 0.00000 0.00000 0.00000 0.00000
0.52357 0.64221 0.74600 0.83831 0.92304 1.00140 1.07898 1.15655 0.00000 0.00000 0.00000 0.00000 0.00000 0.00000 0.00000 0.00000 0.00000 0.00000 0.00000 0.00000 0.00000 0.00000 0.00000 0.00000
0.55607 0.66269 0.75730 0.84235 0.92162 0.99589 1.06906 0.00000 0.00000 0.00000 0.00000 0.00000 0.00000 0.00000 0.00000 0.00000 0.00000 0.00000 0.00000 0.00000 0.00000 0.00000 0.00000 0.00000
0.58517 0.68201 0.76875 0.84731 0.92195 0.99168 0.00000 0.00000 0.00000 0.00000 0.00000 0.00000 0.00000 0.00000 0.00000 0.00000 0.00000 0.00000 0.00000 0.00000 0.00000 0.00000 0.00000 0.00000
0.61192 0.69991 0.77993 0.85360 0.92295 0.00000 0.00000 0.00000 0.00000 0.00000 0.00000 0.00000 0.00000 0.00000 0.00000 0.00000 0.00000 0.00000 0.00000 0.00000 0.00000 0.00000 0.00000 0.00000
0.63596 0.71630 0.79072 0.85908 0.00000 0.00000 0.00000 0.00000 0.00000 0.00000 0.00000 0.00000 0.00000 0.00000 0.00000 0.00000 0.00000 0.00000 0.00000 0.00000 0.00000 0.00000 0.00000 0.00000
0.65763 0.73211 0.80043 0.00000 0.00000 0.00000 0.00000 0.00000 0.00000 0.00000 0.00000 0.00000 0.00000 0.00000 0.00000 0.00000 0.00000 0.00000 0.00000 0.00000 0.00000 0.00000 0.00000 0.00000
0.67745 0.74561 0.00000 0.00000 0.00000 0.00000 0.00000 0.00000 0.00000 0.00000 0.00000 0.00000 0.00000 0.00000 0.00000 0.00000 0.00000 0.00000 0.00000 0.00000 0.00000 0.00000 0.00000 0.00000
0.69440 0.00000 0.00000 0.00000 0.00000 0.00000 0.00000 0.00000 0.00000 0.00000 0.00000 0.00000 0.00000 0.00000 0.00000 0.00000 0.00000 0.00000 0.00000 0.00000 0.00000 0.00000 0.00000 0.00000
