13.100690 13.186631 13.295383 13.423288 13.574505 13.754477 13.966706 14.216413 14.506082 14.842556 15.226138 15.663431 16.165947 16.734694 17.371788 18.085676 18.880180 19.764547 20.736048 21.798632 22.955408 24.214207 25.574839 27.025276 28.576437 30.227339 31.973452 33.830608 35.802433 37.905270 40.154301 42.568935 45.211060 48.126102 51.440647 55.315117 60.038597 65.917168 73.401390 83.053734 95.556747 112.067772 134.802032 169.054169 226.607452 332.000000
12.162291 12.249496 12.359844 12.489539 12.642760 12.824961 13.039637 13.291997 13.584566 13.924350 14.311256 14.752044 15.258200 15.830680 16.471550 17.189219 17.987358 18.875317 19.850214 20.915949 22.075588 23.336939 24.699823 26.152021 27.704597 29.356382 31.102825 32.959953 34.931332 37.033375 39.281288 41.694397 44.334911 47.248028 50.560410 54.431335 59.151173 65.024429 72.500633 82.141579 94.630417 111.131844 133.871338 168.152328 225.670578 0.000000
11.272926 11.363938 11.479047 11.614124 11.773365 11.962271 12.184353 12.444806 12.746229 13.096084 13.493231 13.944860 14.462384 15.046683 15.699656 16.429600 17.239807 18.139921 19.126644 20.203758 21.374210 22.645742 24.018250 25.478880 27.039236 28.697527 30.449192 32.310856 34.285889 36.390938 38.641293 41.056160 43.698875 46.613827 49.928387 53.799026 58.520283 64.393150 71.865845 81.500298 93.984604 110.507965 133.325256 167.725861 0.000000 0.000000
10.475778 10.574552 10.698167 10.842835 11.012791 11.213640 11.448871 11.723723 12.040862 12.407430 12.822717 13.293490 13.831169 14.436410 15.110840 15.862577 16.694138 17.615995 18.623894 19.721445 20.911430 22.201530 23.591896 25.068237 26.643290 28.314220 30.076120 31.947210 33.930260 36.042336 38.298950 40.718960 43.368046 46.288712 49.609684 53.487545 58.215347 64.093018 71.568047 81.205147 93.704941 110.290871 133.243118 0.000000 0.000000 0.000000
9.771640 9.881953 10.017926 10.176497 10.361966 10.580037 10.834204 11.129817 11.469479 11.859565 12.300704 12.798648 13.364960 13.999893 14.704708 15.487289 16.348850 17.301517 18.339283 19.465649 20.683237 21.999590 23.415461 24.914129 26.510134 28.199200 29.975676 31.860552 33.855450 35.978100 38.244213 40.672268 43.331589 46.260986 49.591698 53.481461 58.219463 64.106300 71.590805 81.245575 93.792091 110.468544 0.000000 0.000000 0.000000 0.000000
9.156196 9.281240 9.433315 9.609957 9.815492 10.055775 10.334285 10.656626 11.025055 11.445358 11.919300 12.451439 13.053846 13.726107 14.469027 15.290177 16.190395 17.181715 18.256668 19.418749 20.670662 22.019585 23.465376 24.991644 26.613470 28.325041 30.121859 32.024029 34.033882 36.169914 38.448086 40.886353 43.555504 46.495457 49.837582 53.739635 58.490181 64.390747 71.895218 81.589272 94.196365 0.000000 0.000000 0.000000 0.000000 0.000000
8.621847 8.764462 8.936151 9.134702 9.364470 9.631458 9.939095 10.293447 10.696021 11.152339 11.664857 12.236843 12.881371 13.597013 14.384060 15.249721 16.194944 17.230871 18.348339 19.551041 20.842016 22.227968 23.706804 25.264223 26.915051 28.651999 30.472765 32.394470 34.421135 36.572189 38.863785 41.313267 43.991787 46.942680 50.296566 54.209457 58.975159 64.896584 72.435349 82.170418 0.000000 0.000000 0.000000 0.000000 0.000000 0.000000
8.159815 8.323373 8.517883 8.741813 8.999518 9.297105 9.637956 10.027946 10.469034 10.965934 11.521489 12.138517 12.829626 13.593028 14.428451 15.342696 16.336601 17.419601 18.582815 19.828985 21.161745 22.587162 24.101328 25.691664 27.372707 29.136475 30.982094 32.924114 34.968185 37.134632 39.439747 41.900166 44.588593 47.549782 50.915100 54.843166 59.629696 65.582413 73.148567 0.000000 0.000000 0.000000 0.000000 0.000000 0.000000 0.000000
7.762444 7.949944 8.170194 8.422589 8.711436 9.042933 9.420369 9.849023 10.332026 10.872903 11.474711 12.140311 12.880968 13.694854 14.581136 15.546254 16.590506 17.721457 18.931776 20.224207 21.599783 23.065516 24.616060 26.239737 27.950783 29.741787 31.611732 33.573910 35.635052 37.816296 40.134079 42.604420 45.303413 48.274315 51.652405 55.602150 60.418289 66.390556 0.000000 0.000000 0.000000 0.000000 0.000000 0.000000 0.000000 0.000000
7.425028 7.638931 7.887591 8.171239 8.494053 8.862276 9.279093 9.749218 10.276758 10.864069 11.514327 12.230361 13.022292 13.888098 14.826343 15.843184 16.938137 18.117138 19.374533 20.712463 22.130503 23.636040 25.222643 26.878834 28.620844 30.438810 32.331867 34.313240 36.390327 38.585094 40.914070 43.392887 46.099415 49.081005 52.476124 56.454556 61.286446 0.000000 0.000000 0.000000 0.000000 0.000000 0.000000 0.000000 0.000000 0.000000
7.144398 7.386945 7.666484 7.983878 8.343133 8.750464 9.208922 9.722819 10.296808 10.932213 11.632241 12.399481 13.243403 14.161462 15.151560 16.219820 17.364771 18.590864 19.894205 21.275431 22.734482 24.278294 25.899656 27.586653 29.358950 31.202866 33.117149 35.115917 37.206985 39.413223 41.751400 44.237579 46.951004 49.947277 53.366535 57.357651 0.000000 0.000000 0.000000 0.000000 0.000000 0.000000 0.000000 0.000000 0.000000 0.000000
6.919003 7.192367 7.505066 7.858465 8.256312 8.704729 9.206633 9.766009 10.387781 11.072246 11.822642 12.641181 13.536981 14.506792 15.547624 16.666088 17.859545 19.132408 20.479872 21.902231 23.400291 24.980276 26.634747 28.350458 30.150612 32.016289 33.949306 35.962971 38.065521 40.280876 42.626747 45.120857 47.845619 50.863529 54.291542 0.000000 0.000000 0.000000 0.000000 0.000000 0.000000 0.000000 0.000000 0.000000 0.000000 0.000000
6.748650 7.054926 7.402886 7.794303 8.232608 8.723754 9.270502 9.876549 10.546885 11.280837 12.081595 12.950967 13.897923 14.918330 16.008097 17.174795 18.414696 19.732882 21.122076 22.583212 24.117741 25.731323 27.416899 29.158968 30.983812 32.867355 34.816219 36.841957 38.953419 41.176193 43.530201 46.036144 48.779781 51.803741 0.000000 0.000000 0.000000 0.000000 0.000000 0.000000 0.000000 0.000000 0.000000 0.000000 0.000000 0.000000
6.633807 6.974968 7.360126 7.791335 8.271660 8.806828 9.399426 10.052855 10.772096 11.555451 12.406083 13.325350 14.322219 15.391585 16.529352 17.741894 19.025877 20.386726 21.814991 23.312304 24.880440 26.524782 28.236877 30.002779 31.848925 33.747498 35.709122 37.744179 39.862732 42.093369 44.459240 46.983498 49.730766 0.000000 0.000000 0.000000 0.000000 0.000000 0.000000 0.000000 0.000000 0.000000 0.000000 0.000000 0.000000 0.000000
6.575120 6.952987 7.377074 7.849581 8.373170 8.953293 9.592343 10.293439 11.061477 11.893694 12.793261 13.761060 14.806188 15.922477 17.106573 18.362068 19.687452 21.087831 22.552206 24.082724 25.681179 27.353174 29.087566 30.874773 32.738811 34.649754 36.621185 38.663609 40.789455 43.031693 45.415813 47.942230 0.000000 0.000000 0.000000 0.000000 0.000000 0.000000 0.000000 0.000000 0.000000 0.000000 0.000000 0.000000 0.000000 0.000000
6.573150 6.989352 7.453911 7.968908 8.536630 9.162260 9.847968 10.596585 11.412870 12.292996 13.240199 14.254781 15.346165 16.507032 17.734774 19.031630 20.395592 21.832333 23.329794 24.890457 26.515642 28.212051 29.965715 31.768890 33.647655 35.568233 37.547359 39.597244 41.733738 43.993790 46.380054 0.000000 0.000000 0.000000 0.000000 0.000000 0.000000 0.000000 0.000000 0.000000 0.000000 0.000000 0.000000 0.000000 0.000000 0.000000
6.628302 7.084252 7.590559 8.148922 8.761227 9.432520 10.164680 10.960235 11.823816 12.750488 13.743772 14.803091 15.938439 17.141293 18.409588 19.745577 21.145046 22.614910 24.142284 25.729856 27.377840 29.095211 30.865232 32.679806 34.570557 36.498749 38.485512 40.546062 42.698723 44.960178 0.000000 0.000000 0.000000 0.000000 0.000000 0.000000 0.000000 0.000000 0.000000 0.000000 0.000000 0.000000 0.000000 0.000000 0.000000 0.000000
6.741337 7.238265 7.786691 8.388927 9.045834 9.762554 10.540565 11.382050 12.291577 13.263089 14.300685 15.402421 16.579214 17.821346 19.127083 20.498964 21.930693 23.430374 24.984325 26.595419 28.264418 29.999250 31.782673 33.605824 35.507122 37.443043 39.440651 41.517406 43.669086 0.000000 0.000000 0.000000 0.000000 0.000000 0.000000 0.000000 0.000000 0.000000 0.000000 0.000000 0.000000 0.000000 0.000000 0.000000 0.000000 0.000000
6.912663 7.451566 8.042354 8.688680 9.389827 10.151441 10.974395 11.860435 12.814325 13.828749 14.908820 16.050528 17.266182 18.544991 19.885159 21.289568 22.750206 24.276468 25.853735 27.484982 29.172579 30.921444 32.715687 34.545895 36.455448 38.402168 40.415943 42.491699 0.000000 0.000000 0.000000 0.000000 0.000000 0.000000 0.000000 0.000000 0.000000 0.000000 0.000000 0.000000 0.000000 0.000000 0.000000 0.000000 0.000000 0.000000
7.142132 7.723042 8.356408 9.046653 9.792117 10.597768 11.464463 12.393319 13.389755 14.444969 15.564273 16.743345 17.995138 19.308010 20.679567 22.113163 23.599092 25.148626 26.745804 28.393759 30.096209 31.855843 33.659382 35.496777 37.416157 39.378792 41.391148 0.000000 0.000000 0.000000 0.000000 0.000000 0.000000 0.000000 0.000000 0.000000 0.000000 0.000000 0.000000 0.000000 0.000000 0.000000 0.000000 0.000000 0.000000 0.000000
7.428590 8.051360 8.727201 9.460815 10.250065 11.098512 12.007389 12.976926 14.013757 15.107388 16.262800 17.476442 18.761480 20.105867 21.505661 22.965134 24.472500 26.041891 27.655491 29.316607 31.030125 32.798149 34.611454 36.458782 38.393284 40.354057 0.000000 0.000000 0.000000 0.000000 0.000000 0.000000 0.000000 0.000000 0.000000 0.000000 0.000000 0.000000 0.000000 0.000000 0.000000 0.000000 0.000000 0.000000 0.000000 0.000000
7.770746 8.435196 9.153025 9.929094 10.760838 11.650501 12.599706 13.608625 14.683572 15.813106 17.002110 18.247540 19.562979 20.934576 22.359444 23.841478 25.368481 26.954470 28.581146 30.252335 31.974432 33.750580 35.574280 37.436016 39.368618 0.000000 0.000000 0.000000 0.000000 0.000000 0.000000 0.000000 0.000000 0.000000 0.000000 0.000000 0.000000 0.000000 0.000000 0.000000 0.000000 0.000000 0.000000 0.000000 0.000000 0.000000
8.167337 8.873029 9.631982 10.449283 11.321830 12.250883 13.238325 14.284824 15.395435 16.558176 17.778255 19.052553 20.395445 21.790464 23.237152 24.738453 26.282608 27.882101 29.518782 31.197876 32.928185 34.715210 36.552704 38.410168 0.000000 0.000000 0.000000 0.000000 0.000000 0.000000 0.000000 0.000000 0.000000 0.000000 0.000000 0.000000 0.000000 0.000000 0.000000 0.000000 0.000000 0.000000 0.000000 0.000000 0.000000 0.000000
8.616840 9.362960 10.161851 11.018887 11.930377 12.896806 13.920240 15.001764 16.145439 17.338503 18.586893 19.886894 21.254211 22.669630 24.134871 25.652121 27.209864 28.820215 30.464691 32.151382 33.892605 35.695137 37.528503 0.000000 0.000000 0.000000 0.000000 0.000000 0.000000 0.000000 0.000000 0.000000 0.000000 0.000000 0.000000 0.000000 0.000000 0.000000 0.000000 0.000000 0.000000 0.000000 0.000000 0.000000 0.000000 0.000000
9.117373 9.902761 10.740146 11.635156 12.583594 13.585189 14.642241 15.756024 16.930073 18.150459 19.424171 20.746531 22.135130 23.568108 25.048548 26.578661 28.146395 29.766035 31.417992 33.114803 34.871555 36.671532 0.000000 0.000000 0.000000 0.000000 0.000000 0.000000 0.000000 0.000000 0.000000 0.000000 0.000000 0.000000 0.000000 0.000000 0.000000 0.000000 0.000000 0.000000 0.000000 0.000000 0.000000 0.000000 0.000000 0.000000
9.666680 10.489865 11.364093 12.295128 13.278378 14.312823 15.401021 16.544296 17.746004 18.991741 20.288351 21.629662 23.036459 24.484049 25.976480 27.516977 29.092346 30.719210 32.381172 34.092289 35.846313 0.000000 0.000000 0.000000 0.000000 0.000000 0.000000 0.000000 0.000000 0.000000 0.000000 0.000000 0.000000 0.000000 0.000000 0.000000 0.000000 0.000000 0.000000 0.000000 0.000000 0.000000 0.000000 0.000000 0.000000 0.000000
10.262249 11.121522 12.030796 12.995736 14.011555 15.076428 16.193230 17.363283 18.589914 19.858685 21.175547 22.534172 23.956099 25.415358 26.916990 28.466537 30.049379 31.684996 33.361324 35.068031 0.000000 0.000000 0.000000 0.000000 0.000000 0.000000 0.000000 0.000000 0.000000 0.000000 0.000000 0.000000 0.000000 0.000000 0.000000 0.000000 0.000000 0.000000 0.000000 0.000000 0.000000 0.000000 0.000000 0.000000 0.000000 0.000000
10.902318 11.795852 12.738353 13.735048 14.781177 15.874100 17.017021 18.211224 19.460186 20.749153 22.083309 23.457100 24.891157 26.359407 27.868322 29.425074 31.017874 32.666756 34.338730 0.000000 0.000000 0.000000 0.000000 0.000000 0.000000 0.000000 0.000000 0.000000 0.000000 0.000000 0.000000 0.000000 0.000000 0.000000 0.000000 0.000000 0.000000 0.000000 0.000000 0.000000 0.000000 0.000000 0.000000 0.000000 0.000000 0.000000
11.583811 12.509570 13.483355 14.509552 15.583653 16.702162 17.868643 19.084332 20.353043 21.659163 23.007507 24.393305 25.836628 27.311979 28.828030 30.393375 32.000202 33.644024 0.000000 0.000000 0.000000 0.000000 0.000000 0.000000 0.000000 0.000000 0.000000 0.000000 0.000000 0.000000 0.000000 0.000000 0.000000 0.000000 0.000000 0.000000 0.000000 0.000000 0.000000 0.000000 0.000000 0.000000 0.000000 0.000000 0.000000 0.000000
12.304428 13.260313 14.262062 15.315452 16.415070 17.556610 18.743999 19.978388 21.264355 22.584509 23.943977 25.338594 26.789198 28.271452 29.797079 31.375286 32.977154 0.000000 0.000000 0.000000 0.000000 0.000000 0.000000 0.000000 0.000000 0.000000 0.000000 0.000000 0.000000 0.000000 0.000000 0.000000 0.000000 0.000000 0.000000 0.000000 0.000000 0.000000 0.000000 0.000000 0.000000 0.000000 0.000000 0.000000 0.000000 0.000000
13.060781 14.044579 15.071125 16.149446 17.272083 18.434040 19.639616 20.889851 22.190619 23.521782 24.889641 26.290918 27.748621 29.240248 30.779392 32.351940 0.000000 0.000000 0.000000 0.000000 0.000000 0.000000 0.000000 0.000000 0.000000 0.000000 0.000000 0.000000 0.000000 0.000000 0.000000 0.000000 0.000000 0.000000 0.000000 0.000000 0.000000 0.000000 0.000000 0.000000 0.000000 0.000000 0.000000 0.000000 0.000000 0.000000
13.849401 14.858803 15.908807 17.009960 18.153156 19.332983 20.554071 21.817356 23.128792 24.468241 25.842665 27.250341 28.717611 30.222572 31.756153 0.000000 0.000000 0.000000 0.000000 0.000000 0.000000 0.000000 0.000000 0.000000 0.000000 0.000000 0.000000 0.000000 0.000000 0.000000 0.000000 0.000000 0.000000 0.000000 0.000000 0.000000 0.000000 0.000000 0.000000 0.000000 0.000000 0.000000 0.000000 0.000000 0.000000 0.000000
14.667253 15.699904 16.771614 17.893568 19.054773 20.249821 21.483675 22.757198 24.076113 25.422039 26.802982 28.219366 29.700212 31.199377 0.000000 0.000000 0.000000 0.000000 0.000000 0.000000 0.000000 0.000000 0.000000 0.000000 0.000000 0.000000 0.000000 0.000000 0.000000 0.000000 0.000000 0.000000 0.000000 0.000000 0.000000 0.000000 0.000000 0.000000 0.000000 0.000000 0.000000 0.000000 0.000000 0.000000 0.000000 0.000000
15.512877 16.566494 17.657276 18.796383 19.972933 21.180431 22.424263 23.705437 25.030687 26.383045 27.772995 29.201637 30.677153 0.000000 0.000000 0.000000 0.000000 0.000000 0.000000 0.000000 0.000000 0.000000 0.000000 0.000000 0.000000 0.000000 0.000000 0.000000 0.000000 0.000000 0.000000 0.000000 0.000000 0.000000 0.000000 0.000000 0.000000 0.000000 0.000000 0.000000 0.000000 0.000000 0.000000 0.000000 0.000000 0.000000
16.383104 17.455376 18.562170 19.715162 20.904293 22.121496 23.372744 24.659847 25.992363 27.353621 28.756435 30.177601 0.000000 0.000000 0.000000 0.000000 0.000000 0.000000 0.000000 0.000000 0.000000 0.000000 0.000000 0.000000 0.000000 0.000000 0.000000 0.000000 0.000000 0.000000 0.000000 0.000000 0.000000 0.000000 0.000000 0.000000 0.000000 0.000000 0.000000 0.000000 0.000000 0.000000 0.000000 0.000000 0.000000 0.000000
17.274403 18.362999 19.484312 20.648746 21.847813 23.072323 24.329418 25.622536 26.963482 28.337439 29.733814 0.000000 0.000000 0.000000 0.000000 0.000000 0.000000 0.000000 0.000000 0.000000 0.000000 0.000000 0.000000 0.000000 0.000000 0.000000 0.000000 0.000000 0.000000 0.000000 0.000000 0.000000 0.000000 0.000000 0.000000 0.000000 0.000000 0.000000 0.000000 0.000000 0.000000 0.000000 0.000000 0.000000 0.000000 0.000000
18.183697 19.286316 20.420204 21.593811 22.800394 24.030664 25.293734 26.595388 27.947691 29.314974 0.000000 0.000000 0.000000 0.000000 0.000000 0.000000 0.000000 0.000000 0.000000 0.000000 0.000000 0.000000 0.000000 0.000000 0.000000 0.000000 0.000000 0.000000 0.000000 0.000000 0.000000 0.000000 0.000000 0.000000 0.000000 0.000000 0.000000 0.000000 0.000000 0.000000 0.000000 0.000000 0.000000 0.000000 0.000000 0.000000
19.108076 20.222544 21.366245 22.546829 23.759344 24.995449 26.266966 27.580915 28.925396 0.000000 0.000000 0.000000 0.000000 0.000000 0.000000 0.000000 0.000000 0.000000 0.000000 0.000000 0.000000 0.000000 0.000000 0.000000 0.000000 0.000000 0.000000 0.000000 0.000000 0.000000 0.000000 0.000000 0.000000 0.000000 0.000000 0.000000 0.000000 0.000000 0.000000 0.000000 0.000000 0.000000 0.000000 0.000000 0.000000 0.000000
20.044710 21.168922 22.319750 23.505878 24.724394 25.968840 27.252531 28.559282 0.000000 0.000000 0.000000 0.000000 0.000000 0.000000 0.000000 0.000000 0.000000 0.000000 0.000000 0.000000 0.000000 0.000000 0.000000 0.000000 0.000000 0.000000 0.000000 0.000000 0.000000 0.000000 0.000000 0.000000 0.000000 0.000000 0.000000 0.000000 0.000000 0.000000 0.000000 0.000000 0.000000 0.000000 0.000000 0.000000 0.000000 0.000000
20.992605 22.122910 23.279137 24.471045 25.698063 26.954544 28.230906 0.000000 0.000000 0.000000 0.000000 0.000000 0.000000 0.000000 0.000000 0.000000 0.000000 0.000000 0.000000 0.000000 0.000000 0.000000 0.000000 0.000000 0.000000 0.000000 0.000000 0.000000 0.000000 0.000000 0.000000 0.000000 0.000000 0.000000 0.000000 0.000000 0.000000 0.000000 0.000000 0.000000 0.000000 0.000000 0.000000 0.000000 0.000000 0.000000
21.948765 23.082726 24.244431 25.444740 26.684074 27.933071 0.000000 0.000000 0.000000 0.000000 0.000000 0.000000 0.000000 0.000000 0.000000 0.000000 0.000000 0.000000 0.000000 0.000000 0.000000 0.000000 0.000000 0.000000 0.000000 0.000000 0.000000 0.000000 0.000000 0.000000 0.000000 0.000000 0.000000 0.000000 0.000000 0.000000 0.000000 0.000000 0.000000 0.000000 0.000000 0.000000 0.000000 0.000000 0.000000 0.000000
22.910656 24.048231 25.217848 26.430456 27.662800 0.000000 0.000000 0.000000 0.000000 0.000000 0.000000 0.000000 0.000000 0.000000 0.000000 0.000000 0.000000 0.000000 0.000000 0.000000 0.000000 0.000000 0.000000 0.000000 0.000000 0.000000 0.000000 0.000000 0.000000 0.000000 0.000000 0.000000 0.000000 0.000000 0.000000 0.000000 0.000000 0.000000 0.000000 0.000000 0.000000 0.000000 0.000000 0.000000 0.000000 0.000000
23.878130 25.021683 26.202814 27.408354 0.000000 0.000000 0.000000 0.000000 0.000000 0.000000 0.000000 0.000000 0.000000 0.000000 0.000000 0.000000 0.000000 0.000000 0.000000 0.000000 0.000000 0.000000 0.000000 0.000000 0.000000 0.000000 0.000000 0.000000 0.000000 0.000000 0.000000 0.000000 0.000000 0.000000 0.000000 0.000000 0.000000 0.000000 0.000000 0.000000 0.000000 0.000000 0.000000 0.000000 0.000000 0.000000
24.853783 26.008833 27.181747 0.000000 0.000000 0.000000 0.000000 0.000000 0.000000 0.000000 0.000000 0.000000 0.000000 0.000000 0.000000 0.000000 0.000000 0.000000 0.000000 0.000000 0.000000 0.000000 0.000000 0.000000 0.000000 0.000000 0.000000 0.000000 0.000000 0.000000 0.000000 0.000000 0.000000 0.000000 0.000000 0.000000 0.000000 0.000000 0.000000 0.000000 0.000000 0.000000 0.000000 0.000000 0.000000 0.000000
25.841286 26.989273 0.000000 0.000000 0.000000 0.000000 0.000000 0.000000 0.000000 0.000000 0.000000 0.000000 0.000000 0.000000 0.000000 0.000000 0.000000 0.000000 0.000000 0.000000 0.000000 0.000000 0.000000 0.000000 0.000000 0.000000 0.000000 0.000000 0.000000 0.000000 0.000000 0.000000 0.000000 0.000000 0.000000 0.000000 0.000000 0.000000 0.000000 0.000000 0.000000 0.000000 0.000000 0.000000 0.000000 0.000000
26.820948 0.000000 0.000000 0.000000 0.000000 0.000000 0.000000 0.000000 0.000000 0.000000 0.000000 0.000000 0.000000 0.000000 0.000000 0.000000 0.000000 0.000000 0.000000 0.000000 0.000000 0.000000 0.000000 0.000000 0.000000 0.000000 0.000000 0.000000 0.000000 0.000000 0.000000 0.000000 0.000000 0.000000 0.000000 0.000000 0.000000 0.000000 0.000000 0.000000 0.000000 0.000000 0.000000 0.000000 0.000000 0.000000
