23.158113 23.638771 24.205610 24.865017 25.638657 26.529163 27.540928 28.706413 30.027279 31.532610 33.223671 35.134644 37.272648 39.658127 42.319031 45.278225 48.576908 52.233711 56.313305 60.878189 66.021164 71.928665 78.824951 86.992340 96.827011 108.837395 123.627602 142.324631 167.363678 203.848221 262.644043 370.000000
22.360783 22.863724 23.455559 24.139133 24.939140 25.856541 26.895170 28.087376 29.433998 30.965561 32.679092 34.610985 36.767498 39.168976 41.843151 44.810898 48.118328 51.781277 55.866116 60.439007 65.587898 71.501984 78.403763 86.575661 96.410797 108.417992 123.203903 141.897583 166.957077 203.526199 262.325897 0.000000
21.676798 22.218184 22.852917 23.577978 24.423096 25.386389 26.470482 27.708359 29.098875 30.675316 32.427109 34.395065 36.583893 39.013386 41.711491 44.695644 48.020409 51.696480 55.793137 60.382473 65.544983 71.473511 78.387970 86.572517 96.416344 108.429390 123.225105 141.938110 167.066223 203.728638 0.000000 0.000000
21.129448 21.722620 22.409531 23.195410 24.100607 25.124582 26.268074 27.565765 29.013687 30.642139 32.442924 34.457439 36.687954 39.153774 41.883015 44.898975 48.248264 51.942509 56.056206 60.654755 65.835587 71.782196 78.711502 86.913078 96.771370 108.799644 123.623367 142.381149 167.559601 0.000000 0.000000 0.000000
20.702446 21.357948 22.109732 22.964903 23.941080 25.035891 26.247934 27.614540 29.128132 30.819767 32.675510 34.742699 37.020206 39.526875 42.290962 45.337704 48.715126 52.428608 56.560833 61.175365 66.376694 72.341080 79.284691 87.505936 97.383926 109.437195 124.305740 143.070999 0.000000 0.000000 0.000000 0.000000
20.385195 21.110765 21.935829 22.866505 23.920866 25.092487 26.383718 27.824085 29.407471 31.160480 33.080662 35.202999 37.529415 40.078514 42.878822 45.955593 49.351696 53.082844 57.233013 61.864841 67.087242 73.066780 80.041405 88.286812 98.191696 110.279388 125.120140 0.000000 0.000000 0.000000 0.000000 0.000000
20.168226 20.969185 21.872791 22.882412 24.018738 25.269699 26.639454 28.154350 29.807613 31.625036 33.605816 35.781834 38.155315 40.745007 43.579517 46.683239 50.100307 53.845795 58.011486 62.659946 67.903267 73.895729 80.896072 89.168602 99.100945 111.162392 0.000000 0.000000 0.000000 0.000000 0.000000 0.000000
20.050152 20.930056 21.915531 23.005363 24.219711 25.549736 26.996241 28.584023 30.304756 32.185593 34.222954 36.449413 38.866146 41.492954 44.358219 47.484188 50.920292 54.688267 58.867271 63.533005 68.783821 74.806931 81.835945 90.138237 100.035271 0.000000 0.000000 0.000000 0.000000 0.000000 0.000000 0.000000
20.021822 20.982523 22.051258 23.220478 24.513826 25.920952 27.441204 29.098274 30.882509 32.823540 34.912804 37.185345 39.640316 42.299740 45.191360 48.334240 51.785900 55.568333 59.757492 64.441513 69.707512 75.759163 82.816719 91.084885 0.000000 0.000000 0.000000 0.000000 0.000000 0.000000 0.000000 0.000000
20.087420 21.129602 22.276640 23.528624 24.899466 26.380756 27.971048 29.693346 31.536350 33.526169 35.662067 37.975697 40.463360 43.150288 46.063457 49.228786 52.693363 56.487431 60.686535 65.378990 70.665833 76.746048 83.768143 0.000000 0.000000 0.000000 0.000000 0.000000 0.000000 0.000000 0.000000 0.000000
20.240051 21.363026 22.588587 23.918543 25.363432 26.914551 28.569899 30.352058 32.247551 34.283356 36.460201 38.809921 41.333664 44.043354 46.973911 50.154278 53.630108 57.436188 61.648277 66.359894 71.669937 77.716850 0.000000 0.000000 0.000000 0.000000 0.000000 0.000000 0.000000 0.000000 0.000000 0.000000
20.484026 21.686211 22.988211 24.392178 25.907101 27.523788 29.238804 31.075554 33.017372 35.094624 37.306950 39.688332 42.230030 44.957172 47.900749 51.092052 54.578800 58.399494 62.643208 67.377853 72.647202 0.000000 0.000000 0.000000 0.000000 0.000000 0.000000 0.000000 0.000000 0.000000 0.000000 0.000000
20.810942 22.089552 23.464033 24.937405 26.517202 28.194315 29.962748 31.847963 33.829121 35.941776 38.183434 40.591373 43.147602 45.887764 48.841713 52.043556 55.544296 59.384117 63.656933 68.350868 0.000000 0.000000 0.000000 0.000000 0.000000 0.000000 0.000000 0.000000 0.000000 0.000000 0.000000 0.000000
21.218611 22.570007 24.012035 25.549990 27.189018 28.921566 30.736511 32.664047 34.685215 36.827602 39.093327 41.514347 44.091785 46.842926 49.807838 53.023769 56.543926 60.405117 64.629463 0.000000 0.000000 0.000000 0.000000 0.000000 0.000000 0.000000 0.000000 0.000000 0.000000 0.000000 0.000000 0.000000
21.703119 23.122997 24.626970 26.224491 27.916399 29.699226 31.553616 33.517136 35.569145 37.735020 40.019680 42.452618 45.045963 47.807690 50.786201 54.020599 57.561405 61.380310 0.000000 0.000000 0.000000 0.000000 0.000000 0.000000 0.000000 0.000000 0.000000 0.000000 0.000000 0.000000 0.000000 0.000000
22.259525 23.743011 25.308399 26.960808 28.699240 30.520739 32.414650 34.408318 36.484447 38.668579 40.969032 43.412598 46.011948 48.786934 51.783493 55.037693 58.535847 0.000000 0.000000 0.000000 0.000000 0.000000 0.000000 0.000000 0.000000 0.000000 0.000000 0.000000 0.000000 0.000000 0.000000 0.000000
22.882395 24.424139 26.042658 27.744602 29.522655 31.379578 33.303310 35.320755 37.414745 39.612225 41.926247 44.380360 46.992619 49.785263 52.801247 56.012054 0.000000 0.000000 0.000000 0.000000 0.000000 0.000000 0.000000 0.000000 0.000000 0.000000 0.000000 0.000000 0.000000 0.000000 0.000000 0.000000
23.571419 25.166145 26.830862 28.570799 30.388355 32.276623 34.222672 36.258595 38.365704 40.573875 42.892704 45.360214 47.992023 50.803696 53.775829 0.000000 0.000000 0.000000 0.000000 0.000000 0.000000 0.000000 0.000000 0.000000 0.000000 0.000000 0.000000 0.000000 0.000000 0.000000 0.000000 0.000000
24.313702 25.955381 27.659336 29.433447 31.281639 33.196102 35.157486 37.206894 39.323219 41.541378 43.870960 46.356812 49.010956 51.778309 0.000000 0.000000 0.000000 0.000000 0.000000 0.000000 0.000000 0.000000 0.000000 0.000000 0.000000 0.000000 0.000000 0.000000 0.000000 0.000000 0.000000 0.000000
25.104540 26.787004 28.529736 30.332951 32.205204 34.134045 36.113350 38.173618 40.297977 42.528923 44.874966 47.381981 49.985554 0.000000 0.000000 0.000000 0.000000 0.000000 0.000000 0.000000 0.000000 0.000000 0.000000 0.000000 0.000000 0.000000 0.000000 0.000000 0.000000 0.000000 0.000000 0.000000
25.938101 27.654760 29.427750 31.253931 33.144142 35.086029 37.076916 39.147430 41.281105 43.528641 45.892044 48.357941 0.000000 0.000000 0.000000 0.000000 0.000000 0.000000 0.000000 0.000000 0.000000 0.000000 0.000000 0.000000 0.000000 0.000000 0.000000 0.000000 0.000000 0.000000 0.000000 0.000000
26.807968 28.551989 30.348646 32.191833 34.095173 36.048855 38.049721 40.132942 42.288597 44.554173 46.871437 0.000000 0.000000 0.000000 0.000000 0.000000 0.000000 0.000000 0.000000 0.000000 0.000000 0.000000 0.000000 0.000000 0.000000 0.000000 0.000000 0.000000 0.000000 0.000000 0.000000 0.000000
27.707525 29.472124 31.287075 33.141945 35.055359 37.021351 39.034252 41.134422 43.309723 45.529629 0.000000 0.000000 0.000000 0.000000 0.000000 0.000000 0.000000 0.000000 0.000000 0.000000 0.000000 0.000000 0.000000 0.000000 0.000000 0.000000 0.000000 0.000000 0.000000 0.000000 0.000000 0.000000
28.630207 30.415863 32.245461 34.108452 36.031948 38.005268 40.033848 42.152412 44.283447 0.000000 0.000000 0.000000 0.000000 0.000000 0.000000 0.000000 0.000000 0.000000 0.000000 0.000000 0.000000 0.000000 0.000000 0.000000 0.000000 0.000000 0.000000 0.000000 0.000000 0.000000 0.000000 0.000000
29.569878 31.369116 33.210999 35.080387 37.016602 39.004238 41.049210 43.123100 0.000000 0.000000 0.000000 0.000000 0.000000 0.000000 0.000000 0.000000 0.000000 0.000000 0.000000 0.000000 0.000000 0.000000 0.000000 0.000000 0.000000 0.000000 0.000000 0.000000 0.000000 0.000000 0.000000 0.000000
30.528212 32.337414 34.184303 36.069576 38.023670 40.027954 42.025841 0.000000 0.000000 0.000000 0.000000 0.000000 0.000000 0.000000 0.000000 0.000000 0.000000 0.000000 0.000000 0.000000 0.000000 0.000000 0.000000 0.000000 0.000000 0.000000 0.000000 0.000000 0.000000 0.000000 0.000000 0.000000
31.493038 33.311264 35.168171 37.069843 39.043423 41.001003 0.000000 0.000000 0.000000 0.000000 0.000000 0.000000 0.000000 0.000000 0.000000 0.000000 0.000000 0.000000 0.000000 0.000000 0.000000 0.000000 0.000000 0.000000 0.000000 0.000000 0.000000 0.000000 0.000000 0.000000 0.000000 0.000000
32.472507 34.302292 36.174465 38.092709 40.014675 0.000000 0.000000 0.000000 0.000000 0.000000 0.000000 0.000000 0.000000 0.000000 0.000000 0.000000 0.000000 0.000000 0.000000 0.000000 0.000000 0.000000 0.000000 0.000000 0.000000 0.000000 0.000000 0.000000 0.000000 0.000000 0.000000 0.000000
33.459393 35.304615 37.193256 39.064186 0.000000 0.000000 0.000000 0.000000 0.000000 0.000000 0.000000 0.000000 0.000000 0.000000 0.000000 0.000000 0.000000 0.000000 0.000000 0.000000 0.000000 0.000000 0.000000 0.000000 0.000000 0.000000 0.000000 0.000000 0.000000 0.000000 0.000000 0.000000
34.459007 36.320820 38.163151 0.000000 0.000000 0.000000 0.000000 0.000000 0.000000 0.000000 0.000000 0.000000 0.000000 0.000000 0.000000 0.000000 0.000000 0.000000 0.000000 0.000000 0.000000 0.000000 0.000000 0.000000 0.000000 0.000000 0.000000 0.000000 0.000000 0.000000 0.000000 0.000000
35.472549 37.287838 0.000000 0.000000 0.000000 0.000000 0.000000 0.000000 0.000000 0.000000 0.000000 0.000000 0.000000 0.000000 0.000000 0.000000 0.000000 0.000000 0.000000 0.000000 0.000000 0.000000 0.000000 0.000000 0.000000 0.000000 0.000000 0.000000 0.000000 0.000000 0.000000 0.000000
36.444557 0.000000 0.000000 0.000000 0.000000 0.000000 0.000000 0.000000 0.000000 0.000000 0.000000 0.000000 0.000000 0.000000 0.000000 0.000000 0.000000 0.000000 0.000000 0.000000 0.000000 0.000000 0.000000 0.000000 0.000000 0.000000 0.000000 0.000000 0.000000 0.000000 0.000000 0.000000
