10.505254 10.505298 10.505069 10.505208 10.505566 10.506488 10.508949 10.514159 10.525827 10.550533 10.601370 10.697713 10.870887 11.165162 11.643683 12.403710 13.624858 15.699372 19.626951 28.000000
9.511731 9.511782 9.511557 9.511703 9.512081 9.513031 9.515547 9.520852 9.532690 9.557668 9.608950 9.706079 9.880827 10.178968 10.668927 11.467298 12.816029 15.249597 19.842728 0.000000
8.514956 8.515011 8.514791 8.514960 8.515384 8.516430 8.519103 8.524688 8.537004 8.562769 8.615401 8.714982 8.894994 9.207047 9.740149 10.673571 12.385569 15.487678 0.000000 0.000000
7.533454 7.533525 7.533337 7.533565 7.534101 7.535356 7.538400 7.544652 7.558100 7.585791 7.641783 7.747932 7.943708 8.301766 8.974775 10.275670 12.650332 0.000000 0.000000 0.000000
6.576727 6.576841 6.576719 6.577072 6.577854 6.579560 6.583399 6.591058 6.606914 6.638766 6.702497 6.825815 7.068863 7.567472 8.607206 10.563095 0.000000 0.000000 0.000000 0.000000
5.656340 5.656528 5.656549 5.657165 5.658437 5.661044 5.666448 5.676851 5.697449 5.737947 5.819897 5.990838 6.372250 7.230729 8.913247 0.000000 0.000000 0.000000 0.000000 0.000000
4.784888 4.785223 4.785526 4.786652 4.788862 4.793157 4.801471 4.816987 4.846798 4.906165 5.035477 5.341059 6.071408 7.554515 0.000000 0.000000 0.000000 0.000000 0.000000 0.000000
3.974782 3.975394 3.976241 3.978322 3.982256 3.989590 4.003169 4.028204 4.077098 4.183076 4.442311 5.083299 6.415176 0.000000 0.000000 0.000000 0.000000 0.000000 0.000000 0.000000
3.237170 3.238298 3.240142 3.243963 3.250974 3.263698 3.286876 3.330961 3.425259 3.655807 4.235046 5.450465 0.000000 0.000000 0.000000 0.000000 0.000000 0.000000 0.000000 0.000000
2.581050 2.583137 2.586765 2.593672 2.606097 2.628489 2.670504 2.758638 2.971699 3.505694 4.629068 0.000000 0.000000 0.000000 0.000000 0.000000 0.000000 0.000000 0.000000 0.000000
2.012480 2.016301 2.023059 2.035384 2.057460 2.098509 2.183200 2.384380 2.883795 3.929557 0.000000 0.000000 0.000000 0.000000 0.000000 0.000000 0.000000 0.000000 0.000000 0.000000
1.534108 1.541010 1.553220 1.575168 1.615690 1.698230 1.890633 2.361547 3.339563 0.000000 0.000000 0.000000 0.000000 0.000000 0.000000 0.000000 0.000000 0.000000 0.000000 0.000000
1.145192 1.157497 1.179337 1.219562 1.300552 1.486143 1.932876 2.850057 0.000000 0.000000 0.000000 0.000000 0.000000 0.000000 0.000000 0.000000 0.000000 0.000000 0.000000 0.000000
0.842301 0.864185 0.904193 0.984068 1.164185 1.590529 2.453470 0.000000 0.000000 0.000000 0.000000 0.000000 0.000000 0.000000 0.000000 0.000000 0.000000 0.000000 0.000000 0.000000
0.620942 0.660873 0.739920 0.915780 1.325194 2.141111 0.000000 0.000000 0.000000 0.000000 0.000000 0.000000 0.000000 0.000000 0.000000 0.000000 0.000000 0.000000 0.000000 0.000000
0.479025 0.557522 0.730135 1.126058 1.902493 0.000000 0.000000 0.000000 0.000000 0.000000 0.000000 0.000000 0.000000 0.000000 0.000000 0.000000 0.000000 0.000000 0.000000 0.000000
0.425582 0.595849 0.981377 1.726076 0.000000 0.000000 0.000000 0.000000 0.000000 0.000000 0.000000 0.000000 0.000000 0.000000 0.000000 0.000000 0.000000 0.000000 0.000000 0.000000
0.501811 0.879690 1.599850 0.000000 0.000000 0.000000 0.000000 0.000000 0.000000 0.000000 0.000000 0.000000 0.000000 0.000000 0.000000 0.000000 0.000000 0.000000 0.000000 0.000000
0.810508 1.512510 0.000000 0.000000 0.000000 0.000000 0.000000 0.000000 0.000000 0.000000 0.000000 0.000000 0.000000 0.000000 0.000000 0.000000 0.000000 0.000000 0.000000 0.000000
1.454013 0.000000 0.000000 0.000000 0.000000 0.000000 0.000000 0.000000 0.000000 0.000000 0.000000 0.000000 0.000000 0.000000 0.000000 0.000000 0.000000 0.000000 0.000000 0.000000
