26.138783 26.796019 27.552717 28.423517 29.430349 30.589188 31.916594 33.440716 35.182461 37.143574 39.326878 41.736252 44.357052 47.174328 50.202019 53.421921 56.824493 60.401707 64.131134 68.033203 72.102600 76.354080 80.824150 85.475494 90.399818 95.595230 101.197479 107.294350 113.988564 121.505905 130.118439 140.232178 152.378296 167.193604 186.200470 211.983490 249.289856 306.191193 394.059479 526.000000
25.347385 26.039967 26.839355 27.761580 28.827740 30.053982 31.455521 33.058258 34.881271 36.923439 39.185375 41.667801 44.354656 47.227478 50.303799 53.563171 56.996597 60.599842 64.345757 68.258629 72.334030 76.587341 81.057045 85.704643 90.623535 95.807152 101.401253 107.490318 114.176735 121.686371 130.289307 140.394592 152.515900 167.287384 186.225937 211.914551 249.107834 305.903381 393.668884 0.000000
24.647146 25.395201 26.260355 27.260912 28.416071 29.741760 31.250973 32.966152 34.904114 37.058685 39.428146 42.009052 44.783730 47.728699 50.868042 54.178108 57.650818 61.288254 65.055031 68.981743 73.064896 77.320747 81.790451 86.433815 91.347122 96.515808 102.102142 108.185020 114.865311 122.368279 130.960648 141.056503 153.143585 167.858444 186.719116 212.316513 249.417725 306.080719 0.000000 0.000000
24.041342 24.858738 25.804008 26.898476 28.158047 29.597734 31.227518 33.065796 35.127480 37.399418 39.878716 42.557774 45.418037 48.441456 51.640064 54.996830 58.505070 62.160496 65.944473 69.881935 73.970192 78.226387 82.694389 87.331650 92.239342 97.414185 102.995689 109.076874 115.754059 123.251671 131.830673 141.882156 153.927994 168.588013 187.393890 212.949173 249.956223 0.000000 0.000000 0.000000
23.528179 24.426592 25.462877 26.661959 28.034891 29.595078 31.348919 33.310383 35.493477 37.876488 40.457092 43.224148 46.158836 49.245129 52.492130 55.885784 59.420971 63.092827 66.888206 70.831741 74.921547 79.175476 83.639923 88.269119 93.172081 98.346031 103.924759 110.007355 116.680573 124.168167 132.726212 142.738998 154.746521 169.375610 188.176208 213.687241 0.000000 0.000000 0.000000 0.000000
23.114939 24.104845 25.246939 26.558535 28.050184 29.733002 31.609528 33.689114 35.978298 38.461395 41.130733 43.972816 46.968727 50.104000 53.388046 56.808876 60.362907 64.046242 67.847061 71.792595 75.880920 80.130630 84.590805 89.210159 94.110756 99.283348 104.860947 110.947533 117.612312 125.083000 133.613693 143.594543 155.586441 170.230057 189.017029 0.000000 0.000000 0.000000 0.000000 0.000000
22.810898 23.901243 25.154016 26.582678 28.194454 29.997742 31.991142 34.179386 36.566341 39.136349 41.880604 44.784706 47.829105 51.001354 54.312481 57.752010 61.318031 65.007782 68.808609 72.752930 76.837654 81.082359 85.538696 90.147552 95.049591 100.221840 105.798012 111.888000 118.537003 125.984917 134.489883 144.461273 156.480423 171.124756 0.000000 0.000000 0.000000 0.000000 0.000000 0.000000
22.624220 23.821915 25.189037 26.736134 28.466036 30.384214 32.485390 34.770069 37.242714 39.885593 42.690853 45.645073 48.726727 51.925758 55.255459 58.706837 62.279243 65.971252 69.767105 73.708015 77.788315 82.028435 86.482437 91.101936 96.010628 101.183418 106.756180 112.821060 119.447624 126.874344 135.372360 145.374405 157.405289 0.000000 0.000000 0.000000 0.000000 0.000000 0.000000 0.000000
22.560822 23.870075 25.352610 27.016069 28.858768 30.883240 33.080479 35.447712 37.992413 40.694237 43.547398 46.541195 49.650799 52.868156 56.209518 59.667145 63.241642 66.932755 70.719879 74.656456 78.732651 82.969650 87.423302 92.046852 96.964035 102.133873 107.696739 113.740768 120.346405 127.769608 136.295670 146.308640 0.000000 0.000000 0.000000 0.000000 0.000000 0.000000 0.000000 0.000000
22.623873 24.045858 25.641680 27.416079 29.363409 31.483147 33.762814 36.206284 38.809975 41.558327 44.448219 47.462418 50.592850 53.821663 57.169159 60.628811 64.202271 67.890503 71.682800 75.616348 79.690788 83.927719 88.383713 93.009544 97.913010 103.074051 108.621559 114.649269 121.278885 128.733917 137.265015 0.000000 0.000000 0.000000 0.000000 0.000000 0.000000 0.000000 0.000000 0.000000
22.818363 24.351288 26.055391 27.932795 29.974962 32.177929 34.526207 37.029709 39.679962 42.463661 45.380596 48.411472 51.557842 54.793381 58.143646 61.603046 65.174332 68.859764 72.652161 76.584656 80.660072 84.899223 89.358253 93.983635 98.877380 104.025589 109.560173 115.589455 122.240227 129.701035 0.000000 0.000000 0.000000 0.000000 0.000000 0.000000 0.000000 0.000000 0.000000 0.000000
23.133690 24.772186 26.576269 28.545855 30.671160 32.944023 35.354622 37.904869 40.590630 43.400105 46.336052 49.378479 52.525108 55.763020 59.112759 62.569721 66.137848 69.820656 73.612198 77.545303 81.622940 85.864075 90.323135 94.942154 99.823463 104.959488 110.495872 116.556976 123.208984 0.000000 0.000000 0.000000 0.000000 0.000000 0.000000 0.000000 0.000000 0.000000 0.000000 0.000000
23.564468 25.300488 27.194061 29.243580 31.439768 33.769444 36.226753 38.811943 41.523186 44.349957 47.297848 50.346573 53.493748 56.730991 60.078304 63.532104 67.097427 70.778908 74.571030 78.506447 82.586411 86.826927 91.280891 95.888611 100.758995 105.897156 111.464455 117.528915 0.000000 0.000000 0.000000 0.000000 0.000000 0.000000 0.000000 0.000000 0.000000 0.000000 0.000000 0.000000
24.107065 25.930805 27.902462 30.019503 32.267670 34.641907 37.133827 39.744179 42.472752 45.310211 48.264629 51.315620 54.461868 57.696674 61.040867 64.491898 68.055870 71.738060 75.532433 79.470261 83.550255 87.785378 92.229462 96.826614 101.700096 106.868484 112.437042 0.000000 0.000000 0.000000 0.000000 0.000000 0.000000 0.000000 0.000000 0.000000 0.000000 0.000000 0.000000 0.000000
24.742682 26.642414 28.679615 30.851294 33.142109 35.550018 38.066761 40.694244 43.433636 46.276661 49.233574 52.284046 55.427994 58.659691 62.001205 65.450928 69.015503 72.700150 76.496918 80.435020 84.510376 88.735680 93.170647 97.770493 102.674004 107.841957 0.000000 0.000000 0.000000 0.000000 0.000000 0.000000 0.000000 0.000000 0.000000 0.000000 0.000000 0.000000 0.000000 0.000000
25.459576 27.423080 29.513699 31.727974 34.051537 36.483761 39.017330 41.655506 44.400650 47.245377 50.201923 53.250156 56.391304 59.620323 62.960556 66.410866 69.977737 73.665077 77.462219 81.396057 85.462173 89.678429 94.117409 98.745888 103.647781 0.000000 0.000000 0.000000 0.000000 0.000000 0.000000 0.000000 0.000000 0.000000 0.000000 0.000000 0.000000 0.000000 0.000000 0.000000
26.244389 28.259613 30.392593 32.638622 34.985947 37.434692 39.978577 42.622375 45.369450 48.213154 51.167557 54.212879 57.351841 60.579548 63.920334 67.372879 70.942276 74.630272 78.423286 82.348358 86.405586 90.625793 95.094536 99.718933 0.000000 0.000000 0.000000 0.000000 0.000000 0.000000 0.000000 0.000000 0.000000 0.000000 0.000000 0.000000 0.000000 0.000000 0.000000 0.000000
27.083641 29.139278 31.305096 33.573490 35.936954 38.395973 40.944801 43.590324 46.336597 49.177624 52.129158 55.172001 58.310490 61.538643 64.881538 68.336601 71.906563 75.590942 79.375397 83.291901 87.351524 91.600670 96.067192 0.000000 0.000000 0.000000 0.000000 0.000000 0.000000 0.000000 0.000000 0.000000 0.000000 0.000000 0.000000 0.000000 0.000000 0.000000 0.000000 0.000000
27.964968 30.050905 32.241486 34.524750 36.898193 39.362568 41.911911 44.556274 47.299999 50.137699 53.086594 56.128361 59.269154 62.499306 65.844696 69.300331 72.866669 76.542999 80.319077 84.237869 88.322769 92.567169 0.000000 0.000000 0.000000 0.000000 0.000000 0.000000 0.000000 0.000000 0.000000 0.000000 0.000000 0.000000 0.000000 0.000000 0.000000 0.000000 0.000000 0.000000
28.884127 30.992159 33.194004 35.494190 37.873363 40.339993 42.886684 45.528427 48.269592 51.104935 54.053051 57.096539 60.243347 63.476589 66.823433 70.276482 73.835747 77.504906 81.283974 85.228409 89.303246 0.000000 0.000000 0.000000 0.000000 0.000000 0.000000 0.000000 0.000000 0.000000 0.000000 0.000000 0.000000 0.000000 0.000000 0.000000 0.000000 0.000000 0.000000 0.000000
29.830418 31.953728 34.164108 36.466496 38.847637 41.313786 43.854950 46.492485 49.231148 52.065094 55.013817 58.061207 61.215622 64.450020 67.794151 71.240059 74.791931 78.463875 82.267235 86.201080 0.000000 0.000000 0.000000 0.000000 0.000000 0.000000 0.000000 0.000000 0.000000 0.000000 0.000000 0.000000 0.000000 0.000000 0.000000 0.000000 0.000000 0.000000 0.000000 0.000000
30.789349 32.922020 35.137123 37.440243 39.820789 42.284973 44.829212 47.462177 50.200077 53.034889 55.986267 59.039913 62.188156 65.419884 68.757103 72.195694 75.749863 79.445374 83.236450 0.000000 0.000000 0.000000 0.000000 0.000000 0.000000 0.000000 0.000000 0.000000 0.000000 0.000000 0.000000 0.000000 0.000000 0.000000 0.000000 0.000000 0.000000 0.000000 0.000000 0.000000
31.757364 33.894905 36.111526 38.413578 40.792080 43.253765 45.797485 48.425652 51.164185 54.001217 56.955338 60.014938 63.158619 66.383614 69.713737 73.154373 76.731041 80.412994 0.000000 0.000000 0.000000 0.000000 0.000000 0.000000 0.000000 0.000000 0.000000 0.000000 0.000000 0.000000 0.000000 0.000000 0.000000 0.000000 0.000000 0.000000 0.000000 0.000000 0.000000 0.000000
32.730690 34.869789 37.085651 39.385086 41.761044 44.220615 46.763821 49.398964 52.140095 54.980816 57.936737 60.986729 64.123604 67.341614 70.673553 74.135880 77.697296 0.000000 0.000000 0.000000 0.000000 0.000000 0.000000 0.000000 0.000000 0.000000 0.000000 0.000000 0.000000 0.000000 0.000000 0.000000 0.000000 0.000000 0.000000 0.000000 0.000000 0.000000 0.000000 0.000000
33.706123 35.844517 38.058266 40.354000 42.727810 45.186455 47.730438 50.369595 53.113556 55.957241 58.911198 61.952950 65.083031 68.302658 71.655472 75.101067 0.000000 0.000000 0.000000 0.000000 0.000000 0.000000 0.000000 0.000000 0.000000 0.000000 0.000000 0.000000 0.000000 0.000000 0.000000 0.000000 0.000000 0.000000 0.000000 0.000000 0.000000 0.000000 0.000000 0.000000
34.681412 36.817810 39.029030 41.320484 43.693230 46.152550 48.698631 51.340816 54.086166 56.930779 59.878975 62.913586 66.045334 69.284912 72.619659 0.000000 0.000000 0.000000 0.000000 0.000000 0.000000 0.000000 0.000000 0.000000 0.000000 0.000000 0.000000 0.000000 0.000000 0.000000 0.000000 0.000000 0.000000 0.000000 0.000000 0.000000 0.000000 0.000000 0.000000 0.000000
35.655281 37.789284 39.998444 42.285728 44.658875 47.120266 49.668915 52.312401 55.055790 57.899113 60.841049 63.876907 67.028099 70.248192 0.000000 0.000000 0.000000 0.000000 0.000000 0.000000 0.000000 0.000000 0.000000 0.000000 0.000000 0.000000 0.000000 0.000000 0.000000 0.000000 0.000000 0.000000 0.000000 0.000000 0.000000 0.000000 0.000000 0.000000 0.000000 0.000000
36.627346 38.759434 40.967758 43.261360 45.636486 48.101017 50.651543 53.293674 56.031902 58.861965 61.805481 64.859909 67.990547 0.000000 0.000000 0.000000 0.000000 0.000000 0.000000 0.000000 0.000000 0.000000 0.000000 0.000000 0.000000 0.000000 0.000000 0.000000 0.000000 0.000000 0.000000 0.000000 0.000000 0.000000 0.000000 0.000000 0.000000 0.000000 0.000000 0.000000
37.598103 39.729420 41.938503 44.236080 46.612709 49.079002 51.628075 54.264927 56.996933 59.826553 62.788826 65.821381 0.000000 0.000000 0.000000 0.000000 0.000000 0.000000 0.000000 0.000000 0.000000 0.000000 0.000000 0.000000 0.000000 0.000000 0.000000 0.000000 0.000000 0.000000 0.000000 0.000000 0.000000 0.000000 0.000000 0.000000 0.000000 0.000000 0.000000 0.000000
38.568741 40.700890 42.912189 45.213043 47.588802 50.053707 52.597614 55.228218 57.960838 60.808369 63.749493 0.000000 0.000000 0.000000 0.000000 0.000000 0.000000 0.000000 0.000000 0.000000 0.000000 0.000000 0.000000 0.000000 0.000000 0.000000 0.000000 0.000000 0.000000 0.000000 0.000000 0.000000 0.000000 0.000000 0.000000 0.000000 0.000000 0.000000 0.000000 0.000000
39.540836 41.675266 43.889347 46.192146 48.562859 51.022774 53.560562 56.191593 58.940144 61.765106 0.000000 0.000000 0.000000 0.000000 0.000000 0.000000 0.000000 0.000000 0.000000 0.000000 0.000000 0.000000 0.000000 0.000000 0.000000 0.000000 0.000000 0.000000 0.000000 0.000000 0.000000 0.000000 0.000000 0.000000 0.000000 0.000000 0.000000 0.000000 0.000000 0.000000
40.515800 42.653103 44.868973 47.170918 49.543285 51.997795 54.536507 57.183640 59.906128 0.000000 0.000000 0.000000 0.000000 0.000000 0.000000 0.000000 0.000000 0.000000 0.000000 0.000000 0.000000 0.000000 0.000000 0.000000 0.000000 0.000000 0.000000 0.000000 0.000000 0.000000 0.000000 0.000000 0.000000 0.000000 0.000000 0.000000 0.000000 0.000000 0.000000 0.000000
41.494148 43.633362 45.848244 48.145973 50.514603 52.969765 55.523899 58.144543 0.000000 0.000000 0.000000 0.000000 0.000000 0.000000 0.000000 0.000000 0.000000 0.000000 0.000000 0.000000 0.000000 0.000000 0.000000 0.000000 0.000000 0.000000 0.000000 0.000000 0.000000 0.000000 0.000000 0.000000 0.000000 0.000000 0.000000 0.000000 0.000000 0.000000 0.000000 0.000000
42.474682 44.613098 46.823551 49.116478 51.485939 53.956028 56.482906 0.000000 0.000000 0.000000 0.000000 0.000000 0.000000 0.000000 0.000000 0.000000 0.000000 0.000000 0.000000 0.000000 0.000000 0.000000 0.000000 0.000000 0.000000 0.000000 0.000000 0.000000 0.000000 0.000000 0.000000 0.000000 0.000000 0.000000 0.000000 0.000000 0.000000 0.000000 0.000000 0.000000
43.454468 45.588665 47.793537 50.088261 52.472187 54.914196 0.000000 0.000000 0.000000 0.000000 0.000000 0.000000 0.000000 0.000000 0.000000 0.000000 0.000000 0.000000 0.000000 0.000000 0.000000 0.000000 0.000000 0.000000 0.000000 0.000000 0.000000 0.000000 0.000000 0.000000 0.000000 0.000000 0.000000 0.000000 0.000000 0.000000 0.000000 0.000000 0.000000 0.000000
44.429779 46.558559 48.763386 51.074905 53.429863 0.000000 0.000000 0.000000 0.000000 0.000000 0.000000 0.000000 0.000000 0.000000 0.000000 0.000000 0.000000 0.000000 0.000000 0.000000 0.000000 0.000000 0.000000 0.000000 0.000000 0.000000 0.000000 0.000000 0.000000 0.000000 0.000000 0.000000 0.000000 0.000000 0.000000 0.000000 0.000000 0.000000 0.000000 0.000000
45.399632 47.528370 49.746071 52.032204 0.000000 0.000000 0.000000 0.000000 0.000000 0.000000 0.000000 0.000000 0.000000 0.000000 0.000000 0.000000 0.000000 0.000000 0.000000 0.000000 0.000000 0.000000 0.000000 0.000000 0.000000 0.000000 0.000000 0.000000 0.000000 0.000000 0.000000 0.000000 0.000000 0.000000 0.000000 0.000000 0.000000 0.000000 0.000000 0.000000
46.380020 48.522038 50.708485 0.000000 0.000000 0.000000 0.000000 0.000000 0.000000 0.000000 0.000000 0.000000 0.000000 0.000000 0.000000 0.000000 0.000000 0.000000 0.000000 0.000000 0.000000 0.000000 0.000000 0.000000 0.000000 0.000000 0.000000 0.000000 0.000000 0.000000 0.000000 0.000000 0.000000 0.000000 0.000000 0.000000 0.000000 0.000000 0.000000 0.000000
47.369759 49.480526 0.000000 0.000000 0.000000 0.000000 0.000000 0.000000 0.000000 0.000000 0.000000 0.000000 0.000000 0.000000 0.000000 0.000000 0.000000 0.000000 0.000000 0.000000 0.000000 0.000000 0.000000 0.000000 0.000000 0.000000 0.000000 0.000000 0.000000 0.000000 0.000000 0.000000 0.000000 0.000000 0.000000 0.000000 0.000000 0.000000 0.000000 0.000000
48.326736 0.000000 0.000000 0.000000 0.000000 0.000000 0.000000 0.000000 0.000000 0.000000 0.000000 0.000000 0.000000 0.000000 0.000000 0.000000 0.000000 0.000000 0.000000 0.000000 0.000000 0.000000 0.000000 0.000000 0.000000 0.000000 0.000000 0.000000 0.000000 0.000000 0.000000 0.000000 0.000000 0.000000 0.000000 0.000000 0.000000 0.000000 0.000000 0.000000
