12.952520 14.054776 15.258357 16.559746 17.954302 19.431450 20.982140 22.601995 24.286026 26.019110 27.793169 29.604328 31.442623 33.291698 35.161362 37.042294 38.931492 40.831947 42.727238 44.627289 46.529980 48.442070 50.359150 52.273884 54.202366 56.131054 58.086384 60.069038 62.083008 64.138885 66.260712 68.515396 70.958481 73.657677 76.843086 80.897003 86.622337 95.981422 114.492821 158.000000
12.904911 14.055577 15.304500 16.647873 18.080273 19.590967 21.170485 22.814457 24.519142 26.268440 28.055056 29.875954 31.721186 33.575378 35.448185 37.331024 39.221172 41.121548 43.016682 44.916454 46.818741 48.731251 50.650253 52.565487 54.496212 56.428204 58.386242 60.372238 62.387241 64.442993 66.563248 68.815384 71.259132 73.961433 77.155685 81.229210 87.002510 96.464149 114.978401 0.000000
13.114975 14.323701 15.626759 17.019814 18.496702 20.046606 21.659603 23.331308 25.059574 26.827583 28.628666 30.461048 32.314510 34.175449 36.052162 37.937603 39.829342 41.729485 43.624847 45.524956 47.427589 49.341541 51.264011 53.180698 55.115295 57.052914 59.014530 61.004738 63.020954 65.076866 67.196236 69.446892 71.895744 74.607559 77.819534 81.924797 87.757545 97.232330 0.000000 0.000000
13.510317 14.780267 16.140137 17.584538 19.106934 20.696571 22.343060 24.042099 25.793087 27.579443 29.394609 31.238401 33.099957 34.967804 36.848434 38.736553 40.630074 42.529823 44.425488 46.326515 48.230141 50.146389 52.073654 53.992645 55.932362 57.876541 59.841640 61.835873 63.852837 65.909264 68.029579 70.282433 72.743271 75.472702 78.710114 82.849838 88.664246 0.000000 0.000000 0.000000
14.030846 15.360307 16.775032 18.268030 19.832970 21.459278 23.136070 24.859337 26.629839 28.432341 30.259764 32.113712 33.982422 35.856117 37.740078 39.630569 41.525814 43.425644 45.321625 47.224163 49.129486 51.048740 52.981819 54.904102 56.849537 58.799332 60.767181 62.764133 64.781723 66.840141 68.965012 71.227242 73.708321 76.461555 79.723122 83.823494 0.000000 0.000000 0.000000 0.000000
14.640203 16.024616 17.489405 19.025892 20.628403 22.286505 23.988928 25.732325 27.518496 29.334267 31.171558 33.033916 34.908611 36.786655 38.673317 40.565830 42.462765 44.363472 46.260067 48.164753 50.072514 51.995289 53.934761 55.861526 57.812344 59.766052 61.735588 63.733673 65.753479 67.817390 69.952751 72.233002 74.740135 77.514435 80.727745 0.000000 0.000000 0.000000 0.000000 0.000000
15.317900 16.751360 18.259970 19.833921 21.468353 23.152918 24.876049 26.635618 28.434099 30.260338 32.105270 33.973946 35.853542 37.734737 39.623566 41.517895 43.416634 45.319027 47.217255 49.124828 51.035648 52.962311 54.908218 56.840332 58.795078 60.751171 62.722015 64.720741 66.746887 68.822075 70.974922 73.279282 75.809189 78.532387 0.000000 0.000000 0.000000 0.000000 0.000000 0.000000
16.051517 17.527651 19.073521 20.678822 22.339687 24.045628 25.785023 27.557581 29.365620 31.199949 33.050667 34.923508 36.807026 38.690594 40.581352 42.477592 44.378494 46.283417 48.184933 50.096107 52.010483 53.940933 55.892696 57.829910 59.786484 61.744164 63.717381 65.719398 67.758591 69.852226 72.027306 74.352463 76.832550 0.000000 0.000000 0.000000 0.000000 0.000000 0.000000 0.000000
16.832159 18.344627 19.921455 21.552416 23.234726 24.957537 26.709663 28.492828 30.308176 32.148773 34.003922 35.878990 37.765419 39.651028 41.543758 43.442249 45.345905 47.254192 49.160904 51.076218 52.994225 54.927898 56.884457 58.825424 60.781860 62.742126 64.721107 66.732590 68.792427 70.909302 73.102974 75.376656 0.000000 0.000000 0.000000 0.000000 0.000000 0.000000 0.000000 0.000000
17.652380 19.195168 20.797239 22.448772 24.148058 25.883940 27.646284 29.438000 31.258863 33.104336 34.963078 36.839153 38.727345 40.615002 42.510048 44.411339 46.318413 48.230846 50.143833 52.063328 53.984509 55.920525 57.880707 59.824196 61.780830 63.747032 65.737564 67.766502 69.851028 71.987427 74.128296 0.000000 0.000000 0.000000 0.000000 0.000000 0.000000 0.000000 0.000000 0.000000
18.505386 20.072954 21.695269 23.362925 25.075169 26.820976 28.591757 30.389977 32.214928 34.064247 35.926025 37.802921 39.691872 41.581867 43.479729 45.384472 47.295616 49.212502 51.131458 53.054638 54.978104 56.915512 58.878643 60.825142 62.785667 64.763397 66.772659 68.824539 70.928947 73.013191 0.000000 0.000000 0.000000 0.000000 0.000000 0.000000 0.000000 0.000000 0.000000 0.000000
19.384977 20.972370 22.610643 24.290712 26.012239 27.765419 29.542994 31.345917 33.173790 35.026173 36.890778 38.768780 40.658226 42.551010 44.452278 46.361046 48.276604 50.197906 52.121532 54.047390 55.972130 57.910599 59.877567 61.829975 63.800793 65.797188 67.830093 69.901543 71.953812 0.000000 0.000000 0.000000 0.000000 0.000000 0.000000 0.000000 0.000000 0.000000 0.000000 0.000000
20.285711 21.888638 23.539343 25.228792 26.956436 28.715000 30.497574 32.303844 34.133842 35.988724 37.856216 39.735783 41.626476 43.522602 45.427849 47.340927 49.260818 51.185856 53.112667 55.040119 56.965683 58.906422 60.880341 62.844131 64.832886 66.852806 68.905731 70.925339 0.000000 0.000000 0.000000 0.000000 0.000000 0.000000 0.000000 0.000000 0.000000 0.000000 0.000000 0.000000
21.202709 22.817518 24.477837 26.174339 27.905849 29.668278 31.454247 33.262951 35.094540 36.951584 38.822304 40.704048 42.597237 44.497253 46.406738 48.324089 50.247623 52.175434 54.104099 56.032665 57.959892 59.906300 61.892948 63.875057 65.886986 67.926910 69.928268 0.000000 0.000000 0.000000 0.000000 0.000000 0.000000 0.000000 0.000000 0.000000 0.000000 0.000000 0.000000 0.000000
22.131790 23.755457 25.423178 27.125010 28.859140 30.624357 32.412506 34.223076 36.056030 37.915207 39.789684 41.674305 43.571236 45.475441 47.389118 49.310070 51.236298 53.165779 55.095654 57.026237 58.958214 60.916084 62.922699 64.928001 66.959709 68.948074 0.000000 0.000000 0.000000 0.000000 0.000000 0.000000 0.000000 0.000000 0.000000 0.000000 0.000000 0.000000 0.000000 0.000000
23.069849 24.699972 26.373289 28.079367 29.815514 31.582865 33.372349 35.184490 37.018909 38.880383 40.759308 42.647572 44.549149 46.457470 48.374706 50.298332 52.226200 54.156864 56.088779 58.024422 59.966431 61.942978 63.974529 65.999496 67.979591 0.000000 0.000000 0.000000 0.000000 0.000000 0.000000 0.000000 0.000000 0.000000 0.000000 0.000000 0.000000 0.000000 0.000000 0.000000
24.014938 25.649681 27.326996 29.036825 30.774719 32.543858 34.334270 36.147888 37.984112 39.848179 41.732204 43.624760 45.531433 47.443302 49.363171 51.288429 53.217430 55.150105 57.087193 59.033260 60.991848 62.991875 65.044884 67.018105 0.000000 0.000000 0.000000 0.000000 0.000000 0.000000 0.000000 0.000000 0.000000 0.000000 0.000000 0.000000 0.000000 0.000000 0.000000 0.000000
24.965902 26.603931 28.283752 29.997240 31.736856 33.507782 35.299187 37.114368 38.952885 40.819962 42.709507 44.606758 46.518192 48.432693 50.354179 52.280571 54.211601 56.149376 58.096992 60.060139 62.039780 64.059578 66.062210 0.000000 0.000000 0.000000 0.000000 0.000000 0.000000 0.000000 0.000000 0.000000 0.000000 0.000000 0.000000 0.000000 0.000000 0.000000 0.000000 0.000000
25.921917 27.562328 29.243383 30.960443 32.701950 34.474922 36.268040 38.085052 39.926399 41.796803 43.691864 45.593689 47.508625 49.424774 51.347401 53.275864 55.211903 57.160152 59.125019 61.109852 63.106991 65.074844 0.000000 0.000000 0.000000 0.000000 0.000000 0.000000 0.000000 0.000000 0.000000 0.000000 0.000000 0.000000 0.000000 0.000000 0.000000 0.000000 0.000000 0.000000
26.881891 28.524147 30.205751 31.925947 33.669685 35.445175 37.241302 39.060570 40.905128 42.778961 44.678997 46.584633 48.501091 50.418358 52.343025 54.276386 56.222836 58.188354 60.175098 62.177917 64.121597 0.000000 0.000000 0.000000 0.000000 0.000000 0.000000 0.000000 0.000000 0.000000 0.000000 0.000000 0.000000 0.000000 0.000000 0.000000 0.000000 0.000000 0.000000 0.000000
27.844433 29.488230 31.170483 32.893230 34.639671 36.418179 38.218781 40.040962 41.888718 43.765774 45.669758 47.577805 49.494076 51.413212 53.342701 55.286358 57.249905 59.237270 61.242256 63.191998 0.000000 0.000000 0.000000 0.000000 0.000000 0.000000 0.000000 0.000000 0.000000 0.000000 0.000000 0.000000 0.000000 0.000000 0.000000 0.000000 0.000000 0.000000 0.000000 0.000000
28.808550 30.453825 32.137211 33.862446 35.612049 37.394070 39.199928 41.025791 42.876312 44.756069 46.662861 48.571804 50.487957 52.411812 54.351395 56.311901 58.297104 60.302849 62.254982 0.000000 0.000000 0.000000 0.000000 0.000000 0.000000 0.000000 0.000000 0.000000 0.000000 0.000000 0.000000 0.000000 0.000000 0.000000 0.000000 0.000000 0.000000 0.000000 0.000000 0.000000
29.774170 31.421093 33.106194 34.834141 36.587307 38.373074 40.183861 42.013920 43.866329 45.748249 47.657097 49.566483 51.485634 53.419418 55.375648 57.357624 59.361042 61.313995 0.000000 0.000000 0.000000 0.000000 0.000000 0.000000 0.000000 0.000000 0.000000 0.000000 0.000000 0.000000 0.000000 0.000000 0.000000 0.000000 0.000000 0.000000 0.000000 0.000000 0.000000 0.000000
30.741728 32.390652 34.078056 35.809155 37.565987 39.355381 41.170044 43.003872 44.857193 46.740963 48.652542 50.564495 52.492477 54.442711 56.420170 58.420158 60.370785 0.000000 0.000000 0.000000 0.000000 0.000000 0.000000 0.000000 0.000000 0.000000 0.000000 0.000000 0.000000 0.000000 0.000000 0.000000 0.000000 0.000000 0.000000 0.000000 0.000000 0.000000 0.000000 0.000000
31.711828 33.363235 35.053440 36.788254 38.548370 40.340866 42.158051 43.994335 45.847988 47.734169 49.651192 51.571140 53.514980 55.486179 57.481464 59.428570 0.000000 0.000000 0.000000 0.000000 0.000000 0.000000 0.000000 0.000000 0.000000 0.000000 0.000000 0.000000 0.000000 0.000000 0.000000 0.000000 0.000000 0.000000 0.000000 0.000000 0.000000 0.000000 0.000000 0.000000
32.685059 34.339436 36.032734 37.771896 39.534424 41.329075 43.147556 44.985176 46.839836 48.730320 50.658043 52.593109 54.557549 56.546356 58.488590 0.000000 0.000000 0.000000 0.000000 0.000000 0.000000 0.000000 0.000000 0.000000 0.000000 0.000000 0.000000 0.000000 0.000000 0.000000 0.000000 0.000000 0.000000 0.000000 0.000000 0.000000 0.000000 0.000000 0.000000 0.000000
33.661900 35.319534 37.015877 38.759689 40.523403 42.319229 44.138329 45.977585 47.835785 49.734676 51.679684 53.634861 55.616638 57.552189 0.000000 0.000000 0.000000 0.000000 0.000000 0.000000 0.000000 0.000000 0.000000 0.000000 0.000000 0.000000 0.000000 0.000000 0.000000 0.000000 0.000000 0.000000 0.000000 0.000000 0.000000 0.000000 0.000000 0.000000 0.000000 0.000000
34.642563 36.303383 38.002274 39.750248 41.513977 43.310356 45.130737 46.973988 48.840557 50.753788 52.720726 54.692886 56.621246 0.000000 0.000000 0.000000 0.000000 0.000000 0.000000 0.000000 0.000000 0.000000 0.000000 0.000000 0.000000 0.000000 0.000000 0.000000 0.000000 0.000000 0.000000 0.000000 0.000000 0.000000 0.000000 0.000000 0.000000 0.000000 0.000000 0.000000
35.626858 37.290375 38.990875 40.741741 42.505142 44.302734 46.126999 47.979004 49.859982 51.792297 53.777767 55.696281 0.000000 0.000000 0.000000 0.000000 0.000000 0.000000 0.000000 0.000000 0.000000 0.000000 0.000000 0.000000 0.000000 0.000000 0.000000 0.000000 0.000000 0.000000 0.000000 0.000000 0.000000 0.000000 0.000000 0.000000 0.000000 0.000000 0.000000 0.000000
36.614132 38.279415 39.980488 41.733242 43.497841 45.299187 47.132164 48.999046 50.898590 52.847103 54.779991 0.000000 0.000000 0.000000 0.000000 0.000000 0.000000 0.000000 0.000000 0.000000 0.000000 0.000000 0.000000 0.000000 0.000000 0.000000 0.000000 0.000000 0.000000 0.000000 0.000000 0.000000 0.000000 0.000000 0.000000 0.000000 0.000000 0.000000 0.000000 0.000000
37.603317 39.269360 40.970356 42.725456 44.494865 46.304863 48.152752 50.038673 51.953266 53.847549 0.000000 0.000000 0.000000 0.000000 0.000000 0.000000 0.000000 0.000000 0.000000 0.000000 0.000000 0.000000 0.000000 0.000000 0.000000 0.000000 0.000000 0.000000 0.000000 0.000000 0.000000 0.000000 0.000000 0.000000 0.000000 0.000000 0.000000 0.000000 0.000000 0.000000
38.593266 40.259449 41.960899 43.721024 45.500618 47.325443 49.192474 51.093884 52.953220 0.000000 0.000000 0.000000 0.000000 0.000000 0.000000 0.000000 0.000000 0.000000 0.000000 0.000000 0.000000 0.000000 0.000000 0.000000 0.000000 0.000000 0.000000 0.000000 0.000000 0.000000 0.000000 0.000000 0.000000 0.000000 0.000000 0.000000 0.000000 0.000000 0.000000 0.000000
39.583324 41.250195 42.954483 44.724762 46.520367 48.364269 50.246922 52.093338 0.000000 0.000000 0.000000 0.000000 0.000000 0.000000 0.000000 0.000000 0.000000 0.000000 0.000000 0.000000 0.000000 0.000000 0.000000 0.000000 0.000000 0.000000 0.000000 0.000000 0.000000 0.000000 0.000000 0.000000 0.000000 0.000000 0.000000 0.000000 0.000000 0.000000 0.000000 0.000000
40.574223 42.244186 43.955875 45.742676 47.557999 49.417511 51.245327 0.000000 0.000000 0.000000 0.000000 0.000000 0.000000 0.000000 0.000000 0.000000 0.000000 0.000000 0.000000 0.000000 0.000000 0.000000 0.000000 0.000000 0.000000 0.000000 0.000000 0.000000 0.000000 0.000000 0.000000 0.000000 0.000000 0.000000 0.000000 0.000000 0.000000 0.000000 0.000000 0.000000
41.568802 43.246479 44.971371 46.778946 48.610069 50.414761 0.000000 0.000000 0.000000 0.000000 0.000000 0.000000 0.000000 0.000000 0.000000 0.000000 0.000000 0.000000 0.000000 0.000000 0.000000 0.000000 0.000000 0.000000 0.000000 0.000000 0.000000 0.000000 0.000000 0.000000 0.000000 0.000000 0.000000 0.000000 0.000000 0.000000 0.000000 0.000000 0.000000 0.000000
42.572166 44.263489 46.005569 47.830048 49.606319 0.000000 0.000000 0.000000 0.000000 0.000000 0.000000 0.000000 0.000000 0.000000 0.000000 0.000000 0.000000 0.000000 0.000000 0.000000 0.000000 0.000000 0.000000 0.000000 0.000000 0.000000 0.000000 0.000000 0.000000 0.000000 0.000000 0.000000 0.000000 0.000000 0.000000 0.000000 0.000000 0.000000 0.000000 0.000000
43.590427 45.299446 47.055218 48.825424 0.000000 0.000000 0.000000 0.000000 0.000000 0.000000 0.000000 0.000000 0.000000 0.000000 0.000000 0.000000 0.000000 0.000000 0.000000 0.000000 0.000000 0.000000 0.000000 0.000000 0.000000 0.000000 0.000000 0.000000 0.000000 0.000000 0.000000 0.000000 0.000000 0.000000 0.000000 0.000000 0.000000 0.000000 0.000000 0.000000
44.627014 46.350182 48.049530 0.000000 0.000000 0.000000 0.000000 0.000000 0.000000 0.000000 0.000000 0.000000 0.000000 0.000000 0.000000 0.000000 0.000000 0.000000 0.000000 0.000000 0.000000 0.000000 0.000000 0.000000 0.000000 0.000000 0.000000 0.000000 0.000000 0.000000 0.000000 0.000000 0.000000 0.000000 0.000000 0.000000 0.000000 0.000000 0.000000 0.000000
45.677483 47.344635 0.000000 0.000000 0.000000 0.000000 0.000000 0.000000 0.000000 0.000000 0.000000 0.000000 0.000000 0.000000 0.000000 0.000000 0.000000 0.000000 0.000000 0.000000 0.000000 0.000000 0.000000 0.000000 0.000000 0.000000 0.000000 0.000000 0.000000 0.000000 0.000000 0.000000 0.000000 0.000000 0.000000 0.000000 0.000000 0.000000 0.000000 0.000000
46.671295 0.000000 0.000000 0.000000 0.000000 0.000000 0.000000 0.000000 0.000000 0.000000 0.000000 0.000000 0.000000 0.000000 0.000000 0.000000 0.000000 0.000000 0.000000 0.000000 0.000000 0.000000 0.000000 0.000000 0.000000 0.000000 0.000000 0.000000 0.000000 0.000000 0.000000 0.000000 0.000000 0.000000 0.000000 0.000000 0.000000 0.000000 0.000000 0.000000
