31.847790 31.925341 32.018925 32.131393 32.265568 32.424564 32.611713 32.830788 33.085590 33.379421 33.716053 34.099003 34.531036 35.014542 35.552773 36.147778 36.802181 37.519226 38.302887 39.161850 40.106606 41.152397 42.318470 43.627102 45.103882 46.768230 48.640644 50.730770 53.040794 55.577034 58.357220 61.434059 64.921890 69.047432 74.205338 81.021378 90.474411 104.242630 126.109039 167.000000
30.840525 30.917963 31.011417 31.123722 31.257690 31.416456 31.603342 31.822100 32.076534 32.369934 32.706081 33.088474 33.519878 34.002674 34.540119 35.134262 35.787716 36.503727 37.286259 38.143978 39.087368 40.131641 41.296028 42.602757 44.077393 45.739338 47.609024 49.696121 52.002811 54.535393 57.311562 60.383896 63.866707 67.986458 73.138115 79.950607 89.416824 103.251564 125.263382 0.000000
29.806652 29.883978 29.977297 30.089441 30.223219 30.381750 30.568367 30.786806 31.040871 31.333849 31.669508 32.051350 32.482132 32.964226 33.500896 34.094177 34.746685 35.461655 36.243053 37.099529 38.041550 39.084312 40.247005 41.551853 43.024353 44.683891 46.550869 48.634937 50.938271 53.467186 56.239338 59.307289 62.785271 66.900536 72.052467 78.889618 88.463608 102.583855 0.000000 0.000000
28.776102 28.853317 28.946499 29.058485 29.192074 29.350367 29.536715 29.754843 30.008545 30.301102 30.636280 31.017576 31.447735 31.929152 32.465050 33.057484 33.709053 34.423004 35.203289 36.058529 36.999207 38.040470 39.201500 40.504475 41.974865 43.632034 45.496342 47.577427 49.877476 52.402756 55.170944 58.234699 61.709175 65.826447 71.006287 77.960304 87.853989 0.000000 0.000000 0.000000
27.748087 27.825193 27.918251 28.030079 28.163485 28.321569 28.507658 28.725479 28.978813 29.270966 29.605677 29.986435 30.416002 30.896734 31.431889 32.023495 32.674156 33.387108 34.166294 35.020340 35.959694 36.999516 38.158924 39.460079 40.928406 42.583260 44.444958 46.523148 48.819969 51.341763 54.106297 57.167301 60.644642 64.791351 70.090477 77.371658 0.000000 0.000000 0.000000 0.000000
26.723507 26.800508 26.893438 27.005116 27.138336 27.296209 27.482050 27.699579 27.952583 28.244341 28.578606 28.958857 29.387833 29.867924 30.402355 30.993164 31.642952 32.354950 33.133099 33.985996 34.924080 35.962502 37.120354 38.419758 39.886135 41.538757 43.397953 45.473339 47.767113 50.285786 53.048027 56.112614 59.620239 63.887127 69.515579 0.000000 0.000000 0.000000 0.000000 0.000000
25.704004 25.780910 25.873720 25.985256 26.118309 26.275986 26.461584 26.678841 26.931528 27.222921 27.556763 27.936533 28.364990 28.844471 29.378227 29.968290 30.617258 31.328350 32.105507 32.957336 33.894249 34.931358 36.087749 37.385517 38.850040 40.500580 42.357441 44.430248 46.721359 49.238243 52.004787 55.100105 58.728249 63.324284 0.000000 0.000000 0.000000 0.000000 0.000000 0.000000
24.690920 24.767740 24.860441 24.971857 25.104761 25.262259 25.447643 25.664654 25.917053 26.208113 26.541574 26.920910 27.348862 27.827803 28.360962 28.950354 29.598577 30.308870 31.085140 31.936001 32.871849 33.907784 35.062859 36.359142 37.821999 39.470650 41.325413 43.396114 45.686050 48.207687 51.005409 54.221325 58.177212 0.000000 0.000000 0.000000 0.000000 0.000000 0.000000 0.000000
23.684772 23.761517 23.854132 23.965435 24.098209 24.255564 24.440779 24.657587 24.909731 25.200504 25.533630 25.912596 26.340132 26.818598 27.351223 27.940039 28.587629 29.297216 30.072739 30.922762 31.857689 32.892593 34.046543 35.341568 36.802982 38.450058 40.303230 42.373280 44.668602 47.221981 50.140072 53.682106 0.000000 0.000000 0.000000 0.000000 0.000000 0.000000 0.000000 0.000000
22.685219 22.761906 22.854450 22.965668 23.098335 23.255560 23.440634 23.657259 23.909214 24.199757 24.532621 24.911282 25.338480 25.816563 26.348749 26.937098 27.584166 28.293180 29.068062 29.917404 30.851578 31.885668 33.038692 34.332695 35.792976 37.438961 39.292034 41.368023 43.695538 46.369316 49.611927 0.000000 0.000000 0.000000 0.000000 0.000000 0.000000 0.000000 0.000000 0.000000
21.691301 21.767950 21.860445 21.971603 22.104202 22.261337 22.446306 22.662809 22.914610 23.204979 23.537645 23.916077 24.343002 24.820784 25.352650 25.940622 26.587280 27.295862 28.070282 28.919100 29.852713 30.886181 32.038517 33.331757 34.791374 36.437733 38.297253 40.405888 42.853870 45.850784 0.000000 0.000000 0.000000 0.000000 0.000000 0.000000 0.000000 0.000000 0.000000 0.000000
20.701723 20.778355 20.870832 20.981956 21.114523 21.271606 21.456507 21.672930 21.924643 22.214897 22.547432 22.925705 23.352449 23.830027 24.361675 24.949383 25.595758 26.304029 27.078117 27.926580 28.859806 29.892853 31.044758 32.337692 33.798130 35.451347 37.343849 39.572910 42.343071 0.000000 0.000000 0.000000 0.000000 0.000000 0.000000 0.000000 0.000000 0.000000 0.000000 0.000000
19.715349 19.791996 19.884481 19.995621 20.128178 20.285259 20.470150 20.686556 20.938238 21.228449 21.560919 21.939117 22.365767 22.843227 23.374737 23.962296 24.608496 25.316591 26.090483 26.938759 27.871805 28.904684 30.056610 31.350693 32.818302 34.504726 36.517548 39.067909 0.000000 0.000000 0.000000 0.000000 0.000000 0.000000 0.000000 0.000000 0.000000 0.000000 0.000000 0.000000
18.731518 18.808222 18.900764 19.011965 19.144600 19.301746 19.486694 19.703154 19.954882 20.245131 20.577620 20.955828 21.382477 21.859915 22.391397 22.978918 23.625082 24.333138 25.107008 25.955282 26.888393 27.921545 29.074905 30.376469 31.877398 33.683876 36.016800 0.000000 0.000000 0.000000 0.000000 0.000000 0.000000 0.000000 0.000000 0.000000 0.000000 0.000000 0.000000 0.000000
17.750362 17.827192 17.919876 18.031221 18.164005 18.321306 18.506426 18.723043 18.974915 19.265310 19.597942 19.976280 20.403046 20.880602 21.412172 21.999798 22.646076 23.354271 24.128328 24.976871 25.910526 26.945425 28.106544 29.441515 31.061939 33.186966 0.000000 0.000000 0.000000 0.000000 0.000000 0.000000 0.000000 0.000000 0.000000 0.000000 0.000000 0.000000 0.000000 0.000000
16.772985 16.850044 16.942978 17.054590 17.187656 17.345257 17.530676 17.747612 17.999796 18.290506 18.623447 19.002085 19.429138 19.906988 20.438850 21.026773 21.673389 22.381975 23.156536 24.005892 24.941566 25.984501 27.179054 28.632753 30.569593 0.000000 0.000000 0.000000 0.000000 0.000000 0.000000 0.000000 0.000000 0.000000 0.000000 0.000000 0.000000 0.000000 0.000000 0.000000
15.801402 15.878846 15.972197 16.084259 16.217804 16.375912 16.561855 16.779329 17.032072 17.323341 17.656839 18.036034 18.463646 18.942028 19.474445 20.062960 20.710232 21.419605 22.195253 23.046986 23.991016 25.067368 26.379648 28.146872 0.000000 0.000000 0.000000 0.000000 0.000000 0.000000 0.000000 0.000000 0.000000 0.000000 0.000000 0.000000 0.000000 0.000000 0.000000 0.000000
14.838437 14.916487 15.010494 15.123271 15.257583 15.416496 15.603284 15.821631 16.075281 16.367460 16.701872 17.081984 17.510509 17.989819 18.523182 19.112707 19.761126 20.471960 21.250385 22.110754 23.088118 24.280931 25.902983 0.000000 0.000000 0.000000 0.000000 0.000000 0.000000 0.000000 0.000000 0.000000 0.000000 0.000000 0.000000 0.000000 0.000000 0.000000 0.000000 0.000000
13.887640 13.966606 14.061618 14.175476 14.310937 14.471080 14.659144 14.878821 15.133835 15.427405 15.763233 16.144766 16.574722 17.055479 17.590353 18.181517 18.831861 19.545918 20.333324 21.226906 22.319059 23.817059 0.000000 0.000000 0.000000 0.000000 0.000000 0.000000 0.000000 0.000000 0.000000 0.000000 0.000000 0.000000 0.000000 0.000000 0.000000 0.000000 0.000000 0.000000
12.953103 13.033400 13.129874 13.245299 13.382449 13.544366 13.734303 13.955918 14.212923 14.508536 14.846432 15.230055 15.662125 16.145046 16.682188 17.275902 17.930021 18.653467 19.473881 20.480211 21.871899 0.000000 0.000000 0.000000 0.000000 0.000000 0.000000 0.000000 0.000000 0.000000 0.000000 0.000000 0.000000 0.000000 0.000000 0.000000 0.000000 0.000000 0.000000 0.000000
12.039349 12.121511 12.220009 12.337630 12.477135 12.641546 12.834105 13.058439 13.318255 13.616738 13.957546 14.344128 14.779197 15.265204 15.805690 16.403894 17.067921 17.824112 18.754938 20.054148 0.000000 0.000000 0.000000 0.000000 0.000000 0.000000 0.000000 0.000000 0.000000 0.000000 0.000000 0.000000 0.000000 0.000000 0.000000 0.000000 0.000000 0.000000 0.000000 0.000000
11.151237 11.235935 11.337198 11.457808 11.600501 11.768292 11.964395 12.192419 12.456038 12.758420 13.103193 13.493806 13.932991 14.423341 14.969238 15.578010 16.274599 17.138569 18.354553 0.000000 0.000000 0.000000 0.000000 0.000000 0.000000 0.000000 0.000000 0.000000 0.000000 0.000000 0.000000 0.000000 0.000000 0.000000 0.000000 0.000000 0.000000 0.000000 0.000000 0.000000
10.293855 10.381903 10.486819 10.611361 10.758261 10.930512 11.131278 11.364149 11.632778 11.940293 12.290297 12.686241 13.130978 13.627871 14.185202 14.826468 15.628026 16.768566 0.000000 0.000000 0.000000 0.000000 0.000000 0.000000 0.000000 0.000000 0.000000 0.000000 0.000000 0.000000 0.000000 0.000000 0.000000 0.000000 0.000000 0.000000 0.000000 0.000000 0.000000 0.000000
9.472447 9.564813 9.674420 9.804015 9.956317 10.134268 10.341014 10.580107 10.855153 11.169246 11.525966 11.928866 12.381505 12.890917 13.480844 14.224210 15.293002 0.000000 0.000000 0.000000 0.000000 0.000000 0.000000 0.000000 0.000000 0.000000 0.000000 0.000000 0.000000 0.000000 0.000000 0.000000 0.000000 0.000000 0.000000 0.000000 0.000000 0.000000 0.000000 0.000000
8.692237 8.790031 8.905538 9.041471 9.200539 9.385636 9.599868 9.846730 10.129799 10.452133 10.817366 11.229702 11.696159 12.238502 12.927720 13.928476 0.000000 0.000000 0.000000 0.000000 0.000000 0.000000 0.000000 0.000000 0.000000 0.000000 0.000000 0.000000 0.000000 0.000000 0.000000 0.000000 0.000000 0.000000 0.000000 0.000000 0.000000 0.000000 0.000000 0.000000
7.958281 8.062778 8.185546 8.329268 8.496632 8.690488 8.913875 9.170243 9.463132 9.795642 10.171983 10.599626 11.099543 11.738512 12.675014 0.000000 0.000000 0.000000 0.000000 0.000000 0.000000 0.000000 0.000000 0.000000 0.000000 0.000000 0.000000 0.000000 0.000000 0.000000 0.000000 0.000000 0.000000 0.000000 0.000000 0.000000 0.000000 0.000000 0.000000 0.000000
7.275329 7.387928 7.519461 7.672565 7.849904 8.054273 8.288645 8.556428 8.861192 9.206560 9.599799 10.061608 10.655699 11.531812 0.000000 0.000000 0.000000 0.000000 0.000000 0.000000 0.000000 0.000000 0.000000 0.000000 0.000000 0.000000 0.000000 0.000000 0.000000 0.000000 0.000000 0.000000 0.000000 0.000000 0.000000 0.000000 0.000000 0.000000 0.000000 0.000000
6.647625 6.769856 6.911777 7.075988 7.265116 7.481890 7.729217 8.010530 8.329896 8.693821 9.122049 9.675790 10.497058 0.000000 0.000000 0.000000 0.000000 0.000000 0.000000 0.000000 0.000000 0.000000 0.000000 0.000000 0.000000 0.000000 0.000000 0.000000 0.000000 0.000000 0.000000 0.000000 0.000000 0.000000 0.000000 0.000000 0.000000 0.000000 0.000000 0.000000
6.078825 6.212321 6.366374 6.543518 6.746343 6.977525 7.239964 7.537555 7.877085 8.276888 8.795007 9.566266 0.000000 0.000000 0.000000 0.000000 0.000000 0.000000 0.000000 0.000000 0.000000 0.000000 0.000000 0.000000 0.000000 0.000000 0.000000 0.000000 0.000000 0.000000 0.000000 0.000000 0.000000 0.000000 0.000000 0.000000 0.000000 0.000000 0.000000 0.000000
5.571892 5.718383 5.886385 6.078371 6.296895 6.544638 6.824906 7.144184 7.520453 8.008292 8.734700 0.000000 0.000000 0.000000 0.000000 0.000000 0.000000 0.000000 0.000000 0.000000 0.000000 0.000000 0.000000 0.000000 0.000000 0.000000 0.000000 0.000000 0.000000 0.000000 0.000000 0.000000 0.000000 0.000000 0.000000 0.000000 0.000000 0.000000 0.000000 0.000000
5.129066 5.290345 5.474178 5.682977 5.919323 6.186301 6.489638 6.846447 7.309000 7.996428 0.000000 0.000000 0.000000 0.000000 0.000000 0.000000 0.000000 0.000000 0.000000 0.000000 0.000000 0.000000 0.000000 0.000000 0.000000 0.000000 0.000000 0.000000 0.000000 0.000000 0.000000 0.000000 0.000000 0.000000 0.000000 0.000000 0.000000 0.000000 0.000000 0.000000
4.751857 4.929769 5.131368 5.359058 5.615823 5.907088 6.248651 6.690091 7.344018 0.000000 0.000000 0.000000 0.000000 0.000000 0.000000 0.000000 0.000000 0.000000 0.000000 0.000000 0.000000 0.000000 0.000000 0.000000 0.000000 0.000000 0.000000 0.000000 0.000000 0.000000 0.000000 0.000000 0.000000 0.000000 0.000000 0.000000 0.000000 0.000000 0.000000 0.000000
4.441101 4.637527 4.858908 5.108003 5.390060 5.720112 6.144735 6.769897 0.000000 0.000000 0.000000 0.000000 0.000000 0.000000 0.000000 0.000000 0.000000 0.000000 0.000000 0.000000 0.000000 0.000000 0.000000 0.000000 0.000000 0.000000 0.000000 0.000000 0.000000 0.000000 0.000000 0.000000 0.000000 0.000000 0.000000 0.000000 0.000000 0.000000 0.000000 0.000000
4.197035 4.413928 4.657525 4.932721 5.253959 5.665569 6.266817 0.000000 0.000000 0.000000 0.000000 0.000000 0.000000 0.000000 0.000000 0.000000 0.000000 0.000000 0.000000 0.000000 0.000000 0.000000 0.000000 0.000000 0.000000 0.000000 0.000000 0.000000 0.000000 0.000000 0.000000 0.000000 0.000000 0.000000 0.000000 0.000000 0.000000 0.000000 0.000000 0.000000
4.019444 4.259158 4.529493 4.844123 5.245427 5.827118 0.000000 0.000000 0.000000 0.000000 0.000000 0.000000 0.000000 0.000000 0.000000 0.000000 0.000000 0.000000 0.000000 0.000000 0.000000 0.000000 0.000000 0.000000 0.000000 0.000000 0.000000 0.000000 0.000000 0.000000 0.000000 0.000000 0.000000 0.000000 0.000000 0.000000 0.000000 0.000000 0.000000 0.000000
3.908089 4.174994 4.484913 4.878172 5.443505 0.000000 0.000000 0.000000 0.000000 0.000000 0.000000 0.000000 0.000000 0.000000 0.000000 0.000000 0.000000 0.000000 0.000000 0.000000 0.000000 0.000000 0.000000 0.000000 0.000000 0.000000 0.000000 0.000000 0.000000 0.000000 0.000000 0.000000 0.000000 0.000000 0.000000 0.000000 0.000000 0.000000 0.000000 0.000000
3.864395 4.170889 4.558067 5.109814 0.000000 0.000000 0.000000 0.000000 0.000000 0.000000 0.000000 0.000000 0.000000 0.000000 0.000000 0.000000 0.000000 0.000000 0.000000 0.000000 0.000000 0.000000 0.000000 0.000000 0.000000 0.000000 0.000000 0.000000 0.000000 0.000000 0.000000 0.000000 0.000000 0.000000 0.000000 0.000000 0.000000 0.000000 0.000000 0.000000
3.897301 4.279722 4.820351 0.000000 0.000000 0.000000 0.000000 0.000000 0.000000 0.000000 0.000000 0.000000 0.000000 0.000000 0.000000 0.000000 0.000000 0.000000 0.000000 0.000000 0.000000 0.000000 0.000000 0.000000 0.000000 0.000000 0.000000 0.000000 0.000000 0.000000 0.000000 0.000000 0.000000 0.000000 0.000000 0.000000 0.000000 0.000000 0.000000 0.000000
4.038526 4.569809 0.000000 0.000000 0.000000 0.000000 0.000000 0.000000 0.000000 0.000000 0.000000 0.000000 0.000000 0.000000 0.000000 0.000000 0.000000 0.000000 0.000000 0.000000 0.000000 0.000000 0.000000 0.000000 0.000000 0.000000 0.000000 0.000000 0.000000 0.000000 0.000000 0.000000 0.000000 0.000000 0.000000 0.000000 0.000000 0.000000 0.000000 0.000000
4.353718 0.000000 0.000000 0.000000 0.000000 0.000000 0.000000 0.000000 0.000000 0.000000 0.000000 0.000000 0.000000 0.000000 0.000000 0.000000 0.000000 0.000000 0.000000 0.000000 0.000000 0.000000 0.000000 0.000000 0.000000 0.000000 0.000000 0.000000 0.000000 0.000000 0.000000 0.000000 0.000000 0.000000 0.000000 0.000000 0.000000 0.000000 0.000000 0.000000
