13.924165 14.015921 14.133390 14.281821 14.467866 14.698916 14.984004 15.334057 15.761963 16.286064 16.930773 17.731930 18.734453 19.992907 21.568672 23.525761 25.934185 28.889708 32.548870 37.156467 43.154865 51.571751 65.430443 95.000000
12.927293 13.019064 13.136550 13.284976 13.470997 13.702001 13.987004 14.336946 14.764686 15.288568 15.932980 16.733761 17.735773 18.993526 20.568380 22.524651 24.933960 27.898149 31.591385 36.299351 42.533089 51.370564 65.684860 0.000000
11.929615 12.021588 12.139305 12.287984 12.474271 12.705545 12.990844 13.341102 13.769176 14.293433 14.938270 15.739541 16.742079 18.000397 19.576078 21.534916 23.954300 26.953407 30.748148 35.698078 42.386230 51.790230 0.000000 0.000000
10.946985 11.039479 11.157816 11.307180 11.494231 11.726343 12.012581 12.363900 12.793166 13.318805 13.965247 14.768448 15.773293 17.034512 18.614918 20.585594 23.040470 26.139664 30.173428 35.577427 42.852444 0.000000 0.000000 0.000000
9.982957 10.076519 10.196111 10.346883 10.535519 10.769388 11.057605 11.411176 11.843002 12.371627 13.021585 13.829035 14.839146 16.107883 17.702662 19.709877 22.262756 25.594931 30.074734 36.061485 0.000000 0.000000 0.000000 0.000000
9.042246 9.137745 9.259576 9.412886 9.604373 9.841423 10.133228 10.490859 10.927328 11.461369 12.117763 12.933154 13.953928 15.240352 16.873676 18.977003 21.754919 25.520409 30.571508 0.000000 0.000000 0.000000 0.000000 0.000000
8.132150 8.230844 8.356392 8.513885 8.710072 8.952366 9.250084 9.614407 10.058517 10.601501 11.268677 12.098079 13.140224 14.468106 16.196482 18.515924 21.710402 26.029875 0.000000 0.000000 0.000000 0.000000 0.000000 0.000000
7.262869 7.366543 7.497813 7.661772 7.865220 8.115602 8.422416 8.796992 9.252858 9.809723 10.494316 11.348771 12.435454 13.858128 15.793774 18.509737 22.234938 0.000000 0.000000 0.000000 0.000000 0.000000 0.000000 0.000000
6.446771 6.557753 6.697397 6.870801 7.084823 7.346972 7.666994 8.056431 8.529474 9.107239 9.820387 10.722171 11.903296 13.524687 15.835196 19.053179 0.000000 0.000000 0.000000 0.000000 0.000000 0.000000 0.000000 0.000000
5.696873 5.818073 5.969363 6.155878 6.384558 6.662993 7.001247 7.411298 7.908742 8.518376 9.281210 10.276554 11.647551 13.621484 16.401705 0.000000 0.000000 0.000000 0.000000 0.000000 0.000000 0.000000 0.000000 0.000000
5.025184 5.160062 5.326861 5.530805 5.778907 6.078887 6.441322 6.879210 7.411678 8.072983 8.928020 10.103916 11.804688 14.214292 0.000000 0.000000 0.000000 0.000000 0.000000 0.000000 0.000000 0.000000 0.000000 0.000000
4.441487 4.593981 4.780652 5.006862 5.279712 5.607190 6.000919 6.476750 7.062658 7.814498 8.840693 10.323631 12.425515 0.000000 0.000000 0.000000 0.000000 0.000000 0.000000 0.000000 0.000000 0.000000 0.000000 0.000000
3.952700 4.127131 4.338419 4.592125 4.895525 5.257339 5.691907 6.222673 6.897503 7.811415 9.122814 10.972870 0.000000 0.000000 0.000000 0.000000 0.000000 0.000000 0.000000 0.000000 0.000000 0.000000 0.000000 0.000000
3.562868 3.763828 4.004736 4.291486 4.631915 5.036976 5.528049 6.146137 6.974775 8.153507 9.799770 0.000000 0.000000 0.000000 0.000000 0.000000 0.000000 0.000000 0.000000 0.000000 0.000000 0.000000 0.000000 0.000000
3.273571 3.505834 3.781584 4.107446 4.493176 4.955931 5.533148 6.297601 7.372760 8.856625 0.000000 0.000000 0.000000 0.000000 0.000000 0.000000 0.000000 0.000000 0.000000 0.000000 0.000000 0.000000 0.000000 0.000000
3.084611 3.353107 3.669363 4.042015 4.486382 5.034101 5.751422 6.746214 8.099874 0.000000 0.000000 0.000000 0.000000 0.000000 0.000000 0.000000 0.000000 0.000000 0.000000 0.000000 0.000000 0.000000 0.000000 0.000000
2.994746 3.304801 3.668729 4.100554 4.628793 5.311115 6.244932 7.494789 0.000000 0.000000 0.000000 0.000000 0.000000 0.000000 0.000000 0.000000 0.000000 0.000000 0.000000 0.000000 0.000000 0.000000 0.000000 0.000000
3.002584 3.360953 3.784164 4.298678 4.956758 5.843642 7.012360 0.000000 0.000000 0.000000 0.000000 0.000000 0.000000 0.000000 0.000000 0.000000 0.000000 0.000000 0.000000 0.000000 0.000000 0.000000 0.000000 0.000000
3.108022 3.525696 4.030334 4.670420 5.522852 6.627326 0.000000 0.000000 0.000000 0.000000 0.000000 0.000000 0.000000 0.000000 0.000000 0.000000 0.000000 0.000000 0.000000 0.000000 0.000000 0.000000 0.000000 0.000000
3.315197 3.813180 4.439606 5.265188 6.320448 0.000000 0.000000 0.000000 0.000000 0.000000 0.000000 0.000000 0.000000 0.000000 0.000000 0.000000 0.000000 0.000000 0.000000 0.000000 0.000000 0.000000 0.000000 0.000000
3.637998 4.254553 5.058880 6.074617 0.000000 0.000000 0.000000 0.000000 0.000000 0.000000 0.000000 0.000000 0.000000 0.000000 0.000000 0.000000 0.000000 0.000000 0.000000 0.000000 0.000000 0.000000 0.000000 0.000000
4.106676 4.894713 5.878407 0.000000 0.000000 0.000000 0.000000 0.000000 0.000000 0.000000 0.000000 0.000000 0.000000 0.000000 0.000000 0.000000 0.000000 0.000000 0.000000 0.000000 0.000000 0.000000 0.000000 0.000000
4.764538 5.722826 0.000000 0.000000 0.000000 0.000000 0.000000 0.000000 0.000000 0.000000 0.000000 0.000000 0.000000 0.000000 0.000000 0.000000 0.000000 0.000000 0.000000 0.000000 0.000000 0.000000 0.000000 0.000000
5.599908 0.000000 0.000000 0.000000 0.000000 0.000000 0.000000 0.000000 0.000000 0.000000 0.000000 0.000000 0.000000 0.000000 0.000000 0.000000 0.000000 0.000000 0.000000 0.000000 0.000000 0.000000 0.000000 0.000000
