5.709943 5.709950 5.709981 5.710105 5.710567 5.712172 5.717384 5.733152 5.777603 5.894062 6.173665 6.772546 7.887600 9.675338 12.000000
4.744437 4.744444 4.744477 4.744607 4.745089 4.746756 4.752146 4.768371 4.813890 4.932569 5.216118 5.820577 6.941106 8.730758 0.000000
3.780054 3.780065 3.780111 3.780286 3.780913 3.783018 3.789605 3.808800 3.860970 3.992891 4.299095 4.934781 6.086118 0.000000 0.000000
2.888747 2.888775 2.888879 2.889250 2.890479 2.894286 2.905244 2.934603 3.008023 3.179331 3.548120 4.263361 0.000000 0.000000 0.000000
2.111704 2.111795 2.112113 2.113150 2.116294 2.125105 2.147904 2.202491 2.324031 2.576462 3.061771 0.000000 0.000000 0.000000 0.000000
1.475189 1.475498 1.476500 1.479513 1.487853 1.509031 1.558272 1.663429 1.871114 2.252300 0.000000 0.000000 0.000000 0.000000 0.000000
0.984757 0.985754 0.988745 0.996996 1.017808 1.065601 1.165440 1.355968 1.690657 0.000000 0.000000 0.000000 0.000000 0.000000 0.000000
0.628724 0.631711 0.639946 0.660675 0.708059 0.806081 0.989687 1.302642 0.000000 0.000000 0.000000 0.000000 0.000000 0.000000 0.000000
0.385976 0.394208 0.414916 0.462176 0.559548 0.740308 1.043072 0.000000 0.000000 0.000000 0.000000 0.000000 0.000000 0.000000 0.000000
0.234013 0.254716 0.301937 0.399078 0.578706 0.876940 0.000000 0.000000 0.000000 0.000000 0.000000 0.000000 0.000000 0.000000 0.000000
0.155771 0.202981 0.300043 0.479250 0.775627 0.000000 0.000000 0.000000 0.000000 0.000000 0.000000 0.000000 0.000000 0.000000 0.000000
0.145074 0.242111 0.421174 0.716852 0.000000 0.000000 0.000000 0.000000 0.000000 0.000000 0.000000 0.000000 0.000000 0.000000 0.000000
0.209989 0.389005 0.684443 0.000000 0.000000 0.000000 0.000000 0.000000 0.000000 0.000000 0.000000 0.000000 0.000000 0.000000 0.000000
0.372101 0.667462 0.000000 0.000000 0.000000 0.000000 0.000000 0.000000 0.000000 0.000000 0.000000 0.000000 0.000000 0.000000 0.000000
0.659005 0.000000 0.000000 0.000000 0.000000 0.000000 0.000000 0.000000 0.000000 0.000000 0.000000 0.000000 0.000000 0.000000 0.000000
