10.359973 10.375700 10.395023 10.418940 10.447781 10.482636 10.524568 10.573927 10.632566 10.702124 10.784286 10.880777 10.994149 11.125414 11.277749 11.454583 11.657747 11.893672 12.165101 12.477557 12.837179 13.249501 13.720473 14.258503 14.874951 15.578088 16.378290 17.285898 18.314541 19.476875 20.791004 22.275112 23.955511 25.864231 28.043304 30.532545 33.397118 36.730824 40.629425 45.231041 50.733540 57.425053 65.801277 76.716003 91.915741 115.010109 154.273926 232.000000
9.466865 9.483582 9.504043 9.529289 9.559649 9.596229 9.640130 9.691682 9.752779 9.825069 9.910261 10.010075 10.127131 10.262344 10.418920 10.600359 10.808358 11.049516 11.326490 11.644814 12.010672 12.429566 12.907328 13.452312 14.076075 14.786759 15.594745 16.510338 17.547255 18.718287 20.041527 21.535379 23.226364 25.146633 27.338448 29.841221 32.720043 36.069328 39.985558 44.608742 50.140625 56.871830 65.304680 76.303001 91.644653 114.970413 154.368515 0.000000
8.622988 8.641297 8.663590 8.690977 8.723783 8.763134 8.810204 8.865273 8.930321 9.006989 9.097039 9.202186 9.325136 9.466682 9.630065 9.818906 10.034682 10.284264 10.570171 10.897958 11.273886 11.703384 12.192164 12.748484 13.384160 14.107207 14.927988 15.856742 16.907393 18.092945 19.431414 20.941599 22.650364 24.590075 26.803209 29.328876 32.232056 35.608047 39.554691 44.215321 49.798157 56.598900 65.132889 76.282249 91.856247 115.420250 0.000000 0.000000
7.842766 7.863334 7.888221 7.918638 7.954900 7.998173 8.049706 8.109732 8.180318 8.263131 8.359994 8.472609 8.603808 8.754211 8.927100 9.126282 9.352944 9.614273 9.912638 10.253606 10.643569 11.087835 11.591952 12.164133 12.816460 13.556766 14.395417 15.342603 16.412472 17.618452 18.978306 20.511429 22.245182 24.212151 26.454967 29.012707 31.950317 35.363960 39.353878 44.068584 49.726223 56.631485 65.318825 76.684959 92.485352 0.000000 0.000000 0.000000
7.125656 7.149197 7.177483 7.211865 7.252647 7.301043 7.358389 7.424863 7.502628 7.593385 7.699043 7.821275 7.963076 8.124854 8.309955 8.522388 8.763050 9.039405 9.353680 9.711480 10.119331 10.582320 11.105987 11.698423 12.371912 13.134152 13.995524 14.966095 16.060369 17.292301 18.679291 20.241510 22.006912 24.008326 26.288336 28.886387 31.867590 35.329052 39.374928 44.161346 49.920879 56.970459 65.857971 77.421135 0.000000 0.000000 0.000000 0.000000
6.469223 6.496480 6.529016 6.568342 6.614727 6.669498 6.734036 6.808475 6.895056 6.995550 7.111960 7.245919 7.400607 7.576216 7.776160 8.004659 8.262313 8.556810 8.890265 9.268320 9.697634 10.183012 10.730108 11.346898 12.045690 12.834119 13.722577 14.721036 15.844368 17.107166 18.526409 20.123144 21.926041 23.968010 26.291506 28.936892 31.969692 35.488415 39.603439 44.482037 50.374378 57.602703 66.660149 0.000000 0.000000 0.000000 0.000000 0.000000
5.870711 5.902475 5.940156 5.985434 6.038539 6.100965 6.174085 6.258041 6.355066 6.467081 6.596179 6.743927 6.913689 7.105485 7.322821 7.570036 7.847556 8.163124 8.518802 8.920287 9.374311 9.885367 10.459417 11.104291 11.832090 12.650489 13.569928 14.600194 15.756661 17.054470 18.510359 20.146225 21.991491 24.079071 26.451181 29.149572 32.241116 35.827015 40.026985 45.022053 51.073502 58.445545 0.000000 0.000000 0.000000 0.000000 0.000000 0.000000
5.327594 5.364702 5.408478 5.460768 5.521769 5.593156 5.676282 5.771325 5.880441 6.005772 6.149453 6.312995 6.499930 6.710182 6.947366 7.215806 7.515869 7.855249 8.235967 8.663782 9.145437 9.685137 10.289302 10.965581 11.725646 12.577322 13.531099 14.596570 15.789648 17.125937 18.622152 20.300903 22.192455 24.329569 26.754436 29.510908 32.668545 36.333736 40.637981 45.770748 51.944077 0.000000 0.000000 0.000000 0.000000 0.000000 0.000000 0.000000
4.837652 4.881013 4.931912 4.992332 5.062435 5.144113 5.238698 5.346431 5.469294 5.609749 5.769898 5.951198 6.157320 6.388209 6.647605 6.939601 7.264706 7.630440 8.038784 8.495573 9.007456 9.578454 10.215509 10.926079 11.721232 12.609009 13.600010 14.703526 15.936113 17.313681 18.853155 20.577675 22.518517 24.708170 27.189423 30.009399 33.242420 37.002308 41.427681 46.661057 0.000000 0.000000 0.000000 0.000000 0.000000 0.000000 0.000000 0.000000
4.398852 4.449453 4.508592 4.578320 4.658794 4.752130 4.859664 4.981686 5.119976 5.277386 5.455864 5.656855 5.884112 6.137740 6.421571 6.739285 7.091719 7.486142 7.924464 8.412601 8.957016 9.561669 10.234025 10.981313 11.813934 12.740171 13.770773 14.914631 16.189018 17.610090 19.194984 20.967363 22.959743 25.204449 27.746197 30.636934 33.957462 37.825230 42.334225 0.000000 0.000000 0.000000 0.000000 0.000000 0.000000 0.000000 0.000000 0.000000
4.009326 4.068235 4.136807 4.217090 4.309270 4.415668 4.537653 4.675570 4.830997 5.007199 5.205849 5.428409 5.678712 5.957079 6.267405 6.612835 6.994670 7.419906 7.890316 8.411902 8.990872 9.631229 10.340920 11.126902 11.998928 12.965537 14.037626 15.223551 16.541433 18.007614 19.639353 21.460958 23.506786 25.809509 28.417597 31.388952 34.807018 38.744560 0.000000 0.000000 0.000000 0.000000 0.000000 0.000000 0.000000 0.000000 0.000000 0.000000
3.667322 3.735704 3.814983 3.907129 4.012411 4.133327 4.271292 4.426699 4.601001 4.797807 5.018435 5.264417 5.539629 5.844629 6.183328 6.558307 6.971416 7.429346 7.933704 8.490556 9.105834 9.783615 10.532298 11.358516 12.271458 13.279877 14.394861 15.624000 16.986437 18.498699 20.178118 22.050070 24.151701 26.517036 29.199696 32.259644 35.736408 0.000000 0.000000 0.000000 0.000000 0.000000 0.000000 0.000000 0.000000 0.000000 0.000000 0.000000
3.371269 3.450367 3.541666 3.647053 3.766904 3.903848 4.059340 4.233850 4.428773 4.647936 4.892312 5.163522 5.465443 5.798858 6.167630 6.573852 7.019902 7.512150 8.052050 8.645705 9.298759 10.015346 10.804312 11.671909 12.626846 13.678083 14.836824 16.109751 17.517170 19.076050 20.803778 22.727652 24.888992 27.323797 30.087370 33.196888 0.000000 0.000000 0.000000 0.000000 0.000000 0.000000 0.000000 0.000000 0.000000 0.000000 0.000000 0.000000
3.119780 3.210910 3.315599 3.435666 3.571620 3.726145 3.900728 4.095980 4.313248 4.556457 4.826298 5.124488 5.454834 5.818321 6.218695 6.657708 7.138159 7.666093 8.242874 8.874579 9.566598 10.323010 11.153198 12.062920 13.060514 14.155099 15.357960 16.674641 18.127043 19.732924 21.510088 23.489094 25.716055 28.225355 31.030851 0.000000 0.000000 0.000000 0.000000 0.000000 0.000000 0.000000 0.000000 0.000000 0.000000 0.000000 0.000000 0.000000
2.911691 3.016226 3.135720 3.271956 3.425594 3.599293 3.794571 4.012206 4.253512 4.522370 4.819325 5.146176 5.506546 5.901627 6.335008 6.808193 7.324305 7.889021 8.503756 9.174476 9.906325 10.703287 11.575265 12.527481 13.567934 14.705913 15.952735 17.312754 18.809973 20.463799 22.293102 24.332346 26.629070 29.173828 0.000000 0.000000 0.000000 0.000000 0.000000 0.000000 0.000000 0.000000 0.000000 0.000000 0.000000 0.000000 0.000000 0.000000
2.746040 2.865404 3.001158 3.155101 3.328042 3.522523 3.740113 3.981773 4.248743 4.544789 4.870430 5.227511 5.619379 6.047421 6.515060 7.023615 7.576426 8.178791 8.832296 9.542702 10.314968 11.152861 12.066854 13.061535 14.144585 15.325520 16.615711 18.018621 19.561098 21.265257 23.151203 25.254372 27.581686 0.000000 0.000000 0.000000 0.000000 0.000000 0.000000 0.000000 0.000000 0.000000 0.000000 0.000000 0.000000 0.000000 0.000000 0.000000
2.622066 2.757720 2.911234 3.084453 3.278322 3.495201 3.736723 4.004026 4.298205 4.622917 4.978712 5.367454 5.792146 6.254348 6.757343 7.302264 7.892593 8.533244 9.226062 9.976552 10.789492 11.668424 12.624290 13.660975 14.785945 16.008986 17.341858 18.787870 20.377483 22.136011 24.081659 26.210138 0.000000 0.000000 0.000000 0.000000 0.000000 0.000000 0.000000 0.000000 0.000000 0.000000 0.000000 0.000000 0.000000 0.000000 0.000000 0.000000
2.539160 2.692610 2.865420 3.059505 3.275912 3.516793 3.783846 4.078362 4.401212 4.755985 5.143284 5.564961 6.023626 6.521005 7.060282 7.642333 8.270761 8.950124 9.682537 10.473225 11.326762 12.246522 13.243748 14.321589 15.487480 16.751717 18.127106 19.617926 21.258263 23.073639 25.040562 0.000000 0.000000 0.000000 0.000000 0.000000 0.000000 0.000000 0.000000 0.000000 0.000000 0.000000 0.000000 0.000000 0.000000 0.000000 0.000000 0.000000
2.496873 2.669657 2.863321 3.079868 3.320403 3.586856 3.880986 4.204217 4.557100 4.943245 5.363259 5.818963 6.312569 6.845946 7.422229 8.041941 8.708826 9.427095 10.199114 11.029791 11.923516 12.883544 13.921232 15.039091 16.244938 17.550055 18.969160 20.508135 22.201399 24.035128 0.000000 0.000000 0.000000 0.000000 0.000000 0.000000 0.000000 0.000000 0.000000 0.000000 0.000000 0.000000 0.000000 0.000000 0.000000 0.000000 0.000000 0.000000
2.494883 2.688565 2.904655 3.145246 3.411459 3.705011 4.027691 4.381044 4.765216 5.183918 5.637713 6.128352 6.657680 7.227669 7.841455 8.499135 9.204590 9.961721 10.773056 11.643209 12.576340 13.575687 14.652722 15.809501 17.054895 18.401943 19.867537 21.456661 23.164789 0.000000 0.000000 0.000000 0.000000 0.000000 0.000000 0.000000 0.000000 0.000000 0.000000 0.000000 0.000000 0.000000 0.000000 0.000000 0.000000 0.000000 0.000000 0.000000
2.532990 2.749145 2.989228 3.255419 3.548813 3.870914 4.223527 4.608296 5.024897 5.477205 5.965664 6.491964 7.057589 7.664595 8.316162 9.011880 9.755763 10.551444 11.401513 12.310265 13.281655 14.319097 15.434408 16.629589 17.915503 19.307076 20.820635 22.422028 0.000000 0.000000 0.000000 0.000000 0.000000 0.000000 0.000000 0.000000 0.000000 0.000000 0.000000 0.000000 0.000000 0.000000 0.000000 0.000000 0.000000 0.000000 0.000000 0.000000
2.611102 2.851297 3.116919 3.410223 3.732237 4.084245 4.468069 4.885407 5.335450 5.822237 6.346076 6.908569 7.510871 8.155090 8.844463 9.578046 10.359960 11.193580 12.081468 13.027617 14.035894 15.110190 16.263317 17.497736 18.826574 20.263969 21.787676 0.000000 0.000000 0.000000 0.000000 0.000000 0.000000 0.000000 0.000000 0.000000 0.000000 0.000000 0.000000 0.000000 0.000000 0.000000 0.000000 0.000000 0.000000 0.000000 0.000000 0.000000
2.729202 2.994982 3.287669 3.609531 3.961519 4.344690 4.760870 5.211763 5.696135 6.218109 6.777855 7.376887 8.016023 8.697443 9.424375 10.195397 11.014674 11.885311 12.809772 13.791920 14.835786 15.946257 17.138012 18.413906 19.786812 21.232296 0.000000 0.000000 0.000000 0.000000 0.000000 0.000000 0.000000 0.000000 0.000000 0.000000 0.000000 0.000000 0.000000 0.000000 0.000000 0.000000 0.000000 0.000000 0.000000 0.000000 0.000000 0.000000
2.887358 3.180226 3.501443 3.853225 4.236439 4.651897 5.101439 5.586690 6.106139 6.663817 7.259805 7.895521 8.571472 9.289848 10.053820 10.861587 11.717245 12.623669 13.583296 14.600093 15.678849 16.826111 18.058638 19.377005 20.756340 0.000000 0.000000 0.000000 0.000000 0.000000 0.000000 0.000000 0.000000 0.000000 0.000000 0.000000 0.000000 0.000000 0.000000 0.000000 0.000000 0.000000 0.000000 0.000000 0.000000 0.000000 0.000000 0.000000
3.085679 3.407072 3.758217 4.141173 4.556749 5.005468 5.489218 6.009437 6.564551 7.158255 7.790613 8.462977 9.175493 9.930351 10.730529 11.574052 12.464833 13.405606 14.399054 15.449822 16.564098 17.750120 19.024269 20.347563 0.000000 0.000000 0.000000 0.000000 0.000000 0.000000 0.000000 0.000000 0.000000 0.000000 0.000000 0.000000 0.000000 0.000000 0.000000 0.000000 0.000000 0.000000 0.000000 0.000000 0.000000 0.000000 0.000000 0.000000
3.324301 3.675571 4.057933 4.473193 4.922125 5.404910 5.923537 6.479154 7.070310 7.700158 8.368824 9.077580 9.826168 10.616782 11.452061 12.330060 13.254525 14.228310 15.254871 16.340168 17.491919 18.717554 19.995739 0.000000 0.000000 0.000000 0.000000 0.000000 0.000000 0.000000 0.000000 0.000000 0.000000 0.000000 0.000000 0.000000 0.000000 0.000000 0.000000 0.000000 0.000000 0.000000 0.000000 0.000000 0.000000 0.000000 0.000000 0.000000
3.603356 3.985748 4.400476 4.849024 5.332140 5.849624 6.403609 6.994872 7.622197 8.288103 8.992777 9.737445 10.521363 11.346699 12.215726 13.126750 14.083534 15.089629 16.149851 17.271576 18.461609 19.689629 0.000000 0.000000 0.000000 0.000000 0.000000 0.000000 0.000000 0.000000 0.000000 0.000000 0.000000 0.000000 0.000000 0.000000 0.000000 0.000000 0.000000 0.000000 0.000000 0.000000 0.000000 0.000000 0.000000 0.000000 0.000000 0.000000
3.922938 4.337566 4.785644 5.268294 5.786256 6.338878 6.928498 7.555467 8.218842 8.920489 9.660646 10.440485 11.258702 12.117457 13.018728 13.961428 14.949813 15.988749 17.084452 18.243319 19.434566 0.000000 0.000000 0.000000 0.000000 0.000000 0.000000 0.000000 0.000000 0.000000 0.000000 0.000000 0.000000 0.000000 0.000000 0.000000 0.000000 0.000000 0.000000 0.000000 0.000000 0.000000 0.000000 0.000000 0.000000 0.000000 0.000000 0.000000
4.283098 4.730925 5.213159 5.730543 6.283821 6.871816 7.497140 8.159703 8.858747 9.595592 10.370439 11.184436 12.035619 12.926324 13.858493 14.832128 15.852613 16.926157 18.057987 19.217014 0.000000 0.000000 0.000000 0.000000 0.000000 0.000000 0.000000 0.000000 0.000000 0.000000 0.000000 0.000000 0.000000 0.000000 0.000000 0.000000 0.000000 0.000000 0.000000 0.000000 0.000000 0.000000 0.000000 0.000000 0.000000 0.000000 0.000000 0.000000
4.683811 5.165633 5.682636 6.235196 6.824075 7.447463 8.108356 8.806182 9.540286 10.311503 11.119945 11.966848 12.849521 13.770788 14.733148 15.738194 16.792503 17.901278 19.032349 0.000000 0.000000 0.000000 0.000000 0.000000 0.000000 0.000000 0.000000 0.000000 0.000000 0.000000 0.000000 0.000000 0.000000 0.000000 0.000000 0.000000 0.000000 0.000000 0.000000 0.000000 0.000000 0.000000 0.000000 0.000000 0.000000 0.000000 0.000000 0.000000
5.124983 5.641413 6.193608 6.781588 7.406150 8.064752 8.760842 9.493384 10.261679 11.066176 11.906851 12.785240 13.698008 14.649082 15.642135 16.680288 17.769005 18.876204 0.000000 0.000000 0.000000 0.000000 0.000000 0.000000 0.000000 0.000000 0.000000 0.000000 0.000000 0.000000 0.000000 0.000000 0.000000 0.000000 0.000000 0.000000 0.000000 0.000000 0.000000 0.000000 0.000000 0.000000 0.000000 0.000000 0.000000 0.000000 0.000000 0.000000
5.606421 6.157885 6.745502 7.368938 8.029070 8.722474 9.453188 10.219620 11.020978 11.857380 12.728751 13.637356 14.579457 15.560766 16.586218 17.658035 18.744442 0.000000 0.000000 0.000000 0.000000 0.000000 0.000000 0.000000 0.000000 0.000000 0.000000 0.000000 0.000000 0.000000 0.000000 0.000000 0.000000 0.000000 0.000000 0.000000 0.000000 0.000000 0.000000 0.000000 0.000000 0.000000 0.000000 0.000000 0.000000 0.000000 0.000000 0.000000
6.127841 6.714572 7.337636 7.996376 8.691723 9.419322 10.183807 10.983053 11.816078 12.682848 13.583510 14.521631 15.493487 16.506681 17.565081 18.633921 0.000000 0.000000 0.000000 0.000000 0.000000 0.000000 0.000000 0.000000 0.000000 0.000000 0.000000 0.000000 0.000000 0.000000 0.000000 0.000000 0.000000 0.000000 0.000000 0.000000 0.000000 0.000000 0.000000 0.000000 0.000000 0.000000 0.000000 0.000000 0.000000 0.000000 0.000000 0.000000
6.688849 7.310875 7.969225 8.662888 9.392876 10.153818 10.950966 11.781632 12.644811 13.540512 14.469644 15.437780 16.441006 17.486568 18.541376 0.000000 0.000000 0.000000 0.000000 0.000000 0.000000 0.000000 0.000000 0.000000 0.000000 0.000000 0.000000 0.000000 0.000000 0.000000 0.000000 0.000000 0.000000 0.000000 0.000000 0.000000 0.000000 0.000000 0.000000 0.000000 0.000000 0.000000 0.000000 0.000000 0.000000 0.000000 0.000000 0.000000
7.288934 7.946093 8.639344 9.367330 10.131062 10.924289 11.752718 12.613301 13.505193 14.429028 15.387005 16.386732 17.421793 18.463228 0.000000 0.000000 0.000000 0.000000 0.000000 0.000000 0.000000 0.000000 0.000000 0.000000 0.000000 0.000000 0.000000 0.000000 0.000000 0.000000 0.000000 0.000000 0.000000 0.000000 0.000000 0.000000 0.000000 0.000000 0.000000 0.000000 0.000000 0.000000 0.000000 0.000000 0.000000 0.000000 0.000000 0.000000
7.927449 8.619363 9.346918 10.108371 10.904650 11.728868 12.587053 13.476152 14.395935 15.348276 16.336662 17.368341 18.398802 0.000000 0.000000 0.000000 0.000000 0.000000 0.000000 0.000000 0.000000 0.000000 0.000000 0.000000 0.000000 0.000000 0.000000 0.000000 0.000000 0.000000 0.000000 0.000000 0.000000 0.000000 0.000000 0.000000 0.000000 0.000000 0.000000 0.000000 0.000000 0.000000 0.000000 0.000000 0.000000 0.000000 0.000000 0.000000
8.603563 9.329632 10.090632 10.884432 11.711761 12.565579 13.452110 14.368896 15.316960 16.299339 17.318602 18.345650 0.000000 0.000000 0.000000 0.000000 0.000000 0.000000 0.000000 0.000000 0.000000 0.000000 0.000000 0.000000 0.000000 0.000000 0.000000 0.000000 0.000000 0.000000 0.000000 0.000000 0.000000 0.000000 0.000000 0.000000 0.000000 0.000000 0.000000 0.000000 0.000000 0.000000 0.000000 0.000000 0.000000 0.000000 0.000000 0.000000
9.316261 10.075624 10.868960 11.693697 12.550426 13.432553 14.346613 15.291472 16.269289 17.282141 18.295984 0.000000 0.000000 0.000000 0.000000 0.000000 0.000000 0.000000 0.000000 0.000000 0.000000 0.000000 0.000000 0.000000 0.000000 0.000000 0.000000 0.000000 0.000000 0.000000 0.000000 0.000000 0.000000 0.000000 0.000000 0.000000 0.000000 0.000000 0.000000 0.000000 0.000000 0.000000 0.000000 0.000000 0.000000 0.000000 0.000000 0.000000
10.064274 10.855812 11.680072 12.534214 13.418853 14.328540 15.270478 16.244865 17.252850 18.259895 0.000000 0.000000 0.000000 0.000000 0.000000 0.000000 0.000000 0.000000 0.000000 0.000000 0.000000 0.000000 0.000000 0.000000 0.000000 0.000000 0.000000 0.000000 0.000000 0.000000 0.000000 0.000000 0.000000 0.000000 0.000000 0.000000 0.000000 0.000000 0.000000 0.000000 0.000000 0.000000 0.000000 0.000000 0.000000 0.000000 0.000000 0.000000
10.846107 11.668410 12.522049 13.404162 14.315844 15.253470 16.224739 17.229021 18.230869 0.000000 0.000000 0.000000 0.000000 0.000000 0.000000 0.000000 0.000000 0.000000 0.000000 0.000000 0.000000 0.000000 0.000000 0.000000 0.000000 0.000000 0.000000 0.000000 0.000000 0.000000 0.000000 0.000000 0.000000 0.000000 0.000000 0.000000 0.000000 0.000000 0.000000 0.000000 0.000000 0.000000 0.000000 0.000000 0.000000 0.000000 0.000000 0.000000
11.660041 12.511553 13.393122 14.302349 15.241434 16.208418 17.209368 18.207266 0.000000 0.000000 0.000000 0.000000 0.000000 0.000000 0.000000 0.000000 0.000000 0.000000 0.000000 0.000000 0.000000 0.000000 0.000000 0.000000 0.000000 0.000000 0.000000 0.000000 0.000000 0.000000 0.000000 0.000000 0.000000 0.000000 0.000000 0.000000 0.000000 0.000000 0.000000 0.000000 0.000000 0.000000 0.000000 0.000000 0.000000 0.000000 0.000000 0.000000
12.504232 13.383518 14.292165 15.228844 16.196812 17.193419 18.187773 0.000000 0.000000 0.000000 0.000000 0.000000 0.000000 0.000000 0.000000 0.000000 0.000000 0.000000 0.000000 0.000000 0.000000 0.000000 0.000000 0.000000 0.000000 0.000000 0.000000 0.000000 0.000000 0.000000 0.000000 0.000000 0.000000 0.000000 0.000000 0.000000 0.000000 0.000000 0.000000 0.000000 0.000000 0.000000 0.000000 0.000000 0.000000 0.000000 0.000000 0.000000
13.377025 14.283232 15.219263 16.184814 17.182041 18.171963 0.000000 0.000000 0.000000 0.000000 0.000000 0.000000 0.000000 0.000000 0.000000 0.000000 0.000000 0.000000 0.000000 0.000000 0.000000 0.000000 0.000000 0.000000 0.000000 0.000000 0.000000 0.000000 0.000000 0.000000 0.000000 0.000000 0.000000 0.000000 0.000000 0.000000 0.000000 0.000000 0.000000 0.000000 0.000000 0.000000 0.000000 0.000000 0.000000 0.000000 0.000000 0.000000
14.277382 15.210821 16.175632 17.170353 18.160679 0.000000 0.000000 0.000000 0.000000 0.000000 0.000000 0.000000 0.000000 0.000000 0.000000 0.000000 0.000000 0.000000 0.000000 0.000000 0.000000 0.000000 0.000000 0.000000 0.000000 0.000000 0.000000 0.000000 0.000000 0.000000 0.000000 0.000000 0.000000 0.000000 0.000000 0.000000 0.000000 0.000000 0.000000 0.000000 0.000000 0.000000 0.000000 0.000000 0.000000 0.000000 0.000000 0.000000
15.205443 16.167536 17.161413 18.149084 0.000000 0.000000 0.000000 0.000000 0.000000 0.000000 0.000000 0.000000 0.000000 0.000000 0.000000 0.000000 0.000000 0.000000 0.000000 0.000000 0.000000 0.000000 0.000000 0.000000 0.000000 0.000000 0.000000 0.000000 0.000000 0.000000 0.000000 0.000000 0.000000 0.000000 0.000000 0.000000 0.000000 0.000000 0.000000 0.000000 0.000000 0.000000 0.000000 0.000000 0.000000 0.000000 0.000000 0.000000
16.162466 17.153517 18.140240 0.000000 0.000000 0.000000 0.000000 0.000000 0.000000 0.000000 0.000000 0.000000 0.000000 0.000000 0.000000 0.000000 0.000000 0.000000 0.000000 0.000000 0.000000 0.000000 0.000000 0.000000 0.000000 0.000000 0.000000 0.000000 0.000000 0.000000 0.000000 0.000000 0.000000 0.000000 0.000000 0.000000 0.000000 0.000000 0.000000 0.000000 0.000000 0.000000 0.000000 0.000000 0.000000 0.000000 0.000000 0.000000
17.148600 18.132421 0.000000 0.000000 0.000000 0.000000 0.000000 0.000000 0.000000 0.000000 0.000000 0.000000 0.000000 0.000000 0.000000 0.000000 0.000000 0.000000 0.000000 0.000000 0.000000 0.000000 0.000000 0.000000 0.000000 0.000000 0.000000 0.000000 0.000000 0.000000 0.000000 0.000000 0.000000 0.000000 0.000000 0.000000 0.000000 0.000000 0.000000 0.000000 0.000000 0.000000 0.000000 0.000000 0.000000 0.000000 0.000000 0.000000
18.127563 0.000000 0.000000 0.000000 0.000000 0.000000 0.000000 0.000000 0.000000 0.000000 0.000000 0.000000 0.000000 0.000000 0.000000 0.000000 0.000000 0.000000 0.000000 0.000000 0.000000 0.000000 0.000000 0.000000 0.000000 0.000000 0.000000 0.000000 0.000000 0.000000 0.000000 0.000000 0.000000 0.000000 0.000000 0.000000 0.000000 0.000000 0.000000 0.000000 0.000000 0.000000 0.000000 0.000000 0.000000 0.000000 0.000000 0.000000
