19.470789 20.674965 21.973560 23.361731 24.838573 26.398455 28.037996 29.752659 31.537619 33.379875 35.289612 37.263905 39.286171 41.348541 43.481838 45.684181 47.941093 50.265656 52.685017 55.198730 57.805637 60.561604 63.511837 66.700600 70.212868 74.192970 78.816437 84.297508 90.931557 99.037056 109.064636 122.093903 139.908310 167.182617 214.913818 310.000000
18.945124 20.167116 21.481743 22.884645 24.373575 25.943752 27.591703 29.313257 31.103251 32.948734 34.860966 36.835945 38.859093 40.922321 43.055058 45.256992 47.512634 49.835556 52.253361 54.763878 57.368668 60.121666 63.069645 66.256187 69.766396 73.750275 78.381943 83.886314 90.565720 98.751717 108.886200 122.037010 139.936554 167.227997 214.853195 0.000000
18.653534 19.902119 21.240711 22.665682 24.172903 25.758802 27.419743 29.151995 30.949928 32.801128 34.717991 36.695080 38.720623 40.786098 42.919125 45.121555 47.376568 49.698334 52.115250 54.622715 57.226357 59.977085 62.923862 66.109566 69.619980 73.614021 78.264473 83.812050 90.566093 98.872879 109.154465 122.456314 140.453537 167.731613 0.000000 0.000000
18.563070 19.844322 21.212288 22.664179 24.193764 25.798885 27.475721 29.220829 31.028261 32.886826 34.809616 36.789719 38.818352 40.886703 43.020393 45.223370 47.477962 49.798664 52.215012 54.719582 57.323120 60.072552 63.019085 66.205849 69.719780 73.731865 78.413513 84.024551 90.876106 99.324226 109.758324 123.196381 141.234680 0.000000 0.000000 0.000000
18.638456 19.956261 21.356897 22.838486 24.392870 26.019190 27.713461 29.472221 31.289804 33.156837 35.086147 37.069790 39.101669 41.172848 43.307220 45.510185 47.764294 50.083740 52.499729 55.001755 57.606056 60.355751 63.303532 66.494087 70.016846 74.056618 78.783463 84.475494 91.436279 100.022575 110.585899 124.088356 0.000000 0.000000 0.000000 0.000000
18.857800 20.214365 21.649405 23.162001 24.742466 26.390860 28.103148 29.875463 31.703403 33.579472 35.515499 37.502987 39.537655 41.611401 43.746262 45.948463 48.201927 50.519943 52.935822 55.435799 58.041592 60.793850 63.745251 66.943970 70.483047 74.561829 79.346695 85.129242 92.196205 100.897881 111.520981 0.000000 0.000000 0.000000 0.000000 0.000000
19.204430 20.600578 22.070419 23.614174 25.221119 26.891645 28.621748 30.407003 32.245152 34.130310 36.073021 38.064365 40.100956 42.176918 44.312012 46.512886 48.765556 51.081913 53.498238 55.996944 58.605103 61.362957 64.321579 67.534492 71.099442 75.227646 80.078064 85.948410 93.104660 101.857399 0.000000 0.000000 0.000000 0.000000 0.000000 0.000000
19.662886 21.098160 22.602118 24.176149 25.809130 27.501146 29.248238 31.045509 32.893372 34.787094 36.736126 38.731144 40.768688 42.846489 44.981571 47.180874 49.432781 51.747517 54.165028 56.663761 59.275829 62.043240 65.014114 68.248558 71.848488 76.031868 80.946449 86.890228 94.080078 0.000000 0.000000 0.000000 0.000000 0.000000 0.000000 0.000000
20.217857 21.690731 23.227247 24.829866 26.487604 28.199808 29.962603 31.770710 33.627438 35.528801 37.483440 39.481842 41.519638 43.599014 45.733864 47.931820 50.183132 52.496452 54.916420 57.417152 60.035786 62.817719 65.806915 69.069763 72.710045 76.946785 81.915627 87.881065 0.000000 0.000000 0.000000 0.000000 0.000000 0.000000 0.000000 0.000000
20.854746 22.362827 23.929731 25.558607 27.239103 28.969589 30.746431 32.564022 34.428493 36.336346 38.295555 40.297001 42.334908 44.415516 46.550060 48.747135 50.998375 53.311039 55.735207 58.241093 60.870098 63.672276 66.685287 69.980583 73.660324 77.941483 82.918938 0.000000 0.000000 0.000000 0.000000 0.000000 0.000000 0.000000 0.000000 0.000000
21.560024 23.100296 24.695045 26.347395 28.048161 29.794432 31.583412 33.409069 35.280067 37.193134 39.155605 41.159813 43.198215 45.279652 47.413986 49.611069 51.863209 54.176487 56.607391 59.123005 61.766933 64.594337 67.634277 70.961052 74.673676 78.955963 0.000000 0.000000 0.000000 0.000000 0.000000 0.000000 0.000000 0.000000 0.000000 0.000000
22.321522 23.890570 25.510366 27.183208 28.901434 30.660641 32.459862 34.292301 36.168491 38.085632 40.050003 42.056644 44.096226 46.178020 48.312504 50.510864 52.765553 55.081856 57.523087 60.053730 62.716621 65.571487 68.637360 71.990295 75.695747 0.000000 0.000000 0.000000 0.000000 0.000000 0.000000 0.000000 0.000000 0.000000 0.000000 0.000000
23.128731 24.722954 26.364828 28.055079 29.787840 31.557123 33.364635 35.202808 37.082935 39.003113 40.968292 42.977062 45.018543 47.100124 49.235569 51.437252 53.696949 56.019966 58.475910 61.026554 63.710304 66.590622 69.677643 73.018761 0.000000 0.000000 0.000000 0.000000 0.000000 0.000000 0.000000 0.000000 0.000000 0.000000 0.000000 0.000000
23.972775 25.588573 27.249441 28.954128 30.698429 32.475288 34.289352 36.132320 38.015247 39.937569 41.902969 43.913506 45.957542 48.038742 50.176598 52.384613 54.652802 56.987152 59.461864 62.035030 64.738190 67.638496 70.709846 0.000000 0.000000 0.000000 0.000000 0.000000 0.000000 0.000000 0.000000 0.000000 0.000000 0.000000 0.000000 0.000000
24.846245 26.480183 28.157022 29.873371 31.626268 33.408817 35.227844 37.074741 38.959473 40.883354 42.848804 44.860863 46.908367 48.989830 51.132504 53.350887 55.631546 57.981888 60.477234 63.071430 65.789742 68.672913 0.000000 0.000000 0.000000 0.000000 0.000000 0.000000 0.000000 0.000000 0.000000 0.000000 0.000000 0.000000 0.000000 0.000000
25.743038 27.391911 29.081993 30.807495 32.566341 34.353230 36.175884 38.025753 39.911530 41.836697 43.802509 45.816322 47.868710 49.952427 52.103218 54.336594 56.633110 59.002087 61.516418 64.126900 66.824791 0.000000 0.000000 0.000000 0.000000 0.000000 0.000000 0.000000 0.000000 0.000000 0.000000 0.000000 0.000000 0.000000 0.000000 0.000000
26.657969 28.318930 30.019873 31.752346 33.515060 35.305302 37.130474 38.982479 40.868809 42.795399 44.762352 46.779118 48.838516 50.927940 53.090763 55.342892 57.656857 60.043579 62.572384 65.162811 0.000000 0.000000 0.000000 0.000000 0.000000 0.000000 0.000000 0.000000 0.000000 0.000000 0.000000 0.000000 0.000000 0.000000 0.000000 0.000000
27.586817 29.257332 30.967123 32.704750 34.470070 36.262676 38.089626 39.943111 41.829838 43.758598 45.728092 47.750408 49.819611 51.919205 54.097382 56.369766 58.699623 61.100075 63.607635 0.000000 0.000000 0.000000 0.000000 0.000000 0.000000 0.000000 0.000000 0.000000 0.000000 0.000000 0.000000 0.000000 0.000000 0.000000 0.000000 0.000000
28.526106 30.204037 31.920879 33.662193 35.429489 37.223629 39.051876 40.906673 42.794117 44.726589 46.700874 48.732567 50.814747 52.928638 55.123611 57.414162 59.756168 62.134621 0.000000 0.000000 0.000000 0.000000 0.000000 0.000000 0.000000 0.000000 0.000000 0.000000 0.000000 0.000000 0.000000 0.000000 0.000000 0.000000 0.000000 0.000000
29.473215 31.156748 32.878937 34.622803 36.391987 38.186943 40.016445 41.872906 43.762123 45.700863 47.683014 49.728561 51.826260 53.956738 56.166805 58.470936 60.790173 0.000000 0.000000 0.000000 0.000000 0.000000 0.000000 0.000000 0.000000 0.000000 0.000000 0.000000 0.000000 0.000000 0.000000 0.000000 0.000000 0.000000 0.000000 0.000000
30.426111 32.113853 33.839710 35.585339 37.356422 39.151901 40.983131 42.842468 44.735466 46.683998 48.677616 50.740719 52.854832 55.000839 57.222214 59.504215 0.000000 0.000000 0.000000 0.000000 0.000000 0.000000 0.000000 0.000000 0.000000 0.000000 0.000000 0.000000 0.000000 0.000000 0.000000 0.000000 0.000000 0.000000 0.000000 0.000000
31.383410 33.074253 34.802204 36.549137 38.322292 40.118591 41.952702 43.817005 45.717003 47.679398 49.687469 51.769577 53.898407 56.056263 58.254028 0.000000 0.000000 0.000000 0.000000 0.000000 0.000000 0.000000 0.000000 0.000000 0.000000 0.000000 0.000000 0.000000 0.000000 0.000000 0.000000 0.000000 0.000000 0.000000 0.000000 0.000000
32.343906 34.037159 35.765862 37.514153 39.289829 41.088081 42.927135 44.799507 46.710464 48.690144 50.713840 52.812889 54.952881 57.087543 0.000000 0.000000 0.000000 0.000000 0.000000 0.000000 0.000000 0.000000 0.000000 0.000000 0.000000 0.000000 0.000000 0.000000 0.000000 0.000000 0.000000 0.000000 0.000000 0.000000 0.000000 0.000000
33.306664 35.001869 36.730682 38.480865 40.260109 42.062656 43.909649 45.793800 47.719181 49.717262 51.754978 53.866581 55.983101 0.000000 0.000000 0.000000 0.000000 0.000000 0.000000 0.000000 0.000000 0.000000 0.000000 0.000000 0.000000 0.000000 0.000000 0.000000 0.000000 0.000000 0.000000 0.000000 0.000000 0.000000 0.000000 0.000000
34.270954 35.967953 37.697083 39.450516 41.235241 43.045567 44.904079 46.803177 48.744484 50.758926 52.806927 54.895599 0.000000 0.000000 0.000000 0.000000 0.000000 0.000000 0.000000 0.000000 0.000000 0.000000 0.000000 0.000000 0.000000 0.000000 0.000000 0.000000 0.000000 0.000000 0.000000 0.000000 0.000000 0.000000 0.000000 0.000000
35.236553 36.935501 38.666225 40.425186 42.218204 44.040459 45.913605 47.828892 49.784489 51.810883 53.834591 0.000000 0.000000 0.000000 0.000000 0.000000 0.000000 0.000000 0.000000 0.000000 0.000000 0.000000 0.000000 0.000000 0.000000 0.000000 0.000000 0.000000 0.000000 0.000000 0.000000 0.000000 0.000000 0.000000 0.000000 0.000000
36.203918 37.905418 39.640129 41.407806 43.212536 45.050129 46.939125 48.868912 50.834934 52.838005 0.000000 0.000000 0.000000 0.000000 0.000000 0.000000 0.000000 0.000000 0.000000 0.000000 0.000000 0.000000 0.000000 0.000000 0.000000 0.000000 0.000000 0.000000 0.000000 0.000000 0.000000 0.000000 0.000000 0.000000 0.000000 0.000000
37.174133 38.879696 40.621712 42.401836 44.221157 46.075348 47.978592 49.919109 51.860771 0.000000 0.000000 0.000000 0.000000 0.000000 0.000000 0.000000 0.000000 0.000000 0.000000 0.000000 0.000000 0.000000 0.000000 0.000000 0.000000 0.000000 0.000000 0.000000 0.000000 0.000000 0.000000 0.000000 0.000000 0.000000 0.000000 0.000000
38.149010 39.861389 41.614445 43.410164 45.245132 47.114090 49.027863 50.944374 0.000000 0.000000 0.000000 0.000000 0.000000 0.000000 0.000000 0.000000 0.000000 0.000000 0.000000 0.000000 0.000000 0.000000 0.000000 0.000000 0.000000 0.000000 0.000000 0.000000 0.000000 0.000000 0.000000 0.000000 0.000000 0.000000 0.000000 0.000000
39.131161 40.854164 42.621399 44.433739 46.282703 48.162445 50.052116 0.000000 0.000000 0.000000 0.000000 0.000000 0.000000 0.000000 0.000000 0.000000 0.000000 0.000000 0.000000 0.000000 0.000000 0.000000 0.000000 0.000000 0.000000 0.000000 0.000000 0.000000 0.000000 0.000000 0.000000 0.000000 0.000000 0.000000 0.000000 0.000000
40.123917 41.861176 43.643669 45.470760 47.330009 49.185719 0.000000 0.000000 0.000000 0.000000 0.000000 0.000000 0.000000 0.000000 0.000000 0.000000 0.000000 0.000000 0.000000 0.000000 0.000000 0.000000 0.000000 0.000000 0.000000 0.000000 0.000000 0.000000 0.000000 0.000000 0.000000 0.000000 0.000000 0.000000 0.000000 0.000000
41.130276 42.883530 44.679520 46.517345 48.352322 0.000000 0.000000 0.000000 0.000000 0.000000 0.000000 0.000000 0.000000 0.000000 0.000000 0.000000 0.000000 0.000000 0.000000 0.000000 0.000000 0.000000 0.000000 0.000000 0.000000 0.000000 0.000000 0.000000 0.000000 0.000000 0.000000 0.000000 0.000000 0.000000 0.000000 0.000000
42.151535 43.919327 45.725071 47.538761 0.000000 0.000000 0.000000 0.000000 0.000000 0.000000 0.000000 0.000000 0.000000 0.000000 0.000000 0.000000 0.000000 0.000000 0.000000 0.000000 0.000000 0.000000 0.000000 0.000000 0.000000 0.000000 0.000000 0.000000 0.000000 0.000000 0.000000 0.000000 0.000000 0.000000 0.000000 0.000000
43.186069 44.964550 46.745548 0.000000 0.000000 0.000000 0.000000 0.000000 0.000000 0.000000 0.000000 0.000000 0.000000 0.000000 0.000000 0.000000 0.000000 0.000000 0.000000 0.000000 0.000000 0.000000 0.000000 0.000000 0.000000 0.000000 0.000000 0.000000 0.000000 0.000000 0.000000 0.000000 0.000000 0.000000 0.000000 0.000000
44.230202 45.984406 0.000000 0.000000 0.000000 0.000000 0.000000 0.000000 0.000000 0.000000 0.000000 0.000000 0.000000 0.000000 0.000000 0.000000 0.000000 0.000000 0.000000 0.000000 0.000000 0.000000 0.000000 0.000000 0.000000 0.000000 0.000000 0.000000 0.000000 0.000000 0.000000 0.000000 0.000000 0.000000 0.000000 0.000000
45.249157 0.000000 0.000000 0.000000 0.000000 0.000000 0.000000 0.000000 0.000000 0.000000 0.000000 0.000000 0.000000 0.000000 0.000000 0.000000 0.000000 0.000000 0.000000 0.000000 0.000000 0.000000 0.000000 0.000000 0.000000 0.000000 0.000000 0.000000 0.000000 0.000000 0.000000 0.000000 0.000000 0.000000 0.000000 0.000000
