27.882038 28.049503 28.241161 28.455866 28.696974 28.966366 29.265327 29.595421 29.957363 30.352938 30.782795 31.246817 31.746031 32.280651 32.851490 33.455566 34.092415 34.762054 35.461491 36.189980 36.945786 37.726242 38.530037 39.355595 40.198505 41.058086 41.934330 42.822113 43.721447 44.628296 45.541916 46.464859 47.393757 48.327927 49.266403 50.212944 51.166859 52.134274 53.121540 54.139275 55.204338 56.342804 57.576729 58.921871 60.400177 62.073013 63.938400 66.004463 68.272850 70.739258 73.377510 76.215805 79.344604 82.865929 87.101486 92.508575 100.006660 111.611809 132.822739 181.000000
26.917837 27.085110 27.277504 27.491964 27.732798 28.001884 28.300493 28.630213 28.991741 29.386868 29.816236 30.279730 30.778378 31.312389 31.882580 32.485970 33.122093 33.790974 34.489616 35.217274 35.972218 36.751789 37.554672 38.379292 39.221241 40.079849 40.955097 41.841866 42.740181 43.646000 44.558575 45.480461 46.408306 47.341412 48.278820 49.224285 50.177116 51.143433 52.129578 53.146152 54.210018 55.347183 56.579704 57.923294 59.397785 61.068665 62.931831 64.995453 67.261208 69.724846 72.360352 75.196465 78.328033 81.855232 86.109314 91.559219 99.138306 110.877556 132.311325 0.000000
25.900671 26.067789 26.263597 26.477875 26.718504 26.987358 27.285711 27.615149 27.976366 28.371153 28.800154 29.263250 29.761467 30.295023 30.864723 31.467596 32.103172 32.771481 33.469521 34.196560 34.950851 35.729752 36.531948 37.355858 38.197086 39.054958 39.929451 40.815464 41.713005 42.618046 43.529800 44.450897 45.377941 46.310246 47.246853 48.191502 49.143520 50.108997 51.094299 52.110012 53.172958 54.309143 55.540604 56.883022 58.348106 60.017319 61.878708 63.940304 66.203903 68.665405 71.299667 74.137314 77.288567 80.843025 85.161621 90.741302 98.551865 110.664337 0.000000 0.000000
24.899349 25.066381 25.260962 25.475119 25.715607 25.984312 26.282497 26.611748 26.972759 27.367325 27.796082 28.258917 28.756855 29.290110 29.859489 30.462021 31.097239 31.765169 32.462814 33.189442 33.943314 34.721771 35.523510 36.346954 37.187714 38.045097 38.919098 39.804611 40.701645 41.606174 42.517090 43.437660 44.364178 45.295948 46.232014 47.176132 48.127594 49.092529 50.077255 51.092377 52.154728 53.290245 54.521008 55.862659 57.329403 58.997734 60.858154 62.918724 65.181374 67.643066 70.280182 73.128723 76.306671 79.931633 84.396255 90.245476 98.503494 0.000000 0.000000 0.000000
23.903999 24.070971 24.267164 24.481253 24.721682 24.990313 25.288404 25.617550 25.978437 26.372879 26.801502 27.264193 27.761972 28.295057 28.864275 29.466616 30.101635 30.769352 31.466778 32.193180 32.946808 33.725025 34.526512 35.349701 36.190189 37.047302 37.921028 38.806255 39.703011 40.607254 41.516647 42.436905 43.363098 44.294548 45.230293 46.174068 47.125210 48.089817 49.074196 50.088970 51.150944 52.286083 53.516418 54.857586 56.319698 57.987343 59.847061 61.907238 64.169731 66.634712 69.283165 72.162231 75.417374 79.192055 83.939949 90.261177 0.000000 0.000000 0.000000 0.000000
22.916306 23.083261 23.276808 23.490864 23.731245 23.999865 24.297913 24.627007 24.987812 25.382193 25.810751 26.273367 26.771072 27.304077 27.873241 28.475491 29.110411 29.778034 30.475353 31.201643 31.955156 32.733250 33.534618 34.357681 35.198044 36.055027 36.928616 37.813713 38.710327 39.614422 40.520016 41.440037 42.366013 43.297234 44.232750 45.176296 46.127205 47.091560 48.075722 49.090244 50.151947 51.286823 52.516857 53.857735 55.325626 56.993160 58.853043 60.914253 63.178387 65.655350 68.335030 71.286537 74.683426 78.743248 83.980690 0.000000 0.000000 0.000000 0.000000 0.000000
21.926044 22.092985 22.284908 22.498941 22.739296 23.008095 23.306105 23.635164 23.995716 24.390051 24.818558 25.281111 25.778759 26.311703 26.881039 27.483223 28.118073 28.785631 29.482876 30.209082 30.962500 31.740511 32.541786 33.364754 34.205017 35.061909 35.935421 36.820419 37.716927 38.620941 39.534756 40.454872 41.380932 42.312248 43.247856 44.191494 45.142490 46.106949 47.091198 48.105824 49.167637 50.302624 51.532776 52.873825 54.345722 56.013939 57.875465 59.941418 62.210236 64.718880 67.471504 70.573433 74.248688 78.798943 0.000000 0.000000 0.000000 0.000000 0.000000 0.000000
20.938231 21.105200 21.296347 21.510414 21.750811 22.020458 22.318535 22.647655 23.007431 23.401827 23.830400 24.292999 24.790722 25.323750 25.894129 26.496426 27.131397 27.799133 28.496508 29.222853 29.976355 30.754509 31.555935 32.379055 33.219471 34.076519 34.950256 35.835415 36.732098 37.636280 38.549259 39.469524 40.395729 41.327190 42.262951 43.206715 44.157856 45.122475 46.106880 47.121655 48.183643 49.318810 50.549183 51.890549 53.364986 55.034908 56.901123 58.979809 61.285503 63.867569 66.771172 70.157051 74.311295 0.000000 0.000000 0.000000 0.000000 0.000000 0.000000 0.000000
19.946846 20.113838 20.304678 20.518772 20.759203 21.031595 21.329744 21.658937 22.015947 22.410385 22.839003 23.301445 23.799213 24.332298 24.905966 25.508394 26.143503 26.811590 27.509119 28.235619 28.989054 29.767366 30.568956 31.392242 32.232834 33.090057 33.964241 34.849590 35.746452 36.650822 37.563076 38.483505 39.409889 40.341518 41.277447 42.221329 43.172638 44.137424 45.122005 46.136967 47.199158 48.334545 49.565300 50.907314 52.384178 54.058727 55.937664 58.048275 60.430485 63.162983 66.350128 70.217720 0.000000 0.000000 0.000000 0.000000 0.000000 0.000000 0.000000 0.000000
18.958767 19.125826 19.316618 19.530796 19.771309 20.042162 20.340397 20.669682 21.028509 21.423084 21.851845 22.313639 22.811556 23.344793 23.916662 24.519213 25.154449 25.823650 26.521345 27.248007 28.000542 28.778999 29.580734 30.404173 31.244915 32.102299 32.977917 33.863453 34.760517 35.665077 36.576878 37.497494 38.424053 39.355865 40.291977 41.235737 42.187126 43.152092 44.136860 45.152012 46.214432 47.350155 48.581570 49.925251 51.406914 53.094036 55.004761 57.188126 59.722813 62.738304 66.406914 0.000000 0.000000 0.000000 0.000000 0.000000 0.000000 0.000000 0.000000 0.000000
17.970425 18.137560 18.328403 18.542673 18.783283 19.053133 19.351469 19.680870 20.040987 20.435701 20.864607 21.323816 21.821840 22.355179 22.925814 23.528442 24.163773 24.836256 25.534119 26.260939 27.010181 27.788715 28.590528 29.414042 30.254854 31.112318 31.992123 32.877846 33.775093 34.679840 35.591522 36.512314 37.439053 38.371048 39.307335 40.250103 41.201283 42.166405 43.151329 44.166676 45.229340 46.365608 47.599033 48.947056 50.441231 52.159908 54.143044 56.476051 59.296062 62.792332 0.000000 0.000000 0.000000 0.000000 0.000000 0.000000 0.000000 0.000000 0.000000 0.000000
16.982592 17.149822 17.340767 17.555151 17.795874 18.065235 18.363699 18.693237 19.054140 19.449005 19.878075 20.339104 20.837345 21.370895 21.941048 22.543890 23.179428 23.850174 24.548225 25.275217 26.026726 26.805487 27.607523 28.431261 29.272303 30.129986 31.007488 31.893366 32.790764 33.695663 34.607376 35.528309 36.455200 37.387341 38.323772 39.263126 40.212852 41.178005 42.162979 43.178440 44.241516 45.379112 46.618454 47.978622 49.503922 51.294430 53.426449 56.040657 59.348091 0.000000 0.000000 0.000000 0.000000 0.000000 0.000000 0.000000 0.000000 0.000000 0.000000 0.000000
15.995679 16.163033 16.354109 16.568624 16.809504 17.078754 17.377373 17.707069 18.068413 18.463449 18.892691 19.355009 19.853424 20.387163 20.957193 21.560217 22.195923 22.865528 23.563700 24.290815 25.043877 25.822781 26.624958 27.448828 28.289995 29.147795 30.023729 30.909670 31.807127 32.712078 33.623798 34.544788 35.471722 36.403915 37.340416 38.287834 39.232693 40.197971 41.183174 42.199131 43.263561 44.405418 45.662685 47.053806 48.650703 50.589832 53.002872 56.095295 0.000000 0.000000 0.000000 0.000000 0.000000 0.000000 0.000000 0.000000 0.000000 0.000000 0.000000 0.000000
15.016070 15.183657 15.374980 15.589766 15.830918 16.100376 16.399296 16.729315 17.091072 17.486444 17.916027 18.379303 18.878054 19.412149 19.982424 20.585800 21.221851 21.891081 22.589550 23.316978 24.071167 24.850384 25.652866 26.477032 27.318485 28.176546 29.051842 29.938021 30.835711 31.740889 32.652817 33.574024 34.501171 35.433586 36.370300 37.317024 38.265171 39.230816 40.216625 41.234062 42.302723 43.456364 44.740536 46.202427 47.946678 50.165504 53.055882 0.000000 0.000000 0.000000 0.000000 0.000000 0.000000 0.000000 0.000000 0.000000 0.000000 0.000000 0.000000 0.000000
14.042068 14.210000 14.401694 14.616867 14.858435 15.128284 15.427644 15.758110 16.120352 16.516184 16.946234 17.410221 17.909285 18.443829 19.014519 19.618319 20.254780 20.924095 21.622925 22.350698 23.105751 23.885284 24.688065 25.512516 26.354227 27.212532 28.087654 28.974037 29.871922 30.777271 31.689365 32.610744 33.538067 34.470627 35.407486 36.353500 37.303963 38.270123 39.257256 40.278671 41.358673 42.541969 43.893204 45.500809 47.522854 50.217381 0.000000 0.000000 0.000000 0.000000 0.000000 0.000000 0.000000 0.000000 0.000000 0.000000 0.000000 0.000000 0.000000 0.000000
13.076344 13.244799 13.437043 13.652799 13.894968 14.165438 14.465444 14.796573 15.159490 15.555984 15.986695 16.451427 16.950514 17.485664 18.056936 18.661289 19.298264 19.967964 20.667238 21.395424 22.151760 22.931660 23.734768 24.559515 25.401485 26.260021 27.135214 28.021774 28.919823 29.825308 30.737528 31.659029 32.586456 33.519077 34.456062 35.401627 36.353630 37.320957 38.311756 39.343948 40.452618 41.703831 43.197117 45.079811 47.574825 0.000000 0.000000 0.000000 0.000000 0.000000 0.000000 0.000000 0.000000 0.000000 0.000000 0.000000 0.000000 0.000000 0.000000 0.000000
12.122491 12.291729 12.484796 12.701420 12.944497 13.215907 13.516870 13.848970 14.212853 14.610320 15.041998 15.507700 16.005646 16.541611 17.113667 17.718746 18.356388 19.026676 19.726503 20.455185 21.214727 21.995092 22.798607 23.623711 24.465986 25.324776 26.200165 27.086903 27.985096 28.890703 29.803011 30.724592 31.652084 32.584538 33.521629 34.467213 35.420731 36.391449 37.392429 38.452026 39.626331 41.018166 42.782009 45.133759 0.000000 0.000000 0.000000 0.000000 0.000000 0.000000 0.000000 0.000000 0.000000 0.000000 0.000000 0.000000 0.000000 0.000000 0.000000 0.000000
11.184996 11.355392 11.549672 11.767575 12.011982 12.284768 12.587130 12.920649 13.285947 13.684837 14.117916 14.584977 15.085499 15.622758 16.196102 16.802382 17.441143 18.112473 18.813257 19.542809 20.301500 21.082502 21.886534 22.712111 23.554773 24.413877 25.289520 26.176451 27.074858 27.980570 28.892975 29.814613 30.742149 31.673782 32.611118 33.557457 34.514229 35.494415 36.521370 37.643955 38.954239 40.613247 42.839973 0.000000 0.000000 0.000000 0.000000 0.000000 0.000000 0.000000 0.000000 0.000000 0.000000 0.000000 0.000000 0.000000 0.000000 0.000000 0.000000 0.000000
10.269227 10.441287 10.637304 10.857042 11.103352 11.378098 11.682459 12.018000 12.385311 12.786212 13.221273 13.690266 14.193508 14.732473 15.307584 15.915509 16.555792 17.228550 17.930614 18.661316 19.420061 20.201927 21.006514 21.832718 22.675884 23.535391 24.411386 25.298563 26.197363 27.103186 28.015690 28.937363 29.864996 30.794010 31.732044 32.681095 33.646561 34.650986 35.737690 36.990959 38.559467 40.678173 0.000000 0.000000 0.000000 0.000000 0.000000 0.000000 0.000000 0.000000 0.000000 0.000000 0.000000 0.000000 0.000000 0.000000 0.000000 0.000000 0.000000 0.000000
9.381186 9.555564 9.753997 9.976280 10.225227 10.502694 10.809822 11.148158 11.518244 11.921911 12.359701 12.831331 13.337584 13.878531 14.455996 15.066109 15.708405 16.383041 17.086779 17.818970 18.579092 19.362097 20.166904 20.993900 21.837675 22.697643 23.574041 24.461464 25.361397 26.267305 27.179853 28.101576 29.029371 29.965357 30.906023 31.863207 32.851341 33.912121 35.123528 36.626221 38.637630 0.000000 0.000000 0.000000 0.000000 0.000000 0.000000 0.000000 0.000000 0.000000 0.000000 0.000000 0.000000 0.000000 0.000000 0.000000 0.000000 0.000000 0.000000 0.000000
8.531101 8.708685 8.910470 9.136277 9.388875 9.670106 9.981060 10.323268 10.697217 11.104733 11.546323 12.021639 12.531672 13.074398 13.655131 14.268285 14.913395 15.590672 16.296772 17.031090 17.795118 18.579853 19.383686 20.211901 21.056671 21.917442 22.794554 23.682489 24.585985 25.492283 26.405178 27.327333 28.255985 29.193716 30.141729 31.119698 32.160057 33.338203 34.787842 36.719090 0.000000 0.000000 0.000000 0.000000 0.000000 0.000000 0.000000 0.000000 0.000000 0.000000 0.000000 0.000000 0.000000 0.000000 0.000000 0.000000 0.000000 0.000000 0.000000 0.000000
7.725012 7.906846 8.113060 8.343519 8.600935 8.887119 9.203110 9.550411 9.929429 10.341992 10.788558 11.268696 11.783486 12.331751 12.916882 13.534146 14.183065 14.863922 15.573255 16.310497 17.075638 17.862640 18.669956 19.499956 20.346212 21.208225 22.086462 22.975269 23.877575 24.784414 25.697813 26.620857 27.551783 28.495464 29.462210 30.488165 31.637621 33.040798 34.900906 0.000000 0.000000 0.000000 0.000000 0.000000 0.000000 0.000000 0.000000 0.000000 0.000000 0.000000 0.000000 0.000000 0.000000 0.000000 0.000000 0.000000 0.000000 0.000000 0.000000 0.000000
6.971479 7.158803 7.370734 7.607189 7.870798 8.163344 8.485795 8.839621 9.225124 9.644129 10.097047 10.583331 11.104113 11.658795 12.249478 12.871927 13.525651 14.211007 14.924398 15.665313 16.432743 17.222610 18.033451 18.865675 19.713778 20.577316 21.456947 22.346825 23.248741 24.156315 25.070477 25.995701 26.932665 27.892721 28.902777 30.029253 31.388704 33.180584 0.000000 0.000000 0.000000 0.000000 0.000000 0.000000 0.000000 0.000000 0.000000 0.000000 0.000000 0.000000 0.000000 0.000000 0.000000 0.000000 0.000000 0.000000 0.000000 0.000000 0.000000 0.000000
6.279048 6.473296 6.692432 6.936423 7.207808 7.508323 7.838861 8.200839 8.594445 9.021483 9.482305 9.976233 10.504430 11.066594 11.664132 12.292984 12.952602 13.643494 14.361876 15.107283 15.878214 16.671619 17.486107 18.321077 19.171431 20.036812 20.918125 21.809326 22.711720 23.620508 24.535906 25.466631 26.418600 27.417170 28.517958 29.839241 31.562134 0.000000 0.000000 0.000000 0.000000 0.000000 0.000000 0.000000 0.000000 0.000000 0.000000 0.000000 0.000000 0.000000 0.000000 0.000000 0.000000 0.000000 0.000000 0.000000 0.000000 0.000000 0.000000 0.000000
5.655706 5.858490 6.086495 6.339745 6.620664 6.930929 7.271351 7.643280 8.046761 8.483569 8.954001 9.457205 9.994377 10.565304 11.171123 11.807696 12.474322 13.171856 13.896236 14.647046 15.422591 16.220245 17.038685 17.877073 18.730135 19.597599 20.480942 21.373800 22.277567 23.188627 24.105925 25.050110 26.036419 27.116072 28.392801 30.053160 0.000000 0.000000 0.000000 0.000000 0.000000 0.000000 0.000000 0.000000 0.000000 0.000000 0.000000 0.000000 0.000000 0.000000 0.000000 0.000000 0.000000 0.000000 0.000000 0.000000 0.000000 0.000000 0.000000 0.000000
5.108369 5.321452 5.560140 5.824512 6.116863 6.438799 6.791028 7.174826 7.590064 8.038487 8.520324 9.034455 9.582244 10.163395 10.778973 11.424645 12.099189 12.804506 13.535897 14.293026 15.074154 15.876784 16.699656 17.542513 18.398762 19.268156 20.153902 21.048904 21.955198 22.871050 23.802078 24.777485 25.836145 27.074108 28.655458 0.000000 0.000000 0.000000 0.000000 0.000000 0.000000 0.000000 0.000000 0.000000 0.000000 0.000000 0.000000 0.000000 0.000000 0.000000 0.000000 0.000000 0.000000 0.000000 0.000000 0.000000 0.000000 0.000000 0.000000 0.000000
4.642488 4.867742 5.119030 5.396487 5.702258 6.037855 6.403886 6.801532 7.230470 7.692391 8.187456 8.714014 9.274058 9.866940 10.493826 11.149951 11.832590 12.546751 13.286104 14.050408 14.837935 15.646192 16.473970 17.323343 18.183239 19.053261 19.941832 20.839785 21.750841 22.677216 23.635820 24.677372 25.877546 27.388569 0.000000 0.000000 0.000000 0.000000 0.000000 0.000000 0.000000 0.000000 0.000000 0.000000 0.000000 0.000000 0.000000 0.000000 0.000000 0.000000 0.000000 0.000000 0.000000 0.000000 0.000000 0.000000 0.000000 0.000000 0.000000 0.000000
4.261728 4.501086 4.766948 5.059493 5.380699 5.731969 6.113800 6.527278 6.971837 7.449095 7.959177 8.499104 9.072948 9.678994 10.318841 10.986725 11.681028 12.405211 13.153604 13.926050 14.720916 15.535563 16.368946 17.221905 18.085865 18.960915 19.853285 20.756285 21.677252 22.626717 23.640680 24.803398 26.247751 0.000000 0.000000 0.000000 0.000000 0.000000 0.000000 0.000000 0.000000 0.000000 0.000000 0.000000 0.000000 0.000000 0.000000 0.000000 0.000000 0.000000 0.000000 0.000000 0.000000 0.000000 0.000000 0.000000 0.000000 0.000000 0.000000 0.000000
3.967735 4.223137 4.505531 4.815138 5.153753 5.522645 5.922203 6.353443 6.815445 7.309719 7.836480 8.393095 8.982313 9.603001 10.258142 10.939224 11.646150 12.381472 13.139933 13.921453 14.724545 15.546383 16.386051 17.243702 18.112465 18.993059 19.891109 20.803589 21.745260 22.742178 23.863447 25.233799 0.000000 0.000000 0.000000 0.000000 0.000000 0.000000 0.000000 0.000000 0.000000 0.000000 0.000000 0.000000 0.000000 0.000000 0.000000 0.000000 0.000000 0.000000 0.000000 0.000000 0.000000 0.000000 0.000000 0.000000 0.000000 0.000000 0.000000 0.000000
3.761677 4.035104 4.336027 4.664697 5.022708 5.411177 5.830395 6.281469 6.762743 7.275548 7.820643 8.395299 9.001339 9.638003 10.307551 11.003192 11.723366 12.470633 13.239875 14.031106 14.843030 15.672538 16.518965 17.382210 18.256472 19.143614 20.050926 20.981804 21.964632 23.053703 24.353577 0.000000 0.000000 0.000000 0.000000 0.000000 0.000000 0.000000 0.000000 0.000000 0.000000 0.000000 0.000000 0.000000 0.000000 0.000000 0.000000 0.000000 0.000000 0.000000 0.000000 0.000000 0.000000 0.000000 0.000000 0.000000 0.000000 0.000000 0.000000 0.000000
3.640799 3.934080 4.255348 4.604871 4.984025 5.393764 5.834327 6.307382 6.809448 7.341543 7.906255 8.499938 9.123859 9.777438 10.462519 11.174547 11.908504 12.668340 13.448923 14.250343 15.071580 15.909162 16.762745 17.632532 18.513567 19.410021 20.334070 21.300577 22.362574 23.601826 0.000000 0.000000 0.000000 0.000000 0.000000 0.000000 0.000000 0.000000 0.000000 0.000000 0.000000 0.000000 0.000000 0.000000 0.000000 0.000000 0.000000 0.000000 0.000000 0.000000 0.000000 0.000000 0.000000 0.000000 0.000000 0.000000 0.000000 0.000000 0.000000 0.000000
3.603113 3.918039 4.261420 4.633524 5.035502 5.468122 5.931756 6.426977 6.951139 7.505221 8.090770 8.704468 9.347276 10.018687 10.720393 11.447249 12.195419 12.968252 13.760576 14.572529 15.403425 16.249439 17.110701 17.988268 18.878727 19.790651 20.745909 21.780071 22.966677 0.000000 0.000000 0.000000 0.000000 0.000000 0.000000 0.000000 0.000000 0.000000 0.000000 0.000000 0.000000 0.000000 0.000000 0.000000 0.000000 0.000000 0.000000 0.000000 0.000000 0.000000 0.000000 0.000000 0.000000 0.000000 0.000000 0.000000 0.000000 0.000000 0.000000 0.000000
3.643471 3.981591 4.348583 4.744694 5.170843 5.627591 6.116028 6.634738 7.182026 7.758777 8.365961 9.000307 9.662611 10.352345 11.071268 11.813718 12.576369 13.362434 14.166706 14.989388 15.830212 16.685055 17.554922 18.442596 19.347815 20.287317 21.300617 22.436485 0.000000 0.000000 0.000000 0.000000 0.000000 0.000000 0.000000 0.000000 0.000000 0.000000 0.000000 0.000000 0.000000 0.000000 0.000000 0.000000 0.000000 0.000000 0.000000 0.000000 0.000000 0.000000 0.000000 0.000000 0.000000 0.000000 0.000000 0.000000 0.000000 0.000000 0.000000 0.000000
3.758102 4.120878 4.512877 4.934307 5.385851 5.867852 6.380820 6.924238 7.495393 8.094984 8.724308 9.379693 10.061810 10.770089 11.506512 12.265348 13.042554 13.841890 14.658156 15.491639 16.342670 17.207079 18.087465 18.989819 19.920034 20.909561 22.004807 0.000000 0.000000 0.000000 0.000000 0.000000 0.000000 0.000000 0.000000 0.000000 0.000000 0.000000 0.000000 0.000000 0.000000 0.000000 0.000000 0.000000 0.000000 0.000000 0.000000 0.000000 0.000000 0.000000 0.000000 0.000000 0.000000 0.000000 0.000000 0.000000 0.000000 0.000000 0.000000 0.000000
3.940742 4.329322 4.747388 5.195088 5.672869 6.180838 6.719028 7.288444 7.883912 8.505754 9.157390 9.833884 10.535820 11.262565 12.016518 12.792963 13.584576 14.397060 15.225251 16.069622 16.931402 17.806950 18.701796 19.627508 20.601519 21.656191 0.000000 0.000000 0.000000 0.000000 0.000000 0.000000 0.000000 0.000000 0.000000 0.000000 0.000000 0.000000 0.000000 0.000000 0.000000 0.000000 0.000000 0.000000 0.000000 0.000000 0.000000 0.000000 0.000000 0.000000 0.000000 0.000000 0.000000 0.000000 0.000000 0.000000 0.000000 0.000000 0.000000 0.000000
4.187305 4.602713 5.047799 5.522604 6.027334 6.561862 7.125687 7.719972 8.339896 8.985761 9.659783 10.357388 11.079102 11.824184 12.595945 13.387274 14.192956 15.018314 15.858334 16.713923 17.587721 18.477818 19.394670 20.359535 21.385052 0.000000 0.000000 0.000000 0.000000 0.000000 0.000000 0.000000 0.000000 0.000000 0.000000 0.000000 0.000000 0.000000 0.000000 0.000000 0.000000 0.000000 0.000000 0.000000 0.000000 0.000000 0.000000 0.000000 0.000000 0.000000 0.000000 0.000000 0.000000 0.000000 0.000000 0.000000 0.000000 0.000000 0.000000 0.000000
4.491703 4.934552 5.407258 5.909628 6.441637 7.002919 7.591845 8.211117 8.855308 9.524652 10.220667 10.938910 11.679890 12.442754 13.232973 14.039063 14.858246 15.696175 16.548162 17.415964 18.304611 19.215786 20.168684 21.174253 0.000000 0.000000 0.000000 0.000000 0.000000 0.000000 0.000000 0.000000 0.000000 0.000000 0.000000 0.000000 0.000000 0.000000 0.000000 0.000000 0.000000 0.000000 0.000000 0.000000 0.000000 0.000000 0.000000 0.000000 0.000000 0.000000 0.000000 0.000000 0.000000 0.000000 0.000000 0.000000 0.000000 0.000000 0.000000 0.000000
4.848970 5.319443 5.820090 6.350197 6.909522 7.497459 8.112927 8.757191 9.425344 10.117543 10.835085 11.573446 12.333170 13.113251 13.918603 14.739153 15.570849 16.421247 17.285925 18.168329 19.077267 20.021521 21.008966 0.000000 0.000000 0.000000 0.000000 0.000000 0.000000 0.000000 0.000000 0.000000 0.000000 0.000000 0.000000 0.000000 0.000000 0.000000 0.000000 0.000000 0.000000 0.000000 0.000000 0.000000 0.000000 0.000000 0.000000 0.000000 0.000000 0.000000 0.000000 0.000000 0.000000 0.000000 0.000000 0.000000 0.000000 0.000000 0.000000 0.000000
5.254376 5.754371 6.283205 6.841155 7.427757 8.042184 8.683759 9.352763 10.044404 10.758761 11.497219 12.255041 13.032887 13.829541 14.649807 15.484694 16.327375 17.190987 18.070652 18.972784 19.912098 20.883978 0.000000 0.000000 0.000000 0.000000 0.000000 0.000000 0.000000 0.000000 0.000000 0.000000 0.000000 0.000000 0.000000 0.000000 0.000000 0.000000 0.000000 0.000000 0.000000 0.000000 0.000000 0.000000 0.000000 0.000000 0.000000 0.000000 0.000000 0.000000 0.000000 0.000000 0.000000 0.000000 0.000000 0.000000 0.000000 0.000000 0.000000 0.000000
5.705563 6.233884 6.790798 7.376335 7.989828 8.630222 9.297091 9.990172 10.704479 11.439988 12.198426 12.974747 13.769794 14.582150 15.416979 16.266035 17.123657 18.002602 18.901962 19.832895 20.792042 0.000000 0.000000 0.000000 0.000000 0.000000 0.000000 0.000000 0.000000 0.000000 0.000000 0.000000 0.000000 0.000000 0.000000 0.000000 0.000000 0.000000 0.000000 0.000000 0.000000 0.000000 0.000000 0.000000 0.000000 0.000000 0.000000 0.000000 0.000000 0.000000 0.000000 0.000000 0.000000 0.000000 0.000000 0.000000 0.000000 0.000000 0.000000 0.000000
6.197748 6.754231 7.338906 7.951565 8.591342 9.256988 9.948202 10.664494 11.400468 12.156051 12.933420 13.727178 14.538463 15.365707 16.214901 17.078573 17.952477 18.850910 19.778048 20.724903 0.000000 0.000000 0.000000 0.000000 0.000000 0.000000 0.000000 0.000000 0.000000 0.000000 0.000000 0.000000 0.000000 0.000000 0.000000 0.000000 0.000000 0.000000 0.000000 0.000000 0.000000 0.000000 0.000000 0.000000 0.000000 0.000000 0.000000 0.000000 0.000000 0.000000 0.000000 0.000000 0.000000 0.000000 0.000000 0.000000 0.000000 0.000000 0.000000 0.000000
6.727819 7.312138 7.924057 8.563182 9.228469 9.918478 10.632996 11.371493 12.128033 12.902517 13.697685 14.507818 15.334456 16.176054 17.040001 17.919994 18.813679 19.739044 20.679359 0.000000 0.000000 0.000000 0.000000 0.000000 0.000000 0.000000 0.000000 0.000000 0.000000 0.000000 0.000000 0.000000 0.000000 0.000000 0.000000 0.000000 0.000000 0.000000 0.000000 0.000000 0.000000 0.000000 0.000000 0.000000 0.000000 0.000000 0.000000 0.000000 0.000000 0.000000 0.000000 0.000000 0.000000 0.000000 0.000000 0.000000 0.000000 0.000000 0.000000 0.000000
7.293069 7.904716 8.543180 9.207951 9.897816 10.611155 11.347862 12.107433 12.883348 13.675523 14.487379 15.312914 16.154337 17.010332 17.890591 18.790812 19.711020 20.647448 0.000000 0.000000 0.000000 0.000000 0.000000 0.000000 0.000000 0.000000 0.000000 0.000000 0.000000 0.000000 0.000000 0.000000 0.000000 0.000000 0.000000 0.000000 0.000000 0.000000 0.000000 0.000000 0.000000 0.000000 0.000000 0.000000 0.000000 0.000000 0.000000 0.000000 0.000000 0.000000 0.000000 0.000000 0.000000 0.000000 0.000000 0.000000 0.000000 0.000000 0.000000 0.000000
7.891109 8.529383 9.193534 9.882983 10.596364 11.331898 12.089590 12.869025 13.663095 14.471762 15.299295 16.139574 16.995903 17.867186 18.767359 19.695074 20.624830 0.000000 0.000000 0.000000 0.000000 0.000000 0.000000 0.000000 0.000000 0.000000 0.000000 0.000000 0.000000 0.000000 0.000000 0.000000 0.000000 0.000000 0.000000 0.000000 0.000000 0.000000 0.000000 0.000000 0.000000 0.000000 0.000000 0.000000 0.000000 0.000000 0.000000 0.000000 0.000000 0.000000 0.000000 0.000000 0.000000 0.000000 0.000000 0.000000 0.000000 0.000000 0.000000 0.000000
8.519786 9.183816 9.872662 10.585697 11.321423 12.077921 12.855326 13.653398 14.464398 15.288479 16.130999 16.986103 17.858721 18.747078 19.673504 20.612890 0.000000 0.000000 0.000000 0.000000 0.000000 0.000000 0.000000 0.000000 0.000000 0.000000 0.000000 0.000000 0.000000 0.000000 0.000000 0.000000 0.000000 0.000000 0.000000 0.000000 0.000000 0.000000 0.000000 0.000000 0.000000 0.000000 0.000000 0.000000 0.000000 0.000000 0.000000 0.000000 0.000000 0.000000 0.000000 0.000000 0.000000 0.000000 0.000000 0.000000 0.000000 0.000000 0.000000 0.000000
9.177133 9.865905 10.578332 11.313766 12.070587 12.846762 13.642573 14.458060 15.284915 16.123665 16.981205 17.852505 18.744858 19.660599 20.595163 0.000000 0.000000 0.000000 0.000000 0.000000 0.000000 0.000000 0.000000 0.000000 0.000000 0.000000 0.000000 0.000000 0.000000 0.000000 0.000000 0.000000 0.000000 0.000000 0.000000 0.000000 0.000000 0.000000 0.000000 0.000000 0.000000 0.000000 0.000000 0.000000 0.000000 0.000000 0.000000 0.000000 0.000000 0.000000 0.000000 0.000000 0.000000 0.000000 0.000000 0.000000 0.000000 0.000000 0.000000 0.000000
9.861319 10.573710 11.308498 12.065073 12.841691 13.636239 14.449191 15.280997 16.122953 16.976376 17.850256 18.741137 19.659447 20.583712 0.000000 0.000000 0.000000 0.000000 0.000000 0.000000 0.000000 0.000000 0.000000 0.000000 0.000000 0.000000 0.000000 0.000000 0.000000 0.000000 0.000000 0.000000 0.000000 0.000000 0.000000 0.000000 0.000000 0.000000 0.000000 0.000000 0.000000 0.000000 0.000000 0.000000 0.000000 0.000000 0.000000 0.000000 0.000000 0.000000 0.000000 0.000000 0.000000 0.000000 0.000000 0.000000 0.000000 0.000000 0.000000 0.000000
10.570622 11.305415 12.061296 12.837693 13.632803 14.444440 15.273388 16.120749 16.977793 17.847174 18.740742 19.657385 20.583101 0.000000 0.000000 0.000000 0.000000 0.000000 0.000000 0.000000 0.000000 0.000000 0.000000 0.000000 0.000000 0.000000 0.000000 0.000000 0.000000 0.000000 0.000000 0.000000 0.000000 0.000000 0.000000 0.000000 0.000000 0.000000 0.000000 0.000000 0.000000 0.000000 0.000000 0.000000 0.000000 0.000000 0.000000 0.000000 0.000000 0.000000 0.000000 0.000000 0.000000 0.000000 0.000000 0.000000 0.000000 0.000000 0.000000 0.000000
11.303397 12.059305 12.834942 13.629860 14.442183 15.269783 16.113941 16.976795 17.850216 18.738892 19.658253 20.581961 0.000000 0.000000 0.000000 0.000000 0.000000 0.000000 0.000000 0.000000 0.000000 0.000000 0.000000 0.000000 0.000000 0.000000 0.000000 0.000000 0.000000 0.000000 0.000000 0.000000 0.000000 0.000000 0.000000 0.000000 0.000000 0.000000 0.000000 0.000000 0.000000 0.000000 0.000000 0.000000 0.000000 0.000000 0.000000 0.000000 0.000000 0.000000 0.000000 0.000000 0.000000 0.000000 0.000000 0.000000 0.000000 0.000000 0.000000 0.000000
12.058053 12.833747 13.627815 14.439965 15.268377 16.111155 16.970453 17.850040 18.743120 19.657192 20.583538 0.000000 0.000000 0.000000 0.000000 0.000000 0.000000 0.000000 0.000000 0.000000 0.000000 0.000000 0.000000 0.000000 0.000000 0.000000 0.000000 0.000000 0.000000 0.000000 0.000000 0.000000 0.000000 0.000000 0.000000 0.000000 0.000000 0.000000 0.000000 0.000000 0.000000 0.000000 0.000000 0.000000 0.000000 0.000000 0.000000 0.000000 0.000000 0.000000 0.000000 0.000000 0.000000 0.000000 0.000000 0.000000 0.000000 0.000000 0.000000 0.000000
12.833055 13.627223 14.438423 15.266684 16.110405 16.968327 17.843960 18.743517 19.662281 20.582916 0.000000 0.000000 0.000000 0.000000 0.000000 0.000000 0.000000 0.000000 0.000000 0.000000 0.000000 0.000000 0.000000 0.000000 0.000000 0.000000 0.000000 0.000000 0.000000 0.000000 0.000000 0.000000 0.000000 0.000000 0.000000 0.000000 0.000000 0.000000 0.000000 0.000000 0.000000 0.000000 0.000000 0.000000 0.000000 0.000000 0.000000 0.000000 0.000000 0.000000 0.000000 0.000000 0.000000 0.000000 0.000000 0.000000 0.000000 0.000000 0.000000 0.000000
13.626940 14.438289 15.265481 16.109091 16.968096 17.842371 18.737556 19.663033 20.588533 0.000000 0.000000 0.000000 0.000000 0.000000 0.000000 0.000000 0.000000 0.000000 0.000000 0.000000 0.000000 0.000000 0.000000 0.000000 0.000000 0.000000 0.000000 0.000000 0.000000 0.000000 0.000000 0.000000 0.000000 0.000000 0.000000 0.000000 0.000000 0.000000 0.000000 0.000000 0.000000 0.000000 0.000000 0.000000 0.000000 0.000000 0.000000 0.000000 0.000000 0.000000 0.000000 0.000000 0.000000 0.000000 0.000000 0.000000 0.000000 0.000000 0.000000 0.000000
14.438313 15.265700 16.108097 16.967024 17.842535 18.736433 19.657158 20.589468 0.000000 0.000000 0.000000 0.000000 0.000000 0.000000 0.000000 0.000000 0.000000 0.000000 0.000000 0.000000 0.000000 0.000000 0.000000 0.000000 0.000000 0.000000 0.000000 0.000000 0.000000 0.000000 0.000000 0.000000 0.000000 0.000000 0.000000 0.000000 0.000000 0.000000 0.000000 0.000000 0.000000 0.000000 0.000000 0.000000 0.000000 0.000000 0.000000 0.000000 0.000000 0.000000 0.000000 0.000000 0.000000 0.000000 0.000000 0.000000 0.000000 0.000000 0.000000 0.000000
15.265965 16.108591 16.966133 17.841640 18.736914 19.656387 20.583572 0.000000 0.000000 0.000000 0.000000 0.000000 0.000000 0.000000 0.000000 0.000000 0.000000 0.000000 0.000000 0.000000 0.000000 0.000000 0.000000 0.000000 0.000000 0.000000 0.000000 0.000000 0.000000 0.000000 0.000000 0.000000 0.000000 0.000000 0.000000 0.000000 0.000000 0.000000 0.000000 0.000000 0.000000 0.000000 0.000000 0.000000 0.000000 0.000000 0.000000 0.000000 0.000000 0.000000 0.000000 0.000000 0.000000 0.000000 0.000000 0.000000 0.000000 0.000000 0.000000 0.000000
16.109062 16.966738 17.840656 18.736158 19.657133 20.583069 0.000000 0.000000 0.000000 0.000000 0.000000 0.000000 0.000000 0.000000 0.000000 0.000000 0.000000 0.000000 0.000000 0.000000 0.000000 0.000000 0.000000 0.000000 0.000000 0.000000 0.000000 0.000000 0.000000 0.000000 0.000000 0.000000 0.000000 0.000000 0.000000 0.000000 0.000000 0.000000 0.000000 0.000000 0.000000 0.000000 0.000000 0.000000 0.000000 0.000000 0.000000 0.000000 0.000000 0.000000 0.000000 0.000000 0.000000 0.000000 0.000000 0.000000 0.000000 0.000000 0.000000 0.000000
16.967461 17.840918 18.734394 19.656431 20.583969 0.000000 0.000000 0.000000 0.000000 0.000000 0.000000 0.000000 0.000000 0.000000 0.000000 0.000000 0.000000 0.000000 0.000000 0.000000 0.000000 0.000000 0.000000 0.000000 0.000000 0.000000 0.000000 0.000000 0.000000 0.000000 0.000000 0.000000 0.000000 0.000000 0.000000 0.000000 0.000000 0.000000 0.000000 0.000000 0.000000 0.000000 0.000000 0.000000 0.000000 0.000000 0.000000 0.000000 0.000000 0.000000 0.000000 0.000000 0.000000 0.000000 0.000000 0.000000 0.000000 0.000000 0.000000 0.000000
17.842276 18.733168 19.652029 20.583277 0.000000 0.000000 0.000000 0.000000 0.000000 0.000000 0.000000 0.000000 0.000000 0.000000 0.000000 0.000000 0.000000 0.000000 0.000000 0.000000 0.000000 0.000000 0.000000 0.000000 0.000000 0.000000 0.000000 0.000000 0.000000 0.000000 0.000000 0.000000 0.000000 0.000000 0.000000 0.000000 0.000000 0.000000 0.000000 0.000000 0.000000 0.000000 0.000000 0.000000 0.000000 0.000000 0.000000 0.000000 0.000000 0.000000 0.000000 0.000000 0.000000 0.000000 0.000000 0.000000 0.000000 0.000000 0.000000 0.000000
18.736267 19.655092 20.580187 0.000000 0.000000 0.000000 0.000000 0.000000 0.000000 0.000000 0.000000 0.000000 0.000000 0.000000 0.000000 0.000000 0.000000 0.000000 0.000000 0.000000 0.000000 0.000000 0.000000 0.000000 0.000000 0.000000 0.000000 0.000000 0.000000 0.000000 0.000000 0.000000 0.000000 0.000000 0.000000 0.000000 0.000000 0.000000 0.000000 0.000000 0.000000 0.000000 0.000000 0.000000 0.000000 0.000000 0.000000 0.000000 0.000000 0.000000 0.000000 0.000000 0.000000 0.000000 0.000000 0.000000 0.000000 0.000000 0.000000 0.000000
19.654060 20.582993 0.000000 0.000000 0.000000 0.000000 0.000000 0.000000 0.000000 0.000000 0.000000 0.000000 0.000000 0.000000 0.000000 0.000000 0.000000 0.000000 0.000000 0.000000 0.000000 0.000000 0.000000 0.000000 0.000000 0.000000 0.000000 0.000000 0.000000 0.000000 0.000000 0.000000 0.000000 0.000000 0.000000 0.000000 0.000000 0.000000 0.000000 0.000000 0.000000 0.000000 0.000000 0.000000 0.000000 0.000000 0.000000 0.000000 0.000000 0.000000 0.000000 0.000000 0.000000 0.000000 0.000000 0.000000 0.000000 0.000000 0.000000 0.000000
20.582298 0.000000 0.000000 0.000000 0.000000 0.000000 0.000000 0.000000 0.000000 0.000000 0.000000 0.000000 0.000000 0.000000 0.000000 0.000000 0.000000 0.000000 0.000000 0.000000 0.000000 0.000000 0.000000 0.000000 0.000000 0.000000 0.000000 0.000000 0.000000 0.000000 0.000000 0.000000 0.000000 0.000000 0.000000 0.000000 0.000000 0.000000 0.000000 0.000000 0.000000 0.000000 0.000000 0.000000 0.000000 0.000000 0.000000 0.000000 0.000000 0.000000 0.000000 0.000000 0.000000 0.000000 0.000000 0.000000 0.000000 0.000000 0.000000 0.000000
