24.781986 25.181265 25.637981 26.154568 26.734638 27.381714 28.100952 28.901333 29.794891 30.804338 31.958658 33.296108 34.853302 36.661018 38.737114 41.088543 43.726913 46.691307 50.094585 54.186817 59.557301 67.695343 82.848381 119.000000
23.782328 24.181032 24.637094 25.152941 25.732172 26.378309 27.096514 27.895744 28.788019 29.796009 30.948664 32.284195 33.839153 35.644268 37.717373 40.065411 42.699993 45.660091 49.058487 53.144844 58.507610 66.633926 81.765244 0.000000
22.753962 23.152094 23.607498 24.122599 24.701002 25.346216 26.063387 26.861464 27.752460 28.759001 29.910004 31.243610 32.796341 34.598858 36.668991 39.013657 41.644451 44.600292 47.993843 52.074291 57.429401 65.544189 0.000000 0.000000
21.730177 22.127747 22.582500 23.096865 23.674440 24.318737 25.034887 25.831829 26.721550 27.726658 28.876026 30.207735 31.758251 33.558193 35.625374 37.966698 40.593761 43.545406 46.934097 51.008846 56.356506 0.000000 0.000000 0.000000
20.712206 21.109209 21.563334 22.076986 22.653765 23.297157 24.012310 24.808155 25.696640 26.700344 27.848099 29.177952 30.726299 32.523746 34.588043 36.926128 39.549549 42.497143 45.881226 49.950592 0.000000 0.000000 0.000000 0.000000
19.700495 20.096987 20.550526 21.063509 21.639526 22.282078 22.996288 23.791084 24.678404 25.680790 26.827026 28.155132 29.701445 31.496542 33.558136 35.893158 38.513210 41.457115 44.837223 0.000000 0.000000 0.000000 0.000000 0.000000
18.695326 19.091360 19.544386 20.056780 20.632135 21.273941 21.987320 22.781206 23.667480 24.668694 25.813566 27.140118 28.684624 30.477610 32.536846 34.869202 37.486443 40.427494 0.000000 0.000000 0.000000 0.000000 0.000000 0.000000
17.697161 18.092857 18.545506 19.057461 19.632298 20.273502 20.986223 21.779385 22.664833 23.665108 24.808887 26.134186 27.677242 29.468594 31.525974 33.856384 36.471840 0.000000 0.000000 0.000000 0.000000 0.000000 0.000000 0.000000
16.706919 17.102449 17.554934 18.066652 18.641195 19.282030 19.994337 20.787071 21.671989 22.671661 23.814684 25.139183 26.681332 28.471691 30.528028 32.857700 0.000000 0.000000 0.000000 0.000000 0.000000 0.000000 0.000000 0.000000
15.726053 16.121712 16.574331 17.086113 17.660666 18.301439 19.013674 19.806351 20.691133 21.690643 22.833431 24.157719 25.699675 27.489969 29.546539 0.000000 0.000000 0.000000 0.000000 0.000000 0.000000 0.000000 0.000000 0.000000
14.756896 15.153086 15.606279 16.118551 16.693533 17.334648 18.047249 18.840328 19.725489 20.725418 21.868635 23.193504 24.736242 26.527809 0.000000 0.000000 0.000000 0.000000 0.000000 0.000000 0.000000 0.000000 0.000000 0.000000
13.803062 14.200343 14.654691 15.168017 15.743988 16.385994 17.099541 17.893631 18.779821 19.780916 20.925404 22.251905 23.796778 0.000000 0.000000 0.000000 0.000000 0.000000 0.000000 0.000000 0.000000 0.000000 0.000000 0.000000
12.869810 13.268984 13.725248 14.240390 14.818084 15.461707 16.176933 16.972771 17.860836 18.864048 20.010944 21.340492 0.000000 0.000000 0.000000 0.000000 0.000000 0.000000 0.000000 0.000000 0.000000 0.000000 0.000000 0.000000
11.964227 12.366339 12.825542 13.343488 13.923848 14.570011 15.287859 16.086376 16.977390 17.983942 19.134827 0.000000 0.000000 0.000000 0.000000 0.000000 0.000000 0.000000 0.000000 0.000000 0.000000 0.000000 0.000000 0.000000
11.095045 11.501426 11.964809 12.486812 13.071061 13.720950 14.442586 15.244963 16.140259 17.151760 0.000000 0.000000 0.000000 0.000000 0.000000 0.000000 0.000000 0.000000 0.000000 0.000000 0.000000 0.000000 0.000000 0.000000
10.272156 10.684432 11.153555 11.681145 12.270754 12.925806 13.652658 14.460330 15.361613 0.000000 0.000000 0.000000 0.000000 0.000000 0.000000 0.000000 0.000000 0.000000 0.000000 0.000000 0.000000 0.000000 0.000000 0.000000
9.506044 9.926130 10.402820 10.937806 11.534520 12.196432 12.930181 13.744913 0.000000 0.000000 0.000000 0.000000 0.000000 0.000000 0.000000 0.000000 0.000000 0.000000 0.000000 0.000000 0.000000 0.000000 0.000000 0.000000
8.807168 9.237232 9.723568 10.268009 10.873809 11.544506 12.287086 0.000000 0.000000 0.000000 0.000000 0.000000 0.000000 0.000000 0.000000 0.000000 0.000000 0.000000 0.000000 0.000000 0.000000 0.000000 0.000000 0.000000
8.185337 8.627762 9.126042 9.682186 10.299232 10.980865 0.000000 0.000000 0.000000 0.000000 0.000000 0.000000 0.000000 0.000000 0.000000 0.000000 0.000000 0.000000 0.000000 0.000000 0.000000 0.000000 0.000000 0.000000
7.649264 8.106574 8.619249 9.189470 9.820073 0.000000 0.000000 0.000000 0.000000 0.000000 0.000000 0.000000 0.000000 0.000000 0.000000 0.000000 0.000000 0.000000 0.000000 0.000000 0.000000 0.000000 0.000000 0.000000
7.206170 7.680971 8.210563 8.797301 0.000000 0.000000 0.000000 0.000000 0.000000 0.000000 0.000000 0.000000 0.000000 0.000000 0.000000 0.000000 0.000000 0.000000 0.000000 0.000000 0.000000 0.000000 0.000000 0.000000
6.861538 7.356432 7.905471 0.000000 0.000000 0.000000 0.000000 0.000000 0.000000 0.000000 0.000000 0.000000 0.000000 0.000000 0.000000 0.000000 0.000000 0.000000 0.000000 0.000000 0.000000 0.000000 0.000000 0.000000
6.618987 7.136504 0.000000 0.000000 0.000000 0.000000 0.000000 0.000000 0.000000 0.000000 0.000000 0.000000 0.000000 0.000000 0.000000 0.000000 0.000000 0.000000 0.000000 0.000000 0.000000 0.000000 0.000000 0.000000
6.480251 0.000000 0.000000 0.000000 0.000000 0.000000 0.000000 0.000000 0.000000 0.000000 0.000000 0.000000 0.000000 0.000000 0.000000 0.000000 0.000000 0.000000 0.000000 0.000000 0.000000 0.000000 0.000000 0.000000
