1.582043 1.643144 1.743794 1.901741 2.137570 2.471817 2.921685 3.496172 4.193511 5.002359 5.908257 6.914401 8.070470 9.521420 11.566328 15.000000
0.859317 0.930559 1.045634 1.222769 1.482364 1.843714 2.321976 2.923414 3.643677 4.469896 5.387089 6.399747 7.558701 9.011471 11.063320 0.000000
0.459867 0.559002 0.712689 0.939787 1.259570 1.687624 2.233879 2.898175 3.670704 4.536020 5.478536 6.506279 7.672221 9.112319 0.000000 0.000000
0.343882 0.490835 0.707944 1.013578 1.423734 1.947571 2.586967 3.333513 4.171551 5.083904 6.056318 7.100586 8.251630 0.000000 0.000000 0.000000
0.408982 0.623714 0.925840 1.330802 1.848558 2.479522 3.216712 4.044415 4.943447 5.897427 6.894276 7.928029 0.000000 0.000000 0.000000 0.000000
0.596747 0.898144 1.302061 1.818024 2.447503 3.181900 4.006512 4.901623 5.847931 6.831166 7.821023 0.000000 0.000000 0.000000 0.000000 0.000000
0.890183 1.293890 1.809568 2.438396 3.172610 3.996356 4.890421 5.834982 6.812629 7.790095 0.000000 0.000000 0.000000 0.000000 0.000000 0.000000
1.291760 1.807393 2.436162 3.170156 3.993958 4.887792 5.831876 6.808498 7.781226 0.000000 0.000000 0.000000 0.000000 0.000000 0.000000 0.000000
1.806818 2.435566 3.169534 3.993258 4.887093 5.831141 6.807335 7.779296 0.000000 0.000000 0.000000 0.000000 0.000000 0.000000 0.000000 0.000000
2.435466 3.169442 3.993162 4.887012 5.831004 6.807306 7.778781 0.000000 0.000000 0.000000 0.000000 0.000000 0.000000 0.000000 0.000000 0.000000
3.169363 3.993083 4.886894 5.830943 6.807076 7.778761 0.000000 0.000000 0.000000 0.000000 0.000000 0.000000 0.000000 0.000000 0.000000 0.000000
3.993121 4.886970 5.830955 6.807250 7.778672 0.000000 0.000000 0.000000 0.000000 0.000000 0.000000 0.000000 0.000000 0.000000 0.000000 0.000000
4.886884 5.830932 6.807063 7.778739 0.000000 0.000000 0.000000 0.000000 0.000000 0.000000 0.000000 0.000000 0.000000 0.000000 0.000000 0.000000
5.830952 6.807248 7.778667 0.000000 0.000000 0.000000 0.000000 0.000000 0.000000 0.000000 0.000000 0.000000 0.000000 0.000000 0.000000 0.000000
6.807062 7.778738 0.000000 0.000000 0.000000 0.000000 0.000000 0.000000 0.000000 0.000000 0.000000 0.000000 0.000000 0.000000 0.000000 0.000000
7.778666 0.000000 0.000000 0.000000 0.000000 0.000000 0.000000 0.000000 0.000000 0.000000 0.000000 0.000000 0.000000 0.000000 0.000000 0.000000
