20.560415 20.693722 20.863169 21.073362 21.331505 21.647243 22.021662 22.465981 22.989504 23.597548 24.299780 25.093349 25.985857 26.978088 28.070080 29.265493 30.555899 31.951157 33.446060 35.037224 36.720753 38.497921 40.378319 42.350994 44.440170 46.667976 49.031574 51.563778 54.244701 57.086327 60.101582 63.299625 66.664375 70.224457 73.949051 77.877975 82.095566 86.641136 91.838814 98.327553 107.616081 123.176338 152.867584 220.000000
19.586266 19.720940 19.891975 20.103968 20.364113 20.682055 21.058851 21.505688 22.031841 22.642580 23.347511 24.143793 25.038879 26.033552 27.127790 28.325169 29.617323 31.013992 32.510067 34.102013 35.786007 37.563332 39.443550 41.415752 43.504250 45.731148 48.093563 50.624519 53.303993 56.144009 59.157467 62.353504 65.716064 69.273903 72.995796 76.921654 81.136131 85.679771 90.881523 97.398369 106.793686 122.654037 152.776566 0.000000
18.627384 18.765305 18.940104 19.156298 19.421225 19.744463 20.127014 20.580006 21.112663 21.730150 22.442001 23.245241 24.147234 25.148617 26.249269 27.452755 28.750530 30.152269 31.652872 33.248825 34.936169 36.716286 38.598782 40.572781 42.662815 44.890865 47.254112 49.785843 52.465958 55.306435 58.320251 61.516373 64.878960 68.436829 72.157967 76.082565 80.296761 84.845078 90.075310 96.701332 106.408379 122.823730 0.000000 0.000000
17.703894 17.847895 18.029720 18.253906 18.527786 18.860943 19.254269 19.718826 20.263714 20.893923 21.618805 22.435268 23.350409 24.364620 25.477625 26.692905 28.001667 29.413494 30.923246 32.527443 34.221954 36.008232 37.896046 39.874607 41.968781 44.200359 46.566570 49.101414 51.784431 54.627579 57.643955 60.842262 64.207047 67.767006 71.489113 75.414291 79.633232 84.205765 89.535217 96.457832 106.721405 0.000000 0.000000 0.000000
16.823856 16.977665 17.170822 17.407791 17.696033 18.045069 18.455610 18.938595 19.502943 20.153362 20.898926 21.736349 22.672258 23.706753 24.839260 26.073170 27.399313 28.827065 30.351322 31.968508 33.674362 35.470482 37.366833 39.352741 41.453594 43.690929 46.062168 48.602177 51.290001 54.137688 57.158443 60.360519 63.728786 67.292175 71.016174 74.944633 79.182777 83.838028 89.431328 96.871201 0.000000 0.000000 0.000000 0.000000
15.992671 16.160746 16.370304 16.625717 16.934591 17.306372 17.741484 18.250708 18.842667 19.521669 20.296400 21.163303 22.128355 23.191212 24.350914 25.610699 26.960930 28.410666 29.954872 31.589930 33.311321 35.120781 37.028664 39.024406 41.134239 43.379261 45.757072 48.303833 50.998028 53.851467 56.877598 60.084045 63.456200 67.023216 70.749863 74.691704 78.996346 83.874809 89.924271 0.000000 0.000000 0.000000 0.000000 0.000000
15.214179 15.401454 15.633005 15.913053 16.249369 16.651205 17.118721 17.662371 18.290436 19.006668 19.819225 20.724201 21.726768 22.825985 24.020412 25.313133 26.693878 28.171310 29.740578 31.397911 33.138573 34.964504 36.886501 38.894352 41.015030 43.269257 45.654854 48.209553 50.911068 53.770908 56.802753 60.013237 63.388321 66.959106 70.695114 74.687073 79.175400 84.439896 0.000000 0.000000 0.000000 0.000000 0.000000 0.000000
14.491782 14.703514 14.962889 15.273991 15.644661 16.083952 16.591635 17.177786 17.850203 18.611952 19.470556 20.421701 21.469521 22.612415 23.848358 25.180277 26.597212 28.107336 29.706022 31.389410 33.152458 34.997387 36.935596 38.957237 41.090183 43.354794 45.748978 48.312466 51.021835 53.888187 56.925255 60.138550 63.515629 67.094536 70.868111 75.005470 79.810257 0.000000 0.000000 0.000000 0.000000 0.000000 0.000000 0.000000
13.828667 14.070224 14.363333 14.711833 15.123636 15.607469 16.162689 16.798845 17.523151 18.337906 19.249802 20.254131 21.353828 22.546509 23.829569 25.205763 26.663353 28.210032 29.841457 31.553730 33.341507 35.207321 37.163170 39.199902 41.346127 43.621876 46.025227 48.597912 51.315186 54.187450 57.228512 60.443123 63.824497 67.432983 71.319969 75.706345 0.000000 0.000000 0.000000 0.000000 0.000000 0.000000 0.000000 0.000000
13.227862 13.504574 13.837164 14.229180 14.688458 15.223327 15.832705 16.525480 17.308174 18.182161 19.153263 20.216372 21.373070 22.620178 23.954453 25.378504 26.879841 28.465624 30.131952 31.874863 33.688763 35.576553 37.550945 39.603481 41.763531 44.050949 46.463554 49.045387 51.769958 54.646904 57.690277 60.907154 64.308617 68.005943 72.083183 0.000000 0.000000 0.000000 0.000000 0.000000 0.000000 0.000000 0.000000 0.000000
12.692109 13.009178 13.386706 13.827887 14.340360 14.931937 15.601117 16.355953 17.202225 18.140303 19.175005 20.300840 21.517967 22.822439 24.210329 25.684238 27.230877 28.856972 30.559107 32.333370 34.173866 36.084015 38.077168 40.145718 42.319630 44.618763 47.040409 49.630741 52.361324 55.241146 58.286877 61.517746 64.985123 68.824516 0.000000 0.000000 0.000000 0.000000 0.000000 0.000000 0.000000 0.000000 0.000000 0.000000
12.224010 12.586349 13.013831 13.509234 14.079869 14.732938 15.466453 16.287510 17.201099 18.206511 19.307562 20.498367 21.777643 23.140718 24.583004 26.107191 27.699240 29.365509 31.103235 32.908573 34.775333 36.707523 38.719151 40.803429 42.990810 45.301186 47.731014 50.328579 53.063133 55.945248 59.001892 62.281940 65.849754 0.000000 0.000000 0.000000 0.000000 0.000000 0.000000 0.000000 0.000000 0.000000 0.000000 0.000000
11.825919 12.238100 12.720060 13.274068 13.906954 14.625193 15.426383 16.316509 17.299692 18.374144 19.542704 20.799076 22.140602 23.561916 25.057890 26.631365 28.267637 29.972826 31.744925 33.580200 35.472298 37.425648 39.454926 41.554188 43.754108 46.074696 48.511154 51.113945 53.851517 56.742134 59.836586 63.185242 0.000000 0.000000 0.000000 0.000000 0.000000 0.000000 0.000000 0.000000 0.000000 0.000000 0.000000 0.000000
11.500087 11.966212 12.506528 13.122714 13.821039 14.607091 15.478088 16.438765 17.492435 18.636168 19.871897 21.192970 22.595396 24.073240 25.620872 27.241556 28.919790 30.661785 32.466301 34.329769 36.245689 38.218948 40.264675 42.377632 44.588524 46.917698 49.358624 51.965473 54.710518 57.630669 60.770226 0.000000 0.000000 0.000000 0.000000 0.000000 0.000000 0.000000 0.000000 0.000000 0.000000 0.000000 0.000000 0.000000
11.248458 11.772109 12.373998 13.055140 13.821117 14.676548 15.618301 16.649775 17.773506 18.985441 20.286730 21.670338 23.131157 24.662733 26.259083 27.923939 29.641171 31.417200 33.251648 35.141148 37.079048 39.070614 41.131157 43.256039 45.475712 47.811214 50.255016 52.869576 55.638721 58.586914 0.000000 0.000000 0.000000 0.000000 0.000000 0.000000 0.000000 0.000000 0.000000 0.000000 0.000000 0.000000 0.000000 0.000000
11.072735 11.656899 12.322803 13.070821 13.905719 14.831077 15.843429 16.944798 18.137022 19.414953 20.779095 22.222116 23.737900 25.319609 26.960958 28.666439 30.419184 32.226162 34.087746 36.000858 37.958752 39.966629 42.040016 44.174461 46.400162 48.740330 51.189816 53.826012 56.611374 0.000000 0.000000 0.000000 0.000000 0.000000 0.000000 0.000000 0.000000 0.000000 0.000000 0.000000 0.000000 0.000000 0.000000 0.000000
10.974257 11.621242 12.352851 13.168761 14.072906 15.067766 16.149538 17.318884 18.577070 19.917850 21.341337 22.839838 24.406504 26.034239 27.716536 29.458752 31.243349 33.077961 34.963825 36.898033 38.873627 40.895573 42.979263 45.120441 47.350140 49.697380 52.164623 54.809956 0.000000 0.000000 0.000000 0.000000 0.000000 0.000000 0.000000 0.000000 0.000000 0.000000 0.000000 0.000000 0.000000 0.000000 0.000000 0.000000
10.953840 11.665246 12.463460 13.347442 14.320261 15.383257 16.532379 17.766912 19.087732 20.487513 21.966208 23.515779 25.128937 26.798262 28.517233 30.292236 32.105019 33.964008 35.871231 37.823910 39.814770 41.848141 43.939178 46.084942 48.320503 50.685635 53.155529 0.000000 0.000000 0.000000 0.000000 0.000000 0.000000 0.000000 0.000000 0.000000 0.000000 0.000000 0.000000 0.000000 0.000000 0.000000 0.000000 0.000000
11.011824 11.788456 12.653333 13.604712 14.644799 15.773842 16.987453 18.283686 19.663157 21.117582 22.646950 24.242905 25.897968 27.604439 29.355875 31.159861 32.997276 34.877445 36.803143 38.771557 40.774803 42.816555 44.912819 47.064903 49.316246 51.681866 0.000000 0.000000 0.000000 0.000000 0.000000 0.000000 0.000000 0.000000 0.000000 0.000000 0.000000 0.000000 0.000000 0.000000 0.000000 0.000000 0.000000 0.000000
11.147873 11.989795 12.920609 13.937921 15.043096 16.235289 17.509871 18.863756 20.297541 21.801928 23.377289 25.014891 26.707317 28.446594 30.226395 32.055740 33.914448 35.812675 37.753922 39.735149 41.747639 43.795555 45.898598 48.066250 50.314919 0.000000 0.000000 0.000000 0.000000 0.000000 0.000000 0.000000 0.000000 0.000000 0.000000 0.000000 0.000000 0.000000 0.000000 0.000000 0.000000 0.000000 0.000000 0.000000
11.360967 12.267452 13.262727 14.343776 15.511174 16.763067 18.094625 19.501755 20.985180 22.534746 24.151323 25.825953 27.551373 29.319302 31.123711 32.975048 34.851879 36.765022 38.718807 40.709690 42.729137 44.784622 46.903194 49.066917 0.000000 0.000000 0.000000 0.000000 0.000000 0.000000 0.000000 0.000000 0.000000 0.000000 0.000000 0.000000 0.000000 0.000000 0.000000 0.000000 0.000000 0.000000 0.000000 0.000000
11.649375 12.618974 13.676530 14.818482 16.044661 17.352325 18.736515 20.192249 21.720604 23.310532 24.963728 26.670950 28.425297 30.218079 32.043510 33.913681 35.805508 37.730370 39.693504 41.691803 43.719482 45.790951 47.904819 0.000000 0.000000 0.000000 0.000000 0.000000 0.000000 0.000000 0.000000 0.000000 0.000000 0.000000 0.000000 0.000000 0.000000 0.000000 0.000000 0.000000 0.000000 0.000000 0.000000 0.000000
12.010705 13.041256 14.158297 15.357778 16.638828 17.997997 19.430233 20.929863 22.498442 24.124092 25.809538 27.545292 29.324783 31.138844 32.981979 34.867935 36.771717 38.704918 40.675240 42.682308 44.726318 46.792717 0.000000 0.000000 0.000000 0.000000 0.000000 0.000000 0.000000 0.000000 0.000000 0.000000 0.000000 0.000000 0.000000 0.000000 0.000000 0.000000 0.000000 0.000000 0.000000 0.000000 0.000000 0.000000
12.441869 13.530598 14.703810 15.957005 17.288755 18.694933 20.170576 21.709459 23.313726 24.970734 26.684301 28.444918 30.246094 32.078068 33.935703 35.834450 37.746891 39.686218 41.665104 43.688953 45.727737 0.000000 0.000000 0.000000 0.000000 0.000000 0.000000 0.000000 0.000000 0.000000 0.000000 0.000000 0.000000 0.000000 0.000000 0.000000 0.000000 0.000000 0.000000 0.000000 0.000000 0.000000 0.000000 0.000000
12.939234 14.082836 15.308494 16.611294 17.989311 19.437939 20.952408 22.526052 24.161722 25.845997 27.583956 29.366041 31.185650 33.032444 34.901306 36.809788 38.728760 40.675446 42.670944 44.689728 0.000000 0.000000 0.000000 0.000000 0.000000 0.000000 0.000000 0.000000 0.000000 0.000000 0.000000 0.000000 0.000000 0.000000 0.000000 0.000000 0.000000 0.000000 0.000000 0.000000 0.000000 0.000000 0.000000 0.000000
13.498659 14.693445 15.967525 17.315613 18.735437 20.222002 21.770855 23.375031 25.038111 26.745985 28.504845 30.305376 32.140316 33.998711 35.875591 37.791763 39.718605 41.680668 43.670727 0.000000 0.000000 0.000000 0.000000 0.000000 0.000000 0.000000 0.000000 0.000000 0.000000 0.000000 0.000000 0.000000 0.000000 0.000000 0.000000 0.000000 0.000000 0.000000 0.000000 0.000000 0.000000 0.000000 0.000000 0.000000
14.115619 15.357591 16.675886 18.064938 19.522156 21.042274 22.621321 24.252136 25.938978 27.667120 29.443617 31.259750 33.106792 34.973724 36.856400 38.781719 40.724190 42.679535 0.000000 0.000000 0.000000 0.000000 0.000000 0.000000 0.000000 0.000000 0.000000 0.000000 0.000000 0.000000 0.000000 0.000000 0.000000 0.000000 0.000000 0.000000 0.000000 0.000000 0.000000 0.000000 0.000000 0.000000 0.000000 0.000000
14.785370 16.070377 17.428638 18.854355 20.344700 21.894262 23.499632 25.153500 26.860750 28.606050 30.397083 32.225994 34.082024 35.955349 37.845161 39.787262 41.722782 0.000000 0.000000 0.000000 0.000000 0.000000 0.000000 0.000000 0.000000 0.000000 0.000000 0.000000 0.000000 0.000000 0.000000 0.000000 0.000000 0.000000 0.000000 0.000000 0.000000 0.000000 0.000000 0.000000 0.000000 0.000000 0.000000 0.000000
15.503005 16.826870 18.220898 19.679142 21.198587 22.773758 24.401905 26.075596 27.800135 29.559704 31.362158 33.201054 35.063892 36.944996 38.849602 40.785347 0.000000 0.000000 0.000000 0.000000 0.000000 0.000000 0.000000 0.000000 0.000000 0.000000 0.000000 0.000000 0.000000 0.000000 0.000000 0.000000 0.000000 0.000000 0.000000 0.000000 0.000000 0.000000 0.000000 0.000000 0.000000 0.000000 0.000000 0.000000
16.263653 17.622267 19.047995 20.534883 22.079700 23.676994 25.324694 27.015221 28.754034 30.524984 32.335777 34.182915 36.053776 37.950085 39.846447 0.000000 0.000000 0.000000 0.000000 0.000000 0.000000 0.000000 0.000000 0.000000 0.000000 0.000000 0.000000 0.000000 0.000000 0.000000 0.000000 0.000000 0.000000 0.000000 0.000000 0.000000 0.000000 0.000000 0.000000 0.000000 0.000000 0.000000 0.000000 0.000000
17.062515 18.451952 19.905561 21.417486 22.984289 24.600538 26.264812 27.969324 29.719461 31.498960 33.316082 35.172897 37.058838 38.946873 0.000000 0.000000 0.000000 0.000000 0.000000 0.000000 0.000000 0.000000 0.000000 0.000000 0.000000 0.000000 0.000000 0.000000 0.000000 0.000000 0.000000 0.000000 0.000000 0.000000 0.000000 0.000000 0.000000 0.000000 0.000000 0.000000 0.000000 0.000000 0.000000 0.000000
17.895031 19.311596 20.789528 22.323235 23.908911 25.541222 27.219254 28.934952 30.693495 32.479694 34.304501 36.177994 38.055092 0.000000 0.000000 0.000000 0.000000 0.000000 0.000000 0.000000 0.000000 0.000000 0.000000 0.000000 0.000000 0.000000 0.000000 0.000000 0.000000 0.000000 0.000000 0.000000 0.000000 0.000000 0.000000 0.000000 0.000000 0.000000 0.000000 0.000000 0.000000 0.000000 0.000000 0.000000
18.756903 20.197195 21.696198 23.248697 24.850426 26.496063 28.185074 29.909231 31.674271 33.468613 35.308121 37.173748 0.000000 0.000000 0.000000 0.000000 0.000000 0.000000 0.000000 0.000000 0.000000 0.000000 0.000000 0.000000 0.000000 0.000000 0.000000 0.000000 0.000000 0.000000 0.000000 0.000000 0.000000 0.000000 0.000000 0.000000 0.000000 0.000000 0.000000 0.000000 0.000000 0.000000 0.000000 0.000000
19.644203 21.105131 22.622229 24.190809 25.805851 27.462179 29.159483 30.890368 32.663250 34.472664 36.302567 0.000000 0.000000 0.000000 0.000000 0.000000 0.000000 0.000000 0.000000 0.000000 0.000000 0.000000 0.000000 0.000000 0.000000 0.000000 0.000000 0.000000 0.000000 0.000000 0.000000 0.000000 0.000000 0.000000 0.000000 0.000000 0.000000 0.000000 0.000000 0.000000 0.000000 0.000000 0.000000 0.000000
20.553333 22.032087 23.564514 25.146608 26.772318 28.436741 30.140654 31.879749 33.667240 35.466942 0.000000 0.000000 0.000000 0.000000 0.000000 0.000000 0.000000 0.000000 0.000000 0.000000 0.000000 0.000000 0.000000 0.000000 0.000000 0.000000 0.000000 0.000000 0.000000 0.000000 0.000000 0.000000 0.000000 0.000000 0.000000 0.000000 0.000000 0.000000 0.000000 0.000000 0.000000 0.000000 0.000000 0.000000
21.481079 22.975054 24.520197 26.113270 27.747078 29.418047 31.130047 32.883972 34.661110 0.000000 0.000000 0.000000 0.000000 0.000000 0.000000 0.000000 0.000000 0.000000 0.000000 0.000000 0.000000 0.000000 0.000000 0.000000 0.000000 0.000000 0.000000 0.000000 0.000000 0.000000 0.000000 0.000000 0.000000 0.000000 0.000000 0.000000 0.000000 0.000000 0.000000 0.000000 0.000000 0.000000 0.000000 0.000000
22.424526 23.931232 25.486509 27.088116 28.728424 30.407537 32.134159 33.877563 0.000000 0.000000 0.000000 0.000000 0.000000 0.000000 0.000000 0.000000 0.000000 0.000000 0.000000 0.000000 0.000000 0.000000 0.000000 0.000000 0.000000 0.000000 0.000000 0.000000 0.000000 0.000000 0.000000 0.000000 0.000000 0.000000 0.000000 0.000000 0.000000 0.000000 0.000000 0.000000 0.000000 0.000000 0.000000 0.000000
23.380896 24.897917 26.460802 28.069563 29.717903 31.411631 33.127354 0.000000 0.000000 0.000000 0.000000 0.000000 0.000000 0.000000 0.000000 0.000000 0.000000 0.000000 0.000000 0.000000 0.000000 0.000000 0.000000 0.000000 0.000000 0.000000 0.000000 0.000000 0.000000 0.000000 0.000000 0.000000 0.000000 0.000000 0.000000 0.000000 0.000000 0.000000 0.000000 0.000000 0.000000 0.000000 0.000000 0.000000
24.347618 25.872564 27.441620 29.059155 30.721876 32.404469 0.000000 0.000000 0.000000 0.000000 0.000000 0.000000 0.000000 0.000000 0.000000 0.000000 0.000000 0.000000 0.000000 0.000000 0.000000 0.000000 0.000000 0.000000 0.000000 0.000000 0.000000 0.000000 0.000000 0.000000 0.000000 0.000000 0.000000 0.000000 0.000000 0.000000 0.000000 0.000000 0.000000 0.000000 0.000000 0.000000 0.000000 0.000000
25.322224 26.853735 28.430542 30.063183 31.714355 0.000000 0.000000 0.000000 0.000000 0.000000 0.000000 0.000000 0.000000 0.000000 0.000000 0.000000 0.000000 0.000000 0.000000 0.000000 0.000000 0.000000 0.000000 0.000000 0.000000 0.000000 0.000000 0.000000 0.000000 0.000000 0.000000 0.000000 0.000000 0.000000 0.000000 0.000000 0.000000 0.000000 0.000000 0.000000 0.000000 0.000000 0.000000 0.000000
26.303328 27.843073 29.433947 31.055408 0.000000 0.000000 0.000000 0.000000 0.000000 0.000000 0.000000 0.000000 0.000000 0.000000 0.000000 0.000000 0.000000 0.000000 0.000000 0.000000 0.000000 0.000000 0.000000 0.000000 0.000000 0.000000 0.000000 0.000000 0.000000 0.000000 0.000000 0.000000 0.000000 0.000000 0.000000 0.000000 0.000000 0.000000 0.000000 0.000000 0.000000 0.000000 0.000000 0.000000
27.292625 28.846840 30.425575 0.000000 0.000000 0.000000 0.000000 0.000000 0.000000 0.000000 0.000000 0.000000 0.000000 0.000000 0.000000 0.000000 0.000000 0.000000 0.000000 0.000000 0.000000 0.000000 0.000000 0.000000 0.000000 0.000000 0.000000 0.000000 0.000000 0.000000 0.000000 0.000000 0.000000 0.000000 0.000000 0.000000 0.000000 0.000000 0.000000 0.000000 0.000000 0.000000 0.000000 0.000000
28.296314 29.838442 0.000000 0.000000 0.000000 0.000000 0.000000 0.000000 0.000000 0.000000 0.000000 0.000000 0.000000 0.000000 0.000000 0.000000 0.000000 0.000000 0.000000 0.000000 0.000000 0.000000 0.000000 0.000000 0.000000 0.000000 0.000000 0.000000 0.000000 0.000000 0.000000 0.000000 0.000000 0.000000 0.000000 0.000000 0.000000 0.000000 0.000000 0.000000 0.000000 0.000000 0.000000 0.000000
29.287727 0.000000 0.000000 0.000000 0.000000 0.000000 0.000000 0.000000 0.000000 0.000000 0.000000 0.000000 0.000000 0.000000 0.000000 0.000000 0.000000 0.000000 0.000000 0.000000 0.000000 0.000000 0.000000 0.000000 0.000000 0.000000 0.000000 0.000000 0.000000 0.000000 0.000000 0.000000 0.000000 0.000000 0.000000 0.000000 0.000000 0.000000 0.000000 0.000000 0.000000 0.000000 0.000000 0.000000
