8.981013 9.022991 9.078036 9.149091 9.239911 9.354437 9.497084 9.672703 9.886372 10.143538 10.449591 10.810207 11.230661 11.715838 12.270010 12.896162 13.596302 14.370898 15.220292 16.146523 17.156456 18.267286 19.509686 20.931595 22.599022 24.599403 27.057745 30.192400 34.449059 40.801167 51.605015 74.000000
8.036958 8.078892 8.133876 8.204853 8.295569 8.409964 8.552444 8.727853 8.941262 9.198109 9.503780 9.863939 10.283853 10.768401 11.321843 11.947154 12.646352 13.419888 14.268106 15.193036 16.201546 17.310799 18.551439 19.971308 21.636356 23.633873 26.088745 29.219118 33.470341 39.815445 50.609543 0.000000
7.037082 7.079062 7.134113 7.205128 7.295897 7.410339 7.552860 7.728294 7.941707 8.198553 8.504164 8.864210 9.283944 9.768227 10.321307 10.946101 11.644675 12.417433 13.264716 14.188598 15.195835 16.303635 17.542599 18.960514 20.623247 22.618032 25.069784 28.197182 32.447300 38.798176 0.000000 0.000000
6.053714 6.096015 6.151486 6.222910 6.314199 6.429234 6.572413 6.748581 6.962791 7.220544 7.527038 7.887989 8.308609 8.793721 9.347517 9.972769 10.671675 11.444486 12.291528 13.215003 14.221421 15.328100 16.565609 17.981766 19.642389 21.634783 24.084734 27.213852 31.478233 0.000000 0.000000 0.000000
5.105431 5.148640 5.205261 5.277925 5.370731 5.487514 5.632671 5.811072 6.027754 6.288300 6.597664 6.961655 7.385390 7.873594 8.430343 9.058145 9.759358 10.533923 11.382143 12.306407 13.312879 14.419106 15.655622 17.070421 18.729313 20.720304 23.172163 26.316322 0.000000 0.000000 0.000000 0.000000
4.214687 4.259826 4.318814 4.394192 4.490232 4.610749 4.760125 4.943314 5.165311 5.431783 5.747364 6.117965 6.548522 7.043567 7.606940 8.240788 8.947537 9.726591 10.578270 11.505096 12.513033 13.619845 14.856048 16.270142 17.928192 19.920256 22.383635 0.000000 0.000000 0.000000 0.000000 0.000000
3.405458 3.454056 3.517213 3.597502 3.699310 3.826474 3.983375 4.175074 4.406509 4.683373 5.009972 5.392269 5.834872 6.341994 6.917079 7.561811 8.278417 9.065612 9.923783 10.855446 11.866720 12.975435 14.212332 15.626745 17.285780 19.285183 0.000000 0.000000 0.000000 0.000000 0.000000 0.000000
2.698774 2.752891 2.822634 2.910745 3.021672 3.159308 3.328057 3.533085 3.779252 4.072192 4.415913 4.816246 5.277357 5.802944 6.395862 7.057193 7.788644 8.588147 9.456240 10.395320 11.412065 12.524138 13.763082 15.179461 16.843559 0.000000 0.000000 0.000000 0.000000 0.000000 0.000000 0.000000
2.109173 2.171375 2.250712 2.350187 2.474292 2.626993 2.812768 3.036813 3.303902 3.619484 3.987307 4.412812 4.899550 5.450516 6.067753 6.751570 7.502869 8.318852 9.200211 10.149259 11.173505 12.290454 13.533252 14.954417 0.000000 0.000000 0.000000 0.000000 0.000000 0.000000 0.000000 0.000000
1.642973 1.716282 1.808743 1.923630 2.065517 2.238452 2.446998 2.696294 2.990982 3.336212 3.735404 4.193332 4.712740 5.295760 5.943395 6.654950 7.430457 8.266506 9.163879 10.125084 11.158443 12.281890 13.530762 0.000000 0.000000 0.000000 0.000000 0.000000 0.000000 0.000000 0.000000 0.000000
1.298569 1.386401 1.495924 1.630662 1.795302 1.993977 2.231301 2.512255 2.841261 3.223036 3.660512 4.157555 4.715900 5.336643 6.019584 6.762884 7.565755 8.424389 9.339533 10.314363 11.357972 12.489386 0.000000 0.000000 0.000000 0.000000 0.000000 0.000000 0.000000 0.000000 0.000000 0.000000
1.068210 1.174309 1.305135 1.464437 1.657003 1.887035 2.159112 2.477949 2.847596 3.272176 3.753936 4.295624 4.897783 5.560318 6.281771 7.059170 7.891003 8.773380 9.706907 10.696019 11.750247 0.000000 0.000000 0.000000 0.000000 0.000000 0.000000 0.000000 0.000000 0.000000 0.000000 0.000000
0.940515 1.068898 1.225482 1.414214 1.639926 1.906831 2.219342 2.581775 2.997597 3.470170 4.000841 4.591112 5.240126 5.946559 6.707747 7.519782 8.380556 9.286434 10.238101 11.241037 0.000000 0.000000 0.000000 0.000000 0.000000 0.000000 0.000000 0.000000 0.000000 0.000000 0.000000 0.000000
0.902969 1.057876 1.244807 1.467872 1.731846 2.040843 2.398933 2.809881 3.276309 3.800666 4.383209 5.024131 5.720999 6.471385 7.271573 8.117042 9.005287 9.933318 10.901906 0.000000 0.000000 0.000000 0.000000 0.000000 0.000000 0.000000 0.000000 0.000000 0.000000 0.000000 0.000000 0.000000
0.943924 1.129753 1.351666 1.613882 1.920965 2.276798 2.684840 3.148183 3.668321 4.246663 4.882221 5.573895 6.317633 7.110133 7.946901 8.823208 9.736466 10.684182 0.000000 0.000000 0.000000 0.000000 0.000000 0.000000 0.000000 0.000000 0.000000 0.000000 0.000000 0.000000 0.000000 0.000000
1.053855 1.275092 1.536570 1.842530 2.197132 2.603872 3.065262 3.583630 4.159126 4.791960 5.479859 6.220474 7.008449 7.839709 8.709429 9.613113 10.547977 0.000000 0.000000 0.000000 0.000000 0.000000 0.000000 0.000000 0.000000 0.000000 0.000000 0.000000 0.000000 0.000000 0.000000 0.000000
1.225921 1.487039 1.792500 2.146431 2.552324 3.013147 3.530140 4.104764 4.735717 5.421863 6.159791 6.945915 7.774185 8.639844 9.538278 10.465104 0.000000 0.000000 0.000000 0.000000 0.000000 0.000000 0.000000 0.000000 0.000000 0.000000 0.000000 0.000000 0.000000 0.000000 0.000000 0.000000
1.455940 1.761275 2.114815 2.520393 2.980520 3.497496 4.071078 4.701708 5.386651 6.123390 6.907655 7.734673 8.598422 9.493690 10.416057 0.000000 0.000000 0.000000 0.000000 0.000000 0.000000 0.000000 0.000000 0.000000 0.000000 0.000000 0.000000 0.000000 0.000000 0.000000 0.000000 0.000000
1.742002 2.095581 2.500776 2.960901 3.477193 4.051153 4.680912 5.365824 6.101812 6.885116 7.710958 8.573615 9.467717 10.387437 0.000000 0.000000 0.000000 0.000000 0.000000 0.000000 0.000000 0.000000 0.000000 0.000000 0.000000 0.000000 0.000000 0.000000 0.000000 0.000000 0.000000 0.000000
2.083844 2.489197 2.948865 3.465417 4.038657 4.669104 5.353199 6.089282 6.872116 7.697000 8.558982 9.451933 10.371007 0.000000 0.000000 0.000000 0.000000 0.000000 0.000000 0.000000 0.000000 0.000000 0.000000 0.000000 0.000000 0.000000 0.000000 0.000000 0.000000 0.000000 0.000000 0.000000
2.482159 2.942092 3.458095 4.031753 4.661435 5.346491 6.081743 6.864727 7.689257 8.550219 9.442758 10.360548 0.000000 0.000000 0.000000 0.000000 0.000000 0.000000 0.000000 0.000000 0.000000 0.000000 0.000000 0.000000 0.000000 0.000000 0.000000 0.000000 0.000000 0.000000 0.000000 0.000000
2.937921 3.454279 4.027354 4.657487 5.341754 6.078197 6.860334 7.685098 8.545640 9.437144 10.354511 0.000000 0.000000 0.000000 0.000000 0.000000 0.000000 0.000000 0.000000 0.000000 0.000000 0.000000 0.000000 0.000000 0.000000 0.000000 0.000000 0.000000 0.000000 0.000000 0.000000 0.000000
3.451830 4.025277 4.654880 5.339520 6.075184 6.858671 7.682617 8.543592 9.434498 10.350927 0.000000 0.000000 0.000000 0.000000 0.000000 0.000000 0.000000 0.000000 0.000000 0.000000 0.000000 0.000000 0.000000 0.000000 0.000000 0.000000 0.000000 0.000000 0.000000 0.000000 0.000000 0.000000
4.023866 4.653738 5.337983 6.073872 6.856595 7.681974 8.542216 9.433838 10.349507 0.000000 0.000000 0.000000 0.000000 0.000000 0.000000 0.000000 0.000000 0.000000 0.000000 0.000000 0.000000 0.000000 0.000000 0.000000 0.000000 0.000000 0.000000 0.000000 0.000000 0.000000 0.000000 0.000000
4.652977 5.337277 6.072999 6.855731 7.680320 8.541998 9.432980 10.349676 0.000000 0.000000 0.000000 0.000000 0.000000 0.000000 0.000000 0.000000 0.000000 0.000000 0.000000 0.000000 0.000000 0.000000 0.000000 0.000000 0.000000 0.000000 0.000000 0.000000 0.000000 0.000000 0.000000 0.000000
5.336919 6.072419 6.855345 7.679666 8.540503 9.432835 10.348894 0.000000 0.000000 0.000000 0.000000 0.000000 0.000000 0.000000 0.000000 0.000000 0.000000 0.000000 0.000000 0.000000 0.000000 0.000000 0.000000 0.000000 0.000000 0.000000 0.000000 0.000000 0.000000 0.000000 0.000000 0.000000
6.072296 6.854719 7.679712 8.539957 9.431499 10.348720 0.000000 0.000000 0.000000 0.000000 0.000000 0.000000 0.000000 0.000000 0.000000 0.000000 0.000000 0.000000 0.000000 0.000000 0.000000 0.000000 0.000000 0.000000 0.000000 0.000000 0.000000 0.000000 0.000000 0.000000 0.000000 0.000000
6.854716 7.678964 8.540358 9.430982 10.347679 0.000000 0.000000 0.000000 0.000000 0.000000 0.000000 0.000000 0.000000 0.000000 0.000000 0.000000 0.000000 0.000000 0.000000 0.000000 0.000000 0.000000 0.000000 0.000000 0.000000 0.000000 0.000000 0.000000 0.000000 0.000000 0.000000 0.000000
7.679041 8.539572 9.431646 10.347116 0.000000 0.000000 0.000000 0.000000 0.000000 0.000000 0.000000 0.000000 0.000000 0.000000 0.000000 0.000000 0.000000 0.000000 0.000000 0.000000 0.000000 0.000000 0.000000 0.000000 0.000000 0.000000 0.000000 0.000000 0.000000 0.000000 0.000000 0.000000
8.539717 9.430984 10.347961 0.000000 0.000000 0.000000 0.000000 0.000000 0.000000 0.000000 0.000000 0.000000 0.000000 0.000000 0.000000 0.000000 0.000000 0.000000 0.000000 0.000000 0.000000 0.000000 0.000000 0.000000 0.000000 0.000000 0.000000 0.000000 0.000000 0.000000 0.000000 0.000000
9.431129 10.347549 0.000000 0.000000 0.000000 0.000000 0.000000 0.000000 0.000000 0.000000 0.000000 0.000000 0.000000 0.000000 0.000000 0.000000 0.000000 0.000000 0.000000 0.000000 0.000000 0.000000 0.000000 0.000000 0.000000 0.000000 0.000000 0.000000 0.000000 0.000000 0.000000 0.000000
10.347508 0.000000 0.000000 0.000000 0.000000 0.000000 0.000000 0.000000 0.000000 0.000000 0.000000 0.000000 0.000000 0.000000 0.000000 0.000000 0.000000 0.000000 0.000000 0.000000 0.000000 0.000000 0.000000 0.000000 0.000000 0.000000 0.000000 0.000000 0.000000 0.000000 0.000000 0.000000
