0,0,-1.0421067500000003,0.6063469999999995,45.281425,0.0
0,1,-1.0421067500000003,0.6063469999999995,45.281425,0.0
0,2,-1.043007750000001,0.6635850000000048,45.22418699999999,0.0
0,3,-1.0439672499999997,0.7043569999999946,45.142643000000014,0.0
0,4,-1.0450287500000002,0.7606470000000058,44.97377299999998,0.0
0,5,-1.0460347500000005,0.7670819999999949,44.948033000000024,0.0
0,6,-1.0470915000000005,0.7907640000000029,44.829622999999984,0.0
0,7,-1.0481805000000008,0.8127479999999991,44.697719000000006,0.0
0,8,-1.0492972500000004,0.8329889999999978,44.556032000000016,0.0
0,9,-1.0514887500000007,0.8395080000000021,44.50387999999998,0.006129999999998859
0,10,-1.0514887500000007,0.8395080000000021,44.50387999999998,0.0
0,11,-1.0526982499999988,0.8751759999999962,44.14720000000004,0.0
0,12,-1.0538922500000005,0.8919560000000004,43.962619999999994,0.0
0,13,-1.0551002499999989,0.9021219999999985,43.84062800000002,0.0
0,14,-1.0563199999999995,0.9090729999999994,43.750265000000006,0.0
0,15,-1.0575677499999987,0.9212920000000011,43.57919899999998,0.0
0,16,-1.0688637500000002,0.9332126666666672,43.40038899999999,0.02758733333332941
0,17,-1.0688637500000002,0.9332126666666672,43.40038899999999,0.02368466666666791
0,18,-1.0688637500000002,0.9332126666666672,43.40038899999999,0.016379000000000588
0,19,-1.0688637500000002,0.9332126666666672,43.40038899999999,0.014963333333334106
0,20,-1.0688637500000002,0.9332126666666672,43.40038899999999,0.015042666666658988
0,21,-1.0688637500000002,0.9332126666666672,43.40038899999999,0.013700000000000045
0,22,-1.0688637500000002,0.9332126666666672,43.40038899999999,0.013573333333326332
0,23,-1.0688637500000002,0.9332126666666672,43.40038899999999,0.012596666666652823
0,24,-1.0688637500000002,0.9332126666666672,43.40038899999999,0.0
0,25,-1.0700990000000008,0.9415970000000016,43.199164999999965,0.0
0,26,-1.071342249999999,0.9535669999999925,42.89991500000019,0.0
0,27,-1.0724927499999986,0.9881139999999959,42.0016930000001,0.0
0,28,-1.073702666666667,1.0078890000000058,41.467767999999836,0.0
0,29,-1.0749460000000017,1.0954360000000065,39.016451999999816,0.0
0,30,-1.0760753333333355,1.2490769999999998,34.56086300000001,0.0
0,31,-1.0768586666666664,1.556281999999996,25.344713000000127,0.0
0,32,-1.0768586666666664,2.1367489999999947,7.350236000000166,0.0
0,33,-1.0764516666666661,3.1931459999999987,-26.454467999999963,0.0
0,34,-1.0738104999999933,5.192817000000005,-92.44361100000017,0.0
0,35,-1.0710715000000164,8.818070000000006,-215.70221300000017,0.0
0,36,-1.0541990000000396,15.764777999999993,-458.83699299999967,0.0
0,37,-1.047912999999994,30.837135000000004,-1001.4418450000001,0.0
0,38,-1.0402979999998934,67.46785,-2356.7783,0.0
1,0,-1.0413282499999994,0.6032329999999959,45.281425,0.04086724999999802
1,1,-1.0421067500000003,0.6063469999999995,45.281425,0.04077075000000541
1,2,-1.043007750000001,0.6635850000000048,45.22418699999999,0.040738749999995605
1,3,-1.0439672499999997,0.7043569999999946,45.142643000000014,0.0406942499999996
1,4,-1.0450287500000002,0.7630579999999938,44.96412900000003,0.040573750000000075
1,5,-1.0460347500000005,0.7670819999999949,44.948033000000024,0.0405267500000015
1,6,-1.0470915000000005,0.7907640000000029,44.829622999999984,0.04047349999999739
1,7,-1.0481805000000008,0.8127479999999991,44.697719000000006,0.040398500000002
1,8,-1.0492972500000004,0.8351250000000014,44.53894399999999,0.04032125000000342
1,9,-1.0514887500000007,0.8395080000000021,44.50387999999998,0.04743374999999972
1,10,-1.0514887500000007,0.8395080000000021,44.50387999999998,0.04012874999999738
1,11,-1.0526982499999988,0.8751759999999962,44.14720000000004,0.04004824999999812
1,12,-1.0538922500000005,0.8919560000000004,43.962619999999994,0.03995725000000405
1,13,-1.0551002499999989,0.9041939999999968,43.81369200000004,0.039880249999999506
1,14,-1.0563199999999995,0.9090729999999994,43.750265000000006,0.03979500000000513
1,15,-1.0575677499999987,0.9212920000000011,43.57919899999998,0.039775749999998666
1,16,-1.0575677499999987,0.9281922222222221,43.47569566666667,0.07092252777777652
1,17,-1.0575677499999987,0.9281922222222221,43.47569566666667,0.07078530555555496
1,18,-1.0688637500000002,0.9332126666666672,43.40038899999999,0.06338774999999863
1,19,-1.0688637500000002,0.9332126666666672,43.40038899999999,0.06063308333333062
1,20,-1.0688637500000002,0.9332126666666672,43.40038899999999,0.05940141666666854
1,21,-1.0688637500000002,0.9332126666666672,43.40038899999999,0.056691750000000596
1,22,-1.0688637500000002,0.9332126666666672,43.40038899999999,0.05522308333333292
1,23,-1.0688637500000002,0.9332126666666672,43.40038899999999,0.052892416666660225
1,24,-1.0688637500000002,0.9332126666666672,43.40038899999999,0.03895674999999166
1,25,-1.0700990000000008,0.9485939999999999,43.024240000000006,0.038826000000002026
1,26,-1.071342249999999,0.9535669999999925,42.89991500000019,0.03868125000000866
1,27,-1.0724927499999986,1.0035179999999997,41.585785,0.038488750000002625
1,28,-1.073702666666667,1.0078890000000058,41.467767999999836,0.03827166666666426
1,29,-1.0749460000000017,1.0954360000000065,39.016451999999816,0.038050000000003026
1,30,-1.0760753333333355,1.2490769999999998,34.56086300000001,0.037470333333331496
1,31,-1.0768586666666664,1.556281999999996,25.344713000000127,0.03610166666666714
1,32,-1.0764516666666661,2.1379699999999957,7.311164000000133,0.03300966666666727
1,33,-1.0738105000000029,3.2010694999999876,-26.715943499999593,0.026782500000005482
1,34,-1.0710715000000022,5.198295000000002,-92.62986300000006,0.019634500000009325
1,35,-1.0541990000000112,8.851815000000016,-216.88328800000056,0.0
1,36,-1.0479129999999373,15.77311600000007,-459.13716100000255,0.0
1,37,-0.9418640000000096,30.84474999999999,-1001.8220339999996,0.0
2,0,-1.0413282499999994,0.6032329999999959,45.281425,0.019367500000001314
2,1,-1.0421067500000003,0.6063469999999995,45.281425,0.019241500000003242
2,2,-1.043007750000001,0.6635850000000048,45.22418699999999,0.019174499999998318
2,3,-1.0439672499999997,0.7043569999999946,45.142643000000014,0.019049500000004826
2,4,-1.0450287500000002,0.7606470000000058,44.97377299999998,0.018932499999998242
2,5,-1.0460347500000005,0.7670819999999949,44.948033000000024,0.01881649999999979
2,6,-1.0470915000000005,0.7907640000000029,44.829622999999984,0.018698000000000548
2,7,-1.0481805000000008,0.8285219999999995,44.587301000000004,0.018571999999998923
2,8,-1.0492972500000004,0.8351250000000014,44.53894399999999,0.018451500000001175
2,9,-1.0492972500000004,0.8351250000000014,44.53894399999999,0.02655750000000623
2,10,-1.0514887500000007,0.8395080000000021,44.50387999999998,0.018161499999997943
2,11,-1.0526982499999988,0.8751759999999962,44.14720000000004,0.018062499999999204
2,12,-1.0538922500000005,0.8972900000000053,43.898611999999936,0.017917500000002917
2,13,-1.0551002499999989,0.9041939999999968,43.81369200000004,0.017778499999998587
2,14,-1.0563199999999995,0.9090729999999994,43.750265000000006,0.017639000000002625
2,15,-1.0575677499999987,0.9212920000000011,43.57919899999998,0.01750149999999806
2,16,-1.0575677499999987,0.9281922222222221,43.47569566666667,0.047302277777777846
2,17,-1.0575677499999987,0.9281922222222221,43.47569566666667,0.04585605555555716
2,18,-1.0575677499999987,0.9281922222222221,43.47569566666667,0.04092383333333416
2,19,-1.0575677499999987,0.9281922222222221,43.47569566666667,0.041884611111111525
2,20,-1.0688637500000002,0.9332126666666672,43.40038899999999,0.04184316666666987
2,21,-1.0688637500000002,0.9332126666666672,43.40038899999999,0.03787149999999784
2,22,-1.0688637500000002,0.9332126666666672,43.40038899999999,0.03507883333332629
2,23,-1.0688637500000002,0.9332126666666672,43.40038899999999,0.03143916666666158
2,24,-1.0688637500000002,0.9332126666666672,43.40038899999999,0.016248499999999666
2,25,-1.0700990000000008,0.9415970000000016,43.199164999999965,0.016037000000000745
2,26,-1.071342249999999,0.9835119999999975,42.12134500000006,0.015777499999995115
2,27,-1.0724927499999986,0.9881139999999959,42.0016930000001,0.015445500000005552
2,28,-1.073702666666667,1.0078890000000058,41.467767999999836,0.015103333333338131
2,29,-1.0749460000000017,1.0954360000000065,39.016451999999816,0.014722000000001234
2,30,-1.0760753333333355,1.2490769999999998,34.56086300000001,0.013920666666663806
2,31,-1.0768586666666664,1.556281999999996,25.344713000000127,0.012085333333331505
2,32,-1.0764516666666661,2.1379699999999957,7.311164000000133,0.007723333333335969
2,33,-1.0738105000000029,3.2010694999999876,-26.715943499999593,0.0
2,34,-1.0710715000000022,5.198295000000002,-92.62986300000006,0.0
2,35,-1.010002,8.856048999999999,-217.11563799999996,0.0
2,36,-0.8586049999999972,15.879165,-463.227492,0.0
3,0,-1.0413282499999994,0.6032329999999959,45.281425,0.0038607500000011896
3,1,-1.0421067500000003,0.6063469999999995,45.281425,0.0037422500000037218
3,2,-1.043007750000001,0.6635850000000048,45.22418699999999,0.0036152500000028454
3,3,-1.0439672499999997,0.7043569999999946,45.142643000000014,0.0035607500000001124
3,4,-1.0450287500000002,0.7606470000000058,44.97377299999998,0.003483249999995053
3,5,-1.0460347500000005,0.7670819999999949,44.948033000000024,0.0033732500000063226
3,6,-1.0470915000000005,0.7907640000000029,44.829622999999984,0.0032394999999993956
3,7,-1.0481805000000008,0.8127479999999991,44.697719000000006,0.003123500000000945
3,8,-1.0492972500000004,0.8329889999999978,44.556032000000016,0.003024750000003351
3,9,-1.0492972500000004,0.8351250000000014,44.53894399999999,0.010009749999996487
3,10,-1.0514887500000007,0.8395080000000021,44.50387999999998,0.002737249999999136
3,11,-1.0526982499999988,0.8751759999999962,44.14720000000004,0.002668749999997999
3,12,-1.0538922500000005,0.8919560000000004,43.962619999999994,0.002511750000000035
3,13,-1.0551002499999989,0.9021219999999985,43.84062800000002,0.0023797499999993477
3,14,-1.0563199999999995,0.9090729999999994,43.750265000000006,0.0022540000000006444
3,15,-1.0575677499999987,0.9212920000000011,43.57919899999998,0.002148249999995855
3,16,-1.0575677499999987,0.9281922222222221,43.47569566666667,0.030636027777779518
3,17,-1.0575677499999987,0.9281922222222221,43.47569566666667,0.028007805555551712
3,18,-1.0575677499999987,0.9281922222222221,43.47569566666667,0.021816583333331252
3,19,-1.0575677499999987,0.9281922222222221,43.47569566666667,0.02156836111111282
3,20,-1.0575677499999987,0.9281922222222221,43.47569566666667,0.022762138888884564
3,21,-1.0575677499999987,0.9281922222222221,43.47569566666667,0.0225899166666661
3,22,-1.0688637500000002,0.9332126666666672,43.40038899999999,0.0223225833333327
3,23,-1.0688637500000002,0.9332126666666672,43.40038899999999,0.017477916666662097
3,24,-1.0688637500000002,0.9332126666666672,43.40038899999999,0.0010132499999979672
3,25,-1.0700990000000008,0.9415970000000016,43.199164999999965,0.0008129999999990645
3,26,-1.071342249999999,0.9535669999999925,42.89991500000019,0.0006177499999981961
3,27,-1.0724927499999986,0.9881139999999959,42.0016930000001,0.0002082499999964682
3,28,-1.0732339999999994,1.0064830000000016,41.50572999999995,0.0
3,29,-1.073702666666667,1.091706000000002,39.12089199999994,0.0
3,30,-1.0749460000000017,1.2456889999999987,34.65911500000004,0.0
3,31,-1.0760753333333355,1.5539320000000032,25.41521299999991,0.0
3,32,-1.0764516666666661,2.1379699999999957,7.311164000000133,0.0
3,33,-1.041366999999994,3.2081380000000053,-27.03946600000019,0.0
3,34,-0.9760440000000017,5.255034999999992,-94.78303599999974,0.0
3,35,-0.8074649999999934,9.007446000000002,-222.87074700000005,0.0
4,0,-1.0413282499999994,0.6032329999999959,45.281425,0.0
4,1,-1.0421067500000003,0.6063469999999995,45.281425,0.0
4,2,-1.0421067500000003,0.6599810000000019,45.227790999999996,0.0
4,3,-1.043007750000001,0.7005189999999999,45.150319,0.0
4,4,-1.0439672499999997,0.7564010000000039,44.986510999999986,0.0
4,5,-1.0450287500000002,0.7630579999999938,44.96412900000003,0.0
4,6,-1.0460347500000005,0.7865370000000027,44.850757999999985,0.0
4,7,-1.0470915000000005,0.8083919999999978,44.723855000000015,0.0
4,8,-1.0481805000000008,0.8285219999999995,44.587301000000004,0.0
4,9,-1.0492972500000004,0.8351250000000014,44.53894399999999,0.005989000000006683
4,10,-1.0492972500000004,0.8351250000000014,44.53894399999999,0.0
4,11,-1.0514887500000007,0.8703380000000038,44.195579999999964,0.0
4,12,-1.0526982499999988,0.8871799999999936,44.01515600000007,0.0
4,13,-1.0538922500000005,0.8972900000000053,43.898611999999936,0.0
4,14,-1.0551002499999989,0.9041939999999968,43.81369200000004,0.0
4,15,-1.0563199999999995,0.9163010000000043,43.64907299999994,0.0
4,16,-1.0575677499999987,0.9281922222222221,43.47569566666667,0.02727477777777665
4,17,-1.0575677499999987,0.9281922222222221,43.47569566666667,0.023544555555552904
4,18,-1.0575677499999987,0.9281922222222221,43.47569566666667,0.016285333333328822
4,19,-1.0575677499999987,0.9281922222222221,43.47569566666667,0.014896111111106336
4,20,-1.0575677499999987,0.9281922222222221,43.47569566666667,0.014979888888888127
4,21,-1.0575677499999987,0.9281922222222221,43.47569566666667,0.013671666666667193
4,22,-1.0575677499999987,0.9281922222222221,43.47569566666667,0.0135574444444444
4,23,-1.0575677499999987,0.9281922222222221,43.47569566666667,0.012637222222217304
4,24,-1.0575677499999987,0.9281922222222221,43.47569566666667,0.0
4,25,-1.0688637500000002,0.9366559999999993,43.31774900000002,0.0
4,26,-1.0700990000000008,0.9485939999999999,43.024240000000006,0.0
4,27,-1.071342249999999,0.9835119999999975,42.12134500000006,0.0
4,28,-1.0544280000000015,1.0042769999999948,41.49227400000015,0.0
4,29,-1.0729379999999935,1.092002000000008,39.11001399999975,0.0
4,30,-1.051445000000001,1.247924999999995,34.502275000000154,0.0
4,31,-1.0635599999999954,1.561074000000005,25.156264999999834,0.0
4,32,-1.041366999999994,2.160162999999997,6.49573400000007,0.0
4,33,-0.9760440000000017,3.2734609999999975,-29.39109399999991,0.0
4,34,-0.8074649999999934,5.423614000000001,-101.02045900000005,0.0
5,0,-1.0325630000000032,0.6027109999999993,45.246364000000014,0.0
5,1,-1.0330849999999998,0.6032329999999959,45.248452,0.0
5,2,-1.0338709999999978,0.6599810000000019,45.194847999999986,0.0
5,3,-1.034487999999996,0.7005189999999999,45.11623999999998,0.0
5,4,-1.0354340000000022,0.7564010000000039,44.952377999999996,0.0
5,5,-1.036170999999996,0.7630579999999938,44.92869800000001,0.0
5,6,-1.0369749999999982,0.7865370000000027,44.814518999999976,0.0
5,7,-1.0378109999999978,0.8083919999999978,44.686733000000004,0.0
5,8,-1.0378109999999978,0.8276710000000023,44.55177999999997,0.0
5,9,-1.038661999999995,0.8343139999999991,44.502890999999984,0.005933999999996331
5,10,-1.0402839999999998,0.8351250000000014,44.502890999999984,0.0
5,11,-1.0402839999999998,0.8693779999999975,44.16036100000002,0.0
5,12,-1.041244000000006,0.8862570000000005,43.97949200000002,0.0
5,13,-1.0421669999999992,0.8963620000000034,43.86284699999995,0.0
5,14,-1.0440260000000023,0.9041939999999968,43.76939500000005,0.0
5,15,-1.0440260000000023,0.9154360000000068,43.61200699999991,0.0
5,16,-1.0448909999999998,0.9272218888888888,43.43954366666667,0.027063111111104377
5,17,-1.0448909999999998,0.9272218888888888,43.43954366666667,0.023447222222216624
5,18,-1.0448909999999998,0.9272218888888888,43.43954366666667,0.016212333333328388
5,19,-1.0372079999999997,0.9272218888888888,43.40112866666667,0.014840444444438106
5,20,-1.0448909999999998,0.9272218888888888,43.43954366666667,0.01495655555554265
5,21,-1.0448909999999998,0.9272218888888888,43.43954366666667,0.013656666666662431
5,22,-1.0448909999999998,0.9272218888888888,43.43954366666667,0.013547777777773717
5,23,-1.0448909999999998,0.9272218888888888,43.43954366666667,0.012640888888881818
5,24,-1.0536239999999992,0.9281922222222221,43.45992066666667,0.0
5,25,-1.0536239999999992,0.935806999999997,43.27716600000007,0.0
5,26,-1.0544730000000015,0.9479899999999972,42.97683600000008,0.0
5,27,-1.0550770000000043,0.9834020000000052,42.05914399999988,0.0
5,28,-1.0362810000000025,1.0042769999999948,41.401539000000156,0.0
5,29,-1.051445000000001,1.0949850000000083,38.93753499999977,0.0
5,30,-1.0427779999999984,1.2565919999999977,34.207597000000064,0.0
5,31,-1.0176700000000096,1.5861819999999938,24.194357000000238,0.0
5,32,-0.9465399999999988,2.231293000000008,3.840265999999744,0.0
5,33,-0.7688220000000001,3.451178999999996,-36.084675999999874,0.0
6,0,-1.0205300000000008,0.6024280000000033,45.186199,0.0
6,1,-1.0208129999999969,0.6027109999999993,45.18761399999998,0.0
6,2,-1.0214500000000015,0.659195000000004,45.134315,0.0
6,3,-1.0220910000000032,0.6999020000000016,45.056106000000014,0.0
6,4,-1.0228770000000011,0.7554549999999978,44.893377000000015,0.0
6,5,-1.023299999999999,0.762321,44.868027999999995,0.0
6,6,-1.02393,0.7857330000000005,44.754118,0.0
6,7,-1.02393,0.8068919999999977,44.627164000000015,0.0
6,8,-1.0245940000000004,0.8269269999999977,44.49090300000002,0.0
6,9,-1.025338000000005,0.8337670000000017,44.44064700000001,0.0057910000000021
6,10,-1.0264319999999998,0.8343139999999991,44.44174100000001,0.0
6,11,-1.027317999999994,0.8693779999999975,44.095530999999994,0.0
6,12,-1.027317999999994,0.8855179999999976,43.917990999999994,0.0
6,13,-1.028056999999997,0.8956289999999996,43.80109299999999,0.0
6,14,-1.0287900000000008,0.9025729999999967,43.71521900000005,0.0
6,15,-1.0294799999999995,0.9146540000000059,43.55022499999991,0.0
6,16,-1.0302620000000005,0.9264501111111111,43.37797533333334,0.0267468888888871
6,17,-1.0302620000000005,0.9264501111111111,43.37797533333334,0.023392777777772267
6,18,-1.0302620000000005,0.9264501111111111,43.37797533333334,0.016147666666661564
6,19,-1.0302620000000005,0.9264501111111111,43.37797533333334,0.014772555555552458
6,20,-1.0302620000000005,0.9264501111111111,43.37797533333334,0.014886444444442759
6,21,-1.0302620000000005,0.9264501111111111,43.37797533333334,0.013633333333331166
6,22,-1.0302620000000005,0.9264501111111111,43.37797533333334,0.013582222222218832
6,23,-1.0302620000000005,0.9264501111111111,43.37797533333334,0.0127381111111049
6,24,-1.0302620000000005,0.9264501111111111,43.37797533333334,0.0
6,25,-1.0372079999999997,0.9354439999999968,43.20379800000008,0.0
6,26,-1.0375370000000004,0.9480239999999966,42.891272000000086,0.0
6,27,-1.0362810000000025,0.9846580000000031,41.93125199999993,0.0
6,28,-1.015625,1.0077210000000036,41.1846149999999,0.0
6,29,-1.0056000000000012,1.1045299999999898,38.413813000000296,0.0
6,30,-0.9778329999999897,1.283440000000013,33.058820999999554,0.0
6,31,-0.9017570000000035,1.660552999999993,21.288975000000235,0.0
6,32,-0.7387930000000011,2.4145730000000043,-3.063429000000127,0.0
7,0,-1.0093499999999977,0.6024019999999979,45.11911899999998,0.0
7,1,-1.0093760000000032,0.6024280000000033,45.119275000000016,0.0
7,2,-1.009998000000003,0.6585579999999993,45.06687700000002,0.0
7,3,-1.0104410000000001,0.6992609999999999,44.988129,0.0
7,4,-1.0112499999999969,0.7546689999999998,44.82675899999998,0.0
7,5,-1.0114670000000032,0.7618980000000022,44.79914500000001,0.0
7,6,-1.0119359999999986,0.7851029999999994,44.685933999999996,0.0
7,7,-1.0124199999999988,0.8068919999999977,44.55810400000001,0.0
7,8,-1.0124199999999988,0.826473,44.42103699999999,0.0
7,9,-1.0128739999999965,0.8334730000000015,44.368214999999964,0.005591999999992936
7,10,-1.013461999999997,0.8337670000000017,44.369390999999965,0.0
7,11,-1.013461999999997,0.867687999999994,44.03018100000004,0.0
7,12,-1.0142660000000063,0.8850210000000018,43.84514600000002,0.0
7,13,-1.014763000000002,0.8950990000000019,43.72768899999999,0.0
7,14,-1.0152929999999998,0.9019860000000008,43.64186799999999,0.0
7,15,-1.0158799999999957,0.9140769999999989,43.476702999999986,0.0
7,16,-1.0164570000000026,0.9259245555555553,43.30302866666669,0.026258444444437146
7,17,-1.0164570000000026,0.9259245555555553,43.30302866666669,0.02319688888888294
7,18,-1.0164570000000026,0.9259245555555553,43.30302866666669,0.015943333333332532
7,19,-1.0067639999999969,0.9259245555555553,43.23517766666665,0.014548777777775967
7,20,-1.0164570000000026,0.9259245555555553,43.30302866666669,0.014664222222222634
7,21,-1.0164570000000026,0.9259245555555553,43.30302866666669,0.013388666666671156
7,22,-1.0164570000000026,0.9259245555555553,43.30302866666669,0.013378111111109092
7,23,-1.0067639999999969,0.9259245555555553,43.23517766666665,0.012613555555553546
7,24,-1.0067639999999969,0.9259245555555553,43.23517766666665,0.0
7,25,-1.0210000000000008,0.9356310000000008,43.101874999999986,0.0
7,26,-1.019679999999994,0.9493440000000035,42.74980999999987,0.0
7,27,-1.015625,0.9887129999999971,41.69783100000008,0.0
7,28,-0.9905550000000005,1.0177460000000025,40.738449999999936,0.0
7,29,-0.9623610000000014,1.1322970000000012,37.33366399999998,0.0
7,30,-0.9017570000000035,1.3595159999999993,30.32008500000005,0.0
7,31,-0.6974790000000013,1.8469549999999941,14.266969000000188,0.0
8,0,-0.9996909999999986,0.6024019999999979,45.05150599999999,0.0
8,1,-0.999485,0.6026079999999965,45.049858,0.0
8,2,-1.0000269999999958,0.6579359999999994,44.99832399999997,0.0
8,3,-1.0003170000000026,0.6988180000000028,44.91859000000001,0.0
8,4,-1.0011100000000042,0.7538600000000031,44.75901500000002,0.0
8,5,-1.0012019999999993,0.7616809999999958,44.728375000000014,0.0
8,6,-1.0015260000000055,0.784634000000004,44.615878000000016,0.0
8,7,-1.0015260000000055,0.8060950000000062,44.487112,0.0
8,8,-1.0021440000000013,0.826473,44.34910500000001,0.0
8,9,-1.0021440000000013,0.8334215,44.29351700000001,0.00531649999999928
8,10,-1.002247000000004,0.8334730000000015,44.29382600000002,0.0
8,11,-1.0029229999999956,0.867687999999994,43.95640800000003,0.0
8,12,-1.0029229999999956,0.8846969999999956,43.769309000000014,0.0
8,13,-1.0032470000000018,0.8947450000000003,43.65132500000001,0.0
8,14,-1.0039560000000023,0.9019860000000008,43.562509000000006,0.0
8,15,-1.0039560000000023,0.9136579999999981,43.399101000000044,0.0
8,16,-1.0043750000000031,0.9256591111111115,43.22243633333335,0.02558488888889343
8,17,-1.0043750000000031,0.9256591111111115,43.22243633333335,0.022758777777781347
8,18,-1.0043750000000031,0.9256591111111115,43.22243633333335,0.01537666666666837
8,19,-1.0043750000000031,0.9256591111111115,43.22243633333335,0.013923555555557243
8,20,-1.0043750000000031,0.9256591111111115,43.22243633333335,0.013935444444442169
8,21,-1.0043750000000031,0.9256591111111115,43.22243633333335,0.01260433333333566
8,22,-1.0043750000000031,0.9256591111111115,43.22243633333335,0.012657222222223652
8,23,-0.9949949999999959,0.9256591111111115,43.14739633333329,0.012120111111116216
8,24,-1.0067639999999969,0.9259245555555553,43.23517766666665,0.0
8,25,-1.005268000000001,0.9371269999999967,42.95435100000009,0.0
8,26,-1.0012240000000006,0.9533880000000039,42.515473999999905,0.0
8,27,-0.9905550000000005,0.9993819999999971,41.23427800000008,0.0
8,28,-0.9508329999999958,1.0459400000000016,39.65943599999992,0.0
8,29,-0.8734740000000016,1.209151999999996,34.470628000000126,0.0
8,30,-0.6849549999999951,1.5475430000000046,23.149136999999826,0.0
9,0,-0.992404999999998,0.6026079999999965,44.993217999999985,0.0
9,1,-0.9920009999999948,0.6030119999999997,44.989581999999956,0.0
9,2,-0.9924510000000026,0.6573940000000036,44.938800000000015,0.0
9,3,-0.9926679999999948,0.698527999999996,44.85826799999997,0.0
9,4,-0.9933619999999976,0.7530670000000015,44.70020299999997,0.0
9,5,-0.9932590000000019,0.7616919999999965,44.66477600000003,0.0
9,6,-0.9934239999999974,0.7843099999999978,44.55300599999999,0.0
9,7,-0.993618000000005,0.8060950000000062,44.423848,0.0
9,8,-0.9938159999999954,0.8261679999999956,44.284921,0.0
9,9,-0.9880830000000032,0.8335359999999987,44.17438000000004,0.004987999999997328
9,10,-0.993586999999998,0.8335359999999987,44.223915999999996,0.0
9,11,-0.993586999999998,0.866455000000002,43.89472599999996,0.0
9,12,-0.9941439999999986,0.8845059999999947,43.70117800000005,0.0
9,13,-0.9943349999999995,0.8945390000000017,43.58250099999997,0.0
9,14,-0.9945409999999981,0.9014170000000021,43.494940999999955,0.0
9,15,-0.9947549999999978,0.9134180000000001,43.32885299999998,0.0
9,16,-0.9943160000000049,0.9257345555555551,43.14015366666672,0.02457144444444026
9,17,-0.9943160000000049,0.9257345555555551,43.14015366666672,0.02189388888888999
9,18,-0.9884070000000023,0.9257345555555551,43.086972666666696,0.014132333333336078
9,19,-0.9943160000000049,0.9257345555555551,43.14015366666672,0.012416777777772836
9,20,-0.9943160000000049,0.9257345555555551,43.14015366666672,0.012188222222228262
9,21,-0.9943160000000049,0.9257345555555551,43.14015366666672,0.010720666666671264
9,22,-0.9943160000000049,0.9257345555555551,43.14015366666672,0.010783111111109633
9,23,-0.9943160000000049,0.9257345555555551,43.14015366666672,0.010775555555561311
9,24,-0.9943160000000049,0.9257345555555551,43.14015366666672,0.0
9,25,-0.9901359999999997,0.9413070000000019,42.72879499999995,0.0
9,26,-0.9795610000000039,0.9639629999999997,42.06722000000004,0.0
9,27,-0.9431949999999958,1.0281100000000052,40.072103999999825,0.0
9,28,-0.8655240000000006,1.1232989999999958,36.80296200000012,0.0
9,29,-0.6767579999999995,1.3976710000000026,27.421651999999924,0.0
10,0,-0.9873010000000022,0.6030119999999997,44.94728200000002,0.0
10,1,-0.9866790000000023,0.6036339999999996,44.941062000000024,0.0
10,2,-0.9870869999999954,0.6569439999999958,44.891423999999965,0.0
10,3,-0.9872130000000041,0.6983110000000039,44.80982400000003,0.0
10,4,-0.9880599999999973,0.7523729999999986,44.65526099999998,0.0
10,5,-0.9878309999999999,0.7619209999999939,44.61477900000003,0.0
10,6,-0.9878959999999992,0.7841450000000023,44.50424399999998,0.0
10,7,-0.9879880000000014,0.8059009999999986,44.37453600000002,0.0
10,8,-0.9880830000000032,0.8259700000000052,44.23490799999999,0.0
10,9,-0.9875260000000026,0.833814499999999,44.166582000000034,0.0045645000000007485
10,10,-0.9875260000000026,0.833814499999999,44.166582000000034,0.0
10,11,-0.9880180000000038,0.866455000000002,43.844605000000016,0.0
10,12,-0.9880479999999991,0.8845059999999947,43.646314000000054,0.0
10,13,-0.988154999999999,0.8945390000000017,43.52688099999997,0.0
10,14,-0.988154999999999,0.9013249999999999,43.43866299999999,0.0
10,15,-0.9882470000000012,0.913257999999999,43.272521000000026,0.0
10,16,-0.984378999999997,0.9261821111111112,43.0399793333333,0.0230628888888873
10,17,-0.984378999999997,0.9261821111111112,43.0399793333333,0.02034677777778171
10,18,-0.984378999999997,0.9261821111111112,43.0399793333333,0.011988666666667314
10,19,-0.984378999999997,0.9261821111111112,43.0399793333333,0.00977155555555953
10,20,-0.9823639999999969,0.926629888888889,43.011097666666636,0.008887555555553206
10,21,-0.9823639999999969,0.926629888888889,43.011097666666636,0.006741666666663093
10,22,-0.9823639999999969,0.926629888888889,43.011097666666636,0.00661077777777308
10,23,-0.9823639999999969,0.926629888888889,43.011097666666636,0.007481888888882793
10,24,-0.9823639999999969,0.926629888888889,43.011097666666636,0.0
10,25,-0.9717020000000005,0.9519689999999983,42.296339000000046,0.0
10,26,-0.9431949999999958,0.9924700000000044,40.998743999999846,0.0
10,27,-0.8610579999999999,1.1057810000000003,37.23128799999999,0.0
10,28,-0.6722030000000032,1.312064999999997,29.773070000000118,0.0
11,0,-0.9843180000000018,0.6036339999999996,44.91745200000002,0.0
11,1,-0.9836039999999997,0.6043480000000017,44.909597999999995,0.0
11,2,-0.9839210000000023,0.6565360000000027,44.86058000000002,0.0
11,3,-0.984023999999998,0.6981849999999952,44.77831199999999,0.0
11,4,-0.9847870000000043,0.7515260000000055,44.625919000000025,0.0
11,5,-0.9845579999999998,0.7621499999999983,44.580904000000004,0.0
11,6,-0.984499999999997,0.7841380000000058,44.470325999999936,0.0
11,7,-0.9845269999999999,0.8058089999999964,44.34057000000002,0.0
11,8,-0.9845269999999999,0.8258250000000018,44.20045799999998,0.0
11,9,-0.983863999999997,0.8341710000000013,44.126396999999955,0.004108000000002221
11,10,-0.983863999999997,0.8341710000000013,44.126396999999955,0.0
11,11,-0.9842829999999978,0.8659630000000007,43.81266699999997,0.0
11,12,-0.9842299999999966,0.8845290000000006,43.60785799999996,0.0
11,13,-0.9842299999999966,0.8944130000000001,43.48924999999996,0.0
11,14,-0.9842489999999984,0.9012710000000013,43.40030499999997,0.0
11,15,-0.984378999999997,0.913257999999999,43.233840999999984,0.0
11,16,-0.9819409999999991,0.9266768888888888,43.005739666666656,0.021580111111113354
11,17,-0.9819409999999991,0.9266768888888888,43.005739666666656,0.018777222222226442
11,18,-0.9819409999999991,0.9266768888888888,43.005739666666656,0.009874333333335983
11,19,-0.9819409999999991,0.9266768888888888,43.005739666666656,0.0071894444444495775
11,20,-0.9803320000000042,0.9270344444444432,42.981068333333404,0.006172777777784688
11,21,-0.9803320000000042,0.9270344444444432,42.981068333333404,0.004362333333340018
11,22,-0.976703999999998,0.9284657777777786,42.910436333333294,0.004918555555555315
11,23,-0.9707182500000009,0.9327919999999992,42.74674950000003,0.006529250000006925
11,24,-0.9669960000000017,0.9365142499999983,42.62019300000006,0.0
11,25,-0.9384579999999971,0.9805070000000029,41.2504489999999,0.0
11,26,-0.8610579999999999,1.0698700000000017,38.16497399999996,0.0
11,27,-0.6700170000000014,1.294635999999997,30.219607000000096,0.0
12,0,-0.9825930000000014,0.6043480000000017,44.898477000000014,0.0
12,1,-0.9817590000000038,0.6051819999999992,44.88846900000004,0.0
12,2,-0.9819639999999978,0.6562190000000001,44.83968699999998,0.0
12,3,-0.9820629999999966,0.6980819999999994,44.757049999999964,0.0
12,4,-0.9829030000000003,0.7507629999999992,44.608247000000006,0.0
12,5,-0.9826399999999964,0.7624130000000022,44.55849099999995,0.0
12,6,-0.9825860000000048,0.7841919999999973,44.44894800000007,0.0
12,7,-0.9825859999999977,0.8057819999999936,44.31940800000002,0.0
12,8,-0.9826130000000006,0.8258250000000018,44.17940399999999,0.0
12,9,-0.9817689999999999,0.8345930000000017,44.09913199999998,0.003568000000001348
12,10,-0.9817689999999999,0.8345930000000017,44.09913199999998,0.0
12,11,-0.9820830000000029,0.8655439999999999,43.793076000000035,0.0
12,12,-0.9819260000000014,0.8846860000000021,43.58062999999999,0.0
12,13,-0.9819110000000038,0.8944279999999978,43.46354600000007,0.0
12,14,-0.9818720000000027,0.9013100000000023,43.373612,0.0
12,15,-0.9818720000000027,0.9131130000000027,43.208369999999995,0.0
12,16,-0.9803320000000042,0.9270344444444432,42.981068333333404,0.020196555555550333
12,17,-0.9803320000000042,0.9270344444444432,42.981068333333404,0.017421111111111998
12,18,-0.9787019999999984,0.9275777777777784,42.9517283333333,0.008130666666673392
12,19,-0.9787019999999984,0.9275777777777784,42.9517283333333,0.0049148888888908004
12,20,-0.976703999999998,0.9284657777777786,42.910436333333294,0.0034981111111136443
12,21,-0.9748124545454558,0.9295166363636354,42.86630027272731,0.0014768181818212156
12,22,-0.9707182500000009,0.9327919999999992,42.74674950000003,0.0029775000000000773
12,23,-0.958378999999999,0.9433819999999997,42.36057999999999,0.0072340000000039595
12,24,-0.9357940000000013,0.9659669999999974,41.57010500000008,0.0
12,25,-0.8584740000000011,1.0578270000000032,38.43762499999993,0.0
12,26,-0.6700170000000014,1.2583270000000013,31.163640999999984,0.0
13,0,-0.9813769999999948,0.6051819999999992,44.883884999999935,0.0
13,1,-0.9805449999999993,0.6060139999999947,44.873068999999994,0.0
13,2,-0.9807240000000021,0.6560140000000061,44.825217000000016,0.0
13,3,-0.9808390000000031,0.6979830000000007,44.74265900000004,0.0
13,4,-0.9808390000000031,0.7491229999999973,44.58923900000005,0.0
13,5,-0.9814070000000044,0.7626449999999991,44.54253500000006,0.0
13,6,-0.9812930000000009,0.7843060000000008,44.432748000000004,0.0
13,7,-0.9812469999999962,0.8058280000000053,44.303017999999916,0.0
13,8,-0.9811709999999962,0.8258739999999989,44.16170799999996,0.0
13,9,-0.9797670000000025,0.8350049999999989,44.07040800000004,0.0029889999999994643
13,10,-0.9803470000000019,0.8350049999999989,44.077948000000035,0.0
13,11,-0.9803470000000019,0.8650209999999987,43.77778800000004,0.0
13,12,-0.9803929999999994,0.8848490000000027,43.56027799999996,0.0
13,13,-0.9803539999999984,0.8944669999999988,43.444354999999995,0.0
13,14,-0.9803240000000031,0.9013399999999976,43.35461600000007,0.0
13,15,-0.9803240000000031,0.9131050000000016,43.189906000000015,0.0
13,16,-0.9787019999999984,0.9275777777777784,42.9517283333333,0.018665222222224997
13,17,-0.9787019999999984,0.9275777777777784,42.9517283333333,0.01582344444444317
13,18,-0.976703999999998,0.9284657777777786,42.910436333333294,0.005521666666666647
13,19,-0.9748124545454558,0.9295166363636354,42.86630027272731,0.0017645454545416328
13,20,-0.9748124545454558,0.9295166363636354,42.86630027272731,0.0006809090909101201
13,21,-0.9707182500000009,0.9327919999999992,42.74674950000003,0.0001427500000019677
13,22,-0.958378999999999,0.9433819999999997,42.36057999999999,0.0034890000000018517
13,23,-0.9292566666666673,0.971038666666665,41.36993700000004,0.0071063333333327705
13,24,-0.8568689999999961,1.0434263333333362,38.76398099999988,0.0
13,25,-0.668091000000004,1.2458719999999985,31.451171000000087,0.0
14,0,-0.9802430000000015,0.6060139999999947,44.86914300000002,0.0
14,1,-0.9793639999999968,0.6068929999999995,44.856836999999956,0.0
14,2,-0.9794389999999993,0.6558350000000033,44.808869999999985,0.0
14,3,-0.9795680000000004,0.6978679999999997,44.72648100000001,0.0
14,4,-0.9803429999999977,0.7491229999999973,44.58279099999998,0.0
14,5,-0.9801789999999997,0.7628089999999972,44.52575100000001,0.0
14,6,-0.9798809999999989,0.7846040000000016,44.41260399999997,0.0
14,7,-0.9798200000000037,0.8058890000000005,44.28404000000005,0.0
14,8,-0.9797670000000025,0.8259270000000001,44.143032000000034,0.0
14,9,-0.9789620000000028,0.8354074999999987,44.05591800000005,0.00241450000000043
14,10,-0.9789620000000028,0.8354074999999987,44.05591800000005,0.0
14,11,-0.9790610000000015,0.8650209999999987,43.76107000000003,0.0
14,12,-0.9788849999999982,0.885025000000006,43.53856199999991,0.0
14,13,-0.9788250000000005,0.8945269999999965,43.42369800000005,0.0
14,14,-0.978743999999999,0.9014209999999991,43.332941999999996,0.0
14,15,-0.9787019999999984,0.9131470000000022,43.168189999999946,0.0
14,16,-0.976703999999998,0.9284657777777786,42.910436333333294,0.016865222222222087
14,17,-0.9748124545454558,0.9295166363636354,42.86630027272731,0.013475272727276888
14,18,-0.9748124545454558,0.9295166363636354,42.86630027272731,0.0025406363636335527
14,19,-0.9748124545454558,0.9295166363636354,42.86630027272731,0.0
14,20,-0.9705889999999968,0.9327919999999992,42.74493999999997,0.0
14,21,-0.958378999999999,0.9433819999999997,42.36057999999999,0.0002780000000015548
14,22,-0.9292566666666673,0.971038666666665,41.36993700000004,0.0031426666666689584
14,23,-0.852254666666667,1.0467879999999994,38.62331466666669,0.006464666666666119
14,24,-0.668091000000004,1.2309516666666624,31.809259000000154,0.0
15,0,-0.9785910000000015,0.6068929999999995,44.84601500000002,0.0
15,1,-0.9777260000000005,0.6077579999999969,44.83304000000001,0.0
15,2,-0.9776610000000012,0.6558250000000001,44.78399800000002,0.0
15,3,-0.9778489999999991,0.6977389999999986,44.70280199999999,0.0
15,4,-0.9785650000000032,0.748348,44.560999000000045,0.0
15,5,-0.9784119999999987,0.7629620000000017,44.50024799999997,0.0
15,6,-0.9780659999999983,0.784950000000002,44.38511799999996,0.0
15,7,-0.9779890000000009,0.805965999999998,44.257867000000026,0.0
15,8,-0.9779429999999962,0.8259730000000047,44.11712799999991,0.0
15,9,-0.9753260000000026,0.8357889999999983,43.999345000000055,0.001776999999997031
15,10,-0.977179999999997,0.8357889999999983,44.02715499999997,0.0
15,11,-0.9771919999999952,0.864922,43.73599299999993,0.0
15,12,-0.9770129999999995,0.8852040000000017,43.510205999999975,0.0
15,13,-0.9769099999999966,0.8946299999999994,43.39554899999996,0.0
15,14,-0.9767989999999998,0.901531999999996,43.30415800000005,0.0
15,15,-0.976703999999998,0.9132420000000039,43.138792999999914,0.0
15,16,-0.9738159999999993,0.9297657499999996,42.84761675,0.014928249999996979
15,17,-0.9738159999999993,0.9297657499999996,42.84761675,0.011257499999992149
15,18,-0.9705889999999968,0.9313792500000009,42.77178224999994,0.00015024999999724287
15,19,-0.9705889999999968,0.9313792500000009,42.77178224999994,0.0
15,20,-0.958378999999999,0.9433819999999997,42.36057999999999,0.0
15,21,-0.9292566666666673,0.971038666666665,41.36993700000004,0.0
15,22,-0.852254666666667,1.0467879999999994,38.62331466666669,0.0025223333333315168
15,23,-0.6647880000000015,1.233153666666664,31.71016900000008,0.0056646666666679835
16,0,-0.9762029999999982,0.6077579999999969,44.81019499999997,0.0
16,1,-0.975397000000001,0.6085639999999941,44.79729900000002,0.0
16,2,-0.9752520000000011,0.6559699999999999,44.74757300000002,0.0
16,3,-0.9754600000000018,0.6975510000000007,44.667531000000025,0.0
16,4,-0.9760629999999964,0.7476319999999959,44.52633299999996,0.0
16,5,-0.9759409999999988,0.7630839999999992,44.462572999999985,0.0
16,6,-0.9754980000000018,0.7853929999999991,44.34394000000003,0.0
16,7,-0.9753989999999959,0.8060650000000038,44.21832399999991,0.0
16,8,-0.9753260000000026,0.8260459999999981,44.07728900000006,0.0
16,9,-0.9746669999999966,0.8361185000000013,43.986164999999936,0.001207499999999584
16,10,-0.9746669999999966,0.8361185000000013,43.986164999999936,0.0
16,11,-0.9745260000000044,0.865050999999994,43.694584000000134,0.0
16,12,-0.9744150000000005,0.8853150000000056,43.46990399999994,0.0
16,13,-0.9742960000000025,0.8947489999999974,43.354792000000074,0.0
16,14,-0.974109999999996,0.9017180000000025,43.261218999999905,0.0
16,15,-0.9738159999999993,0.9135360000000006,43.091062999999984,0.0
16,16,-0.9698220000000006,0.9315709999999999,42.75663400000001,0.012928999999999746
16,17,-0.9698220000000006,0.9315709999999999,42.75663400000001,0.009230000000002292
16,18,-0.9656120000000108,0.9336759999999948,42.65348900000026,0.0
16,19,-0.954501999999998,0.9417000000000044,42.331296999999886,0.0
16,20,-0.9284639999999982,0.9714349999999996,41.34972399999998,0.0
16,21,-0.852254666666667,1.0467879999999994,38.62331466666669,0.0
16,22,-0.6647880000000015,1.233153666666664,31.71016900000008,0.0018123333333370795
17,0,-0.9730170000000022,0.6085639999999941,44.75921900000004,0.0
17,1,-0.9722399999999993,0.6093410000000006,44.746009999999984,0.0
17,2,-0.9720009999999988,0.6562090000000005,44.69507899999998,0.0
17,3,-0.9722669999999987,0.697343,44.61706699999998,0.0
17,4,-0.972761000000002,0.7470290000000013,44.47591300000003,0.0
17,5,-0.9726259999999982,0.763219000000003,44.40885799999995,0.0
17,6,-0.9721380000000011,0.7858809999999963,44.28725200000004,0.0
17,7,-0.9720200000000006,0.8061830000000043,44.16343399999998,0.0
17,8,-0.9719470000000001,0.8261189999999985,44.022641000000014,0.0
17,9,-0.9713250000000002,0.8364295000000013,43.929582999999994,0.0007175000000003706
17,10,-0.9713250000000002,0.8364295000000013,43.929582999999994,0.0
17,11,-0.9711420000000004,0.8652339999999938,43.63842700000007,0.0
17,12,-0.9710390000000046,0.8854180000000014,43.41465200000006,0.0
17,13,-0.9708520000000007,0.8949360000000013,43.297256999999995,0.0
17,14,-0.9705010000000058,0.9020689999999973,43.19856100000013,0.0
17,15,-0.9698220000000006,0.9142150000000058,43.01697399999993,0.0
17,16,-0.9639400000000009,0.9342333333333315,42.616705000000046,0.011170666666664886
17,17,-0.9545019999999979,0.940625666666667,42.350634999999954,0.005776666666662322
17,18,-0.954501999999998,0.9406256666666669,42.35063499999996,0.0
17,19,-0.9267200000000031,0.9694819999999993,41.358927000000065,0.0
17,20,-0.849927000000001,1.0475080000000005,38.570952000000005,0.0
17,21,-0.6647880000000015,1.233153666666664,31.71016900000008,0.0
18,0,-0.9688780000000001,0.6093410000000006,44.688856,0.0
18,1,-0.9681290000000011,0.6100899999999996,44.67537400000002,0.0
18,2,-0.9677860000000003,0.6565520000000014,44.622738,0.0
18,3,-0.9680590000000002,0.6970770000000002,44.54632900000001,0.0
18,4,-0.9684619999999988,0.746534999999998,44.40480599999999,0.0
18,5,-0.9683240000000026,0.7633569999999992,44.33503400000005,0.0
18,6,-0.9677199999999964,0.7864850000000025,44.20852199999992,0.0
18,7,-0.9675820000000002,0.8063210000000005,44.087022000000005,0.0
18,8,-0.9674800000000019,0.8262209999999968,43.94588600000006,0.0
18,9,-0.9668880000000044,0.8367255,43.85119400000008,0.00021149999999892088
18,10,-0.9668880000000044,0.8367255,43.85119400000008,0.0
18,11,-0.9666359999999941,0.8654860000000042,43.55905299999985,0.0
18,12,-0.9666129999999953,0.8854410000000001,43.339133999999916,0.0
18,13,-0.9662480000000002,0.8953009999999963,43.21424400000005,0.0
18,14,-0.965529999999994,0.9027870000000036,43.104001999999845,0.0
18,15,-0.9639400000000009,0.9158049999999989,42.893130000000035,0.0
18,16,-0.9548029999999983,0.9403246666666666,42.36086899999997,0.00836033333332864
18,17,-0.9385640000000066,0.9512509999999944,41.88843300000021,0.004336000000002116
18,18,-0.9229589999999988,0.9694819999999993,41.29498999999999,0.0
18,19,-0.8473970000000008,1.0450439999999972,38.57475800000007,0.0
18,20,-0.6594729999999984,1.2324950000000001,31.630556999999968,0.0
19,0,-0.9636250000000004,0.6100899999999996,44.594302000000006,0.0
19,1,-0.962885,0.61083,44.580242,0.0
19,2,-0.9625079999999997,0.6569290000000017,44.526979999999995,0.0
19,3,-0.962765000000001,0.6968040000000002,44.45185600000002,0.0
19,4,-0.9630650000000003,0.7461319999999994,44.30927200000001,0.0
19,5,-0.9629309999999975,0.7634910000000019,44.237289999999945,0.0
19,6,-0.962251000000002,0.7871649999999981,44.10600000000005,0.0
19,7,-0.9621050000000011,0.8064670000000014,43.987414000000015,0.0
19,8,-0.9619829999999965,0.8263430000000014,43.845963999999924,0.0
19,9,-0.961902000000002,0.8367659999999972,43.76104100000006,0.0
19,10,-0.9614259999999959,0.8372420000000034,43.74771299999989,0.0
19,11,-0.9610559999999992,0.8658560000000008,43.45454299999998,0.0
19,12,-0.9609380000000058,0.8855589999999935,43.235568000000185,0.0
19,13,-0.9602239999999966,0.8960150000000056,43.096529999999866,0.0
19,14,-0.9586150000000018,0.9043959999999984,42.95700600000006,0.0
19,15,-0.9548029999999983,0.9196170000000023,42.671483999999936,0.0
19,16,-0.9385640000000066,0.9512509999999944,41.88843300000021,0.00674200000000269
19,17,-0.9044460000000001,0.9791980000000015,40.78686799999998,0.002639999999992426
19,18,-0.8433339999999987,1.0403100000000027,38.58683599999993,0.0
19,19,-0.6556169999999995,1.2289049999999975,31.625503000000037,0.0
20,0,-0.9571059999999996,0.6108299999999929,44.470440999999994,0.0
20,1,-0.9563399999999973,0.6115959999999987,44.45512099999995,0.0
20,2,-0.9558600000000013,0.6574089999999977,44.39970800000003,0.0
20,3,-0.9560469999999981,0.6965469999999989,44.32498499999997,0.0
20,4,-0.9562449999999991,0.745832,44.180891999999986,0.0
20,5,-0.9561310000000027,0.7871649999999981,43.98972000000006,0.0
20,6,-0.955449999999999,0.7878460000000018,43.97269499999997,0.0
20,7,-0.9552709999999998,0.8066460000000006,43.856314999999995,0.0
20,8,-0.9551350000000021,0.8264789999999991,43.714764000000045,0.0
20,9,-0.9552199999999971,0.8367659999999972,43.63408299999997,0.0
20,10,-0.9545099999999991,0.8379520000000014,43.60920899999997,0.0
20,11,-0.9539830000000009,0.866382999999999,43.31435900000003,0.0
20,12,-0.9535519999999948,0.8859899999999996,43.090061999999904,0.0
20,13,-0.9520219999999995,0.8975450000000009,42.92080199999998,0.0
20,14,-0.9482420000000005,0.9081759999999974,42.706999000000046,0.0
20,15,-0.9385640000000066,0.9292949999999962,42.217773000000186,0.0
20,16,-0.9044460000000001,0.9791980000000015,40.78686799999998,0.004955000000002485
20,17,-0.8228679999999997,1.053954000000002,37.95238999999996,0.0006970000000023902
20,18,-0.6556169999999995,1.2212050000000023,31.76410299999995,0.0
21,0,-0.9490809999999996,0.6115959999999987,44.309940999999995,0.0
21,1,-0.9482520000000001,0.6574089999999977,44.24754800000001,0.0
21,2,-0.9476659999999981,0.6579949999999997,44.23465599999996,0.0
21,3,-0.9477430000000027,0.6963600000000021,44.15946600000005,0.0
21,4,-0.9478609999999996,0.745633999999999,44.014004,0.0
21,5,-0.9476949999999995,0.7637709999999984,43.93796999999999,0.0
21,6,-0.9469969999999996,0.7885440000000017,43.79944699999999,0.0
21,7,-0.9467929999999996,0.8068500000000007,43.68532699999999,0.0
21,8,-0.9466290000000015,0.8266429999999971,43.54333200000005,0.0
21,9,-0.9466590000000004,0.8366810000000022,43.463627999999986,0.0
21,10,-0.945845000000002,0.8387659999999997,43.42776900000005,0.0
21,11,-0.9449889999999996,0.8672390000000014,43.12506299999998,0.0
21,12,-0.9437600000000046,0.8872189999999947,42.87947400000016,0.0
21,13,-0.9400980000000061,0.9012069999999994,42.63471600000013,0.0
21,14,-0.9306139999999985,0.917660000000005,42.2216629999999,0.0
21,15,-0.9044460000000001,0.9554629999999946,41.14289300000008,0.0
21,16,-0.8228679999999997,1.053954000000002,37.95238999999996,0.00288900000000325
21,17,-0.639519,1.231937000000002,31.248966999999965,0.0
22,0,-0.9390509999999992,0.6124250000000018,44.099310999999986,0.0
22,1,-0.9380970000000026,0.6579949999999997,44.03370700000006,0.0
22,2,-0.9374330000000022,0.6586590000000001,44.018435000000046,0.0
22,3,-0.9373999999999967,0.696316000000003,43.94239499999992,0.0
22,4,-0.9374539999999989,0.7455160000000021,43.79592899999997,0.0
22,5,-0.9372499999999988,0.7639749999999985,43.71760499999998,0.0
22,6,-0.9365290000000002,0.7892650000000003,43.575293,0.0
22,7,-0.9362880000000011,0.8070909999999998,43.463035000000026,0.0
22,8,-0.9360419999999969,0.8268890000000013,43.31903699999992,0.0
22,9,-0.9359090000000023,0.836783999999998,43.23695100000007,0.0
22,10,-0.9347570000000012,0.8399180000000008,43.18340100000002,0.0
22,11,-0.9331150000000044,0.8688809999999982,42.857647000000114,0.0
22,12,-0.9298019999999951,0.8905320000000039,42.54659999999985,0.0
22,13,-0.9206159999999954,0.9103929999999991,42.10617599999991,0.0
22,14,-0.894874999999999,0.9434010000000015,41.11076999999996,0.0
22,15,-0.8228679999999997,1.0274699999999939,38.34965000000008,0.0
22,16,-0.6356469999999987,1.2338730000000027,31.13474299999993,0.0014400000000023283
23,0,-0.9268150000000013,0.6133790000000019,43.830119000000025,0.0
23,1,-0.9257029999999986,0.6586590000000001,43.76037499999997,0.0
23,2,-0.9248809999999992,0.6594809999999995,43.74064699999998,0.0
23,3,-0.9246370000000006,0.6965600000000016,43.66087700000001,0.0
23,4,-0.9245490000000025,0.7455499999999979,43.51188300000007,0.0
23,5,-0.9242820000000016,0.7642419999999994,43.430974000000035,0.0
23,6,-0.9235970000000009,0.789950000000001,43.286679000000014,0.0
23,7,-0.9232410000000009,0.8074469999999998,43.173509000000024,0.0
23,8,-0.9228880000000004,0.8272420000000018,43.026824999999995,0.0
23,9,-0.9224449999999997,0.8399180000000008,42.912536999999986,0.0
23,10,-0.920536000000002,0.8418269999999985,42.85144900000006,0.0
23,11,-0.9169399999999968,0.8724770000000035,42.46224099999989,0.0
23,12,-0.9082030000000039,0.8992689999999968,41.966578000000126,0.0
23,13,-0.8830990000000014,0.9354970000000016,40.95445000000001,0.0
23,14,-0.8122060000000033,1.0142939999999996,38.29955000000008,0.0
23,15,-0.6356469999999987,1.2040289999999985,31.582402999999992,0.0
24,0,-0.9117159999999984,0.614491000000001,43.48284199999996,0.0
24,1,-0.9103829999999995,0.6158240000000035,43.45084999999999,0.0
24,2,-0.909400999999999,0.660463,43.38264299999997,0.0
24,3,-0.9089170000000024,0.6970439999999982,43.29786500000006,0.0
24,4,-0.9088169999999991,0.7456500000000013,43.14964699999997,0.0
24,5,-0.9084299999999992,0.7646289999999993,43.06444299999998,0.0
24,6,-0.9077079999999995,0.7906720000000007,42.916899999999984,0.0
24,7,-0.9072059999999986,0.8079490000000007,42.80118999999996,0.0
24,8,-0.9064960000000006,0.8279519999999998,42.64412900000002,0.0
24,9,-0.9052930000000003,0.8384299999999989,42.53143300000002,0.0
24,10,-0.9014469999999974,0.8456730000000015,42.37394199999993,0.0
24,11,-0.8926300000000005,0.8812940000000005,41.80612400000001,0.0
24,12,-0.8682479999999977,0.9236509999999996,40.75502899999995,0.0
24,13,-0.7988470000000021,1.0048979999999972,38.114441000000085,0.0
24,14,-0.6248170000000002,1.1883240000000015,31.553182999999983,0.0
25,0,-0.8934630000000006,0.6158240000000035,43.044770000000014,0.0
25,1,-0.8918579999999992,0.6174290000000013,43.00464499999998,0.0
25,2,-0.8906840000000003,0.6616369999999989,42.931087000000005,0.0
25,3,-0.8899229999999996,0.7456500000000013,42.696190999999985,0.0
25,4,-0.8896510000000006,0.7459220000000002,42.688575000000014,0.0
25,5,-0.8890969999999996,0.7651830000000004,42.59768099999999,0.0
25,6,-0.8882459999999988,0.7915230000000015,42.44470599999996,0.0
25,7,-0.887402999999999,0.8087920000000004,42.32001699999998,0.0
25,8,-0.8860020000000013,0.8293529999999976,42.141065000000054,0.0
25,9,-0.8829719999999988,0.8414600000000014,41.96845899999995,0.0
25,10,-0.874010000000002,0.8546349999999983,41.62583400000007,0.0
25,11,-0.850119000000003,0.9051849999999995,40.523059000000075,0.0
25,12,-0.7822899999999997,0.9914800000000028,37.87808899999996,0.0
25,13,-0.6113989999999987,1.1757889999999982,31.39410599999999,0.0
26,0,-0.8715289999999989,0.6174290000000013,42.49641999999997,0.0
26,1,-0.8696570000000001,0.6193010000000001,42.447748000000004,0.0
26,2,-0.8682459999999992,0.6630479999999999,42.36731499999998,0.0
26,3,-0.8671399999999991,0.698910999999999,42.26683299999998,0.0
26,4,-0.8666839999999993,0.746378,42.11257599999998,0.0
26,5,-0.8658749999999991,0.7659920000000007,42.01308599999997,0.0
26,6,-0.864727000000002,0.7926709999999986,41.849843000000064,0.0
26,7,-0.8631820000000019,0.8103370000000005,41.70367700000004,0.0
26,8,-0.8599949999999978,0.8325400000000016,41.46539399999993,0.0
26,9,-0.8520840000000014,0.8493709999999979,41.125060000000055,0.0
26,10,-0.8284059999999975,0.8783130000000021,40.24895399999991,0.0
26,11,-0.7621439999999993,0.9714469999999977,37.594802,0.0
26,12,-0.5948060000000019,1.1588180000000001,31.182933000000048,0.0
27,0,-0.8455919999999999,0.6193010000000001,41.822058,0.0
27,1,-0.8433480000000024,0.6215449999999976,41.76147000000007,0.0
27,2,-0.8416430000000013,0.664753000000001,41.672227000000035,0.0
27,3,-0.8401519999999998,0.7004020000000004,41.560672,0.0
27,4,-0.8394310000000011,0.7659920000000007,41.32554200000003,0.0
27,5,-0.8381810000000023,0.7926709999999986,41.159647000000064,0.0
27,6,-0.8363759999999978,0.7944760000000031,41.10188699999992,0.0
27,7,-0.8331340000000012,0.8135789999999972,40.89973500000005,0.0
27,8,-0.8252559999999995,0.8404180000000032,40.499155999999964,0.0
27,9,-0.8031349999999975,0.8783130000000021,39.59190799999992,0.0
27,10,-0.7381760000000028,0.9432719999999968,37.25338400000011,0.0
27,11,-0.5747469999999986,1.134876000000002,30.92476099999994,0.0
28,0,-0.8152770000000018,0.6215449999999976,41.00355300000005,0.0
28,1,-0.8126449999999998,0.624176999999996,40.929857,0.0
28,2,-0.8105919999999998,0.6668060000000011,40.82974399999999,0.0
28,3,-0.8086400000000005,0.7470989999999986,40.56975700000002,0.0
28,4,-0.8074750000000002,0.7482639999999989,40.53364200000001,0.0
28,5,-0.8054539999999974,0.7944760000000031,40.266992999999914,0.0
28,6,-0.802029000000001,0.7979009999999995,40.153968000000035,0.0
28,7,-0.7942639999999983,0.8213439999999999,39.79588999999996,0.0
28,8,-0.772711000000001,0.8619710000000005,38.90801700000003,0.0
28,9,-0.7105690000000031,0.9336339999999979,36.59473700000011,0.0
28,10,-0.5509409999999981,1.1029000000000018,30.60175899999993,0.0
29,0,-0.7803429999999985,0.624176999999996,40.02540099999996,0.0
29,1,-0.7772669999999984,0.6272530000000032,39.93619699999995,0.0
29,2,-0.7747630000000001,0.6693099999999994,39.821524000000004,0.0
29,3,-0.7722410000000011,0.7048759999999987,39.67725400000003,0.0
29,4,-0.7702609999999979,0.7692630000000023,39.40765399999993,0.0
29,5,-0.7665980000000019,0.7729259999999982,39.28677500000006,0.0
29,6,-0.7588390000000018,0.8056599999999996,38.89809400000006,0.0
29,7,-0.7379490000000004,0.8422340000000013,38.07284,0.0
29,8,-0.6777000000000015,0.9222199999999994,35.76571700000005,0.0
29,9,-0.5236589999999985,1.0876750000000008,29.97488799999995,0.0
30,0,-0.7406710000000025,0.6272529999999961,38.87491300000008,0.0
30,1,-0.7369960000000013,0.6309279999999973,38.76466300000004,0.0
30,2,-0.7338829999999987,0.672423000000002,38.62977799999996,0.0
30,3,-0.7304959999999987,0.7502440000000021,38.33054499999995,0.0
30,4,-0.7268889999999999,0.7538510000000009,38.211513999999994,0.0
30,5,-0.718989999999998,0.7808250000000001,37.86664799999994,0.0
30,6,-0.6986479999999986,0.826001999999999,37.03050299999997,0.0
30,7,-0.6405449999999995,0.9003370000000004,34.841402999999985,0.0
30,8,-0.49153499999999894,1.07123,29.17485199999997,0.0
31,0,-0.696120999999998,0.6309280000000044,37.538412999999935,0.0
31,1,-0.6917739999999988,0.635275,37.40365599999996,0.0
31,2,-0.6877600000000008,0.676437,37.238060000000026,0.0
31,3,-0.682697000000001,0.7133259999999986,37.007329000000034,0.0
31,4,-0.6750159999999994,0.7615320000000025,36.62459999999997,0.0
31,5,-0.6550430000000027,0.826001999999999,35.72235300000008,0.0
31,6,-0.5989649999999997,0.882080000000002,33.70354499999998,0.0
31,7,-0.45544200000000146,1.07123,28.09206200000004,0.0
32,0,-0.6466960000000004,0.6352750000000071,36.00623800000001,0.0
32,1,-0.6413130000000002,0.676437,35.79820300000001,0.0
32,2,-0.6356770000000012,0.7133259999999986,35.54970900000004,0.0
32,3,-0.6267439999999986,0.7222590000000011,35.24598699999996,0.0
32,4,-0.607527000000001,0.8007979999999968,34.37537700000004,0.0
32,5,-0.5533579999999994,0.882080000000002,32.28972799999997,0.0
32,6,-0.41529799999999994,1.0438599999999987,27.039188000000003,0.0
33,0,-0.5922789999999996,0.640658000000002,34.264893999999984,0.0
33,1,-0.5852269999999997,0.682072999999999,33.99781499999999,0.0
33,2,-0.575806,0.6914939999999987,33.67750100000001,0.0
33,3,-0.5559529999999988,0.7421120000000023,32.921115999999955,0.0
33,4,-0.5041140000000013,0.8549669999999985,30.849485000000048,0.0
33,5,-0.3717000000000006,1.0201400000000014,25.78637200000001,0.0
34,0,-0.5326529999999998,0.6477099999999965,32.297236,0.0
34,1,-0.5219290000000001,0.6584339999999962,31.932620000000004,0.0
34,2,-0.5020769999999999,0.7421120000000023,31.143207999999994,0.0
34,3,-0.4512110000000007,0.7929780000000015,29.31203200000002,0.0
34,4,-0.32487700000000075,0.9873809999999992,24.405008000000027,0.0
35,0,-0.46630400000000094,0.6584339999999997,30.041370000000033,0.0
35,1,-0.445647000000001,0.6790909999999997,29.318375000000035,0.0
35,2,-0.39637799999999856,0.7929780000000015,27.447709999999947,0.0
35,3,-0.2751140000000021,0.9589219999999976,22.82690200000008,0.0
36,0,-0.38804900000000053,0.6790909999999997,27.30244500000002,0.0
36,1,-0.33959599999999845,0.7275440000000017,25.558136999999945,0.0
36,2,-0.22374700000000125,0.914241999999998,21.16309700000005,0.0
37,0,-0.2820679999999989,0.7275440000000017,23.48712899999996,0.0
37,1,-0.1708930000000013,0.8387190000000011,19.373654000000048,0.0
38,0,-0.117757000000001,0.8387189999999975,17.40762200000004,0.0
