0,0,-0.5845929999999999,1.100000000020529e-05,2.004225,0.0
0,1,-0.5845929999999999,1.100000000020529e-05,2.004225,0.0
0,2,-0.5845790000000002,2.4999999999941735e-05,2.004211,0.0
0,3,-0.5845440000000002,5.999999999994898e-05,2.004141,0.0
0,4,-0.5844670000000001,0.00013800000000019352,2.0039069999999994,0.0
0,5,-0.5843020000000003,0.00030799999999997496,2.0032270000000003,0.0
0,6,-0.5839610000000002,0.0006579999999996033,2.001477000000002,0.0
0,7,-0.5832789999999999,0.0013660000000004224,1.9972289999999973,0.0
0,8,-0.5819700000000003,0.0027439999999998577,1.9875830000000012,0.0
0,9,-0.5795600000000001,0.005323999999999884,1.966943000000001,0.0
0,10,-0.5752919999999999,0.009993999999999836,1.9249130000000014,0.0
0,11,-0.5680529999999997,0.0181300000000002,1.8435529999999978,0.0
0,12,-0.5562849999999999,0.03181099999999981,1.693062000000002,0.0
0,13,-0.5379569999999998,0.05401200000000017,1.4266499999999978,0.0
0,14,-0.510567,0.08889900000000006,0.9731189999999992,0.0
0,15,-0.471101,0.14236400000000016,0.22460899999999784,0.0
0,16,-0.41572200000000015,0.22345399999999982,-0.9917409999999971,0.0
0,17,-0.3386650000000002,0.3481329999999998,-2.986604999999997,0.0
0,18,-0.22987000000000002,0.5482090000000004,-6.387897000000006,0.0
0,19,-0.07254700000000192,0.8867659999999997,-12.481922999999993,0.0
0,20,0.1520910000000022,1.4689579999999998,-23.543570999999996,0.0
0,21,0.43852199999999186,2.421362000000001,-42.59165100000002,0.0
0,22,0.7180149999999941,3.9126309999999993,-73.90829999999998,0.0
0,23,0.8234580000000165,6.830418,-138.099614,0.0
1,0,-0.5845929999999999,1.100000000020529e-05,2.004225,0.0
1,1,-0.5845790000000002,2.4999999999941735e-05,2.004211,0.0
1,2,-0.5845440000000002,5.999999999994898e-05,2.004141,0.0
1,3,-0.5844670000000001,0.00013700000000005375,2.00391,0.0
1,4,-0.5843020000000003,0.0003029999999999422,2.0032470000000004,0.0
1,5,-0.5839610000000002,0.0006490000000001217,2.0015219999999996,0.0
1,6,-0.5832789999999999,0.0013399999999998968,1.9973850000000004,0.0
1,7,-0.5819700000000003,0.002674999999999983,1.9880660000000003,0.0
1,8,-0.5795600000000001,0.005154000000000103,1.9683029999999992,0.0
1,9,-0.5752919999999999,0.009592000000000045,1.9285309999999996,0.0
1,10,-0.5680529999999997,0.017233000000000054,1.8525229999999993,0.0
1,11,-0.5562849999999999,0.02989799999999998,1.7141050000000002,0.0
1,12,-0.5379569999999998,0.050138999999999934,1.4731260000000006,0.0
1,13,-0.510567,0.08140199999999997,1.0705800000000003,0.0
1,14,-0.471101,0.12836500000000006,0.42059499999999916,0.0
1,15,-0.41572200000000015,0.197743,-0.6060759999999998,0.0
1,16,-0.19913500000000006,0.30051099999999975,-2.364182999999996,0.0
1,17,-0.2298700000000009,0.456928,-4.836119999999999,0.0
1,18,-0.07254700000000014,0.7055320000000003,-9.219711000000004,0.0
1,19,0.1520910000000022,1.1114040000000003,-16.750045000000007,0.0
1,20,0.5174769999999995,1.755389,-29.351146000000004,0.0
1,21,0.7615279999999993,2.700855,-48.50451699999999,0.0
1,22,0.8586229999999997,4.018074,-76.26321100000001,0.0
2,0,-0.457178,2.4999999999941735e-05,1.8768099999999999,0.0
2,1,-0.45714299999999997,5.999999999994898e-05,1.8767399999999999,0.0
2,2,-0.456901,0.00030199999999991345,1.875849,0.0
2,3,-0.456901,0.00030199999999991345,1.875849,0.0
2,4,-0.4565569999999999,0.0006470000000000642,1.8741259999999995,0.0
2,5,-0.45587200000000005,0.0013339999999999463,1.8700080000000003,0.0
2,6,-0.45455499999999993,0.0026570000000000205,1.8607589999999998,0.0
2,7,-0.4521209999999999,0.00510900000000003,1.8411789999999995,0.0
2,8,-0.44779599999999997,0.009479000000000015,1.801939,0.0
2,9,-0.44042500000000007,0.01696299999999995,1.7273250000000004,0.0
2,10,-0.428366,0.029292000000000096,1.5922459999999992,0.0
2,11,-0.4094310000000001,0.048832999999999904,1.3589660000000012,0.0
2,12,-0.38085499999999994,0.07871500000000009,0.9731119999999989,0.0
2,13,-0.3392599999999999,0.12299700000000002,0.3585379999999996,0.0
2,14,-0.2805010000000001,0.18712399999999985,-0.5926309999999977,0.0
2,15,-0.19913500000000006,0.27910900000000005,-2.0431530000000007,0.0
2,16,-0.0874299999999999,0.4122159999999999,-4.263167999999999,0.0
2,17,0.06527300000000036,0.6096310000000003,-7.727214000000005,0.0
2,18,0.2689499999999998,0.9092089999999997,-13.227393999999997,0.0
2,19,0.5940590000000001,1.359931,-21.990607999999998,0.0
2,20,0.7615279999999993,1.9994399999999999,-34.47621699999999,0.0
2,21,0.8767120000000004,2.79795,-50.676785,0.0
3,0,-0.33755100000000005,5.999999999972694e-05,1.6375560000000002,0.0
3,1,-0.33747399999999994,0.00013700000000005375,1.637325,0.0
3,2,-0.3373090000000001,0.00030199999999991345,1.6366650000000005,0.0
3,3,-0.33696499999999996,0.0006460000000000354,1.6349449999999996,0.0
3,4,-0.33628,0.0013339999999999463,1.6308240000000005,0.0
3,5,-0.3349599999999999,0.002654000000000045,1.6215839999999995,0.0
3,6,-0.332519,0.00510900000000003,1.601975,0.0
3,7,-0.32817799999999997,0.00945000000000007,1.5629059999999995,0.0
3,8,-0.320763,0.016893999999999965,1.4885530000000005,0.0
3,9,-0.30860199999999993,0.02912400000000004,1.3542299999999994,0.0
3,10,-0.2894430000000001,0.04845099999999991,1.1228100000000012,0.0
3,11,-0.26039999999999996,0.07787600000000006,0.7414309999999993,0.0
3,12,-0.2179200000000001,0.12119499999999994,0.137482000000001,0.0
3,13,-0.1576970000000002,0.18321999999999994,-0.7874869999999987,0.0
3,14,-0.074465,0.27035600000000004,-2.1699510000000006,0.0
3,15,0.038178000000000045,0.3917520000000001,-4.207424000000001,0.0
3,16,0.1871290000000001,0.561167,-7.195501999999999,0.0
3,17,0.37588399999999966,0.7983859999999998,-11.557270999999997,0.0
3,18,0.5940590000000001,1.1273840000000002,-17.804762,0.0
3,19,0.8015340000000002,1.567406,-26.347583000000004,0.0
3,20,0.8767120000000004,2.074618,-36.210145000000004,0.0
4,0,-0.23609799999999997,0.00013700000000005375,1.333197,0.0
4,1,-0.23558899999999994,0.0006460000000000354,1.3308169999999997,0.0
4,2,-0.23558899999999994,0.0006460000000000354,1.3308169999999997,0.0
4,3,-0.23490299999999997,0.0013319999999999999,1.326701,0.0
4,4,-0.23358299999999999,0.0026519999999999877,1.317461,0.0
4,5,-0.23114,0.005097000000000018,1.297909,0.0
4,6,-0.226794,0.009443999999999952,1.2587900000000003,0.0
4,7,-0.21936700000000003,0.01687700000000003,1.1844839999999999,0.0
4,8,-0.207177,0.029084,1.050275,0.0
4,9,-0.1879470000000001,0.04835399999999995,0.8191950000000008,0.0
4,10,-0.15874999999999995,0.07764800000000005,0.4387609999999993,0.0
4,11,-0.11597000000000002,0.12065599999999999,-0.1624389999999999,0.0
4,12,-0.055253,0.18191199999999996,-1.0791229999999996,0.0
4,13,0.028500000000000192,0.2669730000000001,-2.4348670000000023,0.0
4,14,0.14080400000000015,0.38266,-4.388014,0.0
4,15,0.3619429999999999,0.5370840000000001,-7.434506000000002,0.0
4,16,0.5312209999999999,0.7387799999999998,-11.137057999999996,0.0
4,17,0.6596160000000002,0.994253,-15.738206000000002,0.0
4,18,0.8374880000000005,1.3052560000000004,-21.736745000000006,0.0
4,19,0.8905279999999998,1.6204459999999994,-27.622324999999986,0.0
5,0,-0.15660500000000002,0.00030200000000002447,1.015225,0.0
5,1,-0.15557500000000002,0.0013319999999999999,1.009389,0.0
5,2,-0.15425500000000003,0.0026519999999999877,1.0001490000000002,0.0
5,3,-0.154255,0.0026520000000000155,1.000149,0.0
5,4,-0.151811,0.005095999999999989,0.980597,0.0
5,5,-0.147465,0.009443000000000007,0.941479,0.0
5,6,-0.14003499999999997,0.016874,0.8671739999999998,0.0
5,7,-0.127836,0.02907599999999999,0.7329670000000001,0.0
5,8,-0.10858800000000002,0.048331999999999986,0.5019350000000002,0.0
5,9,-0.07934999999999998,0.077592,0.12166499999999991,0.0
5,10,-0.036487999999999965,0.12051000000000006,-0.47890700000000086,0.0
5,11,0.024348000000000036,0.181492,-1.392907,0.0
5,12,0.10810700000000006,0.265671,-2.737671,0.0
5,13,0.21969299999999992,0.378559,-4.650256999999999,0.0
5,14,0.3619429999999999,0.52491,-7.264069999999999,0.0
5,15,0.5312209999999999,0.7063620000000002,-10.650788000000002,0.0
5,16,0.7109290000000001,0.918488,-14.731218,0.0
5,17,0.8668260000000001,1.15015,-19.217295,0.0
5,18,0.9016549999999999,1.3400850000000002,-22.620335000000004,0.0
6,0,-0.09851399999999999,0.0006460000000000354,0.7247699999999999,0.0
6,1,-0.09650799999999998,0.0026520000000000155,0.7114139999999999,0.0
6,2,-0.09406400000000004,0.005095999999999989,0.6918620000000002,0.0
6,3,-0.09406400000000001,0.005095999999999989,0.691862,0.0
6,4,-0.08971699999999999,0.009443000000000007,0.652739,0.0
6,5,-0.082287,0.016874,0.5784339999999999,0.0
6,6,-0.07008700000000001,0.02907399999999999,0.44423400000000013,0.0
6,7,-0.05083499999999999,0.04832800000000001,0.21319799999999992,0.0
6,8,-0.021586999999999967,0.07758000000000001,-0.16705400000000026,0.0
6,9,0.021292000000000033,0.120471,-0.7674560000000001,0.0
6,10,0.08213599999999999,0.18135400000000002,-1.6804670000000002,0.0
6,11,0.16579100000000002,0.265147,-3.0203270000000004,0.0
6,12,0.3156739999999999,0.37664200000000003,-5.14607,0.0
6,13,0.416795,0.5185919999999999,-7.456195999999999,0.0
6,14,0.6140720000000002,0.6883689999999998,-10.846958999999998,0.0
6,15,0.7749730000000001,0.8747400000000001,-14.421559000000004,0.0
6,16,0.8888489999999996,1.0587049999999998,-17.864289999999997,0.0
6,17,0.91005,1.1713510000000005,-19.79383200000001,0.0
7,0,-0.058427999999999994,0.0013319999999999999,0.48425399999999996,0.0
7,1,-0.057108000000000006,0.0026519999999999877,0.47501400000000005,0.0
7,2,-0.050318,0.009443000000000007,0.416345,0.0
7,3,-0.050318,0.009443000000000007,0.41634499999999997,0.0
7,4,-0.04288600000000001,0.016874,0.3420280000000001,0.0
7,5,-0.03068700000000002,0.029072999999999988,0.2078390000000002,0.0
7,6,-0.011432999999999999,0.04832800000000001,-0.023214000000000068,0.0
7,7,0.01781599999999997,0.07757699999999998,-0.40345099999999967,0.0
7,8,0.060695,0.12045900000000004,-1.0037780000000003,0.0
7,9,0.12152799999999997,0.18130399999999997,-1.9163689999999995,0.0
7,10,0.20509999999999995,0.264926,-3.253971,0.0
7,11,0.340754,0.37572099999999997,-5.3114989999999995,0.0
7,12,0.47862700000000014,0.5152909999999999,-7.81188,0.0
7,13,0.6140720000000002,0.6783410000000003,-10.716595000000005,0.0
7,14,0.7749730000000001,0.8492699999999997,-14.064978999999997,0.0
7,15,0.9044720000000002,1.004239,-17.141038,0.0
7,16,0.9159930000000003,1.070226,-18.21149,0.0
8,0,-0.031753,0.0026519999999999877,0.29752900000000004,0.0
8,1,-0.029309999999999996,0.005094999999999961,0.277985,0.0
8,2,-0.017531000000000005,0.016874,0.16454300000000005,0.0
8,3,-0.017531000000000005,0.016874,0.16454300000000005,0.0
8,4,-0.005332000000000003,0.029072999999999988,0.030354000000000075,0.0
8,5,0.013923000000000019,0.04832800000000001,-0.2007060000000002,0.0
8,6,0.04317099999999999,0.07757699999999998,-0.5809359999999998,0.0
8,7,0.08605100000000004,0.12045700000000004,-1.1812560000000005,0.0
8,8,0.14687599999999995,0.18128399999999995,-2.093644999999999,0.0
8,9,0.23039900000000002,0.26482700000000003,-3.4301730000000004,0.0
8,10,0.340754,0.37572099999999997,-5.3114989999999995,0.0
8,11,0.47862700000000014,0.5135940000000001,-7.7932130000000015,0.0
8,12,0.6499419999999998,0.6728649999999998,-10.915713999999996,0.0
8,13,0.7925,0.8346400000000003,-13.997478000000003,0.0
8,14,0.91507,0.9718399999999998,-16.761637999999998,0.0
8,15,0.9200330000000001,1.0092020000000002,-17.324410000000004,0.0
9,0,-0.013845000000000003,0.005094999999999988,0.15426500000000004,0.0
9,1,-0.009496999999999998,0.009443,0.11513299999999999,0.0
9,2,-0.0020669999999999994,0.016874,0.04083099999999999,0.0
9,3,0.010134000000000004,0.029074000000000003,-0.09337800000000004,0.0
9,4,0.029386999999999996,0.04832800000000001,-0.324418,0.0
9,5,0.05863499999999999,0.077576,-0.704642,0.0
9,6,0.101514,0.12045499999999998,-1.3049479999999998,0.0
9,7,0.16233499999999995,0.181278,-2.2172749999999994,0.0
9,8,0.24583500000000003,0.264784,-3.5533170000000003,0.0
9,9,0.3560829999999999,0.37507499999999994,-5.427876999999999,0.0
9,10,0.49355300000000013,0.5127510000000002,-7.904191000000003,0.0
9,11,0.658042,0.6699829999999998,-10.956911999999997,0.0
9,12,0.8035909999999999,0.826514,-13.988693999999999,0.0
9,13,0.9219430000000002,0.9529920000000005,-16.57159800000001,0.0
9,14,0.9226929999999998,0.9725899999999994,-16.83312199999999,0.0
10,0,-0.0005329999999999988,0.009443,0.03445699999999999,0.0
10,1,0.006897,0.016873,-0.039843,0.0
10,2,0.019098000000000004,0.029074000000000003,-0.17405400000000004,0.0
10,3,0.038350999999999996,0.048326999999999995,-0.40508999999999995,0.0
10,4,0.0676,0.077576,-0.785327,0.0
10,5,0.110479,0.12045499999999998,-1.385633,0.0
10,6,0.17129900000000003,0.181278,-2.2979510000000003,0.0
10,7,0.25973,0.264767,-3.683195,0.0
10,8,0.364985,0.374981,-5.507243,0.0
10,9,0.5070920000000001,0.5123489999999999,-8.027257,0.0
10,10,0.6625800000000002,0.6685340000000002,-10.987802000000004,0.0
10,11,0.8140549999999998,0.8221949999999998,-14.039161999999994,0.0
10,12,0.9257950000000001,0.9420550000000001,-16.475022000000003,0.0003910000000004743
10,13,0.9257950000000001,0.9515769999999997,-16.589285999999998,0.0
11,0,0.011845000000000001,0.016873,-0.08932300000000001,0.0
11,1,0.024045999999999998,0.029074000000000003,-0.22353399999999995,0.0
11,2,0.043299000000000004,0.04832700000000001,-0.4545700000000001,0.0
11,3,0.07254800000000002,0.07757599999999999,-0.8348070000000001,0.0
11,4,0.11542700000000003,0.120455,-1.4351130000000003,0.0
11,5,0.176246,0.181274,-2.347398,0.0
11,6,0.25973,0.264767,-3.6831949999999996,0.0
11,7,0.372498,0.374943,-5.584699,0.0
11,8,0.5070920000000001,0.512167,-8.025801000000001,0.0
11,9,0.6649970000000001,0.667837,-11.008116000000001,0.0
11,10,0.8140549999999998,0.8221949999999998,-14.039161999999996,0.0
11,11,0.9273345,0.9354745,-16.418031499999998,0.0013404999999977463
11,12,0.9273345,0.9405155000000003,-16.473482500000003,0.0
12,0,0.026647999999999998,0.029073999999999933,-0.25215599999999994,0.0
12,1,0.045902,0.04832700000000001,-0.483203,0.0
12,2,0.075151,0.077576,-0.86344,0.0
12,3,0.11803,0.120455,-1.463746,0.0
12,4,0.178848,0.18127300000000002,-2.376016,0.0
12,5,0.26233,0.264756,-3.7117320000000005,0.0
12,6,0.3737999999999999,0.374927,-5.6002269999999985,0.0
12,7,0.510929,0.5120899999999999,-8.068753,0.0
12,8,0.6662230000000002,0.6675190000000002,-11.020284000000004,0.0
12,9,0.8171759999999999,0.8189549999999999,-14.043207999999998,0.0
12,10,0.9281884999999999,0.9320824999999997,-16.393505499999996,0.0018725000000010539
12,11,0.9281884999999999,0.9346205000000001,-16.4188855,0.0
13,0,0.047208,0.04832800000000004,-0.49887600000000004,0.0
13,1,0.076456,0.07757599999999998,-0.8790999999999999,0.0
13,2,0.1199580000000001,0.12045400000000006,-1.4875040000000015,0.0
13,3,0.18015399999999998,0.181274,-2.391692,0.0
13,4,0.26363499999999995,0.264756,-3.727391999999999,0.0
13,5,0.3744219999999999,0.37492099999999995,-5.608282999999998,0.0
13,6,0.5115450000000001,0.5120560000000001,-8.076557000000001,0.0
13,7,0.6668150000000002,0.6673840000000002,-11.027035000000003,0.0
13,8,0.8171759999999999,0.8184719999999999,-14.039343999999998,0.0
13,9,0.9286380000000001,0.930417,-16.38391,0.0021539999999973247
13,10,0.9286380000000001,0.9316329999999995,-16.394853999999995,0.0
14,0,0.07708,0.07757599999999987,-0.8872119999999999,0.0
14,1,0.11995900000000001,0.12045400000000003,-1.4875170000000002,0.0
14,2,0.18106300000000006,0.18127300000000002,-2.403792000000001,0.0
14,3,0.264259,0.26475499999999996,-3.7355,0.0
14,4,0.3744219999999999,0.37492099999999995,-5.608282999999998,0.0
14,5,0.5115450000000001,0.5120560000000001,-8.076557000000003,0.0
14,6,0.6668150000000002,0.6673840000000002,-11.027035000000005,0.0
14,7,0.8176949999999996,0.8182639999999997,-14.044634999999992,0.0
14,8,0.9288624999999999,0.9301925000000002,-16.3850325,0.0022955000000024484
14,9,0.9288624999999999,0.9301925000000002,-16.3850325,0.0
15,0,0.12024500000000002,0.12045499999999998,-1.4915220000000002,0.0
15,1,0.18106299999999997,0.18127300000000002,-2.4037919999999997,0.0
15,2,0.264545,0.264755,-3.7395039999999997,0.0
15,3,0.3748309999999999,0.3749180000000001,-5.614119999999998,0.0
15,4,0.5118280000000002,0.512038,-8.080435000000001,0.0
15,5,0.6670880000000001,0.6673040000000001,-11.030399000000003,0.0
15,6,0.817936,0.818174,-14.047469,0.0
15,7,0.9289690000000002,0.9292969999999998,-16.379702,0.0023640000000000327
15,8,0.9289690000000002,0.9295329999999999,-16.381354,0.0
16,0,0.181187,0.18127300000000002,-2.405652,0.0
16,1,0.264669,0.2647550000000001,-3.741364,0.0
16,2,0.3748309999999999,0.3749180000000001,-5.614119999999999,0.0
16,3,0.5119509999999998,0.512038,-8.082279999999997,0.0
16,4,0.6672069999999999,0.6673040000000001,-11.032183999999999,0.0
16,5,0.818044,0.8181410000000002,-14.048924000000001,0.0
16,6,0.9290174999999998,0.9292485000000001,-16.380138499999997,0.0023954999999986626
16,7,0.9289690000000002,0.9292969999999998,-16.379702,0.0
17,0,0.264721,0.2647550000000001,-3.742196,0.0
17,1,0.37488499999999986,0.3749180000000001,-5.614983999999998,0.0
17,2,0.512003,0.512038,-8.083112,0.0
17,3,0.6672579999999999,0.667294,-11.03296,0.0
17,4,0.8181080000000001,0.8181260000000004,-14.049906000000004,0.0
17,5,0.9290379999999998,0.9291269999999998,-16.379757999999995,0.0024090000000001055
17,6,0.9290174999999998,0.9292485000000001,-16.380138499999997,0.0
18,0,0.374904,0.3749179999999992,-5.615307,0.0
18,1,0.5120230000000001,0.5120359999999999,-8.083448000000002,0.0
18,2,0.667278,0.6672929999999999,-11.033297,0.0
18,3,0.8181080000000001,0.8181260000000004,-14.049906000000004,0.0
18,4,0.9290465000000001,0.9290645000000004,-16.379614500000002,0.00241450000000043
18,5,0.9290379999999998,0.9291269999999998,-16.379757999999995,0.0
19,0,0.512032,0.5120370000000012,-8.083611000000001,0.0
19,1,0.6672849999999999,0.6672909999999999,-11.033418999999999,0.0
19,2,0.818114,0.81812,-14.049999,0.0
19,3,0.9290499999999999,0.9290610000000008,-16.379667,0.0024169999999994474
19,4,0.9290465000000001,0.9290804999999995,-16.3796785,0.0
20,0,0.6672880000000001,0.6672899999999995,-11.033475000000003,0.0
20,1,0.8181180000000001,0.8181200000000004,-14.050075000000003,0.0
20,2,0.929052,0.9290570000000002,-16.379695,0.002417999999998699
20,3,0.9290499999999999,0.9290610000000006,-16.379667,0.0
21,0,0.8181189999999998,0.8181200000000022,-14.050094999999997,0.0
21,1,0.9290519999999993,0.9290539999999972,-16.37968899999998,0.002417999999998699
21,2,0.929052,0.9290535000000002,-16.379688,0.0
22,0,0.9290515000000001,0.9290524999999974,-16.3796775,0.0024174999999999613
22,1,0.9290519999999999,0.929054,-16.379689,0.0
23,0,0.9290515000000001,0.9290524999999974,-16.3796775,0.0
