0,0,-1.0086890000000004,0.001480000000000814,24.485729,0.0
0,1,-1.0086890000000004,0.001480000000000814,24.485729,0.0
0,2,-1.0086910000000007,0.002499000000000251,24.48471,0.0
0,3,-1.0087010000000003,0.004711000000000354,24.480286,1.2999999999152578e-05
0,4,-1.0087010000000003,0.004711000000000354,24.480286,0.0
0,5,-1.0087125000000015,0.006567000000000434,24.472862,0.0
0,6,-1.0087194999999998,0.00905999999999807,24.46039700000001,0.0
0,7,-1.0087279999999996,0.01131600000000077,24.446860999999995,0.0
0,8,-1.0087430000000008,0.017008000000000578,24.407016999999996,0.0
0,9,-1.0087679999999999,0.02289599999999936,24.359913000000006,0.0
0,10,-1.0088015000000006,0.03047600000000017,24.291693,0.0
0,11,-1.0088434999999993,0.0400829999999992,24.19562300000001,0.0
0,12,-1.0089075000000012,0.05204000000000164,24.06409599999998,0.0
0,13,-1.0089824999999983,0.06892899999999713,23.861428000000036,0.0
0,14,-1.0090770000000013,0.08644700000000327,23.633693999999956,0.0
0,15,-1.0091954999999988,0.1095109999999977,23.310798000000034,0.0
0,16,-1.0093435,0.13724900000000062,22.89472799999999,0.0
0,17,-1.0095254999999987,0.17032199999999875,22.36556000000002,0.0
0,18,-1.0097509999999996,0.20906800000000203,21.706877999999964,0.0
0,19,-1.0100259999999999,0.25304399999999916,20.915310000000016,0.0
0,20,-1.010353499999999,0.30751499999999865,19.880361000000025,0.0
0,21,-1.0107489999999988,0.3671030000000002,18.688600999999995,0.0
0,22,-1.0112175000000008,0.4358680000000028,17.24453599999994,0.0
0,23,-1.0117735000000003,0.515625,15.489882000000001,0.0
0,24,-1.0124320000000004,0.6110509999999998,13.295084000000006,0.0
0,25,-1.0132169999999991,0.732211999999997,10.387220000000074,0.0
0,26,-1.0141314999999995,0.8916250000000012,6.401894999999968,0.0
0,27,-1.0151129999999995,1.1152440000000006,0.5878009999999847,0.0
0,28,-1.0157240000000005,1.4258699999999997,-7.799100999999993,0.0
0,29,-1.0157240000000005,1.8689660000000003,-20.20578900000001,0.0
0,30,-1.014222499999999,2.494644000000001,-38.35045100000003,0.0
0,31,-1.0084119999999928,3.3695219999999964,-64.5967909999999,0.0
0,32,-0.998367999999985,4.649940000000001,-104.28974900000003,0.0
0,33,-0.965453999999994,6.687977000000004,-169.50693300000012,0.0
0,34,-0.886589000000015,10.408198999999996,-292.27425899999986,0.0
0,35,-0.7478790000000117,18.648528999999996,-572.4454789999999,0.0
0,36,-0.6168740000000525,40.746964000000006,-1345.8907040000001,0.0
1,0,-1.008685999999999,0.001473999999998199,24.485729,0.009017999999999304
1,1,-1.0086890000000004,0.001480000000000814,24.485729,0.009017000000000053
1,2,-1.0086910000000007,0.002499000000000251,24.48471,0.009014999999999773
1,3,-1.0086910000000007,0.004701000000000732,24.480306,0.009030999999998457
1,4,-1.0087010000000003,0.006543999999998107,24.47295400000001,0.009012000000000242
1,5,-1.0087125000000015,0.006567000000000434,24.472862,0.009006500000001694
1,6,-1.0087194999999998,0.00905999999999807,24.46039700000001,0.00900549999999889
1,7,-1.0087279999999996,0.01697799999999816,24.407227000000013,0.009005000000000152
1,8,-1.0087430000000008,0.017008000000000578,24.407016999999996,0.00899500000000053
1,9,-1.0087679999999999,0.030408999999998798,24.29229600000001,0.008990999999998195
1,10,-1.0088015000000006,0.03047600000000017,24.291693,0.008986499999998898
1,11,-1.0088434999999993,0.0400829999999992,24.19562300000001,0.008984499999998619
1,12,-1.0089075000000012,0.05204000000000164,24.06409599999998,0.008966500000001432
1,13,-1.0089824999999983,0.08625799999999728,23.636151000000034,0.008969499999999186
1,14,-1.0090770000000013,0.08644700000000327,23.633693999999956,0.008955000000000268
1,15,-1.0091954999999988,0.1095109999999977,23.310798000000034,0.008933499999999484
1,16,-1.0093435,0.13724900000000062,22.89472799999999,0.008912500000000989
1,17,-1.0095254999999987,0.17032199999999875,22.36556000000002,0.008882499999998572
1,18,-1.0097509999999996,0.20906800000000203,21.706877999999964,0.008848999999999663
1,19,-1.0100259999999999,0.25304399999999916,20.915310000000016,0.008797999999998751
1,20,-1.010353499999999,0.30751499999999865,19.880361000000025,0.00875450000000022
1,21,-1.0107489999999988,0.3671030000000002,18.688600999999995,0.008701000000000292
1,22,-1.0112175000000008,0.4358680000000028,17.24453599999994,0.008619499999998226
1,23,-1.0117735000000003,0.515625,15.489882000000001,0.00853649999999817
1,24,-1.0124320000000004,0.6110509999999998,13.295084000000006,0.00843399999999761
1,25,-1.0132169999999991,0.732211999999997,10.387220000000074,0.008309999999999818
1,26,-1.0141314999999995,0.8916250000000012,6.401894999999968,0.00813650000000088
1,27,-1.0151129999999995,1.1152440000000006,0.5878009999999847,0.007774999999998755
1,28,-1.0157240000000005,1.4258699999999997,-7.799100999999993,0.006932000000000826
1,29,-1.0142225000000007,1.871969,-20.292876,0.004345499999997671
1,30,-1.0084119999999999,2.5062649999999973,-38.699080999999914,0.0
1,31,-0.9983679999999993,3.3831050000000027,-65.01786400000009,0.0
1,32,-0.965453999999994,4.682853999999999,-105.34299699999997,0.0
1,33,-0.8865889999999865,6.766842000000004,-172.10947800000014,0.0
1,34,-0.5792690000000036,10.546909,-297.15900899999997,0.0
1,35,-0.23630099999999743,18.779533999999998,-577.4112269999999,0.0
2,0,-1.008685999999999,0.001473999999998199,24.485729,0.0
2,1,-1.0086890000000004,0.001480000000000814,24.485729,0.0
2,2,-1.0086890000000004,0.002494999999999692,24.484714,0.0
2,3,-1.0086910000000007,0.004701000000000732,24.480306,1.2000000001677336e-05
2,4,-1.0086910000000007,0.004701000000000732,24.480306,0.0
2,5,-1.0087010000000003,0.006543999999998107,24.47295400000001,0.0
2,6,-1.0087125000000015,0.009046000000001442,24.460466999999994,0.0
2,7,-1.0087194999999998,0.011299000000001058,24.446962999999993,0.0
2,8,-1.0087279999999996,0.01697799999999816,24.407227000000013,0.0
2,9,-1.0087430000000008,0.022846000000001254,24.36031299999999,0.0
2,10,-1.0087679999999999,0.030408999999998798,24.29229600000001,0.0
2,11,-1.0088015000000006,0.03999900000000167,24.196462999999984,0.0
2,12,-1.0088434999999993,0.05191199999999796,24.065504000000022,0.0
2,13,-1.000471000000001,0.06877900000000281,23.846354999999967,0.0
2,14,-1.0089824999999983,0.08625799999999728,23.636151000000034,0.0
2,15,-1.0090770000000013,0.10927400000000276,23.314115999999963,0.0
2,16,-1.0091954999999988,0.13695299999999833,22.899168000000024,0.0
2,17,-1.0093435,0.16995800000000116,22.37138399999998,0.0
2,18,-1.0008550000000014,0.20861700000000027,21.697204,0.0
2,19,-1.0097509999999996,0.25249399999999866,20.925210000000025,0.0
2,20,-1.0100259999999999,0.30686000000000035,19.892805999999993,0.0
2,21,-1.001373000000001,0.36631200000000064,18.68645999999999,0.0
2,22,-1.0107489999999988,0.43493099999999885,17.264213000000023,0.0
2,23,-1.0112175000000008,0.5145130000000009,15.514345999999982,0.0
2,24,-1.0022179999999992,0.6097339999999996,13.30626400000001,0.0
2,25,-1.0025370000000002,0.7306419999999996,10.405110000000011,0.0
2,26,-1.0026420000000016,0.8897960000000005,6.426469999999991,0.0
2,27,-1.0016880000000015,1.1142350000000008,0.5881939999999837,0.0
2,28,-0.9964919999999999,1.4298439999999992,-7.948836999999983,0.0
2,29,-1.0142225000000007,1.871969,-20.292876,0.0
2,30,-1.0019070000000028,2.5127699999999997,-38.90073599999998,0.0
2,31,-0.9511899999999969,3.430283000000003,-66.5275600000001,0.0
2,32,-0.7866640000000018,4.807814999999998,-109.56010399999994,0.0
2,33,-0.5106309999999965,7.013801999999998,-180.70375399999995,0.0
2,34,-0.09241499999999547,10.889877000000006,-309.45066100000025,0.0
3,0,-1.0003470000000014,0.001473999999998199,24.469051000000004,0.0
3,1,-1.0003449999999994,0.002494999999999692,24.468026,0.0
3,2,-1.0003429999999962,0.002497000000001748,24.468017999999987,0.0
3,3,-1.0003429999999973,0.004700499999998442,24.463610999999997,1.4499999998918156e-05
3,4,-1.000344000000002,0.004701000000000732,24.463612,0.0
3,5,-1.0003399999999978,0.006548000000001508,24.456211999999987,0.0
3,6,-1.0003399999999978,0.009042999999998358,24.443737000000002,0.0
3,7,-1.0003430000000009,0.011274000000000228,24.43036,0.0
3,8,-1.0003680000000017,0.016970000000000596,24.390563,0.0
3,9,-1.0003759999999993,0.022836999999999108,24.343651000000005,0.0
3,10,-1.0003850000000014,0.03039500000000217,24.275655999999984,0.0
3,11,-1.000398999999998,0.039975999999999345,24.179888000000002,0.0
3,12,-1.0004220000000004,0.05189499999999825,24.04884800000002,0.0
3,13,-1.000439,0.06874700000000189,23.846674999999976,0.0
3,14,-0.9877029999999998,0.08621199999999973,23.581422000000003,0.0
3,15,-1.0005169999999985,0.10921899999999951,23.297766000000003,0.0
3,16,-1.0005720000000018,0.13687900000000042,22.883031,0.0
3,17,-1.0006459999999997,0.1698619999999984,22.355525000000025,0.0
3,18,-1.0007420000000025,0.20850400000000135,21.698898999999983,0.0
3,19,-1.0008550000000014,0.2523540000000004,20.909937999999997,0.0
3,20,-1.0009949999999996,0.3066859999999991,19.878050000000016,0.0
3,21,-0.9880040000000001,0.36610800000000054,18.65063699999999,0.0
3,22,-1.001373000000001,0.4346829999999997,17.25066900000001,0.0
3,23,-1.0019010000000002,0.5145130000000009,15.49571299999998,0.0
3,24,-1.0019010000000002,0.6094170000000005,13.312920999999989,0.0
3,25,-0.9882300000000015,0.7303229999999985,10.370164000000042,0.0
3,26,-1.0026420000000016,0.8897960000000005,6.426469999999991,0.0
3,27,-0.9866119999999974,1.1142350000000008,0.5429659999999714,0.0
3,28,-0.9964919999999999,1.4298439999999992,-7.94883699999998,0.0
3,29,-0.9612929999999977,1.8906489999999998,-20.956974,0.0
3,30,-0.9227519999999956,2.5678300000000043,-40.710846000000146,0.0
3,31,-0.7866640000000018,3.5663709999999966,-71.07533999999988,0.0
3,32,-0.4831080000000014,5.083848000000003,-119.0277950000001,0.0
3,33,-0.09241499999999547,7.432017999999999,-195.34131399999998,0.0
4,0,-0.987645999999998,0.0014760000000002549,24.430947999999994,0.0
4,1,-0.987642000000001,0.0024890000000006296,24.429923000000002,0.0
4,2,-0.9876500000000021,0.002497000000001748,24.429939000000005,0.0
4,3,-0.9876500000000021,0.004699500000000967,24.425534000000006,1.34999999978902e-05
4,4,-0.9876519999999971,0.004700499999998442,24.425537999999996,0.0
4,5,-0.9876500000000021,0.0065499999999957485,24.41813200000003,0.0
4,6,-0.9876500000000021,0.009039000000001352,24.405687,0.0
4,7,-0.9876499999999986,0.011278000000001802,24.392252999999982,0.0
4,8,-0.9876499999999986,0.016970000000000596,24.35240899999999,0.0
4,9,-0.9876499999999986,0.02283299999999855,24.305505000000007,0.0
4,10,-0.9876539999999991,0.030391999999999086,24.237490000000005,0.0
4,11,-0.9876570000000022,0.03997200000000234,24.141701999999984,0.0
4,12,-0.9876609999999992,0.051881999999999096,24.010708000000008,0.0
4,13,-0.9876739999999984,0.06873099999999965,23.808571999999998,0.0
4,14,-0.9876900000000006,0.08619900000000058,23.581551999999995,0.0
4,15,-0.9816266666666668,0.10919699999999821,23.235326666666694,0.0
4,16,-0.9877250000000011,0.1368530000000021,22.84487999999997,0.0
4,17,-0.9877509999999994,0.16983199999999954,22.317320000000006,0.0
4,18,-0.9877809999999982,0.2084620000000008,21.66072999999998,0.0
4,19,-0.9809860000000015,0.25233300000000014,20.843843000000003,0.0
4,20,-0.9809590000000021,0.3066519999999997,19.811647000000015,0.0
4,21,-0.9809270000000012,0.36607000000000056,18.623126999999993,0.0
4,22,-0.9809270000000012,0.4345870000000005,17.184269999999994,0.0
4,23,-0.980875000000001,0.5141509999999982,15.433654000000043,0.0
4,24,-0.9881820000000019,0.6093690000000009,13.272867999999985,0.0
4,25,-0.9786779999999986,0.7322020000000009,10.285196999999972,0.0
4,26,-0.9726110000000006,0.8971599999999995,6.130912000000016,0.0
4,27,-0.9726110000000006,1.1200269999999968,0.33637000000008754,0.0
4,28,-0.9612929999999977,1.4493710000000029,-8.601190000000088,0.0
4,29,-0.9047599999999996,1.947181999999998,-22.766029999999944,0.0
4,30,-0.7548729999999999,2.7069230000000033,-45.3980670000001,0.0
4,31,-0.4695859999999996,3.8489299999999957,-80.79942499999987,0.0
4,32,-0.029571999999994603,5.518715,-134.32281600000002,0.0
5,0,-0.9826730000000001,0.0014799999999972613,24.411056000000002,0.0015000000000000568
5,1,-0.9826619999999997,0.0024890000000006296,24.410002999999996,0.0014870000000009043
5,2,-0.98264,0.004699500000000967,24.405493999999997,0.0014690000000001646
5,3,-0.98264,0.004699500000000967,24.405493999999997,0.0014885000000006698
5,4,-0.9825784285714286,0.004926000000001096,24.404341714285714,0.001415428571423405
5,5,-0.9825339999999999,0.006860999999998896,24.396113000000003,0.0013790000000035718
5,6,-0.9824789999999999,0.009424000000000987,24.382692999999993,0.0013260000000023808
5,7,-0.9824078571428573,0.011775999999999343,24.367798428571433,0.0012488571428548312
5,8,-0.982323142857143,0.017563000000000883,24.326357571428566,0.0011711428571388183
5,9,-0.9822207142857143,0.023549999999998406,24.277334857142872,0.0010747142857141512
5,10,-0.9821143333333333,0.031136666666667142,24.20788466666666,0.0009723333333333528
5,11,-0.9820175000000001,0.04055300000000095,24.11275299999999,0.0008845000000015091
5,12,-0.9819105,0.052524000000000015,23.980002,0.0007915000000018324
5,13,-0.9817775000000001,0.06952899999999929,23.774612000000012,0.0006734999999977731
5,14,-0.9816266666666668,0.08710400000000007,23.544628666666668,0.0005336666666622136
5,15,-0.9814554999999997,0.11022400000000054,23.21923699999999,0.00037850000000005934
5,16,-0.9812625000000003,0.13801099999999877,22.800502000000023,0.00020449999999883062
5,17,-0.9810471666666668,0.17112400000000072,22.268540666666656,1.0166666665867297e-05
5,18,-0.9810150000000029,0.20865499999998427,21.630192000000296,0.0
5,19,-0.9807567999999997,0.25233300000000014,20.842696999999994,0.0
5,20,-0.9803753999999998,0.3066519999999997,19.808729000000003,0.0
5,21,-0.9800057499999992,0.36607000000000056,18.618520749999984,0.0
5,22,-0.980875000000001,0.43463900000000066,17.18291799999999,0.0
5,23,-0.9783589999999993,0.5142710000000008,15.418433999999978,0.0
5,24,-0.9778100000000016,0.6097830000000002,13.218913000000004,0.0
5,25,-0.9760419999999996,0.7322020000000009,10.272016999999977,0.0
5,26,-0.9726110000000006,0.8971599999999995,6.130912000000016,0.0
5,27,-0.9526729999999972,1.1399650000000001,-0.28170800000001606,0.0
5,28,-0.8953699999999998,1.5066740000000003,-10.469366000000008,0.0
5,29,-0.7508429999999997,2.087678999999998,-27.460140999999936,0.0
5,30,-0.4637469999999979,2.9922100000000036,-55.12702000000012,0.0
5,31,-0.029571999999994603,4.288944000000001,-96.19991500000003,0.0
6,0,-0.9826730000000001,0.0014799999999972613,24.411056000000002,0.00479699999999994
6,1,-0.9826619999999997,0.0024890000000006296,24.410002999999996,0.00477199999999911
6,2,-0.98264,0.004699500000000967,24.405493999999997,0.004735000000000156
6,3,-0.98264,0.004699500000000967,24.405493999999997,0.00475850000000122
6,4,-0.9825784285714286,0.004926000000001096,24.404341714285714,0.004627857142853742
6,5,-0.9825339999999999,0.006860999999998896,24.396113000000003,0.004548000000003327
6,6,-0.9824789999999999,0.011278000000000787,24.371568999999994,0.0044560000000046784
6,7,-0.9824078571428573,0.011775999999999343,24.367798428571433,0.0043187142857128435
6,8,-0.982323142857143,0.017563000000000883,24.326357571428566,0.004172285714282964
6,9,-0.9822207142857143,0.023549999999998406,24.277334857142872,0.003990428571430726
6,10,-0.9821143333333333,0.031136666666667142,24.20788466666666,0.0038036666666663166
6,11,-0.9820175000000001,0.04055300000000095,24.11275299999999,0.003644999999998788
6,12,-0.9819105,0.052524000000000015,23.980002,0.0034709999999975594
6,13,-0.9817775000000001,0.06952899999999929,23.774612000000012,0.0032560000000003697
6,14,-0.9816266666666668,0.08710400000000007,23.544628666666668,0.003010333333328674
6,15,-0.9814554999999997,0.11022400000000054,23.21923699999999,0.0027389999999982706
6,16,-0.9812625000000003,0.13801099999999877,22.800502000000023,0.0024319999999988795
6,17,-0.9810471666666668,0.17112400000000072,22.268540666666656,0.002091333333329004
6,18,-0.9807567999999997,0.2099460000000004,21.60566299999999,0.001871799999999979
6,19,-0.9803753999999998,0.25423999999999936,20.80455700000001,0.0015734000000016124
6,20,-0.9800057499999992,0.30850025000000253,19.769915749999946,0.0013207499999978722
6,21,-0.9792517499999995,0.36908599999999936,18.55141475000001,0.0007057500000016148
6,22,-0.9783589999999993,0.43821000000000154,17.09177599999996,3.0000000002416982e-05
6,23,-0.9778100000000016,0.5158209999999954,15.380039000000114,0.0
6,24,-0.9760419999999996,0.6120930000000016,13.154632999999961,0.0
6,25,-0.9698630000000001,0.7388930000000009,10.07384699999998,0.0
6,26,-0.9497660000000003,0.9177590000000002,5.481112999999997,0.0
6,27,-0.8921470000000014,1.1980669999999982,-2.1530919999999476,0.0
6,28,-0.7508429999999997,1.6481330000000014,-15.15285300000004,0.0
6,29,-0.4627110000000023,2.3747749999999996,-37.22762099999998,0.0
6,30,-0.017143000000000796,3.4353579999999972,-70.65793599999992,0.0
7,0,-0.9826730000000001,0.0014799999999972613,24.411056000000002,0.006966999999995949
7,1,-0.9826619999999997,0.0024890000000006296,24.410002999999996,0.006933000000000078
7,2,-0.98264,0.004699500000000967,24.405493999999997,0.006882000000000943
7,3,-0.98264,0.004699500000000967,24.405493999999997,0.006916499999999104
7,4,-0.9825784285714286,0.004926000000001096,24.404341714285714,0.006741285714284118
7,5,-0.9825339999999999,0.006860999999998896,24.396113000000003,0.006635000000006386
7,6,-0.9824789999999999,0.009424000000000987,24.382692999999993,0.006496000000002056
7,7,-0.9824078571428573,0.011775999999999343,24.367798428571433,0.006311571428568641
7,8,-0.982323142857143,0.02283299999999855,24.284197571428585,0.0061014285714264815
7,9,-0.9822207142857143,0.023549999999998406,24.277334857142872,0.00584514285714377
7,10,-0.9821143333333333,0.031136666666667142,24.20788466666666,0.005597999999999104
7,11,-0.9820175000000001,0.04055300000000095,24.11275299999999,0.005386500000000183
7,12,-0.9819105,0.052524000000000015,23.980002,0.005160499999998791
7,13,-0.9817775000000001,0.06952899999999929,23.774612000000012,0.004889500000000879
7,14,-0.9816266666666668,0.08710400000000007,23.544628666666668,0.0045699999999975205
7,15,-0.9814554999999997,0.11022400000000054,23.21923699999999,0.004219500000001375
7,16,-0.9812625000000003,0.13801099999999877,22.800502000000023,0.003824499999996789
7,17,-0.9810471666666668,0.17112400000000072,22.268540666666656,0.0033925000000003536
7,18,-0.9807567999999997,0.2099460000000004,21.60566299999999,0.0030216000000002907
7,19,-0.9803753999999998,0.25423999999999936,20.80455700000001,0.0024948000000009074
7,20,-0.9800057499999992,0.30850025000000253,19.769915749999946,0.0020634999999984416
7,21,-0.9792517499999995,0.36908599999999936,18.55141475000001,0.0009745000000016546
7,22,-0.9783589999999993,0.43821000000000154,17.09177599999996,0.0
7,23,-0.976583999999999,0.5182730000000006,15.316286999999978,0.0
7,24,-0.9703750000000007,0.6194319999999998,12.94449500000001,0.0
7,25,-0.9502680000000012,0.7602839999999986,9.421502000000043,0.0
7,26,-0.8926300000000005,0.976900999999998,3.600605000000055,0.0
7,27,-0.7509979999999992,1.3412770000000016,-6.866656000000045,0.0
7,28,-0.4627110000000023,1.9377279999999963,-24.990304999999882,0.0
7,29,-0.017143000000000796,2.820343000000001,-52.82250100000003,0.0
8,0,-0.9826730000000001,0.0014799999999972613,24.411056000000002,0.006750999999997731
8,1,-0.9826619999999997,0.001557000000001807,24.410934999999995,0.006716999999998308
8,2,-0.98264,0.004699500000000967,24.405493999999997,0.006654000000001048
8,3,-0.9825815714285717,0.004903999999999797,24.40444228571429,0.006672285714284243
8,4,-0.9825784285714286,0.004926000000001096,24.404341714285714,0.006478714285712783
8,5,-0.9825339999999999,0.009039000000001352,24.38522299999999,0.006352000000003244
8,6,-0.9824789999999999,0.011278000000000787,24.371568999999994,0.006193000000003224
8,7,-0.9824078571428573,0.011775999999999343,24.367798428571433,0.00597142857142785
8,8,-0.982323142857143,0.02283299999999855,24.284197571428585,0.005729571428570779
8,9,-0.9822207142857143,0.023549999999998406,24.277334857142872,0.005435857142856548
8,10,-0.9821143333333333,0.031136666666667142,24.20788466666666,0.005147333333336945
8,11,-0.9820175000000001,0.04055300000000095,24.11275299999999,0.004934000000002214
8,12,-0.9819105,0.052524000000000015,23.980002,0.004689000000002608
8,13,-0.9817775000000001,0.06952899999999929,23.774612000000012,0.004401999999998907
8,14,-0.9816266666666668,0.08710400000000007,23.544628666666668,0.004072666666665725
8,15,-0.9814554999999997,0.11022400000000054,23.21923699999999,0.0037070000000021253
8,16,-0.9812625000000003,0.13801099999999877,22.800502000000023,0.0032969999999963306
8,17,-0.9810471666666668,0.17112400000000072,22.268540666666656,0.0028476666666641393
8,18,-0.9807567999999997,0.2099460000000004,21.60566299999999,0.0024133999999982336
8,19,-0.9803753999999998,0.25423999999999936,20.80455700000001,0.0017612000000006844
8,20,-0.9800057499999992,0.30850025000000253,19.769915749999946,0.0013082499999974573
8,21,-0.9792517499999995,0.36908599999999936,18.55141475000001,0.00011225000000081309
8,22,-0.9782620000000009,0.43840399999999846,17.08682900000004,0.0
8,23,-0.9720469999999999,0.5238979999999991,15.15515300000002,0.0
8,24,-0.952064,0.6389819999999986,12.347118000000034,0.0
8,25,-0.8946359999999984,0.8175550000000023,7.600302999999933,0.0
8,26,-0.7530590000000004,1.1186399999999992,-1.0616059999999763,0.0
8,27,-0.46417399999999986,1.630465000000001,-16.682500000000026,0.0
8,28,-0.01679499999999834,2.384967000000003,-40.634409000000105,0.0
9,0,-0.9826730000000001,0.0014799999999972613,24.411056000000002,0.004273999999998779
9,1,-0.9826619999999997,0.0024890000000006296,24.410002999999996,0.004234999999997768
9,2,-0.98264,0.004699500000000967,24.405493999999997,0.004170999999999481
9,3,-0.9825815714285717,0.004903999999999797,24.40444228571429,0.004165857142858442
9,4,-0.9825784285714286,0.004926000000001096,24.404341714285714,0.004004142857141346
9,5,-0.9825339999999999,0.009039000000001352,24.38522299999999,0.0038750000000042917
9,6,-0.9824789999999999,0.009424000000000987,24.382692999999993,0.00371900000000025
9,7,-0.9824078571428573,0.011775999999999343,24.367798428571433,0.0035022857142870123
9,8,-0.982323142857143,0.017563000000000883,24.326357571428566,0.003261714285713424
9,9,-0.9822207142857143,0.023549999999998406,24.277334857142872,0.0029715714285707406
9,10,-0.9821143333333333,0.031136666666667142,24.20788466666666,0.0027076666666694393
9,11,-0.9820175000000001,0.04055300000000095,24.11275299999999,0.0025474999999985926
9,12,-0.9819105,0.052524000000000015,23.980002,0.002364500000002323
9,13,-0.9817775000000001,0.06952899999999929,23.774612000000012,0.002151499999996531
9,14,-0.9816266666666668,0.08710400000000007,23.544628666666668,0.0019033333333311475
9,15,-0.9814554999999997,0.11022400000000054,23.21923699999999,0.0016305000000009784
9,16,-0.9812625000000003,0.13801099999999877,22.800502000000023,0.0013245000000026153
9,17,-0.9810471666666668,0.17112400000000072,22.268540666666656,0.0009888333333343269
9,18,-0.9807567999999997,0.2099460000000004,21.60566299999999,0.0006281999999977472
9,19,-0.9803753999999998,0.25423999999999936,20.80455700000001,4.660000000100695e-05
9,20,-0.9800057499999992,0.3085002500000025,19.769915749999946,0.0
9,21,-0.9792517499999995,0.36908599999999936,18.55141475000001,0.0
9,22,-0.9731349999999992,0.4435310000000001,16.93301899999999,0.0
9,23,-0.9522390000000023,0.5426420000000007,14.564513000000005,0.0
9,24,-0.8962749999999993,0.6947709999999994,10.56187000000001,0.0
9,25,-0.7552270000000014,0.9575029999999991,2.9863310000000354,0.0
9,26,-0.4665379999999999,1.4067410000000002,-10.844400000000007,0.0
9,27,-0.01811800000000119,2.078211999999997,-32.340116999999914,0.0
10,0,-0.9826730000000001,0.0014799999999972613,24.411056000000002,0.0010759999999976344
10,1,-0.9826619999999997,0.0024890000000006296,24.410002999999996,0.0010519999999978324
10,2,-0.98264,0.004699500000000967,24.405493999999997,0.0010079999999987876
10,3,-0.9825815714285717,0.004903999999999797,24.40444228571429,0.00099042857142706
10,4,-0.9825784285714286,0.004926000000001096,24.404341714285714,0.0008875714285707659
10,5,-0.9825339999999999,0.006860999999998896,24.396113000000003,0.0007970000000021571
10,6,-0.9824789999999999,0.009424000000000987,24.382692999999993,0.0006850000000007128
10,7,-0.9824078571428573,0.011775999999999343,24.367798428571433,0.0005311428571417309
10,8,-0.982323142857143,0.017563000000000883,24.326357571428566,0.00035785714285552217
10,9,-0.9822207142857143,0.023549999999998406,24.277334857142872,0.0001492857142864068
10,10,-0.9821143333333333,0.031136666666667142,24.20788466666666,0.0
10,11,-0.9820175000000001,0.04055300000000095,24.11275299999999,0.0
10,12,-0.9819105,0.052524000000000015,23.980002,0.0
10,13,-0.9817775000000001,0.06952899999999929,23.774612000000012,0.0
10,14,-0.9816266666666668,0.08710400000000007,23.544628666666668,0.0
10,15,-0.9814554999999997,0.11022400000000054,23.21923699999999,0.0
10,16,-0.9812625000000003,0.13801099999999877,22.800502000000023,0.0
10,17,-0.9782869999999999,0.17112400000000072,22.240938999999987,0.0
10,18,-0.9773300000000003,0.2099460000000004,21.571394999999995,0.0
10,19,-0.9803753999999998,0.25423999999999936,20.80455700000001,0.0
10,20,-0.9782730000000015,0.3102330000000002,19.71966600000001,0.0
10,21,-0.9719620000000013,0.37539699999999954,18.353276000000022,0.0
10,22,-0.9522390000000023,0.46325399999999917,16.31104900000004,0.0
10,23,-0.89574,0.599141000000003,12.756544999999932,0.0
10,24,-0.7557660000000013,0.8347449999999981,5.937913000000059,0.0
10,25,-0.4681180000000005,1.244612,-6.775374999999997,0.0
10,26,-0.019808999999998633,1.854407000000002,-26.504277000000062,0.0
11,0,-0.9826730000000001,0.0014799999999972613,24.411056000000002,0.0
11,1,-0.98264,0.0026429999999990628,24.409607,0.0
11,2,-0.98264,0.004699500000000967,24.405493999999997,0.0
11,3,-0.9825815714285717,0.004903999999999797,24.40444228571429,0.0
11,4,-0.9825784285714286,0.004926000000001096,24.404341714285714,0.0
11,5,-0.9825339999999999,0.006860999999998896,24.396113000000003,0.0
11,6,-0.9824789999999999,0.009424000000000987,24.382692999999993,0.0
11,7,-0.9824078571428573,0.011775999999999343,24.367798428571433,0.0
11,8,-0.982323142857143,0.017563000000000883,24.326357571428566,0.0
11,9,-0.9822207142857143,0.023549999999998406,24.277334857142872,0.0
11,10,-0.9819999999999993,0.03125100000000103,24.20559799999998,0.0
11,11,-0.9815649999999998,0.04098800000000047,24.10344299999999,0.0
11,12,-0.9810730000000003,0.05301599999999951,23.96572300000001,0.0
11,13,-0.9805119999999992,0.07009000000000043,23.754663999999984,0.0
11,14,-0.9798569999999991,0.08775900000000014,23.51776199999999,0.0
11,15,-0.9791129999999999,0.11096799999999973,23.184652000000003,0.0
11,16,-0.9782869999999999,0.13883699999999877,22.757531000000018,0.0
11,17,-0.9773300000000003,0.17208100000000037,22.215099999999996,0.0
11,18,-0.9760500000000008,0.2112259999999999,21.53555500000001,0.0
11,19,-0.9736119999999993,0.25667800000000085,20.690600999999976,0.0
11,20,-0.9670629999999996,0.3167819999999999,19.476585999999998,0.0
11,21,-0.9473839999999996,0.39507599999999954,17.694237000000005,0.0
11,22,-0.8915549999999968,0.519083000000002,14.475970999999923,0.0
11,23,-0.7530520000000003,0.7376439999999995,8.144096000000015,0.0
11,24,-0.4675079999999987,1.1202889999999996,-3.797723000000005,0.0
11,25,-0.01988200000000262,1.6913739999999997,-22.42764899999996,0.0
12,0,-0.9776670000000003,0.0015569999999982542,24.355990000000006,0.0
12,1,-0.9776030000000002,0.0026429999999990628,24.354200000000006,0.0
12,2,-0.9774940000000001,0.004903999999999797,24.348479,0.0
12,3,-0.9772819999999989,0.005021000000001052,24.345700999999984,0.0
12,4,-0.9772020000000001,0.0051009999999998,24.344501,0.0
12,5,-0.9769810000000003,0.0070819999999987004,24.333925000000008,0.0
12,6,-0.9767020000000013,0.009703000000000017,24.317472000000016,0.0
12,7,-0.9763269999999995,0.012151000000001133,24.29828399999999,0.0
12,8,-0.975911,0.01797900000000041,24.252495999999997,0.0
12,9,-0.9754069999999988,0.024053999999999576,24.19784799999999,0.0
12,10,-0.9748099999999997,0.0318480000000001,24.120537999999996,0.0
12,11,-0.9741020000000002,0.041695999999999955,24.013562000000004,0.0
12,12,-0.9733210000000003,0.05379699999999943,23.87107900000001,0.0
12,13,-0.9724190000000004,0.07099200000000039,23.653914999999998,0.0
12,14,-0.971362000000001,0.08881599999999956,23.409519000000017,0.0
12,15,-0.9701710000000006,0.11215900000000012,23.068425000000005,0.0
12,16,-0.9688089999999985,0.14019900000000085,22.63148099999997,0.0
12,17,-0.9670819999999996,0.1738079999999993,22.073013000000007,0.0
12,18,-0.9641909999999996,0.2141169999999999,21.353067999999997,0.0
12,19,-0.957281,0.2635880000000004,20.379669999999994,0.0
12,20,-0.9375320000000009,0.336530999999999,18.75676500000003,0.0
12,21,-0.882356999999999,0.4502510000000015,15.820264999999957,0.0
12,22,-0.7457610000000017,0.6556789999999992,9.867125000000037,0.0
12,23,-0.4546840000000003,1.0200239999999994,-1.6413889999999824,0.0
12,24,-0.01988200000000262,1.6913739999999997,-22.427648999999963,0.0
13,0,-0.9665900000000001,0.0016210000000000946,24.223066000000003,0.0
13,1,-0.9664800000000007,0.0027519999999991995,24.22061500000001,0.0
13,2,-0.96631,0.005021000000001052,24.214036999999998,0.0
13,3,-0.9660199999999985,0.005206000000001154,24.209896999999977,0.0
13,4,-0.9658519999999999,0.005373999999999768,24.207209,0.0
13,5,-0.9655129999999996,0.007420999999999012,24.194614,0.0
13,6,-0.9650799999999986,0.010136000000001033,24.175409999999978,0.0
13,7,-0.9644919999999999,0.012738999999999834,24.152148,0.0
13,8,-0.9638439999999999,0.018627000000000393,24.102507999999997,0.0
13,9,-0.9630650000000003,0.024832999999999217,24.042733000000013,0.0
13,10,-0.962135,0.03277800000000042,23.959137999999996,0.0
13,11,-0.9610490000000009,0.04278199999999899,23.84498000000002,0.0
13,12,-0.9598230000000001,0.055023000000000266,23.694390999999996,0.0
13,13,-0.9584310000000009,0.07238399999999956,23.46796300000002,0.0
13,14,-0.9568019999999997,0.09044500000000077,23.211992999999985,0.0
13,15,-0.9549229999999991,0.11403800000000075,22.85726399999998,0.0
13,16,-0.9526180000000011,0.14250399999999885,22.400309000000032,0.0
13,17,-0.9491359999999993,0.17729000000000106,21.798466999999974,0.0
13,18,-0.941713,0.22153999999999918,20.949718000000015,0.0
13,19,-0.9217530000000007,0.2835479999999997,19.574094000000017,0.0
13,20,-0.8672069999999987,0.391077000000001,16.821944999999964,0.0
13,21,-0.7328490000000016,0.5846089999999986,11.20465100000005,0.0
13,22,-0.4546840000000003,0.9338440000000006,0.25457099999999144,0.0
13,23,-0.016194999999999737,1.458513,-16.988504000000006,0.0
14,0,-0.9498160000000002,0.001730999999999483,24.005004000000003,0.0
14,1,-0.9496509999999994,0.002921999999999869,24.00166799999999,0.0
14,2,-0.9493869999999998,0.005206000000001154,23.993667999999992,0.0
14,3,-0.9490110000000005,0.005478000000000094,23.987860000000005,0.0
14,4,-0.9487030000000001,0.005786000000000513,23.982624,0.0
14,5,-0.9481799999999989,0.007944000000000173,23.966669999999986,0.0
14,6,-0.9475300000000004,0.010785999999999518,23.94336000000001,0.0
14,7,-0.9466560000000008,0.013612999999999431,23.914162000000015,0.0
14,8,-0.9456860000000002,0.019597000000000975,23.858693999999996,0.0
14,9,-0.9445230000000002,0.025995999999999242,23.79122000000001,0.0
14,10,-0.943143000000001,0.03415799999999969,23.698442000000014,0.0
14,11,-0.9415279999999999,0.04439700000000002,23.573442,0.0
14,12,-0.9396839999999997,0.056867000000000445,23.41045599999999,0.0
14,13,-0.9376099999999994,0.07445799999999991,23.17032799999999,0.0
14,14,-0.9351579999999995,0.09289700000000067,22.896292999999986,0.0
14,15,-0.9321850000000005,0.11701099999999975,22.517075000000013,0.0
14,16,-0.9279759999999992,0.1467130000000001,22.012618999999987,0.0
14,17,-0.9198470000000007,0.18541899999999956,21.27951700000002,0.0
14,18,-0.8995639999999998,0.24182300000000012,20.036686999999993,0.0
14,19,-0.8455870000000001,0.3375249999999994,17.55837300000001,0.0
14,20,-0.7137070000000012,0.5229569999999999,12.188845000000018,0.0
14,21,-0.44065899999999836,0.8576570000000014,1.6721729999999457,0.0
14,22,-0.009028999999999954,1.365473999999999,-15.034803999999978,0.0
15,0,-0.9270139999999998,0.0018960000000021182,23.685775999999997,0.0
15,1,-0.9267580000000013,0.003185999999999467,23.680902000000017,0.0
15,2,-0.9263759999999994,0.003568000000001348,23.674789999999987,0.0
15,3,-0.9258600000000019,0.005889999999999063,23.662406000000033,0.0
15,4,-0.9253610000000005,0.006389000000000422,23.653424000000008,0.0
15,5,-0.9246020000000001,0.008703000000000571,23.632783,0.0
15,6,-0.9236599999999999,0.011727999999999739,23.603528,0.0
15,7,-0.9224009999999989,0.01487200000000044,23.56577899999998,0.0
15,8,-0.921005000000001,0.02099299999999893,23.501992000000023,0.0
15,9,-0.9193320000000007,0.0276689999999995,23.423489000000014,0.0
15,10,-0.9173460000000002,0.036144000000000176,23.317424000000003,0.0
15,11,-0.9150349999999996,0.04670800000000064,23.177118999999987,0.0
15,12,-0.9123909999999995,0.059511000000000536,22.996625999999985,0.0
15,13,-0.9093769999999992,0.07747200000000021,22.735883999999984,0.0
15,14,-0.9056810000000013,0.0965929999999986,22.431871000000037,0.0
15,15,-0.9006439999999998,0.12204800000000127,21.99994599999998,0.0
15,16,-0.891724,0.1556329999999999,21.362371000000003,0.0
15,17,-0.8709229999999994,0.20622000000000007,20.24096399999999,0.0
15,18,-0.8174729999999997,0.2952729999999999,17.925312999999996,0.0
15,19,-0.6882179999999991,0.46678,12.899361999999988,0.0
15,20,-0.4210459999999987,0.7901290000000003,2.748150999999975,0.0
15,21,0.017189999999999372,1.2807759999999995,-13.63832899999998,0.0
16,0,-0.8980930000000011,0.0021520000000023742,23.251961000000016,0.0
16,1,-0.8971669999999996,0.004116000000001563,23.23555899999999,0.0
16,2,-0.8971669999999996,0.005889999999999063,23.232010999999996,0.0
16,3,-0.8957250000000005,0.007242999999999,23.20546800000001,0.0
16,4,-0.8957250000000005,0.007242999999999,23.20546800000001,0.0
16,5,-0.8946620000000003,0.00976600000000083,23.178368,0.0
16,6,-0.8933309999999999,0.013059000000000154,23.140607,0.0
16,7,-0.891585000000001,0.016617999999999356,23.091317000000018,0.0
16,8,-0.8896370000000005,0.022940999999999434,23.01588800000001,0.0
16,9,-0.8873059999999988,0.030000000000001137,22.92211999999997,0.0
16,10,-0.8845539999999996,0.038895999999999376,22.798024,0.0
16,11,-0.8813429999999993,0.049919000000000935,22.636417999999978,0.0
16,12,-0.8776100000000007,0.06324399999999919,22.430115000000022,0.0
16,13,-0.873265,0.08181700000000092,22.13771899999999,0.0
16,14,-0.8673950000000001,0.10246299999999842,21.775401000000024,0.0
16,15,-0.8576069999999998,0.13183600000000162,21.207570999999973,0.0
16,16,-0.8362290000000012,0.17701099999999848,20.187898000000043,0.0
16,17,-0.7831980000000005,0.2592510000000008,18.023561999999995,0.0
16,18,-0.6567330000000009,0.4217379999999995,13.237843000000023,0.0
16,19,-0.3960100000000004,0.7275030000000005,3.562504999999998,0.0
16,20,0.03608400000000067,1.203329,-12.391693000000013,0.0
17,0,-0.863327,0.0025300000000001432,22.695704999999997,0.0
17,1,-0.8620270000000012,0.004875000000000185,22.67180100000002,0.0
17,2,-0.8620270000000012,0.00647799999999954,22.66859500000002,0.0
17,3,-0.8611239999999984,0.007312000000000651,22.65157599999997,0.0
17,4,-0.8600149999999989,0.008421000000000234,22.62939599999998,0.0
17,5,-0.8585519999999995,0.011229000000000156,22.593292999999992,0.0
17,6,-0.856738,0.014872999999999692,22.544235000000004,0.0
17,7,-0.8543979999999998,0.018957999999999586,22.479945,0.0
17,8,-0.8517509999999984,0.025588000000000832,22.388535999999966,0.0
17,9,-0.8486010000000004,0.033149999999999125,22.274490000000014,0.0
17,10,-0.8448869999999999,0.042609999999999815,22.126212000000002,0.0
17,11,-0.8405370000000012,0.05426899999999968,21.935672000000025,0.0
17,12,-0.835348999999999,0.06843200000000138,21.69168299999997,0.0
17,13,-0.8287420000000001,0.08842399999999984,21.339460000000006,0.0
17,14,-0.8181039999999999,0.11310099999999856,20.83781300000002,0.0
17,15,-0.7961300000000016,0.15381,19.894329000000027,0.0
17,16,-0.7434959999999986,0.22964500000000143,17.862025999999954,0.0
17,17,-0.5784020000000005,0.38293,12.60286800000001,0.0
17,18,-0.366064999999999,0.6754899999999999,4.0196189999999845,0.0
17,19,0.03608400000000067,1.129652,-10.991830000000013,0.0
18,0,-0.8231659999999996,0.0030709999999984916,22.012967999999994,0.0
18,1,-0.8224059999999991,0.004875000000000185,21.998243999999985,0.0
18,2,-0.8213869999999996,0.007312000000000651,21.97604699999999,0.0
18,3,-0.8201860000000014,0.008466999999999558,21.952119000000025,0.0
18,4,-0.8186490000000006,0.011229000000000156,21.91494200000001,0.0
18,5,-0.8166900000000004,0.013188000000000422,21.871844000000003,0.0
18,6,-0.8142740000000002,0.017288999999999888,21.807851000000003,0.0
18,7,-0.8112050000000002,0.022026999999999575,21.724181000000005,0.0
18,8,-0.8077110000000012,0.02908199999999983,21.611904000000024,0.0
18,9,-0.8035560000000004,0.03730499999999992,21.47133000000001,0.0
18,10,-0.7986449999999996,0.05426899999999968,21.223507999999995,0.0
18,11,-0.7927819999999999,0.06013199999999941,21.059344000000003,0.0
18,12,-0.7852760000000005,0.07593800000000073,20.75037,0.0
18,13,-0.7739320000000003,0.09976800000000008,20.260218000000005,0.0
18,14,-0.751409999999999,0.13562299999999983,19.388706999999986,0.0
18,15,-0.6991929999999993,0.20602699999999974,17.46314499999999,0.0
18,16,-0.5784020000000005,0.3504360000000002,13.122772000000007,0.0
18,17,-0.3318570000000012,0.6294749999999993,4.220338000000032,0.0
18,18,0.05830399999999969,1.0656510000000008,-10.217552000000008,0.0
19,0,-0.778232,0.003831000000001694,21.204156,0.0
19,1,-0.7771970000000001,0.005893999999999622,21.183463000000003,0.0
19,2,-0.7758469999999997,0.007244000000000028,21.156462999999995,0.0
19,3,-0.7742779999999998,0.010019999999999918,21.1211,0.0
19,4,-0.772208,0.012089999999999712,21.075560000000003,0.0
19,5,-0.7696420000000002,0.015754000000000268,21.012150000000002,0.0
19,6,-0.7664960000000001,0.02043499999999998,20.928971,0.0
19,7,-0.7625649999999995,0.025958000000000148,20.82114399999999,0.0
19,8,-0.7580459999999993,0.03360099999999999,20.681781999999988,0.0
19,9,-0.7526809999999999,0.04266999999999932,20.507295000000006,0.0
19,10,-0.7462299999999997,0.0539720000000008,20.283007999999988,0.0
19,11,-0.7380419999999992,0.06831999999999994,19.983955999999985,0.0
19,12,-0.7258339999999999,0.08814600000000006,19.533918,0.0
19,13,-0.7029240000000003,0.12267799999999962,18.684244000000014,0.0
19,14,-0.651224,0.18732300000000013,16.861559,0.0
19,15,-0.5333860000000001,0.3238649999999996,12.711049000000008,0.0
19,16,-0.294295,0.5895270000000004,4.183389999999994,0.0
19,17,0.08331599999999995,1.0070859999999993,-9.672162999999989,0.0
20,0,-0.7293109999999992,0.004865999999999815,20.274656999999983,0.0
20,1,-0.7261790000000001,0.00900100000000048,20.209257,0.0
20,2,-0.7261790000000001,0.010019999999999918,20.207219000000002,0.0
20,3,-0.7241179999999998,0.012089999999999712,20.161849999999998,0.0
20,4,-0.7214239999999998,0.014783999999999686,20.099888,0.0
20,5,-0.7181310000000005,0.019046999999999592,20.016976000000014,0.0
20,6,-0.7141150000000005,0.024451,19.90963600000001,0.0
20,7,-0.7091700000000003,0.030903000000000347,19.772024000000002,0.0
20,8,-0.7034270000000005,0.039343999999999824,19.59807700000001,0.0
20,9,-0.69651,0.049586999999999826,19.377793,0.0
20,10,-0.6877340000000007,0.06274800000000003,19.083824000000014,0.0
20,11,-0.6749560000000008,0.08109799999999989,18.644764000000016,0.0
20,12,-0.6515410000000008,0.12267799999999962,17.70796700000002,0.0
20,13,-0.6005089999999997,0.1737100000000007,16.074942999999987,0.0
20,14,-0.485722,0.3021099999999999,12.110003000000003,0.0
20,15,-0.25420700000000007,0.5553799999999995,3.933923000000008,0.0
20,16,0.1104459999999996,0.95418,-9.341136999999993,0.0
21,0,-0.6772300000000007,0.006240999999999275,19.233037000000014,0.0
21,1,-0.6731800000000003,0.011248000000000147,19.144783000000007,0.0
21,2,-0.6731800000000003,0.01208100000000023,19.143117000000007,0.0
21,3,-0.6705100000000002,0.014783999999999686,19.081608000000003,0.0
21,4,-0.6670879999999997,0.018206000000000166,18.99947999999999,0.0
21,5,-0.6629299999999994,0.02320499999999992,18.89216599999999,0.0
21,6,-0.6578839999999992,0.030903000000000347,18.746303999999984,0.0
21,7,-0.6517309999999998,0.037055999999999756,18.580173,0.0
21,8,-0.6444520000000002,0.046622999999999415,18.36034500000001,0.0
21,9,-0.6352379999999993,0.05880100000000077,18.06942699999998,0.0
21,10,-0.6219829999999993,0.07600300000000004,17.636253999999987,0.0
21,11,-0.5983649999999994,0.10471599999999981,16.853145999999988,0.0
21,12,-0.5478929999999993,0.1620330000000001,15.162746999999984,0.0
21,13,-0.43626900000000024,0.28533399999999975,11.339031000000007,0.0
21,14,-0.21239700000000017,0.525982,3.5092950000000043,0.0
21,15,0.13909400000000005,0.9068709999999998,-9.204462,0.0
22,0,-0.6228169999999995,0.008043999999998164,18.09036399999999,0.0
22,1,-0.6176649999999997,0.01408900000000024,17.973285999999995,0.0
22,2,-0.6176649999999997,0.01408900000000024,17.973285999999995,0.0
22,3,-0.6142630000000002,0.018152999999999864,17.890314000000004,0.0
22,4,-0.6099800000000002,0.02320499999999992,17.780216000000006,0.0
22,5,-0.6048080000000002,0.029497000000000106,17.640144000000006,0.0
22,6,-0.5985500000000004,0.037055999999999756,17.46337200000001,0.0
22,7,-0.5909000000000004,0.04470599999999969,17.249172000000012,0.0
22,8,-0.5813539999999993,0.05880100000000077,16.93786299999998,0.0
22,9,-0.5677790000000007,0.07600300000000004,16.497970000000016,0.0
22,10,-0.5440510000000005,0.09973100000000024,15.762402000000009,0.0
22,11,-0.4944090000000001,0.15435800000000022,14.124008,0.0
22,12,-0.38580400000000026,0.28533399999999975,10.279266000000009,0.0
22,13,-0.16959199999999974,0.5015460000000003,2.928057999999991,0.0
22,14,0.16870099999999955,0.8642749999999992,-9.229864999999979,0.0
23,0,-0.566964,0.010354999999997005,16.861598,0.0
23,1,-0.5640459999999998,0.01408900000000024,16.793667999999997,0.0
23,2,-0.556222,0.02242500000000014,16.600596,0.0
23,3,-0.556222,0.022489000000000203,16.600403999999997,0.0
23,4,-0.5509270000000002,0.02778400000000003,16.462734000000005,0.0
23,5,-0.5445519999999999,0.03575499999999998,16.283222000000002,0.0
23,6,-0.5367860000000002,0.0435209999999997,16.065774000000008,0.0
23,7,-0.5269409999999999,0.054551000000000016,15.773158999999996,0.0
23,8,-0.5131490000000003,0.07237599999999933,15.328753000000013,0.0
23,9,-0.48945299999999925,0.09973100000000024,14.561245999999981,0.0
23,10,-0.44068599999999947,0.15435800000000022,12.942101999999986,0.0
23,11,-0.3352409999999999,0.2598029999999998,9.462417,0.0
23,12,-0.12645000000000017,0.5015460000000003,1.9789340000000006,0.0
23,13,0.22883999999999993,0.826759,-10.095291999999997,0.0
24,0,-0.5104740000000003,0.013272999999999868,15.562328000000008,0.0
24,1,-0.5024379999999997,0.02203500000000025,15.364343999999992,0.0
24,2,-0.4971519999999998,0.02771100000000004,15.226127999999996,0.0
24,3,-0.4971519999999998,0.02778400000000003,15.225908999999996,0.0
24,4,-0.49066199999999993,0.034273999999999916,15.050678999999999,0.0
24,5,-0.48279400000000017,0.04261999999999988,14.828463000000005,0.0
24,6,-0.47284999999999977,0.053465000000000096,14.535581999999994,0.0
24,7,-0.4588829999999997,0.06851800000000008,14.110055999999993,0.0
24,8,-0.43529300000000015,0.09355099999999972,13.368665000000005,0.0
24,9,-0.38747900000000035,0.14388600000000018,11.818449000000006,0.0
24,10,-0.28512700000000013,0.2598029999999998,8.309795000000005,0.0
24,11,-0.08366200000000035,0.46126799999999957,1.459985000000013,0.0
24,12,0.22883999999999993,0.7919309999999999,-9.677355999999998,0.0
25,0,-0.45408399999999993,0.016914999999999125,14.208967999999999,0.0
25,1,-0.4495939999999998,0.02203500000000025,14.096087999999995,0.0
25,2,-0.44420800000000016,0.02771100000000004,13.955472000000004,0.0
25,3,-0.43772500000000036,0.034273999999999916,13.78019100000001,0.0
25,4,-0.42975699999999994,0.042242000000000335,13.557086999999997,0.0
25,5,-0.41974199999999984,0.05263499999999999,13.265139999999995,0.0
25,6,-0.40574900000000014,0.06851800000000008,12.834840000000003,0.0
25,7,-0.382304,0.09196300000000024,12.108044999999997,0.0
25,8,-0.335442,0.14388600000000018,10.569561,0.0
25,9,-0.23611300000000002,0.25085000000000024,7.222988999999998,0.0
25,10,-0.041682999999999915,0.44528000000000034,0.6123689999999948,0.0
25,11,0.25848099999999974,0.7614319999999992,-10.053250999999985,0.0
26,0,-0.39844999999999997,0.021404999999999674,12.818118,0.0
26,1,-0.39296299999999995,0.027420999999999918,12.674926999999999,0.0
26,2,-0.38640300000000005,0.03398099999999982,12.497807000000002,0.0
26,3,-0.37843800000000005,0.042242000000000335,12.274111999999999,0.0
26,4,-0.3683460000000003,0.0523340000000001,11.981444000000007,0.0
26,5,-0.35436000000000023,0.06662100000000004,11.560660000000006,0.0
26,6,-0.33113499999999974,0.09068300000000029,10.836499999999992,0.0
26,7,-0.28520800000000035,0.13788999999999962,9.359156000000011,0.0
26,8,-0.1887369999999997,0.24321500000000018,6.107303999999992,0.0
26,9,-0.0010040000000000049,0.44528000000000034,-0.4046060000000029,0.0
26,10,0.2873739999999998,0.7336580000000001,-10.497835999999996,0.0
27,0,-0.3440850000000002,0.02689199999999836,11.404628000000006,0.0
27,1,-0.3374290000000002,0.03354799999999969,11.224916000000006,0.0
27,2,-0.3294079999999999,0.042002000000000095,10.999894999999997,0.0
27,3,-0.3193389999999998,0.0523340000000001,10.707261999999995,0.0
27,4,-0.30534399999999984,0.06632900000000008,10.287411999999996,0.0
27,5,-0.28235399999999977,0.08961100000000011,9.573553999999994,0.0
27,6,-0.23732900000000035,0.13570799999999972,8.12739400000001,0.0
27,7,-0.14352699999999974,0.23169200000000023,5.018835999999991,0.0
27,8,0.03796199999999983,0.4309479999999999,-1.2887339999999945,0.0
27,9,0.315207,0.7336580000000001,-11.221494,0.0
28,0,-0.2913629999999998,0.03354799999999969,9.981133999999996,0.0
28,1,-0.28325599999999995,0.042002000000000095,9.753790999999998,0.0
28,2,-0.27314700000000003,0.05222799999999994,9.460396,0.0
28,3,-0.25922899999999993,0.06632900000000008,9.042306999999997,0.0
28,4,-0.23643100000000006,0.08912699999999996,8.335569000000001,0.0
28,5,-0.19224200000000025,0.13379999999999992,6.919585000000007,0.0
28,6,-0.10089199999999998,0.23169200000000023,3.867690999999998,0.0
28,7,0.07482199999999972,0.4183729999999999,-2.1833539999999916,0.0
28,8,0.3417119999999998,0.7081930000000001,-11.707943999999994,0.0
29,0,-0.2404219999999999,0.04165500000000044,8.554785999999996,0.0
29,1,-0.23024899999999993,0.05211100000000002,8.259485999999997,0.0
29,2,-0.21634599999999993,0.06601400000000002,7.842395999999997,0.0
29,3,-0.19379100000000005,0.08912699999999996,7.141649000000001,0.0
29,4,-0.1503319999999999,0.13379999999999992,5.746104999999997,0.0
29,5,-0.061198000000000086,0.22705799999999998,2.7840630000000024,0.0
29,6,0.10927500000000023,0.40740599999999993,-3.0712690000000062,0.0
29,7,0.366641,0.685263,-12.222515999999999,0.0
30,0,-0.190944,0.05182799999999954,7.119924,0.0
30,1,-0.17702600000000013,0.06574599999999986,6.702384000000004,0.0
30,2,-0.15463300000000002,0.08840700000000012,6.007933,0.0
30,3,-0.11187799999999992,0.1325860000000001,4.635794999999997,0.0
30,4,-0.02468300000000001,0.219781,1.7583600000000004,0.0
30,5,0.141092,0.3975310000000003,-3.9347120000000015,0.0
30,6,0.3898139999999999,0.6647719999999997,-12.751095999999997,0.0
31,0,-0.14143100000000008,0.06574599999999986,5.634534000000003,0.0
31,1,-0.11915799999999988,0.08840700000000012,4.9436829999999965,0.0
31,2,-0.07696300000000011,0.13145600000000002,3.5917350000000035,0.0
31,3,0.00847500000000001,0.219781,0.7636199999999997,0.0
31,4,0.17010999999999998,0.38870899999999975,-4.761141999999998,0.0
31,5,0.4110910000000003,0.6462530000000002,-13.27829200000001,0.0
32,0,-0.08742300000000003,0.08801900000000007,3.960286000000001,0.0
32,1,-0.045692999999999984,0.12974900000000034,2.6249259999999994,0.0
32,2,0.038277000000000116,0.21689400000000014,-0.15158100000000396,0.0
32,3,0.19624200000000003,0.37485900000000005,-5.522391000000001,0.0
32,4,0.43038799999999977,0.6296900000000001,-13.793683999999994,0.0
33,0,-0.018013999999999974,0.12974900000000011,1.7391979999999991,0.0
33,1,0.06470399999999987,0.21457199999999998,-0.9926009999999958,0.0
33,2,0.21954499999999988,0.37485900000000005,-6.268086999999996,0.0
33,3,0.4476709999999997,0.6155619999999997,-14.29022799999999,0.0
34,0,0.08787499999999993,0.21246699999999996,-1.7551389999999976,0.0
34,1,0.24004599999999998,0.369413,-6.933727999999999,0.0
34,2,0.4630010000000002,0.6029849999999999,-14.758387000000006,0.0
35,0,0.25788600000000006,0.36463800000000113,-7.5355130000000035,0.0
35,1,0.4764139999999999,0.5923680000000002,-15.193194999999996,0.0
36,0,0.488027,0.5831659999999985,-15.590447999999999,0.0
