0,0,-0.8787865000000004,1.025652000000001,21.932896,0.0
0,1,-0.8787865000000004,1.025652000000001,21.932896,0.0
0,2,-0.8762284999999999,1.1169389999999986,21.841609000000002,0.0
0,3,-0.873547499999999,1.2046400000000013,21.666206999999996,0.0
0,4,-0.8711824999999997,1.3039360000000002,21.368319,0.0
0,5,-0.8686505000000011,1.398695,20.989283,0.0
0,6,-0.8662255000000005,1.4899060000000013,20.533227999999994,0.0
0,7,-0.8640260000000008,1.5967879999999965,19.891936000000022,0.0
0,8,-0.8617084999999989,1.7060840000000042,19.12686399999997,0.0
0,9,-0.8594275000000007,1.8280029999999954,18.15151200000004,0.0
0,10,-0.8567544999999974,1.9545510000000021,17.01257999999998,0.0
0,11,-0.8547380000000011,2.100890999999997,15.549180000000028,0.0
0,12,-0.8524549999999991,2.2545670000000015,13.85874399999998,0.0
0,13,-0.8501820000000002,2.426712000000002,11.793003999999975,0.0
0,14,-0.8478184999999989,2.626773,9.192211,0.0
0,15,-0.8453690000000016,2.849980000000002,6.06731299999997,0.0
0,16,-0.843017500000002,3.1121750000000006,2.134387999999994,0.0
0,17,-0.8398820000000029,3.390330999999996,-2.316107999999936,0.0
0,18,-0.8370874999999991,3.718487000000003,-7.894760000000055,0.0
0,19,-0.8338909999999977,4.089126,-14.566262000000009,0.0
0,20,-0.8301295000000017,4.5000809999999944,-22.37440699999989,0.0
0,21,-0.8261874999999961,5.011756000000005,-32.60790700000011,0.0
0,22,-0.8218650000000025,5.662345999999999,-46.270296999999985,0.0
0,23,-0.816547000000007,6.5290839999999974,-65.33853299999993,0.0
0,24,-0.8076099999999968,7.612876,-90.265749,0.0
0,25,-0.7921750000000003,9.10521,-126.08176499999999,0.0
0,26,-0.7643469999999866,11.195037999999997,-178.32746499999996,0.0
0,27,-0.7154579999999839,14.315742,-259.465769,0.0
0,28,-0.6587289999998802,19.952682999999993,-411.6631759999999,0.0
0,29,-0.5888830000000098,31.056869000000006,-722.5803840000002,0.0
0,30,-0.6482390000001033,54.03123500000001,-1388.8369980000002,0.0
0,31,-0.6482390000001033,106.899948,-2974.8983879999996,0.0
1,0,-0.8787865000000004,1.025652000000001,21.932896,0.026825500000001057
1,1,-0.8762284999999999,1.030768000000002,21.92778,0.026323500000000166
1,2,-0.873547499999999,1.1223010000000002,21.830885,0.02583950000000179
1,3,-0.8711824999999997,1.2093699999999998,21.652017,0.025465499999999253
1,4,-0.8686505000000011,1.3089999999999975,21.34806300000001,0.025117500000000348
1,5,-0.8662255000000005,1.4035450000000012,20.965032999999995,0.024872499999998965
1,6,-0.8640260000000008,1.4943050000000007,20.506833999999998,0.024751999999997665
1,7,-0.8617084999999989,1.6014230000000005,19.859490999999995,0.024615499999999457
1,8,-0.8594275000000007,1.7106460000000006,19.090367999999998,0.024582499999999285
1,9,-0.8567544999999974,1.833349000000002,18.10339799999998,0.024520499999997725
1,10,-0.8547380000000011,1.9585839999999948,16.972250000000052,0.02471699999999899
1,11,-0.8524549999999991,2.1054570000000012,15.498953999999983,0.02489100000000377
1,12,-0.8501820000000002,2.2591129999999993,13.804192000000008,0.025101000000002927
1,13,-0.8478184999999989,2.4314390000000046,11.731552999999941,0.025537499999995106
1,14,-0.8453690000000016,2.6316719999999947,9.123625000000075,0.02592300000000236
1,15,-0.843017500000002,2.8546830000000014,5.996767999999982,0.026363500000002205
1,16,-0.8398820000000029,3.1184459999999987,2.034052000000024,0.026778999999997666
1,17,-0.8370874999999991,3.395920000000004,-2.4111210000000654,0.027326499999997367
1,18,-0.8338910000000013,3.724879999999999,-8.009833999999977,0.02803199999999606
1,19,-0.8301295000000017,4.096648999999999,-14.709198999999984,0.02872650000000121
1,20,-0.8261874999999961,4.507965000000006,-22.532087000000118,0.02947950000000077
1,21,-0.8218650000000025,5.020400999999993,-32.78945199999984,0.030338999999997895
1,22,-0.8165469999999999,5.672982000000005,-46.5042890000001,0.03112399999999127
1,23,-0.8076099999999968,6.546958000000004,-65.74963500000007,0.03068499999999119
1,24,-0.7921750000000003,7.643745999999993,-91.00662899999983,0.028046000000003346
1,25,-0.7643470000000008,9.160865999999999,-127.47316499999997,0.020808999999999855
1,26,-0.7154579999999839,11.292816000000002,-180.8696930000001,0.005680000000012342
1,27,-0.6587289999999655,14.42920000000003,-262.52913500000085,0.0
1,28,-0.5888830000000667,20.056227999999972,-414.5624359999992,0.0
1,29,-0.5153040000000146,31.130448,-724.7141750000001,0.0
1,30,-0.43220600000000786,53.89829999999998,-1385.0649809999995,0.0
2,0,-0.8787865000000004,1.025652000000001,21.932896,0.0
2,1,-0.8762284999999999,1.030768000000002,21.92778,0.0
2,2,-0.873547499999999,1.1223010000000002,21.830885,0.0
2,3,-0.8711824999999997,1.2093699999999998,21.652017,0.0
2,4,-0.8686505000000011,1.3089999999999975,21.34806300000001,0.0
2,5,-0.8662255000000005,1.4035450000000012,20.965032999999995,0.0
2,6,-0.8640260000000008,1.4943050000000007,20.506833999999998,0.0
2,7,-0.8617084999999989,1.6014230000000005,19.859490999999995,0.0
2,8,-0.8594275000000007,1.7106460000000006,19.090367999999998,0.0
2,9,-0.8567544999999974,1.833349000000002,18.10339799999998,0.0
2,10,-0.8547380000000011,1.9585839999999948,16.972250000000052,0.0
2,11,-0.8524549999999991,2.1054570000000012,15.498953999999983,0.0
2,12,-0.8501820000000002,2.2591129999999993,13.804192000000008,0.0
2,13,-0.8478184999999989,2.4314390000000046,11.731552999999941,0.0
2,14,-0.8453690000000016,2.6316719999999947,9.123625000000075,0.0
2,15,-0.843017500000002,2.8546830000000014,5.996767999999982,0.0
2,16,-0.8090559999999982,3.1184459999999987,1.9724000000000146,0.0
2,17,-0.8370874999999991,3.395920000000004,-2.4111210000000654,0.0
2,18,-0.8057829999999981,3.724879999999999,-8.066049999999983,0.0
2,19,-0.8042110000000022,4.096648999999999,-14.761035999999983,0.0
2,20,-0.8022920000000013,4.507965000000006,-22.579878000000107,0.0
2,21,-0.799987999999999,5.020400999999993,-32.83320599999985,0.0
2,22,-0.8165469999999999,5.672982000000005,-46.5042890000001,0.0
2,23,-0.8076099999999968,6.546958000000004,-65.74963500000007,0.0
2,24,-0.7921750000000003,7.643745999999993,-91.00662899999983,0.0
2,25,-0.7643470000000008,9.160865999999999,-127.47316499999997,0.0
2,26,-0.7154579999999839,11.292816000000002,-180.8696930000001,0.0
2,27,-0.6225820000000084,14.465346999999994,-263.54125099999976,0.0
2,28,-0.4066079999999914,20.154326999999995,-417.57565899999986,0.0
2,29,-0.24102700000000254,31.189026000000013,-726.8783930000004,0.0
3,0,-0.8522029999999994,1.030768000000002,21.879728999999998,0.0
3,1,-0.8476160000000021,1.0353549999999991,21.865968000000006,0.0
3,2,-0.8429889999999993,1.126928000000003,21.760513999999993,0.0
3,3,-0.8389130000000016,1.2134459999999976,21.57525000000001,0.0
3,4,-0.834819999999997,1.313093000000002,21.264029999999984,0.0
3,5,-0.8311919999999979,1.4071730000000002,20.876825999999994,0.0
3,6,-0.8282050000000005,1.497291999999998,20.417270000000013,0.0
3,7,-0.8251460000000002,1.6044820000000009,19.764952999999995,0.0
3,8,-0.8223540000000007,1.713438,18.993885000000002,0.0
3,9,-0.8192410000000052,1.8364619999999974,18.000354000000037,0.0
3,10,-0.8174629999999965,1.9603620000000035,16.879919999999956,0.0
3,11,-0.8153689999999969,2.107551000000001,15.401747999999984,0.0
3,12,-0.8135869999999983,2.260894999999998,13.70961800000002,0.0
3,13,-0.8118630000000024,2.4331630000000004,11.637230000000002,0.0
3,14,-0.810257,2.633277999999997,9.030917000000038,0.0
3,15,-0.8090559999999982,2.855884000000003,5.910829999999947,0.0
3,16,-0.8069309999999987,3.120570999999998,1.9341500000000238,0.0
3,17,-0.8057829999999981,3.3970680000000044,-2.4932460000000773,0.0
3,18,-0.7165290000000013,3.7264519999999948,-8.360535999999904,0.0
3,19,-0.7159149999999954,4.098568,-15.06046600000002,0.0
3,20,-0.715091000000001,4.510269000000008,-22.885257000000152,0.0
3,21,-0.7974849999999947,5.022903999999997,-32.89077499999995,0.0
3,22,-0.7928169999999994,5.67765,-46.654444999999996,0.0
3,23,-0.7793040000000104,6.560470999999993,-66.11704599999979,0.0
3,24,-0.7494360000000029,7.673614000000001,-91.80893900000001,0.0
3,25,-0.688445999999999,9.221856000000002,-129.14971700000007,0.0
3,26,-0.5221099999999979,11.404899,-184.22480000000002,0.0
3,27,-0.3367379999999969,14.635102000000003,-268.76619400000004,0.0
3,28,-0.24102700000000254,20.319907999999984,-422.54308899999955,0.0
4,0,-0.775030000000001,1.0353549999999991,21.648210000000002,0.0
4,1,-0.7683259999999983,1.0420590000000018,21.62139399999999,0.0
4,2,-0.761999000000003,1.1332549999999983,21.504890000000014,0.0
4,3,-0.7559550000000002,1.2194900000000004,21.308244,0.0
4,4,-0.750116000000002,1.3189320000000002,20.986562000000006,0.0
4,5,-0.7450260000000029,1.4122629999999994,20.592878000000013,0.0
4,6,-0.7407459999999979,1.501572000000003,20.129212999999975,0.0
4,7,-0.7366670000000006,1.6085609999999981,19.470963000000015,0.0
4,8,-0.7330469999999991,1.7170580000000015,18.697003999999986,0.0
4,9,-0.7295679999999969,1.8399409999999996,17.700023999999992,0.0
4,10,-0.7273600000000044,1.962569999999996,16.587531000000055,0.0
4,11,-0.7250100000000046,2.1099010000000007,15.104821000000008,0.0
4,12,-0.7229770000000002,2.2629280000000023,13.413391999999973,0.0
4,13,-0.7213210000000032,2.4348189999999974,11.344076000000044,0.0
4,14,-0.7198950000000011,2.6347039999999993,8.739867000000011,0.0
4,15,-0.7186009999999996,2.8571780000000047,5.62005499999993,0.0
4,16,-0.7168689999999955,3.1223030000000023,1.6362519999999492,0.0
4,17,-0.7165290000000013,3.3974079999999987,-2.76678799999997,0.0
4,18,-0.6034590000000009,3.7270660000000007,-8.823254000000006,0.0
4,19,-0.715091000000001,4.099391999999995,-15.078593999999896,0.0
4,20,-0.7129970000000014,4.512363000000008,-22.933419000000143,0.0
4,21,-0.7103270000000066,5.025573999999992,-33.208318999999804,0.0
4,22,-0.7017060000000015,5.686271000000005,-47.1174400000001,0.0
4,23,-0.5363920000000064,6.6261519999999905,-68.49850499999975,0.0
4,24,-0.5363920000000064,7.726051999999996,-93.79620499999987,0.0
4,25,-0.44478599999999346,9.325760000000002,-132.5556210000001,0.0
4,26,-0.3367379999999969,11.590271000000001,-189.60058800000004,0.0
4,27,-0.03463800000000106,14.853133999999997,-275.6434259999999,0.0
5,0,-0.6789039999999993,1.0420590000000018,21.263705999999996,0.0
5,1,-0.6696130000000018,1.0513499999999993,21.217251000000008,0.0
5,2,-0.6608619999999981,1.142006000000002,21.082839999999987,0.0
5,3,-0.6524979999999978,1.2278540000000007,20.869323999999988,0.0
5,4,-0.644563999999999,1.326865999999999,20.532618,0.0
5,5,-0.6376530000000002,1.4191739999999982,20.12883100000001,0.0
5,6,-0.6318260000000002,1.507399000000003,19.658570999999984,0.0
5,7,-0.6263970000000008,1.6139899999999976,18.99188000000002,0.0
5,8,-0.6216780000000028,1.7217769999999994,18.213776000000017,0.0
5,9,-0.6175940000000004,1.844025000000002,17.215371999999984,0.0
5,10,-0.6144639999999981,1.9656999999999982,16.104647000000007,0.0
5,11,-0.6115449999999996,2.1128199999999993,14.618852000000004,0.0
5,12,-0.6092409999999973,2.2652320000000046,12.930799999999934,0.0
5,13,-0.6073609999999974,2.4366989999999973,10.863796000000022,0.0
5,14,-0.6059639999999931,2.6361010000000036,8.264584999999919,0.0
5,15,-0.604537999999998,2.8586039999999997,5.142412999999998,0.0
5,16,-0.603233000000003,3.1236079999999973,1.160828000000059,0.0
5,17,-0.603233000000003,3.397182000000001,-3.2163559999999976,0.0
5,18,-0.4719960000000043,3.7273560000000003,-9.485498999999983,0.0
5,19,-0.47142800000000307,4.100178,-16.199702999999978,0.0
5,20,-0.6001930000000044,4.515121000000001,-23.43979499999999,0.0
5,21,-0.5950929999999914,5.030674000000005,-33.77635500000014,0.0
5,22,-0.5788189999999958,5.702545000000001,-47.96701600000003,0.0
5,23,-0.42346200000000067,6.6261519999999905,-69.06315499999978,0.0
5,24,-0.34689299999999434,7.817658000000009,-96.85063800000023,0.0
5,25,-0.19197100000000944,9.495941000000002,-137.90404,0.0
5,26,0.02238399999998819,11.830237999999994,-197.33323999999982,0.0
6,0,-0.5665279999999981,1.0513499999999993,20.70182599999999,0.0
6,1,-0.5542979999999993,1.0635799999999982,20.628445999999997,0.0
6,2,-0.5427910000000011,1.1535130000000002,20.469471000000006,0.0
6,3,-0.5319080000000014,1.2387370000000004,20.233725000000007,0.0
6,4,-0.5217339999999986,1.3370400000000018,19.877771999999986,0.0
6,5,-0.5127469999999974,1.4281609999999993,19.45936599999999,0.0
6,6,-0.5048160000000017,1.5153299999999987,18.975935000000018,0.0
6,7,-0.4978789999999975,1.6209270000000018,18.300730999999974,0.0
6,8,-0.4918949999999995,1.7277609999999974,17.516989000000017,0.0
6,9,-0.4870660000000022,1.8488539999999993,16.519271000000018,0.0
6,10,-0.4828910000000022,1.9698749999999983,15.405032000000027,0.0
6,11,-0.4795039999999986,2.116207000000003,13.92138999999996,0.0
6,12,-0.4768790000000038,2.2678569999999993,12.23749000000003,0.0
6,13,-0.474812,2.438766000000001,10.174179999999986,0.0
6,14,-0.47317200000000526,2.6377409999999983,7.577665000000053,0.0
6,15,-0.4719470000000001,2.859829000000005,4.461082999999931,0.0
6,16,-0.47142399999999895,3.1241309999999984,0.49341500000002014,0.0
6,17,-0.47142399999999895,3.3966939999999965,-3.8675929999999497,0.0
6,18,-0.32696199999999465,3.7272719999999993,-10.354191000000021,0.0
6,19,-0.32696199999999465,4.100178,-17.06649900000003,0.0
6,20,-0.3253249999999994,4.519523000000007,-25.043876000000132,0.0
6,21,-0.3171920000000057,5.041690999999993,-35.536033999999816,0.0
6,22,-0.42346200000000067,5.735092000000009,-49.45983500000018,0.0
6,23,-0.34689299999999434,6.702720999999997,-71.20708699999996,0.0
6,24,-0.19197100000000944,7.972579999999994,-101.3433759999998,0.0
6,25,0.02238399999998819,9.710296,-144.3346899999999,0.0
7,0,-0.4410360000000004,1.0635799999999982,19.948874000000004,0.0
7,1,-0.42571299999999823,1.0789030000000004,19.841612999999988,0.0
7,2,-0.4111659999999979,1.1680600000000005,19.650626999999986,0.0
7,3,-0.39776099999999914,1.2521419999999992,19.388627999999997,0.0
7,4,-0.38522800000000146,1.3495729999999995,19.008604000000012,0.0
7,5,-0.37420200000000037,1.4391870000000004,18.572966,0.0
7,6,-0.36422800000000066,1.5253039999999984,18.072563000000013,0.0
7,7,-0.355672000000002,1.6294830000000005,17.38759700000001,0.0
7,8,-0.34844599999999915,1.7349870000000003,16.59848699999999,0.0
7,9,-0.3427529999999983,1.8545470000000002,15.602155999999987,0.0
7,10,-0.33746899999999513,1.9751590000000014,14.479659999999953,0.0
7,11,-0.3334729999999979,2.120203,13.001247999999986,0.0
7,12,-0.3305170000000004,2.270812999999997,11.323846000000039,0.0
7,13,-0.3282430000000005,2.441040000000001,9.26520399999999,0.0
7,14,-0.32672099999999915,2.6392629999999997,6.677650999999997,0.0
7,15,-0.32588499999999954,2.8606650000000045,3.5721709999999334,0.0
7,16,-0.32588499999999954,3.1239279999999994,-0.3767739999999904,0.0
7,17,-0.1725799999999964,3.396105999999996,-5.8047569999999595,0.0
7,18,-0.17265300000000394,3.7269860000000037,-11.429206000000036,0.0
7,19,-0.17265300000000394,4.101814999999995,-18.176127999999885,0.0
7,20,-0.16811799999999977,4.527656,-26.29885200000001,0.0
7,21,-0.15227499999999594,5.065090000000005,-37.15843300000012,0.0
7,22,-0.2333070000000106,5.795577999999992,-51.93145699999975,0.0
7,23,-0.09960200000000441,6.836426000000003,-75.76604800000003,0.0
7,24,0.10118100000001107,8.173363000000009,-107.92108000000029,0.0
8,0,-0.3058700000000023,1.0789030000000004,19.002712000000017,0.0
8,1,-0.2873359999999998,1.0974370000000029,18.854439999999997,0.0
8,2,-0.269838,1.1855580000000003,18.626335,0.0
8,3,-0.25386999999999915,1.26811,18.333486999999995,0.0
8,4,-0.2392569999999985,1.3641860000000001,17.92835499999999,0.0
8,5,-0.2261659999999992,1.4522779999999997,17.471258999999996,0.0
8,6,-0.21436299999999875,1.537106999999999,16.952689999999997,0.0
8,7,-0.2045010000000005,1.6393449999999987,16.260366000000012,0.0
8,8,-0.19613999999999976,1.743348000000001,15.46545699999999,0.0
8,9,-0.18963600000000014,1.8610509999999998,14.471801000000003,0.0
8,10,-0.1835860000000018,1.9812089999999998,13.341979000000016,0.0
8,11,-0.17892400000000208,2.124865,11.868123000000018,0.0
8,12,-0.1757390000000001,2.273997999999999,10.202180000000013,0.0
8,13,-0.17343100000000078,2.4433480000000003,8.151516,0.0
8,14,-0.17200400000000116,2.6406899999999993,5.574654000000017,0.0
8,15,-0.17152400000000512,2.8611450000000005,2.484444000000032,0.0
8,16,-0.17152400000000512,3.1232070000000007,-1.4464859999999717,0.0
8,17,-0.01533500000000032,3.3957710000000034,-7.057022000000053,0.0
8,18,-0.015171000000002266,3.726912999999996,-12.687747999999914,0.0
8,19,-0.16811799999999977,4.106349999999999,-18.294037999999993,0.0
8,20,-0.15227499999999594,4.543499000000004,-26.726613000000114,0.0
8,21,-0.10578900000000147,5.1115759999999995,-38.460040999999975,0.0
8,22,0.0005880000000075825,5.901955000000001,-55.90901600000008,0.0
8,23,0.17395000000000493,7.009788,-81.66823800000003,0.0
9,0,-0.16527799999999715,1.0974370000000029,17.877975999999975,0.0
9,1,-0.1438030000000019,1.1855580000000003,17.618055000000016,0.0
9,2,-0.12361900000000148,1.26811,17.291479000000013,0.0
9,3,-0.10518200000000277,1.2865469999999988,17.088672000000027,0.0
9,4,-0.0886160000000018,1.380752000000001,16.65696300000001,0.0
9,5,-0.0736660000000029,1.4672279999999986,16.17650900000003,0.0
9,6,-0.06035400000000024,1.5504190000000015,15.640745999999993,0.0
9,7,-0.04917899999999875,1.6505200000000002,14.939564999999988,0.0
9,8,-0.039877000000000606,1.7526499999999992,14.140937000000012,0.0
9,9,-0.03258699999999948,1.868341000000001,13.149798999999987,0.0
9,10,-0.026066000000000145,1.987729999999999,12.01660900000001,0.0
9,11,-0.021031000000000688,2.1298999999999992,10.549594000000013,0.0
9,12,-0.017745999999995377,2.277283000000004,8.898815999999911,0.0
9,13,-0.015537999999999386,2.4455559999999963,6.859668000000042,0.0
9,14,-0.014344000000001245,2.6418839999999975,4.296658000000043,0.0
9,15,-0.014266999999996699,2.861222000000005,1.2252329999998963,0.0
9,16,-0.014266999999996699,3.122138999999997,-2.6885219999999848,0.0
9,17,0.139327999999999,3.3959350000000015,-8.451613000000016,0.0
9,18,-0.01364900000000091,3.7284349999999975,-12.72731999999995,0.0
9,19,-0.0033490000000000464,4.11665,-19.807890000000008,0.0
9,20,0.028393000000001223,4.575241000000005,-28.806797000000117,0.0
9,21,0.11452500000000043,5.197707999999999,-42.03132499999998,0.0
9,22,0.3290099999999967,6.029777999999993,-61.435159999999826,0.0
10,0,-0.023815000000002584,1.1189119999999981,16.604809000000024,0.0
10,1,0.0003030000000023847,1.2057420000000008,16.300916999999977,0.0
10,2,0.02271999999999963,1.228158999999998,16.054330000000007,0.0
10,3,0.04336500000000143,1.3071920000000006,15.689813999999984,0.0
10,4,0.061657000000000295,1.399044,15.231337999999997,0.0
10,5,0.07813100000000262,1.483702000000001,14.72796599999997,0.0
10,6,0.09256900000000101,1.564857,14.177810999999991,0.0
10,7,0.10472700000000046,1.6626779999999997,13.469304999999999,0.0
10,8,0.11455899999999986,1.7624819999999985,12.672357000000012,0.0
10,9,0.12219599999999886,1.875978,11.688019000000011,0.0
10,10,0.1289030000000011,1.9944370000000013,10.554817999999976,0.0
10,11,0.13420899999999847,2.1352059999999966,9.09406800000005,0.0
10,12,0.1375539999999944,2.280628,7.460976000000052,0.0
10,13,0.13957599999999815,2.447578,5.437356000000015,0.0
10,14,0.14037700000000086,2.642685,2.8929549999999864,0.0
10,15,0.14043799999999607,2.8612830000000002,-0.16802699999996662,0.0
10,16,0.14043799999999607,3.121029,-4.064216999999964,0.0
10,17,0.1405030000000025,3.397110000000005,-8.482163000000106,0.0
10,18,0.14625900000000058,3.7341909999999956,-14.270099999999928,0.0
10,19,0.16793000000000546,4.138321000000005,-21.761150000000143,0.0
10,20,0.3466989999999939,4.636676999999999,-33.01760399999991,0.0
10,21,0.4076039999999992,5.2973519999999965,-46.84015399999991,0.0
11,0,0.11393600000000248,1.143030000000003,15.227298999999974,0.0
11,1,0.1400549999999967,1.228158999999998,14.880980000000037,0.0
11,2,0.16410700000000134,1.2522110000000026,14.592355999999981,0.0
11,3,0.18648699999999963,1.3295719999999989,14.191454000000007,0.0
11,4,0.20609699999999975,1.483702000000001,13.448305999999999,0.0
11,5,0.2238749999999996,1.5014800000000008,13.181636000000001,0.0
11,6,0.2388709999999996,1.579853,12.624815000000005,0.0
11,7,0.2516859999999994,1.6754929999999995,11.91001000000001,0.0
11,8,0.2618600000000022,1.7726560000000013,11.117954999999967,0.0
11,9,0.26963500000000096,1.8837529999999987,10.143654000000002,0.0
11,10,0.2763039999999961,2.0011059999999965,9.014118000000074,0.0
11,11,0.28167700000000195,2.1405790000000025,7.560284999999951,0.0
11,12,0.285061000000006,2.284012000000004,5.945297999999887,0.0
11,13,0.2866560000000007,2.4491729999999947,3.945821000000059,0.0
11,14,0.287068000000005,2.6430970000000045,1.420276999999885,0.0
11,15,0.2870899999999992,2.8613049999999944,-1.6348769999999107,0.0
11,16,0.2870899999999992,3.1202320000000014,-5.518782000000016,0.0
11,17,0.28965299999999417,3.4004699999999985,-10.030782999999914,0.0
11,18,0.3037570000000045,3.748295000000006,-16.098952000000153,0.0
11,19,0.3466989999999939,4.181262999999994,-24.364737999999818,0.0
11,20,0.4076039999999992,4.697582000000004,-34.84475400000007,0.0
12,0,0.24377799999999894,1.1691489999999973,13.799037000000013,0.0
12,1,0.27139100000000127,1.2522110000000026,13.412231999999982,0.0
12,2,0.2965069999999983,1.2773269999999997,13.08572400000002,0.0
12,3,0.31997300000000095,1.3530380000000015,12.652709999999985,0.0
12,4,0.34040999999999855,1.5014800000000008,11.899751000000013,0.0
12,5,0.3588160000000009,1.5198860000000032,11.605254999999975,0.0
12,6,0.374136,1.595172999999999,11.044980000000006,0.0
12,7,0.38717499999999916,1.6885319999999986,10.32835800000002,0.0
12,8,0.3975049999999989,1.782986000000001,9.543220000000005,0.0
12,9,0.40518300000000096,1.8914310000000008,8.583523999999983,0.0
12,10,0.4116210000000038,2.0075439999999993,7.461250999999962,0.0
12,11,0.4166370000000015,2.145595,6.020548999999981,0.0
12,12,0.41958599999999535,2.286960999999998,4.430135000000078,0.0
12,13,0.4207269999999994,2.4503139999999988,2.4562070000000205,0.0
12,14,0.4206310000000002,2.6430970000000045,-0.048916000000062354,0.0
12,15,0.4205780000000061,2.8613049999999944,-3.103244999999987,0.0
12,16,0.42117999999999967,3.120833999999995,-7.003403999999918,0.0
12,17,0.42915800000000104,3.408448,-11.700964000000013,0.0
12,18,0.4583279999999945,3.7774649999999994,-18.324292999999926,0.0
12,19,0.4864470000000054,4.209382000000005,-26.43622700000016,0.0
13,0,0.3627360000000017,1.1967619999999997,12.37154099999998,0.0
13,1,0.3910979999999995,1.2773269999999997,11.950632000000006,0.0
13,2,0.41671499999999995,1.302944,11.591994,0.0
13,3,0.4405879999999982,1.3769109999999998,11.133711000000023,0.0
13,4,0.4612540000000003,1.5198860000000032,10.375998999999982,0.0
13,5,0.4798449999999974,1.5384770000000003,10.059952000000031,0.0
13,6,0.4948580000000007,1.6101860000000023,9.506237999999978,0.0
13,7,0.5076900000000002,1.701363999999998,8.79235400000001,0.0
13,8,0.5176920000000003,1.7929880000000011,8.020959999999988,0.0
13,9,0.5250950000000003,1.8988340000000008,7.07795299999999,0.0
13,10,0.5311469999999971,2.013595999999996,5.966419000000073,0.0
13,11,0.5354729999999961,2.149920999999999,4.546931000000058,0.0
13,12,0.5381280000000004,2.2896160000000023,2.975770999999966,0.0
13,13,0.5386690000000058,2.4508550000000042,1.0338699999998724,0.0
13,14,0.5386690000000058,2.642440999999998,-1.4567480000000472,0.0
13,15,0.5382119999999944,2.861354999999996,-4.515602999999871,0.0
13,16,0.5412220000000048,3.1238440000000054,-8.492068000000145,0.0
13,17,0.5575019999999995,3.4247279999999947,-13.517851999999905,0.0
13,18,0.5594330000000056,3.7793960000000055,-19.57231100000017,0.0
14,0,0.4689099999999975,1.2251239999999974,10.991279000000034,0.0
14,1,0.49728600000000256,1.2535000000000025,10.594014999999963,0.0
14,2,0.5228460000000013,1.3769109999999998,10.064356999999983,0.0
14,3,0.546482000000001,1.4005469999999995,9.686180999999987,0.0
14,4,0.566555000000001,1.5384770000000003,8.932721999999984,0.0
14,5,0.5846769999999992,1.6101860000000023,8.338590999999997,0.0
14,6,0.599021999999998,1.624531000000001,8.066036000000022,0.0
14,7,0.6112539999999989,1.713595999999999,7.360398000000021,0.0
14,8,0.6211109999999991,1.8028450000000014,6.597657000000002,0.0
14,9,0.6279620000000001,1.9056850000000018,5.679022999999983,0.0
14,10,0.6334300000000042,2.019064,4.582059999999942,0.0
14,11,0.6367040000000017,2.1531949999999966,3.1949140000000114,0.0
14,12,0.6388400000000019,2.2917520000000025,1.6408829999999455,0.0
14,13,0.6386989999999955,2.4508550000000042,-0.26651999999999276,0.0
14,14,0.6377139999999955,2.642440999999998,-2.744332999999912,0.0
14,15,0.7185440000000014,2.861901000000003,-6.948393000000067,0.0
14,16,0.6450809999999976,3.1306650000000005,-9.951370999999973,0.0
14,17,0.6229709999999997,3.4247279999999947,-14.368948999999908,0.0
15,0,0.5615559999999995,1.2535000000000025,9.694235000000006,0.0
15,1,0.5892979999999994,1.2812420000000024,9.278105000000007,0.0
15,2,0.6141040000000011,1.3533100000000005,8.833946999999984,0.0
15,3,0.6368909999999985,1.423333999999997,8.35209400000003,0.0
15,4,0.6559699999999999,1.5565989999999985,7.6084240000000065,0.0
15,5,0.6731410000000011,1.624531000000001,7.028369999999978,0.0
15,6,0.6865750000000013,1.6379650000000012,6.759689999999974,0.0
15,7,0.6978240000000007,1.7248449999999984,6.069675,0.0
15,8,0.7069359999999989,1.8119569999999996,5.323211000000018,0.0
15,9,0.7129919999999998,1.9117410000000028,4.4340989999999785,0.0
15,10,0.7176819999999964,2.0237539999999967,3.355632000000085,0.0
15,11,0.7197150000000008,2.155228000000001,2.0103969999999762,0.0
15,12,0.7212559999999968,2.2932929999999985,0.4685670000000641,0.0
15,13,0.7202219999999997,2.450713999999998,-1.406008999999969,0.0
15,14,0.7202219999999997,2.6397779999999997,-3.8638409999999936,0.0
15,15,0.7190129999999968,2.8623699999999985,-6.961993999999933,0.0
15,16,0.7248690000000053,3.090210000000006,-10.467434000000175,0.0
16,0,0.6408360000000002,1.2812420000000024,8.505034999999996,0.0
16,1,0.6673319999999983,1.3077380000000005,8.081099000000027,0.0
16,2,0.6910530000000001,1.3770310000000023,7.632269999999995,0.0
16,3,0.712416000000001,1.444696999999998,7.155129999999989,0.0
16,4,0.730284000000001,1.5737699999999997,6.425029999999985,0.0
16,5,0.7459300000000013,1.6379650000000012,5.8693649999999735,0.0
16,6,0.7581670000000003,1.6502020000000002,5.612387999999996,0.0
16,7,0.7682269999999995,1.7349049999999977,4.943210000000022,0.0
16,8,0.7761780000000016,1.8199080000000016,4.220972999999962,0.0
16,9,0.7812309999999982,1.9167939999999994,3.365037000000033,0.0
16,10,0.7847750000000033,2.027298000000002,2.31379699999993,0.0
16,11,0.7857400000000041,2.156193000000002,1.0094069999999178,0.0
16,12,0.785896000000001,2.2934489999999954,-0.5029049999999629,0.0
16,13,0.7832070000000044,2.4496800000000007,-2.3373420000000777,0.0
16,14,0.7705785000000027,2.6397779999999997,-4.619188500000039,0.008386499999996744
16,15,0.7248690000000053,2.8623699999999985,-7.049834000000061,0.0
17,0,0.7077470000000012,1.3077380000000005,7.434458999999979,0.0
17,1,0.7325319999999991,1.3770310000000023,6.968606000000012,0.0
17,2,0.754649999999998,1.444696999999998,6.479386000000037,0.0
17,3,0.7741180000000014,1.5167770000000012,5.9516579999999735,0.0
17,4,0.7903689999999983,1.533027999999998,5.626638000000035,0.0
17,5,0.8043499999999995,1.603397000000001,5.107485000000004,0.0
17,6,0.8152059999999999,1.6610580000000006,4.634627999999999,0.0
17,7,0.8238160000000008,1.7435149999999986,3.993515999999996,0.0
17,8,0.8302730000000018,1.9167939999999994,2.5803649999999756,0.0
17,9,0.8341029999999989,1.9206239999999966,2.4846150000000478,0.0
17,10,0.8361850000000004,2.0293800000000033,1.4704169999999621,0.0
17,11,0.8357199999999949,2.156193000000002,0.20972700000006483,0.0
17,12,0.8357199999999949,2.2912099999999995,-1.27545999999991,0.0
17,13,0.8088914999999979,2.446991000000004,-2.713337000000017,0.017440500000002856
17,14,0.8088914999999979,2.588836500000003,-4.557328499999997,0.0
18,0,0.7634159999999994,1.3325229999999983,6.48808600000001,0.0
18,1,0.7860830000000014,1.3991490000000013,6.036120999999973,0.0
18,2,0.8063280000000006,1.4641650000000013,5.561923999999987,0.0
18,3,0.8234999999999992,1.533027999999998,5.06341100000002,0.0
18,4,0.8382390000000015,1.603397000000001,4.531371999999969,0.0
18,5,0.8503070000000008,1.6154650000000004,4.2658759999999845,0.0
18,6,0.8595930000000003,1.670344,3.8243329999999958,0.0
18,7,0.8666860000000014,1.7506079999999997,3.2150749999999775,0.0
18,8,0.8713909999999956,1.8310699999999969,2.567151000000102,0.0
18,9,0.8737830000000031,1.923016000000004,1.7885269999999096,0.0
18,10,0.8736729999999966,2.0293800000000033,0.8331210000000269,0.0
18,11,0.8635126666666674,2.1557279999999963,-0.25763333333330607,0.007336333333331169
18,12,0.8382380000000005,2.2912099999999995,-1.3182660000000048,0.02431100000000086
18,13,0.8382380000000005,2.3930550000000004,-2.540406000000015,0.0
19,0,0.809308999999999,1.3551900000000003,5.6620120000000185,0.0
19,1,0.8295870000000001,1.4193940000000005,5.232803999999998,0.0
19,2,0.8476029999999994,1.481337,4.784630000000011,0.0
19,3,0.8623629999999984,1.5477670000000003,4.319660000000027,0.0
19,4,0.875278999999999,1.560683000000001,4.035508000000014,0.0
19,5,0.8854509999999998,1.670344,3.358889000000005,0.0
19,6,0.8931629999999977,1.678055999999998,3.1738010000000543,0.0
19,7,0.898651000000001,1.756096000000003,2.601288999999962,0.0
19,8,0.9014740000000003,1.9151190000000042,1.3532649999999578,0.0
19,9,0.8994997500000004,1.923016000000004,1.3256254999999584,0.002474249999995237
19,10,0.8832116666666678,2.029269999999997,0.6625250000000094,0.015233333333334542
19,11,0.8635126666666674,2.1557279999999963,-0.25763333333330607,0.032930666666668884
19,12,0.8635126666666675,2.2406606666666655,-1.1918926666666714,0.0
20,0,0.8465650000000018,1.3754680000000015,4.9541479999999645,0.0
20,1,0.8642590000000006,1.4374099999999999,4.5560199999999895,0.0
20,2,0.8801990000000011,1.496096999999999,4.135785999999982,0.0
20,3,0.8925380000000018,1.560683000000001,3.707586999999961,0.0
20,4,0.9033559999999987,1.5715009999999978,3.4587730000000327,0.0
20,5,0.9115450000000003,1.6338260000000027,3.045692999999982,0.0
20,6,0.9176560000000009,1.6841669999999986,2.6717679999999895,0.0
20,7,0.9201667999999998,1.7586068000000017,2.1749131999999918,0.0012662000000034368
20,8,0.9126520000000014,1.8815850000000012,1.4091549999999629,0.009714999999999918
20,9,0.8994997500000004,1.923016000000004,1.3256254999999584,0.02252250000000089
20,10,0.8832116666666678,2.029269999999997,0.6625250000000094,0.04049566666666493
20,11,0.8635126666666674,2.1557279999999963,-0.25763333333330607,0.0
21,0,0.8765210000000003,1.3931620000000002,4.355027999999994,0.0
21,1,0.891608999999999,1.4533500000000004,3.9930800000000204,0.0
21,2,0.9054280000000006,1.5084359999999997,3.60652799999999,0.0
21,3,0.9154230000000005,1.5184309999999996,3.3766429999999907,0.0
21,4,0.924235000000003,1.6338260000000027,2.791892999999927,0.0
21,5,0.9304269999999981,1.6400179999999978,2.63709300000005,0.0
21,6,0.9285218000000007,1.6841669999999986,2.4544519999999928,0.00631219999999999
21,7,0.9201667999999998,1.7586068000000017,2.1749131999999918,0.017554399999998083
21,8,0.9126520000000014,1.8815850000000012,1.4091549999999629,0.031244999999998413
21,9,0.8994997500000004,1.923016000000004,1.3256254999999584,0.0466897499999952
21,10,0.8832116666666678,2.029269999999997,0.6625250000000094,0.0
22,0,0.9002909999999993,1.408249999999999,3.8558580000000156,0.0
22,1,0.9129700000000014,1.467169000000002,3.5306799999999683,0.0
22,2,0.9245989999999971,1.5184309999999996,3.183947000000064,0.0
22,3,0.932389999999998,1.5803130000000003,2.834690000000041,0.0
22,4,0.9379523333333335,1.5858753333333357,2.6956316666666567,0.0011916666666635933
22,5,0.9334660000000007,1.6400179999999978,2.5732739999999943,0.009808000000003148
22,6,0.9285218000000007,1.6841669999999986,2.4544519999999928,0.023369399999999985
22,7,0.9201667999999998,1.7586068000000017,2.1749131999999918,0.04092260000000181
22,8,0.9126520000000014,1.8338929999999962,1.7906910000000025,0.05276200000000131
22,9,0.8994997500000004,1.923016000000004,1.3256254999999584,0.0
23,0,0.9191929999999999,1.420929000000001,3.4400140000000015,0.0
23,1,0.9295459999999984,1.4787979999999976,3.154379000000038,0.0
23,2,0.938995000000002,1.5262220000000006,2.8516529999999527,0.0
23,3,0.9408878333333336,1.571197833333335,2.6750831666666564,0.0037841666666658114
23,4,0.9379523333333335,1.5858753333333357,2.6956316666666567,0.012698333333332812
23,5,0.9334660000000007,1.6400179999999978,2.5732739999999943,0.02767000000000408
23,6,0.9285218000000007,1.6841669999999986,2.4544519999999928,0.04481859999999571
23,7,0.9201667999999998,1.7586068000000017,2.1749131999999918,0.05981180000000208
23,8,0.9126520000000014,1.8338929999999962,1.7906910000000025,0.0
24,0,0.933997999999999,1.4312819999999995,3.099499000000023,0.0
24,1,0.9424729999999997,1.4882470000000012,2.8476090000000056,0.0
24,2,0.943691,1.4894650000000018,2.8171589999999984,0.006036999999999182
24,3,0.9408878333333336,1.571197833333335,2.6750831666666564,0.01636433333333187
24,4,0.9379523333333335,1.5858753333333357,2.6956316666666567,0.030859999999997
24,5,0.9334660000000007,1.6400179999999978,2.5732739999999943,0.04837000000000202
24,6,0.9285218000000007,1.6841669999999986,2.4544519999999928,0.06107079999999954
24,7,0.9285218000000007,1.7251867999999981,2.2083331999999984,0.0
25,0,0.9454729999999998,1.434429999999999,2.824099000000004,0.0
25,1,0.9445851666666663,1.4849941666666702,2.8001698333333387,0.007501833333336094
25,2,0.943691,1.5140990000000003,2.7678910000000014,0.019427000000000305
25,3,0.9408878333333336,1.5281148333333325,2.804332166666664,0.03426049999999847
25,4,0.9379523333333335,1.5858753333333357,2.6956316666666567,0.05096866666666244
25,5,0.9334660000000007,1.6400179999999978,2.5732739999999943,0.06300499999999687
25,6,0.9334660000000007,1.6624850000000015,2.4609389999999784,0.0
26,0,0.9466479999999997,1.4285549999999994,2.7947240000000058,0.0076640000000018915
26,1,0.9445851666666663,1.4849941666666702,2.8001698333333387,0.02208966666666967
26,2,0.943691,1.5140990000000003,2.7678910000000014,0.03732000000000113
26,3,0.9408878333333336,1.5281148333333325,2.804332166666664,0.053545666666664715
26,4,0.9379523333333335,1.6175863333333336,2.5687876666666654,0.06458533333332994
26,5,0.9379523333333335,1.6175863333333338,2.568787666666662,0.0
27,0,0.9466479999999997,1.4285549999999994,2.7947240000000058,0.02162500000000378
27,1,0.9445851666666663,1.4849941666666702,2.8001698333333387,0.04071050000000298
27,2,0.943691,1.5140990000000003,2.7678910000000014,0.055703999999998643
27,3,0.9408878333333336,1.5281148333333325,2.804332166666664,0.0658728333333336
27,4,0.9379523333333335,1.5858753333333357,2.6956316666666567,0.0
28,0,0.9466479999999997,1.4285549999999994,2.7947240000000058,0.039355000000004026
28,1,0.9445851666666663,1.4849941666666702,2.8001698333333387,0.05947133333333454
28,2,0.943691,1.5140990000000003,2.7678910000000014,0.0668980000000019
28,3,0.9408878333333336,1.5281148333333325,2.804332166666664,0.0
29,0,0.9466479999999997,1.4285549999999994,2.7947240000000058,0.05718500000000404
29,1,0.9445851666666663,1.4849941666666702,2.8001698333333387,0.06986516666666986
29,2,0.943691,1.5140990000000003,2.7678910000000014,0.0
30,0,0.9466479999999997,1.4285549999999994,2.7947240000000058,0.06751500000000377
30,1,0.9445851666666663,1.4849941666666702,2.8001698333333387,0.0
31,0,0.9466479999999997,1.4285549999999994,2.7947240000000058,0.0
