0,0,-0.9758096428571429,0.8835790000000046,47.57465,0.0
0,1,-0.9758096428571429,0.8835790000000046,47.57465,0.0
0,2,-0.9759093571428572,0.9124829999999946,47.54574600000001,0.0
0,3,-0.976124357142857,0.9911650000000023,47.38838199999999,0.0
0,4,-0.9762646923076921,1.025497999999999,47.285383,0.0
0,5,-0.9764764615384618,1.0837970000000041,47.05218699999998,0.0
0,6,-0.9767400769230767,1.1520809999999955,46.710767000000025,0.0
0,7,-0.976974769230769,1.226585,46.263743,0.0
0,8,-0.9772887692307693,1.3089720000000042,45.68703399999997,0.0
0,9,-0.9773526923076923,1.414164999999997,44.84549000000003,0.0
0,10,-0.9774665384615384,1.546005000000001,43.65892999999999,0.0
0,11,-0.9777993076923076,1.6715090000000004,42.40389,0.0
0,12,-0.9781969230769226,1.8270149999999958,40.69332400000005,0.0
0,13,-0.978315666666667,2.0144010000000065,38.44469199999992,0.0
0,14,-0.978476583333333,2.193778999999992,36.112778000000105,0.0
0,15,-0.978476583333333,2.4267730000000114,32.850861999999836,0.0
0,16,-0.9784122727272734,2.6432339999999925,29.60394700000012,0.0
0,17,-0.9780464545454545,2.8966060000000056,25.54999499999991,0.0
0,18,-0.977404700000001,3.2194829999999968,20.06108600000006,0.0
0,19,-0.9763370000000009,3.6279679999999956,12.70835600000008,0.0
0,20,-0.974608555555556,4.1138679999999965,3.4762560000000633,0.0
0,21,-0.9725427499999988,4.64348600000001,-7.116104000000206,0.0
0,22,-0.9694148571428575,5.42691099999999,-23.568028999999783,0.0
0,23,-0.9649938333333358,6.275795000000002,-42.24347700000004,0.0
0,24,-0.9585831999999954,7.300651000000002,-65.81516500000005,0.0
0,25,-0.9493896000000006,8.347611,-90.94220500000002,0.0
0,26,-0.9363080000000004,9.452110000000005,-118.55468000000012,0.0
0,27,-0.9123840000000124,10.865386999999984,-155.29988199999957,0.0
0,28,-0.8826293333333316,12.762558000000013,-206.52349900000036,0.0
0,29,-0.8334580000000074,16.07813999999999,-299.35979499999974,0.0
0,30,-0.7731779999999446,22.73573300000001,-492.42999200000037,0.0
0,31,-0.6769709999999804,36.639206,-909.534182,0.0
0,32,-0.6886599999997998,63.39125100000001,-1738.8475770000005,0.0
0,33,-0.6886599999997998,106.32754499999999,-3112.8089849999997,0.0
1,0,-0.9756357857142858,0.8811450000000036,47.57465,0.21753278571428725
1,1,-0.9758096428571429,0.8835790000000046,47.57465,0.21737964285713873
1,2,-0.9759093571428572,0.9124829999999946,47.54574600000001,0.21683835714285848
1,3,-0.976124357142857,1.023673642857138,47.290856071428585,0.21705735714285523
1,4,-0.9762646923076921,1.025497999999999,47.285383,0.21689169230769556
1,5,-0.9764764615384618,1.0837970000000041,47.05218699999998,0.21678346153845607
1,6,-0.9767400769230767,1.2235340000000008,46.282048999999994,0.21669607692307613
1,7,-0.976974769230769,1.3048900000000003,45.715607999999996,0.21651876923077118
1,8,-0.9772887692307693,1.3089720000000042,45.68703399999997,0.21630976923076328
1,9,-0.9773526923076923,1.414164999999997,44.84549000000003,0.21558869230769284
1,10,-0.9774665384615384,1.546005000000001,43.65892999999999,0.21516053846153604
1,11,-0.9777993076923076,1.6715090000000004,42.40389,0.214925307692304
1,12,-0.9781969230769226,1.8270149999999958,40.69332400000005,0.21472692307692454
1,13,-0.978315666666667,2.1918480000000002,36.137881,0.21416266666666672
1,14,-0.978476583333333,2.193778999999992,36.112778000000105,0.2136215833333358
1,15,-0.9784122727272736,2.4275447272727244,32.83928609090914,0.21309927272726747
1,16,-0.9780464545454545,2.6472580000000008,29.539562999999987,0.2121004545454549
1,17,-0.977404700000001,2.9036652999999903,25.429986900000166,0.2105056999999917
1,18,-0.9763370000000009,3.230159999999996,19.868900000000064,0.20839999999999748
1,19,-0.9746085555555559,3.6437234444444306,12.409002555555809,0.20546555555557044
1,20,-0.9725427499999992,4.132460250000021,3.1044109999995904,0.20205774999999138
1,21,-0.9694148571428585,4.668509142857133,-7.641589999999782,0.1966568571428482
1,22,-0.96499383333333,5.457858166666669,-24.24886666666673,0.1904808333333453
1,23,-0.9585831999999973,6.314258800000027,-43.12814440000061,0.1823611999999789
1,24,-0.9493895999999987,7.353283399999996,-67.07834259999991,0.17158059999997965
1,25,-0.9363079999999911,8.41301900000003,-92.5774050000008,0.15855200000003722
1,26,-0.912384000000003,9.547805999999987,-121.04277599999968,0.13597100000001205
1,27,-0.8826293333333268,10.981155666666664,-158.42563599999997,0.11232033333332936
1,28,-0.8334579999999884,12.910072000000051,-210.65389100000144,0.07759900000000164
1,29,-0.7731780000000109,16.23071299999997,-303.7844119999991,0.04656999999995526
1,30,-0.6769709999999804,22.928146999999935,-498.20241199999816,0.0
1,31,-0.6159820000000309,36.76052800000006,-913.2951640000018,0.0
1,32,-0.6159819999998035,63.31857299999999,-1736.5945589999997,0.0
2,0,-0.9756357857142858,0.8811450000000036,47.57465,0.2124865714285713
2,1,-0.9758096428571429,0.8835790000000046,47.57465,0.21226628571428452
2,2,-0.9759093571428572,0.9124829999999946,47.54574600000001,0.2105627142857145
2,3,-0.976124357142857,1.023673642857138,47.290856071428585,0.21165971428571395
2,4,-0.9762646923076921,1.025497999999999,47.285383,0.21127238461538678
2,5,-0.9764764615384618,1.1486540000000005,46.727902,0.211059923076919
2,6,-0.9767400769230767,1.2235340000000008,46.282048999999994,0.21083515384615747
2,7,-0.976974769230769,1.226585,46.263743,0.21048853846154159
2,8,-0.9772887692307693,1.3089720000000042,45.68703399999997,0.20992953846153362
2,9,-0.9773526923076923,1.414164999999997,44.84549000000003,0.207967384615384
2,10,-0.9774665384615384,1.546005000000001,43.65892999999999,0.20712707692307974
2,11,-0.9777993076923076,1.6715090000000004,42.40389,0.20657961538461111
2,12,-0.9781969230769226,1.8270149999999958,40.69332400000005,0.20609684615384904
2,13,-0.978315666666667,2.0144010000000065,38.44469199999992,0.2049863333333306
2,14,-0.978476583333333,2.193778999999992,36.112778000000105,0.20383216666667292
2,15,-0.9784122727272736,2.4275447272727244,32.83928609090914,0.20353554545453778
2,16,-0.9780464545454545,2.8966060000000056,25.54999499999991,0.2015689090909054
2,17,-0.977404700000001,2.9036652999999903,25.429986900000166,0.19836339999999097
2,18,-0.9763370000000009,3.230159999999996,19.868900000000064,0.19414399999999432
2,19,-0.9746085555555559,3.6437234444444306,12.409002555555809,0.18833711111112583
2,20,-0.9725427499999992,4.132460250000021,3.1044109999995904,0.1815664999999962
2,21,-0.9694148571428585,4.668509142857133,-7.641589999999782,0.1694517142857137
2,22,-0.96499383333333,5.457858166666669,-24.24886666666673,0.15737366666668406
2,23,-0.9585831999999973,6.314258800000027,-43.12814440000061,0.14150039999999353
2,24,-0.9493895999999987,7.353283399999996,-67.07834259999991,0.1215882000000097
2,25,-0.9363079999999911,8.41301900000003,-92.5774050000008,0.10069700000004222
2,26,-0.912384000000003,9.547805999999987,-121.04277599999968,0.06405600000005052
2,27,-0.8826293333333268,10.981155666666664,-158.42563599999997,0.0348816666666778
2,28,-0.8334579999999884,12.910072000000051,-210.65389100000144,0.0
2,29,-0.7731780000000109,16.23071299999997,-303.7844119999991,0.0
2,30,-0.6763149999999882,22.928803000000016,-498.2227480000005,0.0
2,31,-0.5948640000000012,36.781645999999995,-913.9709399999999,0.0
3,0,-0.9756357857142858,0.8811450000000036,47.57465,0.18379235714286102
3,1,-0.9758096428571429,0.8835790000000046,47.57465,0.18345992857142868
3,2,-0.9759093571428572,0.9124829999999946,47.54574600000001,0.18197007142857657
3,3,-0.976124357142857,1.023673642857138,47.290856071428585,0.18249707142856808
3,4,-0.9762646923076921,1.025497999999999,47.285383,0.18191007692307481
3,5,-0.9764764615384618,1.0837970000000041,47.05218699999998,0.1816723846153856
3,6,-0.9767400769230767,1.2235340000000008,46.282048999999994,0.1813952307692337
3,7,-0.976974769230769,1.3048900000000003,45.715607999999996,0.18087830769230928
3,8,-0.9772887692307693,1.3089720000000042,45.68703399999997,0.17961530769230682
3,9,-0.9773526923076923,1.414164999999997,44.84549000000003,0.17833907692308015
3,10,-0.9774665384615384,1.546005000000001,43.65892999999999,0.17713961538461565
3,11,-0.9777993076923076,1.6715090000000004,42.40389,0.17626092307692254
3,12,-0.9781969230769226,1.8270149999999958,40.69332400000005,0.17553476923077405
3,13,-0.978315666666667,2.1918480000000002,36.137881,0.17391399999999635
3,14,-0.978476583333333,2.193778999999992,36.112778000000105,0.17221474999999664
3,15,-0.9784122727272736,2.4275447272727244,32.83928609090914,0.16994681818181334
3,16,-0.9780464545454545,2.6472580000000008,29.539562999999987,0.16753036363636076
3,17,-0.977404700000001,2.9036652999999903,25.429986900000166,0.1627750999999975
3,18,-0.9763370000000009,3.230159999999996,19.868900000000064,0.1563820000000078
3,19,-0.9746085555555559,3.6437234444444306,12.409002555555809,0.1477326666666645
3,20,-0.9725427499999992,4.132460250000021,3.1044109999995904,0.13766024999998683
3,21,-0.9694148571428585,4.668509142857133,-7.641589999999782,0.1210285714285746
3,22,-0.96499383333333,5.457858166666669,-24.24886666666673,0.1038665000000134
3,23,-0.9585831999999973,6.314258800000027,-43.12814440000061,0.0819715999999886
3,24,-0.9493895999999987,7.353283399999996,-67.07834259999991,0.056985799999978326
3,25,-0.9363079999999911,8.41301900000003,-92.5774050000008,0.033487000000019584
3,26,-0.912384000000003,9.547805999999987,-121.04277599999968,0.0
3,27,-0.8826293333333268,10.981155666666664,-158.42563599999997,0.0
3,28,-0.8051910000000078,12.938339000000013,-211.50190100000034,0.0
3,29,-0.2991190000000188,16.65991199999999,-317.49135699999965,0.0
3,30,-0.41137700000001587,23.128600999999975,-504.7465639999991,0.0
4,0,-0.9756357857142858,0.8811450000000036,47.57465,0.15811614285714093
4,1,-0.9758096428571429,0.8835790000000046,47.57465,0.1576525714285686
4,2,-0.9759093571428572,0.9124829999999946,47.54574600000001,0.15636542857143354
4,3,-0.976124357142857,1.023673642857138,47.290856071428585,0.15642042857142568
4,4,-0.9762646923076921,1.025497999999999,47.285383,0.1556687692307701
4,5,-0.9764764615384618,1.0837970000000041,47.05218699999998,0.15546384615384756
4,6,-0.9767400769230767,1.1520809999999955,46.710767000000025,0.15512530769230715
4,7,-0.976974769230769,1.226585,46.263743,0.15443607692307948
4,8,-0.9772887692307693,1.3089720000000042,45.68703399999997,0.15181907692307517
4,9,-0.9773526923076923,1.414164999999997,44.84549000000003,0.15183076923077188
4,10,-0.9774665384615384,1.546005000000001,43.65892999999999,0.15023415384615024
4,11,-0.9777993076923076,1.6715090000000004,42.40389,0.14886023076922816
4,12,-0.9781969230769226,1.8270149999999958,40.69332400000005,0.14793369230769082
4,13,-0.978315666666667,2.1918480000000002,36.137881,0.14587466666666415
4,14,-0.978476583333333,2.193778999999992,36.112778000000105,0.1436043333333381
4,15,-0.9784122727272736,2.4275447272727244,32.83928609090914,0.13876909090908418
4,16,-0.9780464545454545,2.6472580000000008,29.539562999999987,0.1367038181818212
4,17,-0.977404700000001,2.9036652999999903,25.429986900000166,0.1303908000000007
4,18,-0.9763370000000009,3.230159999999996,19.868900000000064,0.12188500000000602
4,19,-0.9746085555555559,3.6437234444444306,12.409002555555809,0.1104162222222298
4,20,-0.9725427499999992,4.132460250000021,3.1044109999995904,0.09733999999999021
4,21,-0.9694148571428585,4.668509142857133,-7.641589999999782,0.07585642857142716
4,22,-0.96499383333333,5.457858166666669,-24.24886666666673,0.055089333333337986
4,23,-0.9585831999999973,6.314258800000027,-43.12814440000061,0.030628799999978806
4,24,-0.9493895999999987,7.353283399999996,-67.07834259999991,0.009144399999977626
4,25,-0.8969189999999969,8.452408000000005,-93.71968600000014,0.0
4,26,-0.9091339999999946,9.551056000000003,-121.13702600000009,0.0
4,27,-0.7851409999999817,11.078644000000011,-161.35028600000038,0.0
4,28,-0.5428470000000232,13.157164999999992,-218.43952899999968,0.0
4,29,-0.24311800000000972,16.65991199999999,-317.7153609999997,0.0
5,0,-0.9756357857142858,0.8811450000000036,47.57465,0.13563992857142804
5,1,-0.9758096428571429,0.8835790000000046,47.57465,0.1350602142857129
5,2,-0.9759093571428572,0.9124829999999946,47.54574600000001,0.1339187857142896
5,3,-0.976124357142857,0.9911650000000023,47.38838199999999,0.13353278571428184
5,4,-0.9762646923076921,1.025497999999999,47.285383,0.1325704615384602
5,5,-0.9764764615384618,1.0837970000000041,47.05218699999998,0.13269130769230308
5,6,-0.9767400769230767,1.1520809999999955,46.710767000000025,0.13236938461538372
5,7,-0.976974769230769,1.3048900000000003,45.715607999999996,0.13147484615384286
5,8,-0.9772887692307693,1.3089720000000042,45.68703399999997,0.1290848461538454
5,9,-0.9773526923076923,1.414164999999997,44.84549000000003,0.12886346153846162
5,10,-0.9774665384615384,1.546005000000001,43.65892999999999,0.12694969230769448
5,11,-0.9777993076923076,1.6715090000000004,42.40389,0.12472553846153733
5,12,-0.9781969230769226,1.8270149999999958,40.69332400000005,0.12342161538461749
5,13,-0.978315666666667,2.0144010000000065,38.44469199999992,0.12099733333333518
5,14,-0.978476583333333,2.193778999999992,36.112778000000105,0.11819391666667212
5,15,-0.9784122727272736,2.4275447272727244,32.83928609090914,0.1131683636363574
5,16,-0.9780464545454545,2.6472580000000008,29.539562999999987,0.1095392727272726
5,17,-0.977404700000001,2.9036652999999903,25.429986900000166,0.10170749999999629
5,18,-0.9763370000000009,3.230159999999996,19.868900000000064,0.0910429999999991
5,19,-0.9746085555555559,3.6437234444444306,12.409002555555809,0.07714377777778836
5,20,-0.9725427499999992,4.132460250000021,3.1044109999995904,0.06173474999998341
5,21,-0.9694148571428585,4.668509142857133,-7.641589999999782,0.03954928571429406
5,22,-0.96499383333333,5.457858166666669,-24.24886666666673,0.019114166666669874
5,23,-0.9585831999999973,6.314258800000027,-43.12814440000061,0.0
5,24,-0.9493895999999987,7.353283399999996,-67.07834259999991,0.0
5,25,-0.8902279999999934,8.452408000000005,-93.75314100000016,0.0
5,26,-0.7637480000000068,9.675978999999998,-124.97481599999993,0.0
5,27,-0.5428470000000232,11.30779299999999,-168.5064849999996,0.0
5,28,-0.21391299999999092,13.456894000000005,-228.1768820000002,0.0
6,0,-0.9756357857142858,0.8811450000000036,47.57465,0.11491171428571345
6,1,-0.9758096428571429,0.8835790000000046,47.57465,0.11421585714285598
6,2,-0.9759093571428572,0.9124829999999946,47.54574600000001,0.11318914285714499
6,3,-0.976124357142857,0.9911650000000023,47.38838199999999,0.11229714285713843
6,4,-0.9762646923076921,1.025497999999999,47.285383,0.11116615384615702
6,5,-0.9764764615384618,1.0837970000000041,47.05218699999998,0.11200976923076666
6,6,-0.9767400769230767,1.2235340000000008,46.282048999999994,0.11182846153845905
6,7,-0.976974769230769,1.226585,46.263743,0.11083761538461534
6,8,-0.9772887692307693,1.3089720000000042,45.68703399999997,0.10868561538461119
6,9,-0.9773526923076923,1.414164999999997,44.84549000000003,0.10818815384615643
6,10,-0.9774665384615384,1.546005000000001,43.65892999999999,0.10589623076922727
6,11,-0.9777993076923076,1.8218460000000007,40.75018299999999,0.10221284615384363
6,12,-0.9781969230769226,2.0129760769230765,38.46179107692308,0.10041753846153867
6,13,-0.978315666666667,2.0144010000000065,38.44469199999992,0.09780999999999551
6,14,-0.978476583333333,2.193778999999992,36.112778000000105,0.0945035000000054
6,15,-0.9784122727272736,2.4275447272727244,32.83928609090914,0.09007063636363455
6,16,-0.9780464545454545,2.6472580000000008,29.539562999999987,0.08498372727273118
6,17,-0.977404700000001,2.9036652999999903,25.429986900000166,0.07577820000000202
6,18,-0.9763370000000009,3.230159999999996,19.868900000000064,0.06309199999999748
6,19,-0.9746085555555559,3.6437234444444306,12.409002555555809,0.04741133333333991
6,20,-0.9725427499999992,4.132460250000021,3.1044109999995904,0.03127849999998045
6,21,-0.9694148571428585,4.668509142857133,-7.641589999999782,0.011901142857141167
6,22,-0.96499383333333,5.457858166666669,-24.24886666666673,0.0
6,23,-0.9560540000000088,6.3167880000000025,-43.19896200000001,0.0
6,24,-0.8854529999999983,7.412445000000005,-68.82267900000014,0.0
6,25,-0.7637480000000068,8.578887999999992,-97.54754099999978,0.0
6,26,-0.5286710000000028,9.911056000000002,-132.26220300000006,0.0
6,27,-0.21391299999999092,11.622551000000001,-178.6496210000001,0.0
7,0,-0.9756357857142858,0.8811450000000036,47.57465,0.09638749999999874
7,1,-0.9758096428571429,0.8835790000000046,47.57465,0.09561749999999947
7,2,-0.9759093571428572,0.9124829999999946,47.54574600000001,0.09470549999999989
7,3,-0.976124357142857,1.023673642857138,47.290856071428585,0.09343750000000028
7,4,-0.9762646923076921,1.025497999999999,47.285383,0.09216084615384368
7,5,-0.9764764615384618,1.0837970000000041,47.05218699999998,0.09212223076922843
7,6,-0.9767400769230767,1.2235340000000008,46.282048999999994,0.09239153846153947
7,7,-0.976974769230769,1.226585,46.263743,0.09127238461538134
7,8,-0.9772887692307693,1.413333999999999,44.85213800000001,0.08940338461538477
7,9,-0.9773526923076923,1.5445250000000001,43.67225,0.0885658461538501
7,10,-0.9774665384615384,1.546005000000001,43.65892999999999,0.0860027692307721
7,11,-0.9777993076923076,1.8218460000000007,40.75018299999999,0.08246815384615402
7,12,-0.9781969230769226,1.8270149999999958,40.69332400000005,0.07994546153846116
7,13,-0.978315666666667,2.0144010000000065,38.44469199999992,0.07757566666666804
7,14,-0.978476583333333,2.193778999999992,36.112778000000105,0.07380808333333633
7,15,-0.9784122727272736,2.4275447272727244,32.83928609090914,0.06844790909091181
7,16,-0.9780464545454545,2.6472580000000008,29.539562999999987,0.062069181818181995
7,17,-0.977404700000001,2.9036652999999903,25.429986900000166,0.05177890000000929
7,18,-0.9763370000000009,3.230159999999996,19.868900000000064,0.037209000000004266
7,19,-0.9746085555555559,3.6437234444444306,12.409002555555809,0.021424888888906146
7,20,-0.9725427499999992,4.132460250000021,3.1044109999995904,0.008361249999985887
7,21,-0.9694148571428585,4.668509142857133,-7.641589999999782,0.0
7,22,-0.951201999999995,5.471649999999997,-24.635037999999966,0.0
7,23,-0.7528219999999948,6.515067999999999,-49.11142500000004,0.0
7,24,-0.7572179999999946,7.540680000000009,-72.66972900000025,0.0
7,25,-0.5191349999999915,8.816970999999995,-104.96729399999994,0.0
7,26,-0.19552600000000098,10.234664999999993,-142.67490699999982,0.0
8,0,-0.9756357857142858,0.8811450000000036,47.57465,0.07802028571428465
8,1,-0.9758096428571429,0.8835790000000046,47.57465,0.07718714285713713
8,2,-0.9759093571428572,0.9124829999999946,47.54574600000001,0.07627185714286355
8,3,-0.976124357142857,0.9911650000000023,47.38838199999999,0.07466985714285723
8,4,-0.9762646923076921,1.025497999999999,47.285383,0.07328153846153995
8,5,-0.9764764615384618,1.0837970000000041,47.05218699999998,0.07184069230769019
8,6,-0.9767400769230767,1.2235340000000008,46.282048999999994,0.07312961538461238
8,7,-0.976974769230769,1.226585,46.263743,0.07194815384615705
8,8,-0.9772887692307693,1.3089720000000042,45.68703399999997,0.07028615384615389
8,9,-0.9773526923076923,1.414164999999997,44.84549000000003,0.0691615384615396
8,10,-0.9774665384615384,1.546005000000001,43.65892999999999,0.06637930769231026
8,11,-0.9777993076923076,1.6715090000000004,42.40389,0.063075461538463
8,12,-0.9781969230769226,1.8270149999999958,40.69332400000005,0.059206384615383634
8,13,-0.978315666666667,2.0144010000000065,38.44469199999992,0.05787833333333481
8,14,-0.978476583333333,2.193778999999992,36.112778000000105,0.05382966666666977
8,15,-0.9784122727272736,2.4275447272727244,32.83928609090914,0.047616181818180614
8,16,-0.9780464545454545,2.6472580000000008,29.539562999999987,0.04032163636364228
8,17,-0.977404700000001,2.9036652999999903,25.429986900000166,0.029671600000000353
8,18,-0.9763370000000009,3.230159999999996,19.868900000000064,0.014012000000008129
8,19,-0.9746085555555559,3.6437234444444306,12.409002555555809,0.0018474444444631644
8,20,-0.9725427499999992,4.132460250000021,3.1044109999995904,0.0
8,21,-0.9499129999999951,4.688011000000003,-8.187642000000096,0.0
8,22,-0.885352999999995,5.536209999999997,-26.51630099999997,0.0
8,23,-0.7528219999999948,6.515067999999999,-49.11142500000004,0.0
8,24,-0.5117720000000077,7.781729999999996,-80.17305099999984,0.0
8,25,-0.1821740000000034,9.146569,-115.56597099999996,0.0
9,0,-0.9756357857142858,0.8811450000000036,47.57465,0.05941607142857386
9,1,-0.9758096428571429,0.8835790000000046,47.57465,0.058554785714282076
9,2,-0.9759093571428572,0.9124829999999946,47.54574600000001,0.05765221428572076
9,3,-0.976124357142857,0.9911650000000023,47.38838199999999,0.05566521428571569
9,4,-0.9762646923076921,1.025497999999999,47.285383,0.05421623076922977
9,5,-0.9764764615384618,1.0837970000000041,47.05218699999998,0.052819153846154876
9,6,-0.9767400769230767,1.1520809999999955,46.710767000000025,0.05376369230769207
9,7,-0.976974769230769,1.226585,46.263743,0.05258492307692464
9,8,-0.9772887692307693,1.3089720000000042,45.68703399999997,0.05107692307691991
9,9,-0.9773526923076923,1.414164999999997,44.84549000000003,0.04972923076922875
9,10,-0.9774665384615384,1.546005000000001,43.65892999999999,0.04689384615384817
9,11,-0.9777993076923076,1.6715090000000004,42.40389,0.043907769230765226
9,12,-0.9781969230769226,1.8270149999999958,40.69332400000005,0.040363307692308226
9,13,-0.978315666666667,2.0144010000000065,38.44469199999992,0.03857899999999859
9,14,-0.978476583333333,2.193778999999992,36.112778000000105,0.03440424999999969
9,15,-0.9784122727272736,2.4275447272727244,32.83928609090914,0.02775245454545683
9,16,-0.9780464545454545,2.6472580000000008,29.539562999999987,0.02036309090908972
9,17,-0.977404700000001,2.9036652999999903,25.429986900000166,0.01103630000000777
9,18,-0.9763370000000009,3.230159999999996,19.868900000000064,0.0
9,19,-0.9746085555555559,3.6437234444444306,12.409002555555809,0.0
9,20,-0.9459680000000077,4.159035000000003,2.3603180000000066,0.0
9,21,-0.8805460000000096,4.753433000000001,-10.11643999999994,0.0
9,22,-0.750039000000001,5.6667170000000056,-30.46996700000011,0.0
9,23,-0.5012360000000058,6.7656709999999975,-56.887981999999894,0.0
9,24,-0.1534809999999993,8.111350999999999,-90.96841699999999,0.0
10,0,-0.9756357857142858,0.8811450000000036,47.57465,0.04096485714285869
10,1,-0.9758096428571429,0.8835790000000046,47.57465,0.040109428571428296
10,2,-0.9759093571428572,0.9124829999999946,47.54574600000001,0.03917257142857267
10,3,-0.976124357142857,0.9911650000000023,47.38838199999999,0.03666157142857074
10,4,-0.9762646923076921,1.025497999999999,47.285383,0.035229923076926184
10,5,-0.9764764615384618,1.0837970000000041,47.05218699999998,0.03389161538461494
10,6,-0.9767400769230767,1.1520809999999955,46.710767000000025,0.03447876923077331
10,7,-0.976974769230769,1.226585,46.263743,0.03333169230769073
10,8,-0.9772887692307693,1.3089720000000042,45.68703399999997,0.032072692307687944
10,9,-0.9773526923076923,1.414164999999997,44.84549000000003,0.030621923076921576
10,10,-0.9774665384615384,1.546005000000001,43.65892999999999,0.0279463846153849
10,11,-0.9777993076923076,1.6715090000000004,42.40389,0.025281076923073798
10,12,-0.9781969230769226,1.8270149999999958,40.69332400000005,0.022226230769232913
10,13,-0.978315666666667,2.0144010000000065,38.44469199999992,0.020189666666666994
10,14,-0.978476583333333,2.193778999999992,36.112778000000105,0.016271833333332708
10,15,-0.9784122727272736,2.4275447272727244,32.83928609090914,0.009959727272727648
10,16,-0.9780464545454545,2.6472580000000008,29.539562999999987,0.0043295454545475565
10,17,-0.977404700000001,2.9036652999999903,25.429986900000166,0.0
10,18,-0.9748079999999959,3.231689000000003,19.827616999999904,0.0
10,19,-0.943366999999995,3.6749650000000003,11.534238999999943,0.0
10,20,-0.8786240000000021,4.223777999999996,0.4593620000000982,0.0
10,21,-0.7475439999999907,4.8845130000000125,-14.06613800000035,0.0
10,22,-0.5030360000000087,5.9112249999999875,-38.072169999999645,0.0
10,23,-0.15308399999999267,7.113426000000004,-68.02011200000017,0.0
11,0,-0.9756357857142858,0.8811450000000036,47.57465,0.023424642857145628
11,1,-0.9758096428571429,0.8835790000000046,47.57465,0.02262107142856884
11,2,-0.9759093571428572,0.9124829999999946,47.54574600000001,0.021719928571432234
11,3,-0.976124357142857,0.9911650000000023,47.38838199999999,0.020513928571428863
11,4,-0.9762646923076921,1.025497999999999,47.285383,0.01924561538461589
11,5,-0.9764764615384618,1.0837970000000041,47.05218699999998,0.018143076923079704
11,6,-0.9767400769230767,1.1520809999999955,46.710767000000025,0.01823784615384838
11,7,-0.976974769230769,1.226585,46.263743,0.017295461538457957
11,8,-0.9772887692307693,1.3089720000000042,45.68703399999997,0.016308461538461216
11,9,-0.9773526923076923,1.414164999999997,44.84549000000003,0.015013615384614099
11,10,-0.9774665384615384,1.546005000000001,43.65892999999999,0.013076923076921432
11,11,-0.9777993076923076,1.6715090000000004,42.40389,0.011011384615381203
11,12,-0.9781969230769226,1.8270149999999958,40.69332400000005,0.008625153846152145
11,13,-0.978315666666667,2.0144010000000065,38.44469199999992,0.006982333333333202
11,14,-0.978476583333333,2.193778999999992,36.112778000000105,0.004170416666665844
11,15,-0.9784122727272736,2.4275447272727244,32.83928609090914,0.0
11,16,-0.9780464545454545,2.6472580000000008,29.539562999999987,0.0
11,17,-0.9684149999999931,2.912655000000001,25.18726499999991,0.0
11,18,-0.9380950000000041,3.262008999999992,18.914727000000184,0.0
11,19,-0.8714829999999978,3.7415770000000066,9.54977099999985,0.0
11,20,-0.740791999999999,4.354468999999995,-3.532777999999908,0.0
11,21,-0.4951240000000041,5.130181000000007,-21.74936600000011,0.0
11,22,-0.15308399999999267,6.253264999999999,-49.09657000000006,0.0
12,0,-0.9756357857142858,0.8811450000000036,47.57465,0.009966428571429375
12,1,-0.9758096428571429,0.8835790000000046,47.57465,0.009325714285708386
12,2,-0.9759093571428572,0.9124829999999946,47.54574600000001,0.008527285714286847
12,3,-0.976124357142857,0.9911650000000023,47.38838199999999,0.0075942857142852205
12,4,-0.9762646923076921,1.025497999999999,47.285383,0.006737307692306516
12,5,-0.9764764615384618,1.0837970000000041,47.05218699999998,0.006112538461536587
12,6,-0.9767400769230767,1.1520809999999955,46.710767000000025,0.005430923076923833
12,7,-0.976974769230769,1.226585,46.263743,0.004837230769227929
12,8,-0.9772887692307693,1.3089720000000042,45.68703399999997,0.0042402307692324115
12,9,-0.9773526923076923,1.414164999999997,44.84549000000003,0.003363307692309192
12,10,-0.9774665384615384,1.546005000000001,43.65892999999999,0.002872461538462545
12,11,-0.9777993076923076,1.6715090000000004,42.40389,0.001589692307689461
12,12,-0.9781969230769226,1.8270149999999958,40.69332400000005,0.00015107692307481102
12,13,-0.9781969230769226,2.0129760769230765,38.46179107692308,0.0
12,14,-0.978315666666667,2.1918480000000002,36.137881,0.0
12,15,-0.9765739999999994,2.4293830000000014,32.79149099999997,0.0
12,16,-0.9623709999999974,2.6614610000000027,29.13988499999993,0.0
12,17,-0.931362,2.9436639999999983,24.25252900000003,0.0
12,18,-0.8679659999999956,3.3254049999999964,17.00218000000001,0.0
12,19,-0.7337880000000041,3.875754999999998,5.485744000000082,0.0
12,20,-0.48902899999998795,4.599228000000011,-11.197351000000353,0.0
12,21,-0.1449439999999953,5.474266,-32.82713100000005,0.0
13,0,-0.9756357857142858,0.8811450000000036,47.57465,0.0014452142857130923
13,1,-0.9758096428571429,0.8835790000000046,47.57465,0.0010423571428592737
13,2,-0.9759093571428572,0.9124829999999946,47.54574600000001,0.0005316428571440213
13,3,-0.976124357142857,0.9911650000000023,47.38838199999999,1.864285714425762e-05
13,4,-0.976124357142857,1.023673642857138,47.290856071428585,0.0
13,5,-0.9762646923076921,1.0810439999999986,47.063199000000004,0.0
13,6,-0.9764764615384618,1.1486540000000005,46.727902,0.0
13,7,-0.9767400769230767,1.2235340000000008,46.282048999999994,0.0
13,8,-0.976974769230769,1.3048900000000003,45.715607999999996,0.0
13,9,-0.9772887692307693,1.413333999999999,44.85213800000001,0.0
13,10,-0.9773526923076923,1.5445250000000001,43.67225,0.0
13,11,-0.9774665384615384,1.6671830000000014,42.447149999999986,0.0
13,12,-0.9777993076923076,1.8218460000000007,40.75018299999999,0.0
13,13,-0.9748499999999964,2.016323,38.37811799999996,0.0
13,14,-0.9684290000000004,2.1982689999999963,35.92934700000006,0.0
13,15,-0.9544490000000039,2.443362999999998,32.31629100000008,0.0
13,16,-0.9233170000000044,2.6925930000000022,28.17312500000002,0.0
13,17,-0.8581730000000007,3.008808000000002,22.266812999999978,0.0
13,18,-0.7275619999999918,3.4560160000000053,12.966333999999804,0.0
13,19,-0.47900299999999163,4.124313999999998,-2.2942970000000713,0.0
13,20,-0.13648900000001163,4.941741999999991,-22.27811099999967,0.0
14,0,-0.9756357857142858,0.8811450000000036,47.57465,0.0
14,1,-0.9758096428571429,0.8835790000000046,47.57465,0.0
14,2,-0.9758096428571429,0.9110869999999949,47.54714200000001,0.0
14,3,-0.9759093571428572,0.9881550000000061,47.394401999999985,0.0
14,4,-0.9748190000000037,1.0249789999999948,47.26866500000007,0.0
14,5,-0.9741369999999989,1.0817260000000033,47.03212899999997,0.0
14,6,-0.9733459999999994,1.149445,46.68245999999999,0.0
14,7,-0.9726180000000042,1.224261999999996,46.223366000000084,0.0
14,8,-0.9720650000000006,1.305443000000004,45.64735699999998,0.0
14,9,-0.970753000000002,1.4146459999999976,44.75536500000005,0.0
14,10,-0.9698950000000011,1.545383000000001,43.566720000000004,0.0
14,11,-0.967967999999999,1.6691100000000034,42.30247199999995,0.0
14,12,-0.9658429999999996,1.8239710000000002,40.569250999999994,0.0
14,13,-0.9578710000000044,2.024294999999995,38.05375500000012,0.0
14,14,-0.9436570000000017,2.212482999999999,35.40831500000004,0.0
14,15,-0.9130779999999987,2.473942000000001,31.319782999999966,0.0
14,16,-0.8484079999999992,2.757263000000002,26.16458799999996,0.0
14,17,-0.7174079999999989,3.139808000000002,18.20986799999995,0.0
14,18,-0.47333500000000583,3.7000889999999984,5.268069000000111,0.0
14,19,-0.12227700000001107,4.475371999999993,-13.601836999999719,0.0
15,0,-0.9659619999999975,0.8811450000000036,47.439216999999964,0.0
15,1,-0.9655650000000051,0.881541999999996,47.43326200000008,0.0
15,2,-0.964698999999996,0.911953000000004,47.38986099999993,0.0
15,3,-0.9641909999999996,0.9886630000000025,47.22882099999999,0.0
15,4,-0.9635849999999948,1.0255849999999995,47.10896499999993,0.0
15,5,-0.962608000000003,1.082702999999995,46.86583800000007,0.0
15,6,-0.9614410000000007,1.1506120000000024,46.508787999999996,0.0
15,7,-0.9603649999999959,1.2253380000000007,46.044291999999935,0.0
15,8,-0.9593509999999981,1.3064570000000018,45.46124899999996,0.0
15,9,-0.9572719999999961,1.4167249999999996,44.54791999999995,0.0
15,10,-0.9556230000000028,1.5470319999999944,43.350422000000094,0.0
15,11,-0.9517100000000056,1.6730230000000006,42.031817000000075,0.0
15,12,-0.9446420000000018,1.831039000000004,40.18762099999998,0.0
15,13,-0.9301299999999983,2.0388069999999985,37.476724999999995,0.0
15,14,-0.8996659999999963,2.242947000000001,34.36594499999993,0.0
15,15,-0.8361019999999968,2.5375060000000005,29.288658999999946,0.0
15,16,-0.7069210000000012,2.8864439999999973,22.11687400000006,0.0
15,17,-0.46096400000000415,3.3857649999999992,10.438383000000073,0.0
15,18,-0.11952999999999747,4.041523000000005,-5.831013000000127,0.0
16,0,-0.9530220000000007,0.881541999999996,47.24511700000001,0.0
16,1,-0.9523919999999961,0.8821720000000042,47.235036999999934,0.0
16,2,-0.950882,0.9134630000000001,47.179586,0.0
16,3,-0.9501270000000019,0.9894180000000006,47.01559600000003,0.0
16,4,-0.9491119999999995,1.026600000000002,46.88780999999999,0.0
16,5,-0.9477959999999968,1.0840189999999978,46.63707799999996,0.0
16,6,-0.9461409999999972,1.152267000000002,46.26935799999995,0.0
16,7,-0.9445270000000008,1.2269519999999972,45.79542400000003,0.0
16,8,-0.9428370000000044,1.3081469999999982,45.20001900000008,0.0
16,9,-0.9395400000000009,1.420022000000003,44.25226699999999,0.0
16,10,-0.936481999999998,1.5500899999999973,43.032726999999994,0.0
16,11,-0.9284319999999937,1.681073000000005,41.59409699999985,0.0
16,12,-0.9140200000000007,1.845450999999997,39.55534700000005,0.0
16,13,-0.8833229999999972,2.069504000000002,36.37555899999993,0.0
16,14,-0.8204270000000022,2.305842999999996,32.29681600000009,0.0
16,15,-0.693283000000001,2.6646500000000017,25.239213999999983,0.0
16,16,-0.45159900000000164,3.1281279999999967,14.420100000000076,0.0
16,17,-0.10486600000000124,3.7324979999999996,-0.7975479999999777,0.0
17,0,-0.9353519999999982,0.8821720000000042,46.96239699999997,0.0
17,1,-0.9344220000000014,0.8831020000000009,46.94658700000002,0.0
17,2,-0.9334640000000007,0.9144210000000008,46.89898200000001,0.0
17,3,-0.932495000000003,0.9903869999999984,46.73057700000005,0.0
17,4,-0.9308740000000029,1.028221000000002,46.58951800000004,0.0
17,5,-0.9291109999999989,1.0857820000000018,46.329302999999975,0.0
17,6,-0.9269370000000023,1.1544409999999985,45.94905000000005,0.0
17,7,-0.9245530000000031,1.2293359999999964,45.459152000000074,0.0
17,8,-0.9217489999999984,1.3109510000000029,44.84017899999995,0.0
17,9,-0.9164590000000032,1.4253119999999981,43.83536100000007,0.0
17,10,-0.9082709999999992,1.5582780000000014,42.49947099999997,0.0
17,11,-0.894124000000005,1.695219999999999,40.889552000000094,0.0
17,12,-0.8645589999999999,1.8750160000000022,38.40919099999997,0.0
17,13,-0.8016130000000032,2.1324499999999986,34.24990100000007,0.0
17,14,-0.6762919999999966,2.4311640000000025,28.236161999999908,0.0
17,15,-0.43806800000000123,2.902873999999997,17.582414000000064,0.0
17,16,-0.08863099999999946,3.4663770000000014,3.189439999999969,0.0
18,0,-0.9149360000000009,0.8831020000000009,46.61532500000001,0.0
18,1,-0.9136939999999996,0.9144210000000008,46.56289199999999,0.0
18,2,-0.9123069999999984,0.915808000000002,46.53653899999997,0.0
18,3,-0.910975999999998,0.9917179999999988,46.36076099999997,0.0
18,4,-0.9084470000000024,1.0307499999999976,46.19814300000005,0.0
18,5,-0.906174,1.0880550000000042,45.92800899999998,0.0
18,6,-0.9033090000000001,1.1573059999999984,45.53018400000001,0.0
18,7,-0.8997839999999968,1.2328609999999998,45.013403999999944,0.0
18,8,-0.8950570000000013,1.3156779999999983,44.348599000000036,0.0
18,9,-0.886027999999996,1.4343410000000034,43.2367729999999,0.0
18,10,-0.8702929999999967,1.5740130000000008,41.696494999999935,0.0
18,11,-0.8409380000000013,1.7245749999999944,39.66248500000008,0.0
18,12,-0.7810330000000008,1.9349210000000028,36.27038899999998,0.0
18,13,-0.6561699999999959,2.2573130000000035,30.154150999999885,0.0
18,14,-0.42150500000000335,2.665828999999995,20.619473000000127,0.0
18,15,-0.08863099999999946,3.235748000000001,6.648874999999975,0.0
19,0,-0.8889790000000026,0.8843439999999987,46.148099000000045,0.0
19,1,-0.887319999999999,0.915808000000002,46.08677299999998,0.0
19,2,-0.8853480000000005,0.9177800000000005,46.04733300000001,0.0
19,3,-0.8835789999999974,0.9934870000000018,45.86230799999995,0.0
19,4,-0.8813479999999956,1.0329809999999995,45.70143699999992,0.0
19,5,-0.8783230000000017,1.091079999999998,45.41156600000004,0.0
19,6,-0.8745759999999976,1.1610530000000026,44.99050799999994,0.0
19,7,-0.8692210000000031,1.2382159999999942,44.4257850000001,0.0
19,8,-0.8608669999999989,1.3240320000000025,43.66634699999996,0.0
19,9,-0.8445850000000021,1.4506230000000002,42.34426100000004,0.0
19,10,-0.8136520000000047,1.6049459999999982,40.367627000000105,0.0
19,11,-0.7541619999999938,1.7840650000000053,37.44612699999983,0.0
19,12,-0.6331289999999967,2.055954,32.15572099999994,0.0
19,13,-0.40221800000000485,2.4882239999999953,22.58117200000015,0.0
19,14,-0.07558099999999968,2.9924660000000003,9.819922999999989,0.0
20,0,-0.8591999999999977,0.8860030000000023,45.58229799999995,0.0
20,1,-0.8570689999999992,0.888134000000008,45.53967799999998,0.0
20,2,-0.8544180000000026,0.9204309999999971,45.454361000000056,0.0
20,3,-0.8521960000000028,0.9957090000000015,45.25936500000005,0.0
20,4,-0.8491660000000039,1.0360109999999985,45.07785900000008,0.0
20,5,-0.8451000000000022,1.0951459999999997,44.75999900000004,0.0
20,6,-0.8399280000000005,1.1662250000000043,44.301163999999986,0.0
20,7,-0.831038999999997,1.2471049999999977,43.638103999999956,0.0
20,8,-0.8156930000000031,1.3393779999999964,42.68527300000009,0.0
20,9,-0.7851069999999964,1.4812090000000069,40.93890499999987,0.0
20,10,-0.7242589999999964,1.6657939999999982,38.06067999999995,0.0
20,11,-0.6063540000000032,1.9019699999999986,33.34082000000008,0.0
20,12,-0.38060400000000527,2.2817039999999977,24.64874600000013,0.0
20,13,-0.06075299999999828,2.8080750000000023,11.935273999999936,0.0
21,0,-0.8244089999999993,0.888134000000008,44.88647799999998,0.0
21,1,-0.8217200000000027,0.8908229999999975,44.83000900000006,0.0
21,2,-0.8182729999999978,0.923878000000002,44.72456699999995,0.0
21,3,-0.8153059999999996,0.9986759999999997,44.512663999999994,0.0
21,4,-0.8112379999999995,1.0400789999999986,44.30302699999999,0.0
21,5,-0.8054739999999967,1.1009100000000025,43.938658999999916,0.0
21,6,-0.7960619999999992,1.1756370000000018,43.367371999999975,0.0
21,7,-0.7804799999999972,1.2626869999999997,42.517849999999946,0.0
21,8,-0.7512089999999958,1.3686489999999978,41.16142499999993,0.0
21,9,-0.6922340000000062,1.5401839999999964,38.55067000000016,0.0
21,10,-0.5755650000000045,1.782463,33.92011000000009,0.0
21,11,-0.3554230000000018,2.1221120000000013,25.900638000000022,0.0
21,12,-0.04460900000000123,2.5925179999999983,14.199078000000043,0.0
22,0,-0.7843550000000015,0.8908229999999975,44.04534400000003,0.0
22,1,-0.7810169999999985,0.8941609999999969,43.97190799999997,0.0
22,2,-0.7766249999999992,0.9986759999999997,43.70036299999999,0.0
22,3,-0.772670999999999,1.00263,43.605466999999976,0.0
22,4,-0.7670700000000004,1.0456799999999973,43.35309500000002,0.0
22,5,-0.7582410000000017,1.1097390000000011,42.90262100000003,0.0
22,6,-0.7424170000000032,1.1914610000000003,42.14588300000007,0.0
22,7,-0.7135999999999996,1.2915040000000033,40.91165099999997,0.0
22,8,-0.6569939999999974,1.425255,38.73006199999995,0.0
22,9,-0.5432969999999955,1.6538809999999984,34.39971999999992,0.0
22,10,-0.3271179999999987,1.9986419999999967,26.540933000000003,0.0
22,11,-0.026122999999998342,2.4231070000000017,15.674392999999945,0.0
23,0,-0.738938000000001,0.894161000000004,43.04617000000002,0.0
23,1,-0.7347870000000007,0.9282700000000013,42.92073900000001,0.0
23,2,-0.7290799999999997,0.9339770000000023,42.78377099999999,0.0
23,3,-0.7235200000000006,1.008189999999999,42.50746500000002,0.0
23,4,-0.7138279999999995,1.0553719999999984,42.14300299999999,0.0
23,5,-0.6991200000000006,1.124447,41.528419000000014,0.0
23,6,-0.6705809999999985,1.2915040000000033,39.96523299999995,0.0
23,7,-0.6155960000000036,1.3464889999999983,38.370668000000094,0.0
23,8,-0.5061150000000012,1.5347360000000023,34.53487600000001,0.0
23,9,-0.29662700000000086,1.8633689999999987,27.087588000000032,0.0
23,10,-0.005698999999999899,2.2895699999999977,16.56043500000002,0.0
24,0,-0.6879989999999978,0.8983119999999971,41.87457299999995,0.0
24,1,-0.682815999999999,0.9034949999999995,41.75018099999998,0.0
24,2,-0.6753500000000017,0.9414429999999996,41.53304900000004,0.0
24,3,-0.666952000000002,1.0165879999999987,41.18120700000005,0.0
24,4,-0.6513799999999996,1.124447,40.430398999999994,0.0
24,5,-0.6250590000000003,1.1507679999999993,39.69341100000001,0.0
24,6,-0.5714130000000033,1.3464889999999983,37.35445900000009,0.0
24,7,-0.46575200000000194,1.4521499999999996,34.184629000000044,0.0
24,8,-0.2637900000000002,1.736698000000004,27.345704999999974,0.0
24,9,0.01596500000000134,2.1431240000000003,17.380176999999968,0.0
25,0,-0.6317330000000005,0.9034949999999995,40.524189000000014,0.0
25,1,-0.6249810000000018,0.9102469999999983,40.355389000000045,0.0
25,2,-0.6146129999999985,1.0165879999999987,39.92507099999997,0.0
25,3,-0.6008320000000005,1.0709440000000008,39.43125900000001,0.0
25,4,-0.5738009999999996,1.1507679999999993,38.463218999999995,0.0
25,5,-0.5227949999999986,1.2017740000000003,36.984044999999966,0.0
25,6,-0.4217689999999976,1.3746720000000003,33.593904999999936,0.0
25,7,-0.22748599999999897,1.6464329999999983,27.106263999999985,0.0
25,8,0.03916199999999748,2.0033460000000005,17.94167300000006,0.0
26,0,-0.5700360000000018,0.9102469999999983,38.98176400000004,0.0
26,1,-0.5607069999999972,0.9518110000000028,38.70697499999993,0.0
26,2,-0.5451580000000007,1.0303689999999968,38.161134000000025,0.0
26,3,-0.5207079999999991,1.0548189999999984,37.47653399999998,0.0
26,4,-0.4712150000000008,1.147468,35.91176900000002,0.0
26,5,-0.3738759999999992,1.299113000000002,32.77437499999997,0.0
26,6,-0.1882780000000004,1.5602699999999992,26.643042000000015,0.0
26,7,0.06445000000000078,1.8991609999999994,18.038767999999983,0.0
27,0,-0.5014249999999976,0.9195760000000064,37.19787799999993,0.0
27,1,-0.4872450000000015,0.9673599999999993,36.78141400000004,0.0
27,2,-0.46153500000000136,0.9930699999999995,36.06153400000004,0.0
27,3,-0.41592800000000096,1.1004259999999988,34.615433000000024,0.0
27,4,-0.3226849999999999,1.240711000000001,31.677016999999992,0.0
27,5,-0.14574500000000157,1.4760530000000003,25.95826900000004,0.0
27,6,0.09147099999999853,1.7974859999999993,17.946272000000043,0.0
28,0,-0.4262750000000004,0.9337559999999954,35.16882800000001,0.0
28,1,-0.4027029999999989,0.9930699999999995,34.473069999999964,0.0
28,2,-0.35708199999999835,1.1004259999999988,33.026590999999954,0.0
28,3,-0.27017399999999725,1.240711000000001,30.259219999999925,0.0
28,4,-0.10085699999999775,1.4100280000000005,25.010392999999937,0.0
28,5,0.12051999999999907,1.697429999999997,17.66222900000004,0.0
29,0,-0.3405520000000024,0.9573279999999968,32.76858400000007,0.0
29,1,-0.2983280000000015,0.9995519999999978,31.54408800000004,0.0
29,2,-0.213827000000002,1.187334,28.841635000000057,0.0
29,3,-0.05507800000000174,1.3460830000000001,23.92041600000005,0.0
29,4,0.1510239999999996,1.697429999999997,16.808117000000024,0.0
30,0,-0.23695699999999675,0.9995520000000013,29.764328999999904,0.0
30,1,-0.15815200000000118,1.1231919999999995,27.355344000000034,0.0
30,2,-0.006374999999998465,1.2749690000000022,22.65025699999995,0.0
30,3,0.18188400000000016,1.6161300000000018,16.23837699999999,0.0
31,0,-0.10034000000000276,1.078356999999997,25.665819000000084,0.0
31,1,0.04157300000000319,1.2749690000000022,21.2118169999999,0.0
31,2,0.21450899999999962,1.5343419999999988,15.504991000000015,0.0
32,0,0.09083299999999994,1.2202700000000029,19.739456,0.0
32,1,0.24636499999999728,1.4479049999999987,14.690329000000087,0.0
33,0,0.279007,1.3758020000000002,13.717887999999999,0.0
