0,0,-0.7180219999999995,0.2524840000000008,8.687482,0.0
0,1,-0.7180219999999995,0.2524840000000008,8.687482,0.0
0,2,-0.6954770000000003,0.3143539999999998,8.625612,0.0
0,3,-0.6700999999999997,0.386845000000001,8.480629999999998,0.0
0,4,-0.6420360000000009,0.4695859999999996,8.232407000000002,0.0
0,5,-0.6116469999999996,0.5617579999999993,7.863719000000003,0.0
0,6,-0.5793660000000003,0.6627410000000005,7.3588039999999975,0.0
0,7,-0.5458420000000004,0.7720070000000003,6.703207999999998,0.0
0,8,-0.5118510000000001,0.8878259999999987,5.89247500000001,0.0
0,9,-0.4781019999999998,1.0051490000000012,4.95389099999999,0.0
0,10,-0.4454419999999999,1.1231449999999992,3.891927000000008,0.0
0,11,-0.4145859999999999,1.2386299999999988,2.7370770000000118,0.0
0,12,-0.3862439999999978,1.348047000000001,1.5334899999999863,0.0
0,13,-0.360949999999999,1.448132000000001,0.3324699999999865,0.0
0,14,-0.338909000000001,1.5419440000000009,-0.8870860000000107,0.0
0,15,-0.32041300000000206,1.6237549999999992,-2.032439999999987,0.0
0,16,-0.30527500000000174,1.694507999999999,-3.0937349999999846,0.0
0,17,-0.29325700000000055,1.7555370000000003,-4.070199000000006,0.0
0,18,-0.2841270000000016,1.802066,-4.861191999999999,0.0
0,19,-0.27726900000000043,1.8427509999999998,-5.5935219999999966,0.0
0,20,-0.2722319999999989,1.8747350000000012,-6.201218000000022,0.0
0,21,-0.2687510000000053,1.9015019999999971,-6.736557999999938,0.0
0,22,-0.266570999999999,1.9290890000000047,-7.315885000000101,0.0
0,23,-0.26539999999999964,1.9418529999999947,-7.596692999999881,0.0
0,24,-0.26603399999999766,1.9602700000000013,-8.020284000000032,0.0
0,25,-0.26744000000000057,1.9725409999999997,-8.314787999999993,0.0
0,26,-0.26977499999999566,1.9943579999999983,-8.860212999999959,0.0
0,27,-0.2723889999999969,2.0179490000000015,-9.473579000000043,0.0
0,28,-0.27544800000000436,2.0466650000000044,-10.24891100000012,0.0
0,29,-0.2783510000000007,2.0921969999999988,-11.523806999999962,0.0
0,30,-0.2810520000000025,2.1662260000000018,-13.67064800000005,0.0
0,31,-0.28359999999999985,2.2995829999999984,-17.671357999999948,0.0
0,32,-0.28595299999999924,2.5376929999999973,-25.052767999999915,0.0
0,33,-0.28685399999999817,2.9553259999999995,-38.417023999999984,0.0
0,34,-0.28685400000000527,3.7411770000000004,-64.35010700000001,0.0
0,35,-0.2771720000000215,5.169292000000006,-112.90601700000019,0.0
0,36,-0.2258070000000032,7.749465999999998,-203.21210699999995,0.0
0,37,-0.06935899999996309,12.535140999999996,-375.49640699999986,0.0
0,38,0.22978200000000015,22.230187,-734.213109,0.0
0,39,0.4360189999999875,47.466003,-1693.174117,0.0
1,0,-0.7180219999999995,0.2524840000000008,8.687482,0.0
1,1,-0.6954770000000003,0.27502899999999997,8.664937,0.0
1,2,-0.6700999999999997,0.33973100000000045,8.574857999999999,0.0
1,3,-0.6420360000000009,0.41490899999999975,8.396438000000002,0.0
1,4,-0.4730460000000001,0.49997500000000095,7.972249999999997,0.0
1,5,-0.42866800000000005,0.5940389999999987,7.551616000000006,0.0
1,6,-0.38179799999999986,0.6962650000000004,6.993615999999998,0.0
1,7,-0.33337799999999973,0.8059980000000007,6.286797999999996,0.0
1,8,-0.4781019999999998,0.9215749999999989,5.622483000000008,0.0
1,9,-0.4454419999999999,1.037809000000001,4.659950999999991,0.0
1,10,-0.18963399999999986,1.1540009999999992,3.358415000000008,0.0
1,11,-0.3862439999999978,1.2669720000000009,2.425314999999989,0.0
1,12,-0.360949999999999,1.373341,1.2299620000000004,0.0
1,13,-0.338909000000001,1.470172999999999,0.04593700000001277,0.0
1,14,-0.32041300000000206,1.5604399999999998,-1.146029999999996,0.0
1,15,-0.012364999999999071,1.6388929999999995,-2.5524199999999944,0.0
1,16,-0.29325700000000055,1.7065260000000002,-3.2860230000000037,0.0
1,17,-0.2841270000000016,1.7646669999999993,-4.225408999999988,0.0
1,18,-0.27726900000000043,1.808924000000001,-4.98463600000002,0.0
1,19,-0.2722319999999989,1.8477880000000013,-5.689225000000025,0.0
1,20,0.05771999999999977,1.8782159999999983,-6.597308999999967,0.0
1,21,0.06328000000000245,1.9036819999999999,-7.112189000000004,0.0
1,22,0.06701300000000288,1.9303099999999986,-7.675109999999975,0.0
1,23,0.06943500000000569,1.9418030000000002,-7.930378000000012,0.0
1,24,0.06996999999999787,1.9596360000000033,-8.341072000000075,0.0
1,25,0.06879400000000402,1.9711349999999968,-8.615871999999925,0.0
1,26,0.06640199999999652,1.9920230000000032,-9.135680000000079,0.0
1,27,-0.26977499999999566,2.0153350000000003,-9.405615000000012,0.0
1,28,0.06063800000000441,2.043605999999997,-10.49934499999992,0.0
1,29,0.057781999999996,2.0892940000000024,-11.775753000000066,0.0
1,30,0.05525999999999698,2.163525,-13.925929999999994,0.0
1,31,-0.2810520000000096,2.297035000000001,-17.59491800000003,0.0
1,32,0.05249700000000246,2.535339999999998,-25.315921999999937,0.0
1,33,0.05249700000000246,2.9544250000000005,-38.72664200000002,0.0
1,34,0.05825500000000261,3.7508589999999984,-65.01472199999995,0.0
1,35,0.0901100000000028,5.220657000000003,-115.01970900000009,0.0
1,36,-0.06935899999999151,7.905913999999996,-208.84423499999986,0.0
1,37,0.22978200000000015,12.834282000000002,-386.5646240000001,0.0
1,38,0.6634290000000078,22.436424000000002,-742.2775250000002,0.0
2,0,-0.5851709999999999,0.27502899999999997,8.554631,0.0
2,1,-0.5517059999999994,0.3084940000000014,8.487700999999998,0.0
2,2,-0.5142400000000009,0.3771969999999989,8.344066000000003,0.0
2,3,-0.4730460000000001,0.4561030000000006,8.103865999999998,0.0
2,4,-0.42866800000000005,0.544353000000001,7.750359999999997,0.0
2,5,-0.38179799999999986,0.6409089999999988,7.270396000000005,0.0
2,6,-0.33337799999999973,0.7446850000000005,6.654675999999997,0.0
2,7,-0.2845040000000001,0.8548720000000003,5.8958059999999985,0.0
2,8,-0.2362000000000002,0.9698789999999988,4.994149000000009,0.0
2,9,-0.18963399999999986,1.0843750000000014,3.9850489999999876,0.0
2,10,-0.14578299999999977,1.1978519999999993,2.876054000000007,0.0
2,11,-0.10559100000000043,1.3071640000000002,1.7025499999999987,0.0
2,12,-0.06976900000000086,1.4091629999999995,0.5089170000000074,0.0
2,13,-0.038575999999999055,1.5013660000000009,-0.6599050000000126,0.0
2,14,-0.012364999999999071,1.5866509999999998,-1.8210319999999989,0.0
2,15,0.009209000000002021,1.6604670000000006,-2.897604000000012,0.0
2,16,0.0264950000000006,1.7238119999999988,-3.882350999999982,0.0
2,17,0.03982600000000147,1.7779980000000002,-4.775989000000006,0.0
2,18,0.04998000000000147,1.819078000000001,-5.494657000000021,0.0
2,19,0.05771999999999977,1.8555279999999996,-6.166236999999992,0.0
2,20,0.06328000000000245,1.883776000000001,-6.714069000000023,0.0
2,21,0.06701300000000288,1.9074150000000003,-7.19431500000001,0.0
2,22,0.06943500000000569,1.9327320000000014,-7.73081600000004,0.0
2,23,0.07006400000000212,1.9424319999999966,-7.945473999999926,0.0
2,24,0.07006400000000212,1.959541999999999,-8.339003999999981,0.0
2,25,0.06996999999999787,1.969959000000003,-8.588824000000066,0.0
2,26,0.06879400000000402,1.9896309999999957,-9.078271999999899,0.0
2,27,0.37330200000000247,2.012742000000003,-10.288174000000083,0.0
2,28,0.06380899999999912,2.040435000000002,-10.416899000000058,0.0
2,29,0.3674689999999998,2.086437999999994,-12.31230299999983,0.0
2,30,0.3652530000000027,2.161003000000001,-14.470256000000035,0.0
2,31,0.3645479999999992,2.294975000000001,-18.488006000000034,0.0
2,32,0.053199999999996805,2.5346370000000036,-25.294832000000106,0.0
2,33,0.36873299999999887,2.9601830000000007,-39.54337000000002,0.0
2,34,0.0901100000000028,3.7827139999999986,-66.12964699999996,0.0
2,35,0.19451899999999966,5.325066,-118.77843299999999,0.0
2,36,0.42068500000000597,8.132080000000002,-217.47625500000007,0.0
2,37,0.7860029999999938,13.077026000000004,-396.2249470000001,0.0
3,0,-0.4405760000000001,0.3084940000000014,8.265441,0.0
3,1,-0.3964440000000007,0.352625999999999,8.133045000000003,0.0
3,2,-0.34742599999999957,0.426215,7.912401999999998,0.0
3,3,-0.2939860000000003,0.5095429999999999,7.585426000000001,0.0
3,4,-0.236873000000001,0.6014660000000003,7.138318000000002,0.0
3,5,-0.17702899999999921,0.7007530000000006,6.561637999999995,0.0
3,6,-0.1156959999999998,0.8060179999999999,5.851314,0.0
3,7,-0.054244000000000625,0.9163239999999995,5.005122000000005,0.0
3,8,0.006018000000000967,1.0301410000000004,4.027616999999994,0.0
3,9,0.06373099999999887,1.1420879999999993,2.958902000000009,0.0
3,10,0.11774199999999979,1.2518630000000002,1.8088939999999987,0.0
3,11,0.16692600000000013,1.3563480000000006,0.6164919999999938,0.0
3,12,0.21054499999999976,1.4527819999999991,-0.5751389999999894,0.0
3,13,0.24834999999999852,1.5391709999999996,-1.7252219999999916,0.0
3,14,0.2800520000000013,1.6183530000000026,-2.8496940000000386,0.0
3,15,0.30606599999999773,1.686480999999997,-3.8815279999999497,0.0
3,16,0.32693800000000195,1.744684000000003,-4.817189000000052,0.0
3,17,0.3430649999999993,1.7941249999999975,-5.656625999999957,0.0
3,18,0.35538899999999884,1.8314020000000006,-6.327307000000008,0.0
3,19,0.36480900000000105,1.8649480000000018,-6.95939500000004,0.0
3,20,0.3716089999999994,1.8905759999999994,-7.466726999999985,0.0
3,21,0.37617099999999937,1.9119770000000003,-7.908433000000002,0.0
3,22,0.3791039999999981,1.9356650000000002,-8.414679999999997,0.0
3,23,0.37998199999999827,1.9433099999999968,-8.585503999999922,0.0
3,24,0.37998199999999827,1.9594880000000003,-8.957598000000004,0.0
3,25,0.6139450000000011,1.968674,-9.879951000000005,0.0
3,26,0.6112180000000009,1.9870220000000032,-10.330470000000084,0.0
3,27,0.3760340000000042,2.010010000000001,-10.222606000000042,0.0
3,28,0.6054990000000018,2.0373269999999977,-11.64855999999994,0.0
3,29,0.3701939999999979,2.083712999999996,-12.24145299999988,0.0
3,30,0.3674689999999998,2.158787000000004,-14.410424000000113,0.0
3,31,0.3652530000000027,2.2942699999999974,-18.46826599999993,0.0
3,32,0.36873299999999887,2.5388220000000032,-26.0598180000001,0.0
3,33,0.62059,2.980938000000002,-40.96310100000006,0.0
3,34,0.6653289999999998,3.8495629999999963,-69.76194299999986,0.0
3,35,0.7632869999999983,5.4765780000000035,-125.37432700000011,0.0
3,36,0.7860029999999938,8.310233999999994,-224.62043499999976,0.0
4,0,-0.3063199999999995,0.3526259999999999,7.862672999999998,0.0
4,1,-0.252993,0.40595299999999934,7.649365,0.0
4,2,-0.19436900000000001,0.5095429999999999,7.286575000000001,0.0
4,3,-0.1311599999999995,0.5727520000000004,6.907320999999997,0.0
4,4,-0.06430499999999917,0.6683210000000006,6.353193999999995,0.0
4,5,0.005016999999998717,0.7700749999999985,5.668890000000012,0.0
4,6,0.07530700000000046,0.8763080000000016,4.856564999999989,0.0
4,7,0.14503999999999984,0.9860569999999989,3.9191390000000084,0.0
4,8,0.2126859999999997,1.0977870000000003,2.866444999999999,0.0
4,9,0.3767189999999996,1.2062830000000009,1.3423449999999946,0.0
4,10,0.44256099999999954,1.3113909999999986,0.13300500000001492,0.0
4,11,0.3901310000000002,1.410070000000001,-0.6440650000000119,0.0
4,12,0.4374020000000023,1.5000530000000012,-1.8229620000000217,0.0
4,13,0.4780440000000006,1.579812999999998,-2.9426499999999756,0.0
4,14,0.5119069999999972,1.6522159999999992,-4.019340999999979,0.0
4,15,0.5395680000000027,1.7141420000000025,-4.996949000000047,0.0
4,16,0.5616459999999996,1.766762,-5.874560999999996,0.0
4,17,0.5786800000000021,1.811159,-6.653049000000006,0.0
4,18,0.591621,1.8443429999999985,-7.268940999999973,0.0
4,19,0.6014289999999995,1.8747560000000014,-7.85560700000002,0.0
4,20,0.6083849999999984,1.8975319999999982,-8.316174999999959,0.0
4,21,0.612842999999998,1.9164349999999999,-8.71206699999999,0.0
4,22,0.6155589999999975,1.9383809999999997,-9.183796999999984,0.0
4,23,0.6160890000000023,1.9438400000000016,-9.306015000000045,0.0
4,24,0.6160890000000023,1.9590260000000015,-9.655293000000043,0.0
4,25,0.6156270000000035,1.9669919999999976,-9.844628999999955,0.0
4,26,0.6139450000000011,1.984295000000003,-10.27047600000008,0.0
4,27,0.6112180000000009,2.0071069999999978,-10.852679999999943,0.0
4,28,0.6083149999999975,2.034511000000002,-11.580976000000042,0.0
4,29,0.6054990000000018,2.081313999999999,-12.880195999999977,0.0
4,30,0.6031000000000049,2.157722999999997,-15.086460999999936,0.0
4,31,0.6054150000000007,2.297649,-19.293500999999992,0.0
4,32,0.62059,2.5539970000000025,-27.30098900000008,0.0
4,33,0.6653289999999998,3.0256770000000017,-42.573705000000054,0.0
4,34,0.8745949999999993,3.9475209999999947,-73.83162099999981,0.0
4,35,0.8730089999999961,5.586300000000001,-129.54376300000004,0.0
5,0,-0.18599800000000055,0.40595299999999934,7.3813850000000025,0.0
5,1,-0.12539499999999926,0.46655600000000064,7.078369999999996,0.0
5,2,-0.059632999999999825,0.5506009999999995,6.665515,0.0
5,3,0.010363999999999152,0.6427489999999993,6.131234000000005,0.0
5,4,0.08346499999999857,0.741422,5.469710000000006,0.0
5,5,0.15825400000000123,0.8448640000000012,4.681996999999988,0.0
5,6,0.23311999999999955,0.951174,3.776117000000003,0.0
5,7,0.3064720000000012,1.0594090000000005,2.7599469999999915,0.0
5,8,0.3767189999999996,1.1680339999999987,1.6483370000000122,0.0
5,9,0.5038099999999996,1.2721250000000008,0.1801539999999946,0.0
5,10,0.5674099999999989,1.371753,-1.034497999999994,0.0
5,11,0.6249570000000002,1.4638849999999994,-2.243552999999995,0.0
5,12,0.6755050000000011,1.5469739999999987,-3.410271999999992,0.0
5,13,0.6435509999999987,1.6197049999999997,-4.1232739999999914,0.0
5,14,0.6765040000000013,1.685169000000002,-5.139071000000033,0.0
5,15,0.7032379999999989,1.740876,-6.052638999999996,0.0
5,16,0.7244259999999976,1.7879499999999986,-6.8646889999999665,0.0
5,17,0.7406159999999993,1.8273490000000017,-7.576023000000024,0.0
5,18,0.7528210000000009,1.856548,-8.133431000000005,0.0
5,19,0.7618349999999978,1.8837699999999984,-8.66849699999996,0.0
5,20,0.767940000000003,1.9036370000000034,-9.07649500000008,0.0
5,21,0.7715409999999991,1.920035999999996,-9.422479999999915,0.0
5,22,0.7733989999999977,1.9402389999999983,-9.856032999999954,0.0
5,23,0.7733989999999977,1.9437070000000034,-9.932329000000067,0.0
5,24,0.7732659999999996,1.957886000000002,-10.257781000000044,0.0
5,25,0.7721260000000001,1.965010999999997,-10.423080999999925,0.0
5,26,0.7701449999999994,1.9814489999999978,-10.824125999999943,0.0
5,27,0.7672989999999942,2.0042880000000025,-11.40371000000004,0.0
5,28,0.7644799999999989,2.0322189999999978,-12.143751999999935,0.0
5,29,0.8574140000000057,2.0802189999999996,-13.95242200000002,0.0
5,30,0.8597530000000049,2.160149000000004,-16.282087000000146,0.0
5,31,0.8703420000000008,2.310176999999996,-20.83587199999988,0.0
5,32,0.8089069999999978,2.586857000000002,-29.105777000000053,0.0
5,33,0.8745949999999993,3.0913650000000032,-45.5784730000001,0.0
5,34,0.9748389999999958,4.007743999999995,-76.32019999999983,0.0
6,0,-0.07692999999999994,0.46655600000000064,6.8360449999999995,0.0
6,1,-0.010972000000000648,0.5325139999999999,6.440297000000004,0.0
6,2,0.05956800000000051,0.6211410000000006,5.928429999999996,0.0
6,3,0.13353700000000046,0.7167179999999993,5.293461999999999,0.0
6,4,0.2096290000000014,0.817514000000001,4.534521999999988,0.0
6,5,0.2863189999999989,0.9215539999999987,3.6582220000000127,0.0
6,6,0.36193399999999976,1.0267890000000008,2.6783569999999965,0.0
6,7,0.43495999999999846,1.1324349999999992,1.6063250000000142,0.0
6,8,0.5384210000000014,1.2368839999999999,0.254415999999992,0.0
6,9,0.6030480000000011,1.335725,-0.9240740000000081,0.0
6,10,0.6617740000000012,1.4293000000000013,-2.11860500000002,0.0
6,11,0.6755050000000011,1.5144330000000004,-3.05232100000001,0.0
6,12,0.7593229999999984,1.5905389999999997,-4.392394999999986,0.0
6,13,0.7977869999999996,1.6562789999999978,-5.412058999999971,0.0
6,14,0.8296470000000014,1.715086000000003,-6.367710000000049,0.0
6,15,0.855404,1.7649019999999993,-7.219675999999989,0.0
6,16,0.8284300000000009,1.806792999999999,-7.686196999999989,0.0
6,17,0.8426799999999979,1.8415989999999987,-8.328592999999966,0.0
6,18,0.8531379999999977,1.867006,-8.823259999999987,0.0
6,19,0.860596000000001,1.8912280000000017,-9.304004000000042,0.0
6,20,0.8652799999999985,1.9083210000000008,-9.656875000000007,0.0
6,21,0.8675810000000013,1.9223369999999989,-9.951000999999984,0.0
6,22,0.8682450000000017,1.9409029999999987,-10.344870999999983,0.0
6,23,0.8682450000000017,1.942897000000002,-10.388739000000058,0.0
6,24,0.8674350000000004,1.9561080000000004,-10.687732000000011,0.0
6,25,0.8656569999999988,1.9627419999999987,-10.83627999999996,0.0
6,26,0.8633880000000005,1.9788169999999994,-11.224540999999988,0.0
6,27,0.9112319999999983,2.0018659999999997,-12.110878999999983,0.0
6,28,0.8583339999999993,2.031299000000004,-12.58818200000011,0.0
6,29,0.9139599999999959,2.082557999999999,-14.357189999999939,0.0
6,30,0.9239120000000014,2.170738,-16.97412200000001,0.0
6,31,0.897075000000001,2.336909999999996,-21.798259999999892,0.0
6,32,0.9449880000000022,2.634770000000003,-31.319398000000113,0.0
6,33,0.9748389999999958,3.121215999999997,-47.064775999999874,0.0
7,0,0.024833000000000105,0.5325139999999999,6.225466999999999,0.0
7,1,0.09442100000000053,0.6211410000000006,5.719311999999996,0.0
7,2,0.16762299999999986,0.6943429999999999,5.133696000000001,0.0
7,3,0.24312300000000064,0.7922180000000001,4.4094459999999955,0.0
7,4,0.3195439999999987,0.9215539999999987,3.4588720000000137,0.0
7,5,0.3952480000000005,0.9972580000000004,2.6261279999999942,0.0
7,6,0.4686590000000006,1.100200000000001,1.5975409999999908,0.0
7,7,0.5589559999999985,1.202197,0.3534800000000118,0.0
7,8,0.6234669999999998,1.3015109999999996,-0.7932949999999952,0.0
7,9,0.6821229999999989,1.394451,-1.947406999999993,0.0
7,10,0.7141199999999976,1.4816459999999978,-2.9561409999999633,0.0
7,11,0.7804110000000009,1.5596360000000011,-4.200078000000019,0.0
7,12,0.8193319999999993,1.6290030000000009,-5.235562000000005,0.0
7,13,0.8519959999999998,1.6881389999999996,-6.173841999999993,0.0
7,14,0.8786410000000018,1.7408430000000017,-7.045509000000035,0.0
7,15,0.8758179999999989,1.7853159999999981,-7.648369999999964,0.0
7,16,0.9164300000000019,1.8225520000000017,-8.49119400000004,0.0
7,17,0.9289039999999993,1.8532659999999979,-9.06993599999996,0.0
7,18,0.911596000000003,1.875358000000002,-9.324344000000057,0.0
7,19,0.9170489999999987,1.8966809999999974,-9.746328999999939,0.0
7,20,0.9200329999999965,1.9113049999999987,-10.045072999999952,0.0
7,21,0.9208599999999976,1.9231639999999999,-10.288041999999983,0.0
7,22,0.9208599999999976,1.9404760000000039,-10.651594000000067,0.0
7,23,0.9204330000000027,1.9414859999999976,-10.670824999999965,0.0
7,24,0.9190219999999982,1.9538730000000015,-10.945849000000024,0.0
7,25,0.9167869999999994,1.9605519999999999,-11.090499999999992,0.0
7,26,0.9145970000000005,1.976692,-11.478670000000001,0.0
7,27,0.9124720000000011,2.000625999999997,-12.086078999999927,0.0
7,28,0.9139599999999959,2.034027000000002,-12.998322000000023,0.0
7,29,0.9239120000000014,2.0925100000000043,-14.705510000000132,0.0
7,30,0.9468499999999977,2.1936759999999964,-17.799889999999877,0.0
7,31,0.9854550000000017,2.375515,-23.525295000000007,0.0
7,32,1.0107420000000005,2.6476630000000014,-32.13889200000005,0.0
8,0,0.12215299999999996,0.6021020000000004,5.544227,0.0
8,1,0.19373599999999946,0.6943429999999999,4.950905000000004,0.0
8,2,0.267741,0.7683480000000005,4.284859999999999,0.0
8,3,0.34274300000000046,0.893934999999999,3.406955,0.0
8,4,0.41730200000000117,0.9684939999999997,2.586805999999992,0.0
8,5,0.48985200000000084,1.069808,1.6011499999999934,0.0
8,6,0.5589559999999985,1.1693039999999986,0.5508380000000201,0.0
8,7,0.6363780000000006,1.2667080000000013,-0.6529620000000129,0.0
8,8,0.6821229999999989,1.3601669999999988,-1.6731349999999825,0.0
8,9,0.7462100000000014,1.4468049999999995,-2.8789350000000073,0.0
8,10,0.7915500000000009,1.5275800000000004,-3.9686300000000116,0.0
8,11,0.8307099999999998,1.5985569999999996,-4.991679999999995,0.0
8,12,0.8632179999999998,1.6616670000000013,-5.945954000000015,0.0
8,13,0.8900450000000006,1.7147840000000016,-6.797974000000025,0.0
8,14,0.9116369999999989,1.7620949999999986,-7.585752999999972,0.0
8,15,0.9285180000000004,1.8018530000000013,-8.27741300000002,0.0
8,16,0.9289039999999993,1.8350259999999992,-8.77809599999998,0.0
8,17,0.9506149999999991,1.8621559999999988,-9.385863999999973,0.0
8,18,0.9568590000000015,1.8814770000000003,-9.764273000000017,0.0
8,19,0.9607489999999999,1.9000950000000003,-10.130517000000005,0.0
8,20,0.9621120000000047,1.912551999999998,-10.378104,0.0
8,21,0.9485740000000007,1.9227940000000032,-10.474640000000072,0.0
8,22,0.948204000000004,1.9391630000000006,-10.815429000000044,0.0
8,23,0.9476200000000077,1.939746999999997,-10.823604999999993,0.0
8,24,0.9451520000000002,1.9515189999999976,-11.074616999999947,0.0
8,25,0.9427979999999963,1.9587600000000052,-11.229569000000097,0.0
8,26,0.9410060000000016,1.9759969999999996,-11.646158,0.0
8,27,0.9423940000000002,2.002708999999996,-12.351773999999892,0.0
8,28,0.9524000000000044,2.044033000000006,-13.5475700000002,0.0
8,29,0.9874609999999961,2.1139299999999963,-15.785173999999863,0.0
8,30,1.0069540000000003,2.2268100000000004,-19.214638000000015,0.0
8,31,1.0107420000000005,2.379303,-23.819732000000016,0.0
9,0,0.21631399999999967,0.6736849999999999,4.7909390000000025,0.0
9,1,0.2883680000000002,0.7457390000000004,4.142452999999998,0.0
9,2,0.36150599999999944,0.8672200000000005,3.3369960000000036,0.0
9,3,0.43426799999999943,0.9399820000000005,2.5366140000000037,0.0
9,4,0.5052559999999993,1.0394819999999996,1.5992220000000081,0.0
9,5,0.5730069999999987,1.1375589999999995,0.5971550000000132,0.0
9,6,0.6462070000000004,1.2326750000000004,-0.5372250000000065,0.0
9,7,0.694431999999999,1.3247619999999998,-1.5237719999999904,0.0
9,8,0.7462100000000014,1.4119450000000011,-2.6000550000000207,0.0
9,9,0.798547000000001,1.492144999999999,-3.712688,0.0
9,10,0.8307099999999998,1.5667399999999994,-4.673509999999993,0.0
9,11,0.8632179999999998,1.6310649999999995,-5.609331999999995,0.0
9,12,0.8958870000000019,1.6884940000000022,-6.535072000000042,0.0
9,13,0.9116369999999989,1.736376,-7.251405999999989,0.0
9,14,0.9342299999999994,1.7789760000000001,-8.008542999999996,0.0
9,15,0.9471360000000004,1.814661000000001,-8.624287000000017,0.0
9,16,0.9565559999999991,1.8443149999999982,-9.153876999999962,0.0
9,17,0.9629359999999991,1.8684000000000012,-9.596657000000011,0.0
9,18,0.9667460000000005,1.8853669999999987,-9.919385999999982,0.0
9,19,0.9686589999999953,1.9016220000000033,-10.229193000000016,0.0
9,20,0.9674649999999971,1.912388,-10.42300099999997,0.0
9,21,0.9657089999999968,1.921478999999998,-10.589016999999927,0.0
9,22,0.963035000000005,1.9373969999999971,-10.899228999999984,0.0
9,23,0.9602209999999971,1.9379729999999995,-10.886574999999965,0.0
9,24,0.9572569999999985,1.949493000000004,-11.124859000000079,0.0
9,25,0.9552310000000048,1.9582479999999975,-11.316744999999983,0.0
9,26,0.9573329999999984,1.9786110000000008,-11.844738000000007,0.0
9,27,0.9665760000000034,2.011952000000001,-12.794791000000053,0.0
9,28,0.9874609999999961,2.0649179999999987,-14.41283799999993,0.0
9,29,1.0181200000000032,2.1445890000000034,-16.919557000000125,0.0
9,30,1.0181200000000032,2.2255699999999976,-19.268005999999957,0.0
10,0,0.30737200000000087,0.7457390000000004,3.9714169999999918,0.0
10,1,0.37843300000000024,0.8414859999999997,3.236120999999998,0.0
10,2,0.449211,0.9122639999999995,2.4575630000000004,0.0
10,3,0.5182859999999998,1.0090570000000003,1.573227000000001,0.0
10,4,0.5947669999999992,1.1055480000000006,0.5189440000000065,0.0
10,5,0.6462070000000004,1.199413999999999,-0.3709199999999999,0.0
10,6,0.702966,1.289434,-1.38861,0.0
10,7,0.7539580000000008,1.3757540000000006,-2.4164500000000118,0.0
10,8,0.798547000000001,1.4565340000000013,-3.427800000000019,0.0
10,9,0.8368450000000003,1.5304429999999982,-4.402051999999987,0.0
10,10,0.8694109999999995,1.5993059999999986,-5.347478999999982,0.0
10,11,0.8993320000000011,1.657541000000002,-6.229039000000032,0.0
10,12,0.9203930000000007,1.7099179999999983,-7.0157959999999875,0.0
10,13,0.9342299999999994,1.7532950000000014,-7.6746900000000124,0.0
10,14,0.9471360000000004,1.791882000000001,-8.305381000000018,0.0
10,15,0.9592799999999997,1.8240809999999996,-8.87760699999999,0.0
10,16,0.9656869999999991,1.8506949999999982,-9.340886999999963,0.0
10,17,0.9667460000000005,1.8722100000000026,-9.695717000000048,0.0
10,18,0.9697133333333324,1.8872940000000007,-9.981818333333335,0.0
10,19,0.9687408000000005,1.901607999999996,-10.22974499999993,0.0
10,20,0.9676369999999999,1.9122159999999973,-10.421280999999944,0.0
10,21,0.9668220000000005,1.9203659999999942,-10.576773999999887,0.0
10,22,0.9654039999999995,1.9358560000000011,-10.888189000000018,0.0
10,23,0.9651950000000014,1.9365689999999987,-10.901784999999983,0.0
10,24,0.9651950000000014,1.9486849999999976,-11.180452999999957,0.0
10,25,0.9643820000000005,1.9609790000000018,-11.46737900000005,0.0
10,26,0.9739270000000033,1.9881560000000036,-12.242254000000123,0.0
10,27,0.9938199999999995,2.031844999999997,-13.577097999999914,0.0
10,28,1.0218334999999996,2.092931499999999,-15.506568499999965,0.0015084999999999127
10,29,1.0218334999999996,2.142332500000002,-16.889796500000053,0.0
11,0,0.39474699999999974,0.8167999999999997,3.097667000000003,0.0
11,1,0.4634349999999996,0.9122639999999995,2.3153230000000047,0.0
11,2,0.5305619999999998,0.9793909999999997,1.5097990000000028,0.0
11,3,0.5947669999999992,1.0732619999999997,0.6158020000000093,0.0
11,4,0.6549259999999997,1.1657070000000012,-0.32328200000000074,0.0
11,5,0.710166000000001,1.2546540000000004,-1.2867100000000118,0.0
11,6,0.759875000000001,1.339143,-2.25595400000001,0.0
11,7,0.8036650000000005,1.4195440000000001,-3.220050000000006,0.0
11,8,0.8412149999999983,1.494083999999999,-4.154879999999974,0.0
11,9,0.8728540000000002,1.5620820000000002,-5.046893000000004,0.0
11,10,0.8993320000000011,1.6257839999999995,-5.911469000000007,0.0
11,11,0.9223730000000003,1.6786020000000015,-6.693100000000019,0.0
11,12,0.9370590000000014,1.726583999999999,-7.382448000000004,0.0
11,13,0.9498889999999989,1.7661249999999988,-7.998069999999974,0.0
11,14,0.9592799999999997,1.801273000000002,-8.558295000000022,0.0
11,15,0.9669399999999975,1.830487999999999,-9.051564999999957,0.0
11,16,0.9709194285714285,1.8546994285714262,-9.458659571428536,0.0
11,17,0.9703461428571423,1.873014142857144,-9.74538885714287,0.0009098571428580726
11,18,0.9697133333333324,1.8872940000000007,-9.981818333333337,0.0018486666666674978
11,19,0.9687408000000005,1.901607999999996,-10.22974499999993,0.0016871999999992227
11,20,0.9676369999999999,1.9122159999999973,-10.421280999999944,0.001025000000002052
11,21,0.9668220000000005,1.9203659999999942,-10.576773999999887,7.000000000090267e-05
11,22,0.9665040000000005,1.9344510000000028,-10.869379000000066,0.0
11,23,0.9665040000000005,1.9363600000000005,-10.911377000000016,0.0
11,24,0.9676049999999989,1.9510949999999951,-11.262392999999875,0.0
11,25,0.9785620000000037,1.9705280000000016,-11.849312000000083,0.0
11,26,0.9982219999999984,2.008057000000001,-13.003797000000006,0.0
11,27,1.0226915000000005,2.0574815000000015,-14.557998500000046,0.0026034999999993147
11,28,1.0226915000000005,2.092073499999998,-15.49198249999995,0.0
12,0,0.47748800000000013,0.8854879999999996,2.1875159999999987,0.0
12,1,0.5425749999999994,0.9505749999999988,1.406472000000008,0.0
12,2,0.6049370000000014,1.0732619999999997,0.5039319999999847,0.0
12,3,0.6633970000000016,1.131722,-0.3145080000000178,0.0
12,4,0.7170259999999988,1.2193359999999984,-1.2208979999999805,0.0
12,5,0.7653349999999985,1.302963,-2.1351139999999837,0.0
12,6,0.8079479999999997,1.381756000000001,-3.040435000000002,0.0
12,7,0.8447349999999982,1.4563309999999987,-3.9293289999999708,0.0
12,8,0.8757130000000011,1.525062000000002,-4.782182000000027,0.0
12,9,0.9012990000000016,1.5876680000000007,-5.5900620000000245,0.0
12,10,0.9223730000000003,1.6468579999999982,-6.375659999999986,0.0
12,11,0.938756999999999,1.694986,-7.053547999999989,0.0
12,12,0.9513010000000008,1.739128000000001,-7.68963800000002,0.0
12,13,0.9605960000000024,1.7754200000000004,-8.236682000000034,0.0
12,14,0.9669399999999975,1.807616999999997,-8.731370999999928,0.0
12,15,0.9713690000000028,1.8343180000000032,-9.15833300000008,0.0
12,16,0.9709194285714285,1.8546994285714262,-9.458659571428536,0.001555571428571767
12,17,0.9703461428571423,1.873014142857144,-9.74538885714287,0.0031247142857147026
12,18,0.9697133333333324,1.8872940000000007,-9.981818333333337,0.0038223333333320397
12,19,0.9687408000000005,1.9067787999999992,-10.327990199999995,0.0028943999999988534
12,20,0.9676369999999999,1.9122159999999973,-10.421280999999944,0.001406000000002905
12,21,0.967098,1.9195379999999957,-10.562697999999912,0.0
12,22,0.9668220000000005,1.9338150000000027,-10.859203000000065,0.0
12,23,0.9699049999999971,1.9392089999999982,-11.014866999999924,0.0
12,24,0.9785620000000037,1.9603040000000007,-11.603936000000061,0.0
12,25,0.9982219999999984,1.9901879999999963,-12.557071999999891,0.0
12,26,1.0227810000000017,2.033630000000002,-13.938844000000064,0.0033039999999999736
12,27,1.022781000000002,2.057392,-14.556656000000025,0.0
13,0,0.5546379999999989,0.9505749999999988,1.261716000000014,0.0
13,1,0.6150680000000008,1.0110050000000008,0.4761259999999883,0.0
13,2,0.6718469999999996,1.131722,-0.4159079999999946,0.0
13,3,0.7239879999999985,1.1838629999999988,-1.1980229999999779,0.0
13,4,0.770823,1.266171,-2.053802000000001,0.0
13,5,0.812201,1.344341,-2.904396,0.0
13,6,0.8479639999999993,1.4175190000000004,-3.7352049999999934,0.0
13,7,0.8782460000000007,1.4866130000000002,-4.543435000000011,0.0
13,8,0.9032920000000004,1.5501080000000016,-5.313498000000017,0.0
13,9,0.923531999999998,1.6079079999999983,-6.03901799999996,0.0
13,10,0.9399049999999995,1.6632309999999997,-6.7497739999999915,0.0
13,11,0.952261,1.7073420000000006,-7.351512000000007,0.0
13,12,0.9619299999999988,1.7482299999999995,-7.9269769999999795,0.0
13,13,0.9676049999999989,1.7816620000000007,-8.401935999999996,0.0
13,14,0.9713690000000028,1.8113810000000008,-8.837215000000047,0.0
13,15,0.9714042857142853,1.8343532857142852,-9.1592857142857,0.0016507142857129509
13,16,0.9709194285714285,1.8546994285714262,-9.458659571428536,0.003767142857142858
13,17,0.9703461428571423,1.873014142857144,-9.74538885714287,0.004839571428568945
13,18,0.9697133333333324,1.8872940000000007,-9.981818333333337,0.0046290000000013265
13,19,0.9687408000000005,1.901607999999996,-10.22974499999993,0.0027775999999946066
13,20,0.9676369999999999,1.9122159999999973,-10.421280999999944,0.0007449999999984414
13,21,0.9676369999999999,1.9175539999999989,-10.528040999999977,0.0
13,22,0.9699049999999971,1.9366219999999998,-10.95795299999996,0.0
13,23,0.9794809999999998,1.9486160000000012,-11.346309000000026,0.0
13,24,0.9985160000000022,1.9795080000000027,-12.304280000000091,0.0
13,25,1.0222740000000028,2.0153500000000046,-13.474746000000149,0.003715999999997166
13,26,1.022781000000002,2.0336300000000023,-13.938844000000081,0.0
14,0,0.6253380000000011,1.0110050000000008,0.3426159999999854,0.0
14,1,0.6803159999999995,1.0985320000000005,-0.45962499999999373,0.0
14,2,0.7309539999999988,1.1491699999999998,-1.2191949999999832,0.0
14,3,0.776529,1.266171,-2.127980000000001,0.0
14,4,0.816612000000001,1.306254000000001,-2.8093910000000175,0.0
14,5,0.8513530000000014,1.4175190000000004,-3.7792620000000205,0.0
14,6,0.8807570000000009,1.446923,-4.337938000000012,0.0
14,7,0.9051739999999988,1.511029999999998,-5.064417999999971,0.0
14,8,0.9249739999999989,1.5699080000000016,-5.753763999999997,0.0
14,9,0.9406190000000016,1.6235530000000011,-6.401954000000032,0.0
14,10,0.9529589999999999,1.675570999999998,-7.042875999999978,0.0
14,11,0.9623910000000002,1.7163129999999995,-7.582343999999999,0.0
14,12,0.9680980000000012,1.754398000000002,-8.08117700000004,0.0
14,13,0.9722419999999978,1.7853600000000007,-8.510736999999978,0.0
14,14,0.9718701428571427,1.811455142857142,-8.844767857142841,0.0015738571428585146
14,15,0.9714042857142853,1.8343532857142852,-9.1592857142857,0.0037494285714299025
14,16,0.9709194285714285,1.8546994285714262,-9.458659571428536,0.005263714285716148
14,17,0.9703461428571423,1.873014142857144,-9.74538885714287,0.005223428571429878
14,18,0.9697133333333324,1.8872940000000007,-9.981818333333337,0.0038606666666716194
14,19,0.9687408000000005,1.901607999999996,-10.22974499999993,0.00143680000000046
14,20,0.9687408000000005,1.9067787999999992,-10.327990199999993,0.0
14,21,0.970126999999998,1.9203759999999974,-10.61967299999992,0.0
14,22,0.979534000000001,1.9459760000000017,-11.288971000000053,0.0
14,23,0.9986389999999972,1.9679689999999965,-12.040481999999884,0.0
14,24,1.0215719999999988,2.0040469999999995,-13.192943999999972,0.004005000000006476
14,25,1.022274000000003,2.015350000000005,-13.474746000000167,0.0
15,0,0.6889859999999999,1.0659829999999992,-0.5484559999999981,0.0
15,1,0.737991000000001,1.1491699999999998,-1.3177130000000137,0.0
15,2,0.7822150000000008,1.1933939999999996,-2.025297000000011,0.0
15,3,0.8212650000000004,1.306254000000001,-2.8745330000000084,0.0
15,4,0.8549089999999993,1.3790820000000004,-3.636860999999991,0.0
15,5,0.883521,1.446923,-4.376633999999999,0.0
15,6,0.9072019999999981,1.470603999999998,-4.8502539999999605,0.0
15,7,0.9264630000000018,1.5302910000000018,-5.49729100000004,0.0
15,8,0.9417809999999989,1.5852259999999987,-6.1116059999999734,0.0
15,9,0.9534989999999972,1.6352709999999995,-6.687735999999955,0.0
15,10,0.9623910000000002,1.684463000000001,-7.263844000000013,0.0
15,11,0.9688760000000016,1.72241,-7.740589000000025,0.0
15,12,0.9722419999999978,1.758151999999999,-8.184240999999957,0.0
15,13,0.9723421428571427,1.7854601428571455,-8.51344085714289,0.0014988571428595776
15,14,0.9718701428571427,1.811455142857142,-8.844767857142841,0.003580714285712716
15,15,0.9714042857142853,1.8343532857142852,-9.1592857142857,0.005139142857144563
15,16,0.9709194285714285,1.8546994285714262,-9.458659571428536,0.0054402857142914485
15,17,0.9703461428571423,1.873014142857144,-9.74538885714287,0.004146285714284659
15,18,0.9697133333333324,1.8872940000000007,-9.981818333333337,0.0019283333333355301
15,19,0.9697133333333323,1.8967453333333366,-10.151942333333382,0.0
15,20,0.9697949999999977,1.9078329999999966,-10.3638329999999,0.0
15,21,0.979534000000001,1.9302399999999977,-10.95851499999997,0.0
15,22,0.9984439999999992,1.965137999999996,-11.975274999999904,0.0
15,23,1.0207690000000014,1.9918230000000035,-12.8989440000001,0.00426999999999822
15,24,1.021571999999999,2.004047,-13.192943999999983,0.0
16,0,0.7452269999999999,1.1149880000000003,-1.3920709999999978,0.0
16,1,0.788022999999999,1.1933939999999996,-2.1124169999999847,0.0
16,2,0.8258569999999992,1.2684879999999996,-2.830114999999987,0.0
16,3,0.8586520000000011,1.3398979999999998,-3.536270000000016,0.0
16,4,0.8863630000000011,1.3676089999999999,-4.062779000000017,0.0
16,5,0.9094809999999995,1.4308119999999995,-4.68547899999999,0.0
16,6,0.9281630000000014,1.4892859999999999,-5.276761000000022,0.0
16,7,0.9429829999999981,1.5451109999999986,-5.8488309999999615,0.0
16,8,0.9544730000000001,1.5967160000000007,-6.393906000000008,0.0
16,9,0.9628639999999997,1.643661999999999,-6.903729999999989,0.0
16,10,0.9688760000000016,1.6904750000000028,-7.421239000000053,0.0
16,11,0.9725609999999989,1.7260949999999973,-7.836398999999954,0.0
16,12,0.9728205714285713,1.7584115714285713,-8.196034428571428,0.001485428571431413
16,13,0.9723421428571427,1.7854601428571455,-8.51344085714289,0.003460714285717259
16,14,0.9718701428571427,1.811455142857142,-8.844767857142841,0.004923571428571805
16,15,0.9714042857142853,1.8343532857142852,-9.1592857142857,0.005249857142855419
16,16,0.9709194285714285,1.8546994285714262,-9.458659571428536,0.004208857142860012
16,17,0.9703461428571423,1.873014142857144,-9.74538885714287,0.0020041428571424547
16,18,0.9703461428571423,1.8834971428571412,-9.923599857142818,0.0
16,19,0.9702989999999971,1.8973310000000012,-10.17185499999998,0.0
16,20,0.9795870000000022,1.9166110000000032,-10.686783000000098,0.0
16,21,0.9981920000000031,1.949497000000001,-11.642782000000068,0.0
16,22,1.0199069999999997,1.9884249999999954,-12.809533999999896,0.004502999999999702
16,23,1.0207690000000014,1.9918230000000037,-12.898944000000107,0.0
17,0,0.7939969999999992,1.1577839999999995,-2.172390999999987,0.0
17,1,0.8306320000000014,1.2312279999999998,-2.8319950000000222,0.0
17,2,0.8623370000000001,1.3012830000000015,-3.479385000000006,0.0
17,3,0.8893609999999992,1.3676089999999999,-4.110746999999986,0.0
17,4,0.9117539999999984,1.390001999999999,-4.55860699999997,0.0
17,5,0.9300579999999989,1.449116,-5.106230999999983,0.0
17,6,0.9444869999999987,1.5037149999999997,-5.624518999999978,0.0
17,7,0.955523000000003,1.5561470000000028,-6.126723000000069,0.0
17,8,0.9637589999999996,1.6049519999999973,-6.608369999999972,0.0
17,9,0.9693620000000003,1.6492649999999998,-7.058125000000004,0.0
17,10,0.9728999999999992,1.6940130000000018,-7.521003000000004,0.0
17,11,0.9733764285714293,1.7265714285714273,-7.854686571428569,0.0012575714285709694
17,12,0.9728205714285713,1.7584115714285713,-8.196034428571428,0.003480857142859506
17,13,0.9723421428571427,1.7854601428571455,-8.51344085714289,0.004848571428574644
17,14,0.9718701428571427,1.811455142857142,-8.844767857142841,0.005091428571425638
17,15,0.9714042857142853,1.8343532857142852,-9.1592857142857,0.004068571428573975
17,16,0.9709194285714285,1.8546994285714262,-9.458659571428536,0.002028428571430041
17,17,0.9709194285714285,1.8695744285714264,-9.696659571428537,0.0
17,18,0.9709240000000037,1.8840750000000028,-9.943247000000113,0.0
17,19,0.9795870000000022,1.9059939999999997,-10.485060000000033,0.0
17,20,0.997593000000002,1.934617000000003,-11.334999000000089,0.0
17,21,1.0189950000000003,1.9722070000000007,-12.452540000000017,0.004705999999998767
17,22,1.019907,1.988424999999996,-12.80953399999991,0.0
18,0,0.8354810000000015,1.1944190000000017,-2.877619000000026,0.0
18,1,0.8662279999999996,1.2251659999999998,-3.4310649999999914,0.0
18,2,0.8922880000000006,1.3283070000000006,-4.042600000000013,0.0
18,3,0.9140990000000002,1.390001999999999,-4.598472000000001,0.0
18,4,0.931833000000001,1.4077359999999999,-4.970886000000018,0.0
18,5,0.9460040000000021,1.4632870000000011,-5.448168000000042,0.0
18,6,0.9568520000000014,1.514562999999999,-5.8998120000000185,0.0
18,7,0.9646869999999979,1.5639819999999993,-6.337355999999957,0.0
18,8,0.9701720000000016,1.610437000000001,-6.761271000000036,0.0
18,9,0.973467000000003,1.6525600000000011,-7.157565000000062,0.0
18,10,0.9739085714285716,1.6944545714285706,-7.542564428571421,0.0011054285714244827
18,11,0.9733764285714293,1.7265714285714273,-7.854686571428569,0.0031051428571444717
18,12,0.9728205714285713,1.7584115714285713,-8.196034428571428,0.004911285714287672
18,13,0.9723421428571427,1.7854601428571455,-8.51344085714289,0.005062428571431354
18,14,0.9718701428571427,1.811455142857142,-8.844767857142841,0.004001285714281266
18,15,0.9714042857142853,1.8343532857142852,-9.1592857142857,0.0019632857142877214
18,16,0.9714042857142852,1.8517902857142872,-9.420840714285728,0.0
18,17,0.9714700000000036,1.8701250000000016,-9.715379000000091,0.0
18,18,0.9804719999999989,1.8926389999999955,-10.260152999999903,0.0
18,19,0.9977990000000005,1.923759000000004,-11.132199000000085,0.0
18,20,1.018041499999999,1.9561024999999963,-12.112333499999906,0.004842500000002303
18,21,1.0189950000000003,1.972207000000001,-12.45254000000002,0.0
19,0,0.8701169999999987,1.225165999999998,-3.501066999999974,0.0
19,1,0.8954409999999999,1.2889929999999996,-4.020726,0.0
19,2,0.9164360000000009,1.3501180000000002,-4.520886000000017,0.0
19,3,0.9336449999999985,1.4077359999999999,-5.003501999999973,0.0
19,4,0.9473839999999996,1.421475000000001,-5.305759999999996,0.0
19,5,0.9580139999999986,1.514562999999999,-5.9207279999999685,0.0
19,6,0.9658429999999996,1.522392,-6.108623999999992,0.0
19,7,0.971031,1.5691699999999997,-6.487863999999998,0.0
19,8,0.974187999999998,1.613593999999999,-6.858814999999957,0.0
19,9,0.9744235714285716,1.652795571428575,-7.176903428571462,0.001194428571427153
19,10,0.9739085714285716,1.6944545714285706,-7.542564428571421,0.0028368571428565303
19,11,0.9733764285714293,1.7265714285714273,-7.854686571428569,0.004475714285714361
19,12,0.9728205714285713,1.7584115714285713,-8.196034428571428,0.005164714285717409
19,13,0.9723421428571427,1.7854601428571455,-8.51344085714289,0.003999285714286316
19,14,0.9718701428571427,1.811455142857142,-8.844767857142841,0.0019411428571416423
19,15,0.9718701428571427,1.8315581428571406,-9.126209857142822,0.0
19,16,0.9719729999999984,1.8523589999999999,-9.44017699999997,0.0
19,17,0.9804719999999989,1.878624000000002,-10.021898000000014,0.0
19,18,0.9979860000000045,1.910153000000001,-10.890657000000104,0.0
19,19,1.0174200000000013,1.944559000000005,-11.880577000000116,0.0051519999999953825
19,20,1.018041499999999,1.9561024999999965,-12.11233349999991,0.0
20,0,0.8984909999999999,1.250490000000001,-4.040172999999999,0.0
20,1,0.9189550000000004,1.3099880000000006,-4.488487000000008,0.0
20,2,0.9355189999999975,1.3673269999999977,-4.917880999999948,0.0
20,3,0.9487670000000001,1.421475000000001,-5.332037000000007,0.0
20,4,0.9590470000000018,1.4317550000000026,-5.568477000000044,0.0
20,5,0.9666749999999986,1.481544999999997,-5.920196999999959,0.0
20,6,0.9719639999999998,1.5276810000000012,-6.256657000000004,0.0
20,7,0.9749380000000016,1.5721440000000015,-6.5829150000000425,0.0
20,8,0.9746725714285718,1.613593999999999,-6.868021857142857,0.0015524285714292319
20,9,0.9744235714285716,1.652795571428575,-7.176903428571462,0.0030148571428547655
20,10,0.9739085714285716,1.6944545714285706,-7.542564428571421,0.00414928571428419
20,11,0.9733764285714293,1.7265714285714273,-7.854686571428569,0.004793285714285389
20,12,0.9728205714285713,1.7584115714285713,-8.196034428571428,0.004101142857146911
20,13,0.9723421428571427,1.7854601428571455,-8.51344085714289,0.0019481428571452852
20,14,0.9723421428571426,1.808623142857142,-8.814559857142843,0.0
20,15,0.9723960000000034,1.8320840000000018,-9.144089000000093,0.0
20,16,0.9808200000000014,1.8607829999999979,-9.743053999999994,0.0
20,17,0.9980589999999978,1.8958629999999985,-10.649113999999933,0.0
20,18,1.0167369999999991,1.9301929999999954,-11.607645999999896,0.005425999999999931
20,19,1.0174200000000013,1.9445590000000053,-11.880577000000123,0.0
21,0,0.9213060000000013,1.2709540000000015,-4.496473000000027,0.0
21,1,0.9375139999999984,1.3265519999999977,-4.876230999999967,0.0
21,2,0.9503100000000018,1.3805750000000003,-5.2401970000000375,0.0
21,3,0.9601400000000027,1.4317550000000026,-5.590337000000062,0.0
21,4,0.9674739999999993,1.4390889999999992,-5.766352999999981,0.0
21,5,0.9725360000000016,1.4866069999999993,-6.062727000000031,0.0
21,6,0.9756700000000009,1.5308150000000005,-6.349581000000022,0.0
21,7,0.975245857142857,1.5721440000000015,-6.589072142857152,0.001627142857142161
21,8,0.9746725714285718,1.613593999999999,-6.868021857142857,0.003571857142858903
21,9,0.9744235714285716,1.652795571428575,-7.176903428571462,0.004402285714284915
21,10,0.9739085714285716,1.6944545714285706,-7.542564428571421,0.004445714285711944
21,11,0.9733764285714293,1.7265714285714273,-7.854686571428569,0.0038378571428552277
21,12,0.9728205714285713,1.7584115714285713,-8.196034428571428,0.0020335714285781847
21,13,0.9728205714285713,1.7825895714285735,-8.486170428571453,0.0
21,14,0.972808999999998,1.8090899999999976,-8.830432999999928,0.0
21,15,0.9811019999999999,1.8403770000000037,-9.442604000000053,0.0
21,16,0.9980660000000015,1.8778000000000006,-10.36024600000004,0.0
21,17,1.0160560000000025,1.9152870000000026,-11.339262000000097,0.00565700000000291
21,18,1.0167369999999991,1.9301929999999956,-11.607645999999903,0.0
22,0,0.9393009999999986,1.2871619999999968,-4.87436799999997,0.0
22,1,0.9518450000000023,1.339348000000001,-5.18997800000005,0.0
22,2,0.9614259999999994,1.3904050000000012,-5.493292999999991,0.0
22,3,0.9683899999999994,1.4390889999999992,-5.785588999999984,0.0
22,4,0.9731789999999982,1.443877999999998,-5.905313999999954,0.0
22,5,0.9760570000000008,1.489485000000002,-6.1510580000000274,0.0
22,6,0.9756830000000001,1.5308150000000005,-6.349854000000004,0.0017169999999993024
22,7,0.975245857142857,1.5721440000000015,-6.589072142857152,0.0036592857142849766
22,8,0.9746725714285718,1.613593999999999,-6.868021857142857,0.0050062857142840755
22,9,0.9744235714285716,1.652795571428575,-7.176903428571462,0.004742714285711713
22,10,0.9739085714285716,1.6944545714285706,-7.542564428571421,0.0035651428571377153
22,11,0.9733764285714293,1.7265714285714273,-7.854686571428569,0.0018874285714254313
22,12,0.9733764285714293,1.7550764285714227,-8.16824157142852,0.0
22,13,0.9731669999999966,1.7829359999999994,-8.49794899999992,0.0
22,14,0.9813110000000052,1.8172340000000062,-9.122991000000198,0.0
22,15,0.9980130000000003,1.8571020000000047,-10.048610000000075,0.0
22,16,1.0153390000000009,1.8964390000000042,-11.021203000000085,0.005881999999996168
22,17,1.0160560000000025,1.9152870000000028,-11.339262000000105,0.0
23,0,0.9532190000000025,1.2997060000000005,-5.180564000000054,0.0
23,1,0.9626349999999988,1.3489289999999983,-5.43693899999997,0.0
23,2,0.9694740000000017,1.3973690000000012,-5.684277000000041,0.0
23,3,0.9740029999999997,1.443877999999998,-5.923441999999987,0.0
23,4,0.9766350000000017,1.44651,-5.991874000000038,0.0
23,5,0.9761944285714286,1.5273724285714287,-6.343518571428572,0.0015295714285699091
23,6,0.9756830000000001,1.5308150000000005,-6.349854000000004,0.0036850000000008265
23,7,0.975245857142857,1.5721440000000015,-6.589072142857152,0.005034428571427441
23,8,0.9746725714285718,1.613593999999999,-6.868021857142857,0.005244714285712604
23,9,0.9744235714285716,1.652795571428575,-7.176903428571462,0.0038071428571413435
23,10,0.9739085714285716,1.6944545714285706,-7.542564428571421,0.0017445714285706515
23,11,0.9739085714285715,1.7233785714285736,-7.8318044285714485,0.0
23,12,0.9735720000000043,1.755271999999998,-8.174891000000073,0.0
23,13,0.981572000000007,1.790936000000002,-8.786859000000184,0.0
23,14,0.9979899999999944,1.833656999999988,-9.719850999999707,0.0
23,15,1.0146559999999987,1.8750069999999999,-10.683330999999967,0.006111000000000644
23,16,1.0153390000000009,1.8964390000000044,-11.021203000000089,0.0
24,0,0.9636839999999971,1.3091219999999986,-5.421258999999932,0.0
24,1,0.9704130000000006,1.3557680000000012,-5.622672000000016,0.0
24,2,0.9749109999999988,1.3602659999999993,-5.7351219999999685,0.0
24,3,0.9774509999999985,1.4421670000000084,-5.9976129999999905,0.0
24,4,0.9768305714285711,1.44651,-5.996372142857133,0.0014484285714289058
24,5,0.9761944285714286,1.489485000000002,-6.154081428571438,0.003313142857141571
24,6,0.9756830000000001,1.5308150000000005,-6.349854000000004,0.0049309999999991305
24,7,0.975245857142857,1.5721440000000015,-6.589072142857152,0.005189571428573458
24,8,0.9746725714285718,1.613593999999999,-6.868021857142857,0.0041401428571425924
24,9,0.9744235714285716,1.652795571428575,-7.176903428571462,0.0018925714285700224
24,10,0.9744235714285715,1.6913645714285699,-7.5240244285714155,0.0
24,11,0.9741939999999971,1.7236639999999994,-7.841508999999924,0.0
24,12,0.981856999999998,1.7629349999999988,-8.457401999999938,0.0
24,13,0.9979849999999999,1.807064000000004,-9.374022000000046,0.0
24,14,1.0140250000000002,1.850858999999996,-10.329483999999951,0.006307000000003171
24,15,1.0146559999999987,1.875007,-10.68333099999997,0.0
25,0,0.9712530000000008,1.315851000000002,-5.602915000000021,0.0
25,1,0.9756779999999985,1.3602659999999993,-5.753529999999962,0.0
25,2,0.9777939999999998,1.4027260000000017,-5.889233999999999,0.00040300000000215164
25,3,0.9775494285714288,1.404437999999999,-5.886788285714289,0.0015915714285732463
25,4,0.9768305714285711,1.44651,-5.996372142857133,0.003205857142855706
25,5,0.9761944285714286,1.489485000000002,-6.154081428571438,0.004483714285711926
25,6,0.9756830000000001,1.5308150000000005,-6.349854000000004,0.004972999999999672
25,7,0.975245857142857,1.5721440000000015,-6.589072142857152,0.004045714285712876
25,8,0.9746725714285718,1.613593999999999,-6.868021857142857,0.002033571428569303
25,9,0.9746725714285717,1.6513015714285735,-7.169682428571448,0.0
25,10,0.9748499999999964,1.691790999999995,-7.538522999999863,0.0
25,11,0.9823189999999968,1.7311329999999998,-8.118667999999921,0.0
25,12,0.9982220000000055,1.7786290000000022,-9.038699000000165,0.0
25,13,1.013441499999999,1.823527499999997,-9.959003499999934,0.006483499999994535
25,14,1.0140250000000002,1.8508589999999963,-10.329483999999955,0.0
26,0,0.9763690000000018,1.3202759999999998,-5.730815000000046,0.0
26,1,0.9783370000000002,1.3584959999999988,-5.818235000000005,0.0005050000000004218
26,2,0.9777939999999998,1.3623820000000002,-5.808545999999996,0.002323000000000519
26,3,0.9775494285714288,1.404437999999999,-5.886788285714289,0.00351914285714372
26,4,0.9768305714285711,1.4852275714285734,-6.151242428571427,0.004355285714282786
26,5,0.9761944285714286,1.489485000000002,-6.154081428571438,0.00453528571428663
26,6,0.9756830000000001,1.5308150000000005,-6.349854000000004,0.0037889999999976
26,7,0.975245857142857,1.5721440000000015,-6.589072142857152,0.0019488571428603052
26,8,0.9752458571428569,1.6098888571428573,-6.85328614285714,0.0
26,9,0.9751849999999962,1.6518139999999981,-7.187104999999885,0.0
26,10,0.9828530000000057,1.6994590000000045,-7.815278000000191,0.0
26,11,0.9982220000000055,1.7465019999999996,-8.685302000000135,0.0
26,12,1.0129240000000015,1.7942080000000078,-9.593197000000131,0.006680000000002906
26,13,1.013441499999999,1.8235274999999973,-9.959003499999938,0.0
27,0,0.9788649999999999,1.3185479999999998,-5.795710999999994,0.0005569999999970321
27,1,0.9783370000000002,1.3584959999999988,-5.818235000000005,0.002448000000001116
27,2,0.9777939999999998,1.4027260000000017,-5.889233999999999,0.004397000000000872
27,3,0.9775494285714288,1.404437999999999,-5.886788285714289,0.0048157142857157
27,4,0.9768305714285711,1.44651,-5.996372142857133,0.004437714285714378
27,5,0.9761944285714286,1.489485000000002,-6.154081428571438,0.003445857142857278
27,6,0.9756830000000001,1.5308150000000005,-6.349854000000004,0.0017639999999978784
27,7,0.9756830000000001,1.5690969999999993,-6.579545999999997,0.0
27,8,0.9753310000000006,1.6099740000000011,-6.856181000000024,0.0
27,9,0.9831310000000002,1.6596139999999977,-7.463900999999986,0.0
27,10,0.9984779999999986,1.714806000000003,-8.37499799999999,0.0
27,11,1.0124854999999968,1.7612384999999902,-9.218254499999805,0.006874500000002115
27,12,1.0129240000000017,1.7942080000000082,-9.593197000000142,0.0
28,0,0.9788649999999999,1.3185479999999998,-5.795710999999994,0.0024759999999979243
28,1,0.9783370000000002,1.3584959999999988,-5.818235000000005,0.004477999999998872
28,2,0.9777939999999998,1.3623820000000002,-5.808545999999996,0.00570899999999952
28,3,0.9775494285714288,1.4415764285714268,-5.998203571428572,0.004954285714287465
28,4,0.9768305714285711,1.4852275714285734,-6.151242428571427,0.003388142857140508
28,5,0.9761944285714286,1.489485000000002,-6.154081428571438,0.0015844285714265993
28,6,0.9756830000000001,1.5308150000000005,-6.349854000000004,0.0
28,7,0.9760570000000008,1.569471,-6.592262000000023,0.0
28,8,0.9832839999999976,1.617200999999998,-7.128727999999917,0.0
28,9,0.9985580000000027,1.6748880000000028,-8.0178960000001,0.0
28,10,1.0121210000000005,1.729150000000004,-8.886799000000053,0.007073999999999359
28,11,1.0124854999999968,1.7612384999999904,-9.218254499999809,0.0
29,0,0.9788649999999999,1.3185479999999998,-5.795710999999994,0.004450999999999539
29,1,0.9783370000000002,1.3584959999999988,-5.818235000000005,0.005711999999999051
29,2,0.9777939999999998,1.4027260000000017,-5.889233999999999,0.00574100000000044
29,3,0.9775494285714288,1.4415764285714268,-5.998203571428572,0.0038598571428565265
29,4,0.9768305714285711,1.4852275714285734,-6.151242428571427,0.0015745714285735346
29,5,0.9761944285714286,1.489485000000002,-6.154081428571438,0.0
29,6,0.9767030000000005,1.5278810000000007,-6.3608100000000185,0.0
29,7,0.9839529999999961,1.5767209999999956,-6.864099999999858,0.0
29,8,0.9985690000000034,1.6318170000000052,-7.673636000000137,0.0
29,9,1.0117304999999988,1.6886904999999997,-8.510948499999962,0.007232500000000641
29,10,1.0121210000000005,1.7291500000000042,-8.886799000000053,0.0
30,0,0.9788649999999999,1.3185479999999998,-5.795710999999994,0.005615999999996291
30,1,0.9783370000000002,1.3584959999999988,-5.818235000000005,0.005677999999999628
30,2,0.9777939999999998,1.4027260000000017,-5.889233999999999,0.0044480000000000075
30,3,0.9775494285714288,1.4415764285714268,-5.998203571428572,0.0018514285714275047
30,4,0.9768305714285711,1.44651,-5.996372142857133,0.0
30,5,0.9773749999999986,1.4857720000000008,-6.169752999999961,0.0
30,6,0.9845579999999963,1.5350639999999984,-6.631702999999881,0.0
30,7,0.9990350000000063,1.5911980000000057,-7.402817000000226,0.0
30,8,1.011409999999998,1.6443789999999934,-8.146520999999886,0.007362000000000535
30,9,1.0117304999999988,1.6886904999999999,-8.510948499999962,0.0
31,0,0.9788649999999999,1.3185479999999998,-5.795710999999994,0.005518999999996055
31,1,0.9783370000000002,1.3584959999999988,-5.818235000000005,0.0043429999999986535
31,2,0.9777939999999998,1.4027260000000017,-5.889233999999999,0.0021830000000022665
31,3,0.9775494285714288,1.404437999999999,-5.886788285714289,0.0
31,4,0.9780140000000017,1.4420409999999997,-6.013999000000052,0.0
31,5,0.9851410000000023,1.4928990000000013,-6.438368000000075,0.0
31,6,0.9994590000000017,1.5493819999999978,-7.164641000000039,0.0
31,7,1.0113164999999995,1.6032585000000026,-7.8556855,0.007562499999998806
31,8,1.011409999999998,1.6443789999999936,-8.146520999999886,0.0
32,0,0.9788649999999999,1.3185479999999998,-5.795710999999994,0.004165999999997894
32,1,0.9783370000000002,1.3584959999999988,-5.818235000000005,0.0020929999999985682
32,2,0.9777939999999998,1.3623820000000002,-5.808545999999996,0.0
32,3,0.9783039999999978,1.4032879999999963,-5.906729999999921,0.0
32,4,0.985634000000001,1.4928990000000013,-6.453651000000036,0.0
32,5,0.9998169999999966,1.507081999999997,-6.964238999999878,0.0
32,6,1.011215,1.5609469999999988,-7.598466999999992,0.007725000000000648
32,7,1.0113164999999995,1.6032585000000026,-7.8556855,0.0
33,0,0.9788649999999999,1.3185479999999998,-5.795710999999994,0.001960999999997881
33,1,0.9783370000000002,1.3584959999999988,-5.818235000000005,0.0
33,2,0.9782520000000012,1.403184000000003,-5.904806000000047,0.0
33,3,0.9858550000000008,1.4493710000000029,-6.286611000000036,0.0
33,4,1.0001239999999996,1.4636400000000016,-6.800294999999991,0.0
33,5,1.0111315000000012,1.5182195000000043,-7.381990500000061,0.007885500000000434
33,6,1.011215,1.5609469999999988,-7.598466999999992,0.0
34,0,0.9788649999999999,1.3185479999999998,-5.795710999999994,0.0
34,1,0.9789560000000002,1.3584959999999988,-5.838662000000003,0.0
34,2,0.9857769999999988,1.3653169999999974,-6.077396999999955,0.0
34,3,1.0002519999999997,1.4253909999999976,-6.689771999999984,0.0
34,4,1.0110664999999983,1.4746394999999948,-7.2053954999999235,0.007999500000003934
34,5,1.0111315000000012,1.5182195000000043,-7.381990500000061,0.0
35,0,0.9796429999999994,1.3186390000000046,-5.822162999999982,0.0
35,1,0.9864809999999977,1.3653169999999974,-6.101332999999919,0.0
35,2,1.0001750000000023,1.4252370000000028,-6.686769000000087,0.0
35,3,1.010974000000001,1.4743620000000028,-7.201233000000041,0.008059000000002925
35,4,1.0110664999999983,1.474639499999995,-7.2053954999999235,0.0
36,0,0.987165000000001,1.325477000000003,-6.085433000000034,0.0
36,1,1.0007839999999995,1.379011000000002,-6.615631999999984,0.0
36,2,1.010816499999999,1.4359554999999968,-7.080658499999952,0.008104500000001735
36,3,1.010974000000001,1.436428000000003,-7.087431000000041,0.0
37,0,1.0012930000000004,1.3390960000000014,-6.5940410000000185,0.0
37,1,1.0110189999999992,1.388841000000001,-6.993921999999978,0.00822800000000612
37,2,1.010816499999999,1.3890435000000014,-6.986834499999961,0.0
38,0,1.011177,1.3486639999999923,-6.959748999999995,0.008357999999994092
38,1,1.0110189999999992,1.388841000000001,-6.993921999999978,0.0
39,0,1.011177,1.3486639999999923,-6.959748999999995,0.0
