0.00000 1.20535 1.24746 1.28963 1.32988 1.36806 1.40619 1.44292 1.47717 1.50917 1.53959 1.56802 1.59360 1.61810 1.64019 1.66137 1.68181 1.70129 1.72044 1.73932 1.75935 1.78052 1.80385 1.83035 1.86224 1.90272 1.95507 2.02523 2.11673 2.24123 2.40982 2.64185 2.96962 3.45252 4.21698 5.54838 8.10437
0.11367 0.68747 0.90588 1.03542 1.12764 1.20008 1.26203 1.31623 1.36380 1.40624 1.44499 1.48021 1.51150 1.54079 1.56698 1.59169 1.61519 1.63739 1.65892 1.67988 1.70167 1.72437 1.74895 1.77642 1.80892 1.84956 1.90155 1.97069 2.06038 2.18203 2.34639 2.57225 2.89094 3.35978 4.10029 5.38376 0.00000
0.24027 0.60260 0.80317 0.93897 1.04071 1.12198 1.19118 1.25127 1.30365 1.35003 1.39199 1.42989 1.46347 1.49472 1.52256 1.54873 1.57348 1.59679 1.61931 1.64109 1.66353 1.68674 1.71168 1.73928 1.77166 1.81182 1.86288 1.93051 2.01804 2.13655 2.29652 2.51613 2.82570 3.28025 3.99310 0.00000 0.00000
0.32264 0.59012 0.76522 0.89407 0.99489 1.07730 1.14809 1.20984 1.26373 1.31149 1.35462 1.39353 1.42805 1.46010 1.48865 1.51545 1.54077 1.56458 1.58755 1.60968 1.63235 1.65572 1.68067 1.70814 1.74014 1.77964 1.82965 1.89575 1.98113 2.09660 2.25231 2.46586 2.76632 3.20317 0.00000 0.00000 0.00000
0.38443 0.59836 0.75230 0.87194 0.96859 1.04917 1.11910 1.18050 1.23430 1.28212 1.32535 1.36441 1.39915 1.43141 1.46015 1.48716 1.51267 1.53666 1.55979 1.58203 1.60472 1.62805 1.65286 1.68006 1.71162 1.75041 1.79939 1.86403 1.94738 2.05997 2.21158 2.41903 2.70688 0.00000 0.00000 0.00000 0.00000
0.43516 0.61440 0.75136 0.86188 0.95333 1.03080 1.09867 1.15867 1.21147 1.25860 1.30131 1.34000 1.37450 1.40661 1.43523 1.46218 1.48764 1.51161 1.53473 1.55691 1.57950 1.60267 1.62724 1.65411 1.68520 1.72331 1.77134 1.83463 1.91607 2.02589 2.17329 2.37104 0.00000 0.00000 0.00000 0.00000 0.00000
0.47894 0.63360 0.75669 0.85879 0.94481 1.01862 1.08385 1.14189 1.19319 1.23919 1.28101 1.31900 1.35300 1.38471 1.41300 1.43971 1.46497 1.48877 1.51174 1.53375 1.55614 1.57907 1.60337 1.62990 1.66054 1.69805 1.74521 1.80722 1.88681 1.99369 2.13322 0.00000 0.00000 0.00000 0.00000 0.00000 0.00000
0.51776 0.65388 0.76542 0.85986 0.94056 1.01056 1.07288 1.12869 1.17820 1.22282 1.26353 1.30062 1.33393 1.36509 1.39293 1.41926 1.44421 1.46773 1.49045 1.51223 1.53435 1.55701 1.58103 1.60724 1.63749 1.67446 1.72080 1.78158 1.85911 1.95931 0.00000 0.00000 0.00000 0.00000 0.00000 0.00000 0.00000
0.55266 0.67415 0.77588 0.86342 0.93905 1.00526 1.06461 1.11806 1.16567 1.20878 1.24824 1.28433 1.31684 1.34734 1.37463 1.40050 1.42505 1.44823 1.47064 1.49212 1.51395 1.53634 1.56009 1.58604 1.61596 1.65242 1.69797 1.75726 1.82895 0.00000 0.00000 0.00000 0.00000 0.00000 0.00000 0.00000 0.00000
0.58427 0.69382 0.78709 0.86839 0.93928 1.00182 1.05823 1.10933 1.15499 1.19653 1.23470 1.26972 1.30137 1.33115 1.35783 1.38318 1.40727 1.43005 1.45210 1.47326 1.49480 1.51695 1.54049 1.56623 1.59584 1.63180 1.67626 1.73027 0.00000 0.00000 0.00000 0.00000 0.00000 0.00000 0.00000 0.00000 0.00000
0.61299 0.71254 0.79843 0.87410 0.94057 0.99964 1.05322 1.10201 1.14574 1.18572 1.22257 1.25650 1.28724 1.31626 1.34229 1.36709 1.39068 1.41303 1.43470 1.45556 1.47685 1.49881 1.52219 1.54773 1.57702 1.61218 1.65175 0.00000 0.00000 0.00000 0.00000 0.00000 0.00000 0.00000 0.00000 0.00000 0.00000
0.63910 0.73013 0.80952 0.88009 0.94249 0.99829 1.04917 1.09574 1.13760 1.17603 1.21158 1.24442 1.27425 1.30248 1.32784 1.35205 1.37514 1.39705 1.41837 1.43896 1.46005 1.48186 1.50510 1.53042 1.55909 1.58963 0.00000 0.00000 0.00000 0.00000 0.00000 0.00000 0.00000 0.00000 0.00000 0.00000 0.00000
0.66283 0.74650 0.82012 0.88608 0.94472 0.99747 1.04581 1.09026 1.13033 1.16726 1.20154 1.23329 1.26220 1.28964 1.31434 1.33796 1.36053 1.38204 1.40305 1.42342 1.44437 1.46605 1.48911 1.51392 1.53814 0.00000 0.00000 0.00000 0.00000 0.00000 0.00000 0.00000 0.00000 0.00000 0.00000 0.00000 0.00000
0.68439 0.76161 0.83009 0.89187 0.94706 0.99698 1.04293 1.08538 1.12374 1.15924 1.19227 1.22296 1.25097 1.27762 1.30165 1.32470 1.34680 1.36795 1.38871 1.40892 1.42973 1.45127 1.47386 1.49431 0.00000 0.00000 0.00000 0.00000 0.00000 0.00000 0.00000 0.00000 0.00000 0.00000 0.00000 0.00000 0.00000
0.70395 0.77549 0.83938 0.89736 0.94938 0.99667 1.04040 1.08095 1.11770 1.15181 1.18365 1.21331 1.24043 1.26631 1.28971 1.31222 1.33392 1.35476 1.37533 1.39540 1.41606 1.43714 1.45543 0.00000 0.00000 0.00000 0.00000 0.00000 0.00000 0.00000 0.00000 0.00000 0.00000 0.00000 0.00000 0.00000 0.00000
0.72168 0.78818 0.84794 0.90247 0.95159 0.99645 1.03809 1.07687 1.11208 1.14488 1.17557 1.20423 1.23051 1.25566 1.27846 1.30051 1.32186 1.34247 1.36286 1.38277 1.40297 1.41977 0.00000 0.00000 0.00000 0.00000 0.00000 0.00000 0.00000 0.00000 0.00000 0.00000 0.00000 0.00000 0.00000 0.00000 0.00000
0.73774 0.79975 0.85579 0.90717 0.95363 0.99624 1.03594 1.07305 1.10681 1.13836 1.16795 1.19566 1.22113 1.24561 1.26789 1.28955 1.31061 1.33101 1.35121 1.37067 1.38659 0.00000 0.00000 0.00000 0.00000 0.00000 0.00000 0.00000 0.00000 0.00000 0.00000 0.00000 0.00000 0.00000 0.00000 0.00000 0.00000
0.75229 0.81027 0.86295 0.91146 0.95547 0.99600 1.03389 1.06942 1.10182 1.13218 1.16073 1.18755 1.21227 1.23616 1.25801 1.27934 1.30015 1.32032 1.34004 1.35521 0.00000 0.00000 0.00000 0.00000 0.00000 0.00000 0.00000 0.00000 0.00000 0.00000 0.00000 0.00000 0.00000 0.00000 0.00000 0.00000 0.00000
0.76545 0.81981 0.86944 0.91533 0.95709 0.99569 1.03189 1.06594 1.09706 1.12629 1.15387 1.17987 1.20395 1.22732 1.24881 1.26984 1.29039 1.31005 1.32545 0.00000 0.00000 0.00000 0.00000 0.00000 0.00000 0.00000 0.00000 0.00000 0.00000 0.00000 0.00000 0.00000 0.00000 0.00000 0.00000 0.00000 0.00000
0.77736 0.82845 0.87531 0.91879 0.95848 0.99529 1.02990 1.06257 1.09249 1.12068 1.14737 1.17265 1.19617 1.21911 1.24026 1.26099 1.28099 1.29631 0.00000 0.00000 0.00000 0.00000 0.00000 0.00000 0.00000 0.00000 0.00000 0.00000 0.00000 0.00000 0.00000 0.00000 0.00000 0.00000 0.00000 0.00000 0.00000
0.78813 0.83626 0.88059 0.92186 0.95963 0.99478 1.02792 1.05929 1.08810 1.11534 1.14124 1.16590 1.18893 1.21148 1.23230 1.25244 1.26807 0.00000 0.00000 0.00000 0.00000 0.00000 0.00000 0.00000 0.00000 0.00000 0.00000 0.00000 0.00000 0.00000 0.00000 0.00000 0.00000 0.00000 0.00000 0.00000 0.00000
0.79787 0.84331 0.88533 0.92456 0.96056 0.99415 1.02592 1.05610 1.08390 1.11030 1.13552 1.15964 1.18223 1.20439 1.22459 1.24034 0.00000 0.00000 0.00000 0.00000 0.00000 0.00000 0.00000 0.00000 0.00000 0.00000 0.00000 0.00000 0.00000 0.00000 0.00000 0.00000 0.00000 0.00000 0.00000 0.00000 0.00000
0.80668 0.84966 0.88955 0.92690 0.96127 0.99343 1.02393 1.05303 1.07993 1.10560 1.13022 1.15384 1.17600 1.19749 1.21327 0.00000 0.00000 0.00000 0.00000 0.00000 0.00000 0.00000 0.00000 0.00000 0.00000 0.00000 0.00000 0.00000 0.00000 0.00000 0.00000 0.00000 0.00000 0.00000 0.00000 0.00000 0.00000
0.81464 0.85537 0.89331 0.92892 0.96177 0.99261 1.02198 1.05011 1.07622 1.10125 1.12533 1.14847 1.16992 1.18694 0.00000 0.00000 0.00000 0.00000 0.00000 0.00000 0.00000 0.00000 0.00000 0.00000 0.00000 0.00000 0.00000 0.00000 0.00000 0.00000 0.00000 0.00000 0.00000 0.00000 0.00000 0.00000 0.00000
0.82182 0.86049 0.89663 0.93063 0.96211 0.99176 1.02010 1.04739 1.07282 1.09726 1.12081 1.14319 1.16014 0.00000 0.00000 0.00000 0.00000 0.00000 0.00000 0.00000 0.00000 0.00000 0.00000 0.00000 0.00000 0.00000 0.00000 0.00000 0.00000 0.00000 0.00000 0.00000 0.00000 0.00000 0.00000 0.00000 0.00000
0.82831 0.86507 0.89957 0.93210 0.96232 0.99091 1.01836 1.04490 1.06970 1.09357 1.11633 1.13417 0.00000 0.00000 0.00000 0.00000 0.00000 0.00000 0.00000 0.00000 0.00000 0.00000 0.00000 0.00000 0.00000 0.00000 0.00000 0.00000 0.00000 0.00000 0.00000 0.00000 0.00000 0.00000 0.00000 0.00000 0.00000
0.83416 0.86917 0.90218 0.93336 0.96248 0.99014 1.01680 1.04265 1.06685 1.08989 1.10805 0.00000 0.00000 0.00000 0.00000 0.00000 0.00000 0.00000 0.00000 0.00000 0.00000 0.00000 0.00000 0.00000 0.00000 0.00000 0.00000 0.00000 0.00000 0.00000 0.00000 0.00000 0.00000 0.00000 0.00000 0.00000 0.00000
0.83943 0.87285 0.90452 0.93450 0.96264 0.98947 1.01541 1.04061 1.06394 1.08236 0.00000 0.00000 0.00000 0.00000 0.00000 0.00000 0.00000 0.00000 0.00000 0.00000 0.00000 0.00000 0.00000 0.00000 0.00000 0.00000 0.00000 0.00000 0.00000 0.00000 0.00000 0.00000 0.00000 0.00000 0.00000 0.00000 0.00000
0.84421 0.87619 0.90666 0.93559 0.96286 0.98893 1.01417 1.03846 1.05714 0.00000 0.00000 0.00000 0.00000 0.00000 0.00000 0.00000 0.00000 0.00000 0.00000 0.00000 0.00000 0.00000 0.00000 0.00000 0.00000 0.00000 0.00000 0.00000 0.00000 0.00000 0.00000 0.00000 0.00000 0.00000 0.00000 0.00000 0.00000
0.84855 0.87927 0.90868 0.93667 0.96315 0.98849 1.01279 1.03239 0.00000 0.00000 0.00000 0.00000 0.00000 0.00000 0.00000 0.00000 0.00000 0.00000 0.00000 0.00000 0.00000 0.00000 0.00000 0.00000 0.00000 0.00000 0.00000 0.00000 0.00000 0.00000 0.00000 0.00000 0.00000 0.00000 0.00000 0.00000 0.00000
0.85257 0.88217 0.91064 0.93777 0.96348 0.98786 1.00743 0.00000 0.00000 0.00000 0.00000 0.00000 0.00000 0.00000 0.00000 0.00000 0.00000 0.00000 0.00000 0.00000 0.00000 0.00000 0.00000 0.00000 0.00000 0.00000 0.00000 0.00000 0.00000 0.00000 0.00000 0.00000 0.00000 0.00000 0.00000 0.00000 0.00000
0.85633 0.88496 0.91254 0.93887 0.96358 0.98321 0.00000 0.00000 0.00000 0.00000 0.00000 0.00000 0.00000 0.00000 0.00000 0.00000 0.00000 0.00000 0.00000 0.00000 0.00000 0.00000 0.00000 0.00000 0.00000 0.00000 0.00000 0.00000 0.00000 0.00000 0.00000 0.00000 0.00000 0.00000 0.00000 0.00000 0.00000
0.85993 0.88765 0.91440 0.93968 0.95962 0.00000 0.00000 0.00000 0.00000 0.00000 0.00000 0.00000 0.00000 0.00000 0.00000 0.00000 0.00000 0.00000 0.00000 0.00000 0.00000 0.00000 0.00000 0.00000 0.00000 0.00000 0.00000 0.00000 0.00000 0.00000 0.00000 0.00000 0.00000 0.00000 0.00000 0.00000 0.00000
0.86338 0.89025 0.91592 0.93639 0.00000 0.00000 0.00000 0.00000 0.00000 0.00000 0.00000 0.00000 0.00000 0.00000 0.00000 0.00000 0.00000 0.00000 0.00000 0.00000 0.00000 0.00000 0.00000 0.00000 0.00000 0.00000 0.00000 0.00000 0.00000 0.00000 0.00000 0.00000 0.00000 0.00000 0.00000 0.00000 0.00000
0.86670 0.89247 0.91330 0.00000 0.00000 0.00000 0.00000 0.00000 0.00000 0.00000 0.00000 0.00000 0.00000 0.00000 0.00000 0.00000 0.00000 0.00000 0.00000 0.00000 0.00000 0.00000 0.00000 0.00000 0.00000 0.00000 0.00000 0.00000 0.00000 0.00000 0.00000 0.00000 0.00000 0.00000 0.00000 0.00000 0.00000
0.86960 0.89051 0.00000 0.00000 0.00000 0.00000 0.00000 0.00000 0.00000 0.00000 0.00000 0.00000 0.00000 0.00000 0.00000 0.00000 0.00000 0.00000 0.00000 0.00000 0.00000 0.00000 0.00000 0.00000 0.00000 0.00000 0.00000 0.00000 0.00000 0.00000 0.00000 0.00000 0.00000 0.00000 0.00000 0.00000 0.00000
0.86829 0.00000 0.00000 0.00000 0.00000 0.00000 0.00000 0.00000 0.00000 0.00000 0.00000 0.00000 0.00000 0.00000 0.00000 0.00000 0.00000 0.00000 0.00000 0.00000 0.00000 0.00000 0.00000 0.00000 0.00000 0.00000 0.00000 0.00000 0.00000 0.00000 0.00000 0.00000 0.00000 0.00000 0.00000 0.00000 0.00000
