0.00000 1.00744 1.01900 1.01175 0.99249 0.96360 0.92800 0.88895 0.84920 0.81088 0.77524 0.74307 0.71464 0.73611 0.76027 0.78716 0.81677 0.84899 0.88391 0.92176 0.96324 1.01013 1.06554 1.13462 1.22345 1.34031 1.49588 1.70384 1.99451 2.44988 3.30464 5.26122
0.00000 1.01968 1.00189 0.97395 0.93750 0.89529 0.85048 0.80588 0.76344 0.72438 0.68924 0.65826 0.67638 0.69702 0.72031 0.74625 0.77489 0.80616 0.84010 0.87703 0.91777 0.96428 1.01995 1.09048 1.18250 1.30493 1.46937 1.69052 2.00123 2.49025 3.41277 0.00000
0.00000 0.97355 0.93944 0.89697 0.84951 0.80031 0.75207 0.70670 0.66523 0.62814 0.59545 0.61016 0.62714 0.64659 0.66860 0.69320 0.72055 0.75049 0.78314 0.81891 0.85876 0.90483 0.96097 1.03346 1.12945 1.25868 1.43366 1.67036 2.00442 2.53299 0.00000 0.00000
0.00000 0.89558 0.84791 0.79599 0.74339 0.69262 0.64533 0.60244 0.56423 0.53066 0.54204 0.55541 0.57097 0.58888 0.60927 0.63230 0.65802 0.68634 0.71751 0.75201 0.79096 0.83691 0.89416 0.96955 1.07093 1.20879 1.39673 1.65201 2.01414 0.00000 0.00000 0.00000
0.00000 0.79177 0.73686 0.68207 0.63001 0.58204 0.53878 0.50042 0.46675 0.47517 0.48518 0.49707 0.51100 0.52718 0.54586 0.56708 0.59100 0.61762 0.64728 0.68061 0.71907 0.76567 0.82516 0.90518 1.01414 1.16338 1.36741 1.64545 0.00000 0.00000 0.00000 0.00000
0.00000 0.67508 0.61966 0.56748 0.51993 0.47736 0.43970 0.40673 0.41261 0.41979 0.42843 0.43880 0.45109 0.46561 0.48250 0.50190 0.52407 0.54909 0.57740 0.61003 0.64886 0.69734 0.76095 0.84810 0.96780 1.13183 1.35601 0.00000 0.00000 0.00000 0.00000 0.00000
0.00000 0.55903 0.50797 0.46167 0.42053 0.38432 0.35263 0.35656 0.36142 0.36749 0.37485 0.38381 0.39468 0.40761 0.42284 0.44060 0.46122 0.48486 0.51236 0.54514 0.58551 0.63774 0.70800 0.80563 0.93973 1.12264 0.00000 0.00000 0.00000 0.00000 0.00000 0.00000
0.00000 0.45320 0.40892 0.36967 0.33530 0.30533 0.30783 0.31102 0.31507 0.32015 0.32641 0.33428 0.34387 0.35542 0.36927 0.38566 0.40501 0.42781 0.45532 0.48932 0.53294 0.59129 0.67143 0.78324 0.93585 0.00000 0.00000 0.00000 0.00000 0.00000 0.00000 0.00000
0.00000 0.36212 0.32516 0.29280 0.26468 0.26630 0.26828 0.27092 0.27427 0.27855 0.28407 0.29101 0.29957 0.31005 0.32281 0.33810 0.35673 0.37948 0.40792 0.44467 0.49364 0.56112 0.65456 0.78459 0.00000 0.00000 0.00000 0.00000 0.00000 0.00000 0.00000 0.00000
0.00000 0.28654 0.25635 0.23009 0.23109 0.23239 0.23404 0.23620 0.23899 0.24286 0.24774 0.25398 0.26182 0.27151 0.28340 0.29811 0.31676 0.34023 0.37097 0.41230 0.46939 0.54916 0.65963 0.00000 0.00000 0.00000 0.00000 0.00000 0.00000 0.00000 0.00000 0.00000
0.00000 0.22510 0.20075 0.20133 0.20212 0.20331 0.20460 0.20636 0.20901 0.21248 0.21688 0.22274 0.23013 0.23913 0.25062 0.26546 0.28478 0.31018 0.34479 0.39327 0.46129 0.55694 0.00000 0.00000 0.00000 0.00000 0.00000 0.00000 0.00000 0.00000 0.00000 0.00000
0.00000 0.17570 0.17617 0.17654 0.17736 0.17841 0.17924 0.18111 0.18358 0.18672 0.19092 0.19668 0.20361 0.21225 0.22410 0.23953 0.26068 0.28921 0.33018 0.38830 0.47059 0.00000 0.00000 0.00000 0.00000 0.00000 0.00000 0.00000 0.00000 0.00000 0.00000 0.00000
0.00000 0.00000 0.00000 0.00000 0.00000 0.00000 0.00000 0.00000 0.00000 0.00000 0.00000 0.00000 0.00000 0.00000 0.00000 0.00000 0.00000 0.00000 0.00000 0.00000 0.00000 0.00000 0.00000 0.00000 0.00000 0.00000 0.00000 0.00000 0.00000 0.00000 0.00000 0.00000
0.00000 0.00000 0.00000 0.00000 0.00000 0.00000 0.00000 0.00000 0.00000 0.00000 0.00000 0.00000 0.00000 0.00000 0.00000 0.00000 0.00000 0.00000 0.00000 0.00000 0.00000 0.00000 0.00000 0.00000 0.00000 0.00000 0.00000 0.00000 0.00000 0.00000 0.00000 0.00000
0.00000 0.00000 0.00000 0.00000 0.00000 0.00000 0.00000 0.00000 0.00000 0.00000 0.00000 0.00000 0.00000 0.00000 0.00000 0.00000 0.00000 0.00000 0.00000 0.00000 0.00000 0.00000 0.00000 0.00000 0.00000 0.00000 0.00000 0.00000 0.00000 0.00000 0.00000 0.00000
0.00000 0.00000 0.00000 0.00000 0.00000 0.00000 0.00000 0.00000 0.00000 0.00000 0.00000 0.00000 0.00000 0.00000 0.00000 0.00000 0.00000 0.00000 0.00000 0.00000 0.00000 0.00000 0.00000 0.00000 0.00000 0.00000 0.00000 0.00000 0.00000 0.00000 0.00000 0.00000
0.00000 0.00000 0.00000 0.00000 0.00000 0.00000 0.00000 0.00000 0.00000 0.00000 0.00000 0.00000 0.00000 0.00000 0.00000 0.00000 0.00000 0.00000 0.00000 0.00000 0.00000 0.00000 0.00000 0.00000 0.00000 0.00000 0.00000 0.00000 0.00000 0.00000 0.00000 0.00000
0.00000 0.00000 0.00000 0.00000 0.00000 0.00000 0.00000 0.00000 0.00000 0.00000 0.00000 0.00000 0.00000 0.00000 0.00000 0.00000 0.00000 0.00000 0.00000 0.00000 0.00000 0.00000 0.00000 0.00000 0.00000 0.00000 0.00000 0.00000 0.00000 0.00000 0.00000 0.00000
0.00000 0.00000 0.00000 0.00000 0.00000 0.00000 0.00000 0.00000 0.00000 0.00000 0.00000 0.00000 0.00000 0.00000 0.00000 0.00000 0.00000 0.00000 0.00000 0.00000 0.00000 0.00000 0.00000 0.00000 0.00000 0.00000 0.00000 0.00000 0.00000 0.00000 0.00000 0.00000
0.00000 0.00000 0.00000 0.00000 0.00000 0.00000 0.00000 0.00000 0.00000 0.00000 0.00000 0.00000 0.00000 0.00000 0.00000 0.00000 0.00000 0.00000 0.00000 0.00000 0.00000 0.00000 0.00000 0.00000 0.00000 0.00000 0.00000 0.00000 0.00000 0.00000 0.00000 0.00000
0.00000 0.00000 0.00000 0.00000 0.00000 0.00000 0.00000 0.00000 0.00000 0.00000 0.00000 0.00000 0.00000 0.00000 0.00000 0.00000 0.00000 0.00000 0.00000 0.00000 0.00000 0.00000 0.00000 0.00000 0.00000 0.00000 0.00000 0.00000 0.00000 0.00000 0.00000 0.00000
0.00000 0.00000 0.00000 0.00000 0.00000 0.00000 0.00000 0.00000 0.00000 0.00000 0.00000 0.00000 0.00000 0.00000 0.00000 0.00000 0.00000 0.00000 0.00000 0.00000 0.00000 0.00000 0.00000 0.00000 0.00000 0.00000 0.00000 0.00000 0.00000 0.00000 0.00000 0.00000
0.00000 0.00000 0.00000 0.00000 0.00000 0.00000 0.00000 0.00000 0.00000 0.00000 0.00000 0.00000 0.00000 0.00000 0.00000 0.00000 0.00000 0.00000 0.00000 0.00000 0.00000 0.00000 0.00000 0.00000 0.00000 0.00000 0.00000 0.00000 0.00000 0.00000 0.00000 0.00000
0.00000 0.00000 0.00000 0.00000 0.00000 0.00000 0.00000 0.00000 0.00000 0.00000 0.00000 0.00000 0.00000 0.00000 0.00000 0.00000 0.00000 0.00000 0.00000 0.00000 0.00000 0.00000 0.00000 0.00000 0.00000 0.00000 0.00000 0.00000 0.00000 0.00000 0.00000 0.00000
0.00000 0.00000 0.00000 0.00000 0.00000 0.00000 0.00000 0.00000 0.00000 0.00000 0.00000 0.00000 0.00000 0.00000 0.00000 0.00000 0.00000 0.00000 0.00000 0.00000 0.00000 0.00000 0.00000 0.00000 0.00000 0.00000 0.00000 0.00000 0.00000 0.00000 0.00000 0.00000
0.00000 0.00000 0.00000 0.00000 0.00000 0.00000 0.00000 0.00000 0.00000 0.00000 0.00000 0.00000 0.00000 0.00000 0.00000 0.00000 0.00000 0.00000 0.00000 0.00000 0.00000 0.00000 0.00000 0.00000 0.00000 0.00000 0.00000 0.00000 0.00000 0.00000 0.00000 0.00000
0.00000 0.00000 0.00000 0.00000 0.00000 0.00000 0.00000 0.00000 0.00000 0.00000 0.00000 0.00000 0.00000 0.00000 0.00000 0.00000 0.00000 0.00000 0.00000 0.00000 0.00000 0.00000 0.00000 0.00000 0.00000 0.00000 0.00000 0.00000 0.00000 0.00000 0.00000 0.00000
0.00000 0.00000 0.00000 0.00000 0.00000 0.00000 0.00000 0.00000 0.00000 0.00000 0.00000 0.00000 0.00000 0.00000 0.00000 0.00000 0.00000 0.00000 0.00000 0.00000 0.00000 0.00000 0.00000 0.00000 0.00000 0.00000 0.00000 0.00000 0.00000 0.00000 0.00000 0.00000
0.00000 0.00000 0.00000 0.00000 0.00000 0.00000 0.00000 0.00000 0.00000 0.00000 0.00000 0.00000 0.00000 0.00000 0.00000 0.00000 0.00000 0.00000 0.00000 0.00000 0.00000 0.00000 0.00000 0.00000 0.00000 0.00000 0.00000 0.00000 0.00000 0.00000 0.00000 0.00000
0.00000 0.00000 0.00000 0.00000 0.00000 0.00000 0.00000 0.00000 0.00000 0.00000 0.00000 0.00000 0.00000 0.00000 0.00000 0.00000 0.00000 0.00000 0.00000 0.00000 0.00000 0.00000 0.00000 0.00000 0.00000 0.00000 0.00000 0.00000 0.00000 0.00000 0.00000 0.00000
0.00000 0.00000 0.00000 0.00000 0.00000 0.00000 0.00000 0.00000 0.00000 0.00000 0.00000 0.00000 0.00000 0.00000 0.00000 0.00000 0.00000 0.00000 0.00000 0.00000 0.00000 0.00000 0.00000 0.00000 0.00000 0.00000 0.00000 0.00000 0.00000 0.00000 0.00000 0.00000
0.00000 0.00000 0.00000 0.00000 0.00000 0.00000 0.00000 0.00000 0.00000 0.00000 0.00000 0.00000 0.00000 0.00000 0.00000 0.00000 0.00000 0.00000 0.00000 0.00000 0.00000 0.00000 0.00000 0.00000 0.00000 0.00000 0.00000 0.00000 0.00000 0.00000 0.00000 0.00000
