0.00000 1.57895 1.60662 1.62332 1.63791 1.65260 1.66811 1.68442 1.70132 1.71840 1.73526 1.75218 1.76787 1.78290 1.79689 1.80975 1.82151 1.83183 1.84135 1.84987 1.85745 1.86447 1.87127 1.87873 1.88830 1.90225 1.92265 1.95347 1.99898 2.06395 2.15454 2.28422 2.48790 2.87069 3.83984
0.00000 1.58718 1.59935 1.61257 1.62715 1.64333 1.66085 1.67913 1.69771 1.71612 1.73398 1.75162 1.76777 1.78302 1.79700 1.80966 1.82107 1.83091 1.83986 1.84772 1.85457 1.86077 1.86665 1.87306 1.88143 1.89401 1.91285 1.94192 1.98549 2.04835 2.13671 2.26419 2.46587 2.90643 0.00000
0.00000 1.56455 1.57926 1.59564 1.61365 1.63312 1.65346 1.67398 1.69428 1.71394 1.73269 1.75092 1.76737 1.78267 1.79649 1.80881 1.81974 1.82901 1.83730 1.84442 1.85044 1.85571 1.86052 1.86571 1.87268 1.88369 1.90076 1.92787 1.96933 2.03002 2.11646 2.24308 2.49563 0.00000 0.00000
0.00000 1.54723 1.56539 1.58540 1.60676 1.62899 1.65145 1.67351 1.69488 1.71525 1.73442 1.75277 1.76911 1.78409 1.79742 1.80913 1.81937 1.82786 1.83531 1.84150 1.84649 1.85060 1.85410 1.85781 1.86313 1.87229 1.88734 1.91228 1.95153 2.01032 2.09609 2.26878 0.00000 0.00000 0.00000
0.00000 1.53700 1.55891 1.58221 1.60617 1.63029 1.65403 1.67692 1.69877 1.71935 1.73844 1.75650 1.77235 1.78669 1.79927 1.81015 1.81950 1.82704 1.83345 1.83852 1.84226 1.84497 1.84692 1.84888 1.85227 1.85933 1.87214 1.89483 1.93215 1.99033 2.11885 0.00000 0.00000 0.00000 0.00000
0.00000 1.53444 1.55943 1.58503 1.61054 1.63563 1.65993 1.68305 1.70488 1.72518 1.74380 1.76121 1.77626 1.78971 1.80134 1.81123 1.81952 1.82594 1.83114 1.83488 1.83714 1.83820 1.83832 1.83828 1.83949 1.84424 1.85473 1.87546 1.91222 2.01099 0.00000 0.00000 0.00000 0.00000 0.00000
0.00000 1.53822 1.56511 1.59189 1.61805 1.64341 1.66769 1.69058 1.71196 1.73163 1.74943 1.76591 1.77996 1.79235 1.80288 1.81163 1.81872 1.82385 1.82765 1.82983 1.83037 1.82954 1.82757 1.82528 1.82411 1.82647 1.83497 1.85519 1.93125 0.00000 0.00000 0.00000 0.00000 0.00000 0.00000
0.00000 1.54591 1.57363 1.60075 1.62694 1.65209 1.67597 1.69826 1.71886 1.73759 1.75436 1.76973 1.78264 1.79386 1.80319 1.81067 1.81642 1.82008 1.82226 1.82266 1.82124 1.81825 1.81396 1.80922 1.80560 1.80595 1.81399 1.87293 0.00000 0.00000 0.00000 0.00000 0.00000 0.00000 0.00000
0.00000 1.55530 1.58312 1.61009 1.63593 1.66055 1.68372 1.70511 1.72468 1.74227 1.75786 1.77202 1.78370 1.79366 1.80168 1.80777 1.81200 1.81400 1.81434 1.81271 1.80908 1.80370 1.79690 1.78966 1.78400 1.78394 1.83069 0.00000 0.00000 0.00000 0.00000 0.00000 0.00000 0.00000 0.00000
0.00000 1.56492 1.59245 1.61896 1.64417 1.66798 1.69015 1.71042 1.72878 1.74513 1.75945 1.77234 1.78272 1.79133 1.79791 1.80245 1.80497 1.80507 1.80333 1.79943 1.79334 1.78539 1.77604 1.76673 1.76074 1.79984 0.00000 0.00000 0.00000 0.00000 0.00000 0.00000 0.00000 0.00000 0.00000
0.00000 1.57395 1.60092 1.62672 1.65101 1.67375 1.69472 1.71372 1.73077 1.74580 1.75879 1.77035 1.77935 1.78650 1.79149 1.79427 1.79485 1.79281 1.78874 1.78233 1.77360 1.76305 1.75160 1.74202 1.77597 0.00000 0.00000 0.00000 0.00000 0.00000 0.00000 0.00000 0.00000 0.00000 0.00000
0.00000 1.58185 1.60801 1.63279 1.65592 1.67737 1.69700 1.71463 1.73033 1.74402 1.75564 1.76579 1.77329 1.77881 1.78200 1.78279 1.78118 1.77675 1.77011 1.76100 1.74961 1.73694 1.72531 1.75669 0.00000 0.00000 0.00000 0.00000 0.00000 0.00000 0.00000 0.00000 0.00000 0.00000 0.00000
0.00000 1.58809 1.61313 1.63665 1.65842 1.67846 1.69669 1.71293 1.72725 1.73956 1.74974 1.75837 1.76421 1.76789 1.76904 1.76760 1.76353 1.75647 1.74706 1.73522 1.72170 1.70892 1.73945 0.00000 0.00000 0.00000 0.00000 0.00000 0.00000 0.00000 0.00000 0.00000 0.00000 0.00000 0.00000
0.00000 1.59209 1.61576 1.63785 1.65817 1.67678 1.69360 1.70844 1.72138 1.73224 1.74086 1.74780 1.75176 1.75336 1.75221 1.74825 1.74148 1.73158 1.71939 1.70540 1.69185 1.72255 0.00000 0.00000 0.00000 0.00000 0.00000 0.00000 0.00000 0.00000 0.00000 0.00000 0.00000 0.00000 0.00000
0.00000 1.59340 1.61555 1.63615 1.65502 1.67222 1.68767 1.70110 1.71257 1.72187 1.72875 1.73376 1.73558 1.73481 1.73108 1.72436 1.71468 1.70195 1.68756 1.67363 1.70492 0.00000 0.00000 0.00000 0.00000 0.00000 0.00000 0.00000 0.00000 0.00000 0.00000 0.00000 0.00000 0.00000 0.00000
0.00000 1.59176 1.61236 1.63152 1.64898 1.66481 1.67887 1.69082 1.70070 1.70824 1.71313 1.71593 1.71531 1.71188 1.70529 1.69560 1.68301 1.66807 1.65382 1.68615 0.00000 0.00000 0.00000 0.00000 0.00000 0.00000 0.00000 0.00000 0.00000 0.00000 0.00000 0.00000 0.00000 0.00000 0.00000
0.00000 1.58717 1.60631 1.62406 1.64016 1.65460 1.66718 1.67749 1.68555 1.69107 1.69367 1.69393 1.69056 1.68419 1.67453 1.66187 1.64703 1.63231 1.66579 0.00000 0.00000 0.00000 0.00000 0.00000 0.00000 0.00000 0.00000 0.00000 0.00000 0.00000 0.00000 0.00000 0.00000 0.00000 0.00000
0.00000 1.57984 1.59753 1.61391 1.62860 1.64154 1.65247 1.66089 1.66684 1.67000 1.66998 1.66737 1.66095 1.65141 1.63869 1.62375 1.60920 1.64374 0.00000 0.00000 0.00000 0.00000 0.00000 0.00000 0.00000 0.00000 0.00000 0.00000 0.00000 0.00000 0.00000 0.00000 0.00000 0.00000 0.00000
0.00000 1.56987 1.58615 1.60110 1.61424 1.62546 1.63448 1.64068 1.64415 1.64460 1.64161 1.63580 1.62610 1.61342 1.59836 1.58381 1.62006 0.00000 0.00000 0.00000 0.00000 0.00000 0.00000 0.00000 0.00000 0.00000 0.00000 0.00000 0.00000 0.00000 0.00000 0.00000 0.00000 0.00000 0.00000
0.00000 1.55733 1.57214 1.58547 1.59682 1.60601 1.61275 1.61636 1.61697 1.61435 1.60807 1.59885 1.58588 1.57081 1.55624 1.59408 0.00000 0.00000 0.00000 0.00000 0.00000 0.00000 0.00000 0.00000 0.00000 0.00000 0.00000 0.00000 0.00000 0.00000 0.00000 0.00000 0.00000 0.00000 0.00000
0.00000 1.54216 1.55525 1.56669 1.57589 1.58266 1.58674 1.58735 1.58473 1.57869 1.56892 1.55631 1.54090 1.52640 1.56584 0.00000 0.00000 0.00000 0.00000 0.00000 0.00000 0.00000 0.00000 0.00000 0.00000 0.00000 0.00000 0.00000 0.00000 0.00000 0.00000 0.00000 0.00000 0.00000 0.00000
0.00000 1.52394 1.53504 1.54422 1.55083 1.55476 1.55575 1.55300 1.54681 1.53717 1.52396 1.50884 1.49408 1.53525 0.00000 0.00000 0.00000 0.00000 0.00000 0.00000 0.00000 0.00000 0.00000 0.00000 0.00000 0.00000 0.00000 0.00000 0.00000 0.00000 0.00000 0.00000 0.00000 0.00000 0.00000
0.00000 1.50217 1.51088 1.51734 1.52094 1.52160 1.51913 1.51270 1.50276 1.48958 1.47388 1.45951 1.50206 0.00000 0.00000 0.00000 0.00000 0.00000 0.00000 0.00000 0.00000 0.00000 0.00000 0.00000 0.00000 0.00000 0.00000 0.00000 0.00000 0.00000 0.00000 0.00000 0.00000 0.00000 0.00000
0.00000 1.47615 1.48203 1.48533 1.48548 1.48249 1.47624 1.46596 1.45239 1.43668 1.42192 1.46654 0.00000 0.00000 0.00000 0.00000 0.00000 0.00000 0.00000 0.00000 0.00000 0.00000 0.00000 0.00000 0.00000 0.00000 0.00000 0.00000 0.00000 0.00000 0.00000 0.00000 0.00000 0.00000 0.00000
0.00000 1.44506 1.44771 1.44743 1.44376 1.43684 1.42666 1.41269 1.39657 1.38192 1.42784 0.00000 0.00000 0.00000 0.00000 0.00000 0.00000 0.00000 0.00000 0.00000 0.00000 0.00000 0.00000 0.00000 0.00000 0.00000 0.00000 0.00000 0.00000 0.00000 0.00000 0.00000 0.00000 0.00000 0.00000
0.00000 1.40823 1.40725 1.40303 1.39527 1.38429 1.37038 1.35387 1.33896 1.38658 0.00000 0.00000 0.00000 0.00000 0.00000 0.00000 0.00000 0.00000 0.00000 0.00000 0.00000 0.00000 0.00000 0.00000 0.00000 0.00000 0.00000 0.00000 0.00000 0.00000 0.00000 0.00000 0.00000 0.00000 0.00000
0.00000 1.36500 1.36008 1.35170 1.33977 1.32498 1.30854 1.29338 1.34225 0.00000 0.00000 0.00000 0.00000 0.00000 0.00000 0.00000 0.00000 0.00000 0.00000 0.00000 0.00000 0.00000 0.00000 0.00000 0.00000 0.00000 0.00000 0.00000 0.00000 0.00000 0.00000 0.00000 0.00000 0.00000 0.00000
0.00000 1.31493 1.30588 1.29330 1.27749 1.26016 1.24521 1.29523 0.00000 0.00000 0.00000 0.00000 0.00000 0.00000 0.00000 0.00000 0.00000 0.00000 0.00000 0.00000 0.00000 0.00000 0.00000 0.00000 0.00000 0.00000 0.00000 0.00000 0.00000 0.00000 0.00000 0.00000 0.00000 0.00000 0.00000
0.00000 1.25782 1.24467 1.22823 1.20988 1.19416 1.24560 0.00000 0.00000 0.00000 0.00000 0.00000 0.00000 0.00000 0.00000 0.00000 0.00000 0.00000 0.00000 0.00000 0.00000 0.00000 0.00000 0.00000 0.00000 0.00000 0.00000 0.00000 0.00000 0.00000 0.00000 0.00000 0.00000 0.00000 0.00000
0.00000 1.19387 1.17702 1.15811 1.14146 1.19299 0.00000 0.00000 0.00000 0.00000 0.00000 0.00000 0.00000 0.00000 0.00000 0.00000 0.00000 0.00000 0.00000 0.00000 0.00000 0.00000 0.00000 0.00000 0.00000 0.00000 0.00000 0.00000 0.00000 0.00000 0.00000 0.00000 0.00000 0.00000 0.00000
0.00000 1.12382 1.10467 1.08761 1.13889 0.00000 0.00000 0.00000 0.00000 0.00000 0.00000 0.00000 0.00000 0.00000 0.00000 0.00000 0.00000 0.00000 0.00000 0.00000 0.00000 0.00000 0.00000 0.00000 0.00000 0.00000 0.00000 0.00000 0.00000 0.00000 0.00000 0.00000 0.00000 0.00000 0.00000
0.00000 1.04954 1.03245 1.08402 0.00000 0.00000 0.00000 0.00000 0.00000 0.00000 0.00000 0.00000 0.00000 0.00000 0.00000 0.00000 0.00000 0.00000 0.00000 0.00000 0.00000 0.00000 0.00000 0.00000 0.00000 0.00000 0.00000 0.00000 0.00000 0.00000 0.00000 0.00000 0.00000 0.00000 0.00000
0.00000 0.97599 1.02818 0.00000 0.00000 0.00000 0.00000 0.00000 0.00000 0.00000 0.00000 0.00000 0.00000 0.00000 0.00000 0.00000 0.00000 0.00000 0.00000 0.00000 0.00000 0.00000 0.00000 0.00000 0.00000 0.00000 0.00000 0.00000 0.00000 0.00000 0.00000 0.00000 0.00000 0.00000 0.00000
0.00000 0.00000 0.00000 0.00000 0.00000 0.00000 0.00000 0.00000 0.00000 0.00000 0.00000 0.00000 0.00000 0.00000 0.00000 0.00000 0.00000 0.00000 0.00000 0.00000 0.00000 0.00000 0.00000 0.00000 0.00000 0.00000 0.00000 0.00000 0.00000 0.00000 0.00000 0.00000 0.00000 0.00000 0.00000
0.00000 0.00000 0.00000 0.00000 0.00000 0.00000 0.00000 0.00000 0.00000 0.00000 0.00000 0.00000 0.00000 0.00000 0.00000 0.00000 0.00000 0.00000 0.00000 0.00000 0.00000 0.00000 0.00000 0.00000 0.00000 0.00000 0.00000 0.00000 0.00000 0.00000 0.00000 0.00000 0.00000 0.00000 0.00000
