0.49557 0.53636 0.58499 0.64418 0.71814 0.81200 0.93062 1.07714 1.25209 1.45495 1.68972 1.97322 2.34331 2.88296 3.86462
0.37183 0.45513 0.53114 0.61076 0.70193 0.81163 0.94561 1.10720 1.29674 1.51355 1.76199 2.06020 2.44815 3.01167 0.00000
0.23127 0.39590 0.51211 0.61823 0.73077 0.85990 1.01232 1.19115 1.39619 1.62660 1.88748 2.19862 2.60093 0.00000 0.00000
0.10094 0.43213 0.59098 0.71940 0.84986 0.99608 1.16487 1.35837 1.57551 1.81545 2.08432 2.40214 0.00000 0.00000 0.00000
0.00000 0.81832 0.89746 0.99463 1.11412 1.25911 1.43067 1.62748 1.84673 2.08727 2.35403 0.00000 0.00000 0.00000 0.00000
0.11229 0.49967 0.68601 0.83588 0.98476 1.14546 1.32301 1.51843 1.73080 1.95823 0.00000 0.00000 0.00000 0.00000 0.00000
0.20208 0.45647 0.62923 0.77996 0.92995 1.08871 1.26056 1.44675 1.64486 0.00000 0.00000 0.00000 0.00000 0.00000 0.00000
0.28505 0.47558 0.62739 0.76792 0.90980 1.05964 1.22072 1.39202 0.00000 0.00000 0.00000 0.00000 0.00000 0.00000 0.00000
0.36217 0.51491 0.64772 0.77531 0.90580 1.04387 1.18988 0.00000 0.00000 0.00000 0.00000 0.00000 0.00000 0.00000 0.00000
0.43309 0.55999 0.67609 0.79041 0.90849 1.03160 0.00000 0.00000 0.00000 0.00000 0.00000 0.00000 0.00000 0.00000 0.00000
0.49700 0.60427 0.70566 0.80713 0.91049 0.00000 0.00000 0.00000 0.00000 0.00000 0.00000 0.00000 0.00000 0.00000 0.00000
0.55320 0.64464 0.73288 0.81994 0.00000 0.00000 0.00000 0.00000 0.00000 0.00000 0.00000 0.00000 0.00000 0.00000 0.00000
0.60150 0.67959 0.75370 0.00000 0.00000 0.00000 0.00000 0.00000 0.00000 0.00000 0.00000 0.00000 0.00000 0.00000 0.00000
0.64205 0.70624 0.00000 0.00000 0.00000 0.00000 0.00000 0.00000 0.00000 0.00000 0.00000 0.00000 0.00000 0.00000 0.00000
0.67287 0.00000 0.00000 0.00000 0.00000 0.00000 0.00000 0.00000 0.00000 0.00000 0.00000 0.00000 0.00000 0.00000 0.00000
