0.00000 1.17859 1.21631 1.25018 1.29030 1.33733 1.39505 1.46408 1.54285 1.63470 1.74016 1.86401 2.00606 2.16709 2.34706 2.54913 2.77616 3.03149 3.32491 3.67012 4.28158 5.20032 6.84330 10.30493
0.00000 1.17963 1.21413 1.24877 1.28817 1.33359 1.38936 1.45625 1.53279 1.62227 1.72520 1.84634 1.98546 2.14332 2.31982 2.51816 2.74110 2.99197 3.28056 3.76445 4.39787 5.35426 7.07233 0.00000
0.00000 1.17611 1.21337 1.24768 1.28554 1.32907 1.38290 1.44770 1.52216 1.60944 1.71008 1.82875 1.96532 2.12051 2.29428 2.48991 2.71006 2.95799 3.37353 3.87640 4.53604 5.53537 0.00000 0.00000
0.00000 1.18010 1.21526 1.24732 1.28297 1.32439 1.37623 1.43895 1.51142 1.59662 1.69511 1.81153 1.94589 2.09894 2.27074 2.46477 2.68348 3.04866 3.48304 4.00884 4.69883 0.00000 0.00000 0.00000
0.00000 1.18180 1.21422 1.24431 1.27809 1.31773 1.36784 1.42867 1.49936 1.58269 1.67928 1.79374 1.92630 2.07776 2.24838 2.44188 2.76892 3.15280 3.60950 4.16159 0.00000 0.00000 0.00000 0.00000
0.00000 1.17989 1.21006 1.23874 1.27109 1.30926 1.35790 1.41702 1.48615 1.56781 1.66273 1.77554 1.90674 2.05721 2.22742 2.52052 2.86595 3.27160 3.75339 0.00000 0.00000 0.00000 0.00000 0.00000
0.00000 1.17523 1.20359 1.23132 1.26256 1.29950 1.34685 1.40444 1.47220 1.55240 1.64591 1.75744 1.88775 2.03782 2.29881 2.60961 2.97623 3.40602 0.00000 0.00000 0.00000 0.00000 0.00000 0.00000
0.00000 1.16852 1.19542 1.22253 1.25289 1.28882 1.33507 1.39132 1.45790 1.53688 1.62929 1.73995 1.86989 2.10248 2.37977 2.71097 3.10098 0.00000 0.00000 0.00000 0.00000 0.00000 0.00000 0.00000
0.00000 1.16020 1.18590 1.21265 1.24238 1.27751 1.32282 1.37795 1.44360 1.52167 1.61333 1.72359 1.92836 2.17599 2.47217 2.82594 0.00000 0.00000 0.00000 0.00000 0.00000 0.00000 0.00000 0.00000
0.00000 1.15051 1.17533 1.20192 1.23124 1.26579 1.31036 1.36464 1.42965 1.50715 1.59847 1.77646 1.99496 2.26018 2.57743 0.00000 0.00000 0.00000 0.00000 0.00000 0.00000 0.00000 0.00000 0.00000
0.00000 1.13970 1.16393 1.19054 1.21964 1.25386 1.29794 1.35170 1.41638 1.49372 1.64652 1.83676 2.07147 2.35643 0.00000 0.00000 0.00000 0.00000 0.00000 0.00000 0.00000 0.00000 0.00000 0.00000
0.00000 1.12805 1.15195 1.17866 1.20778 1.24194 1.28584 1.33942 1.40414 1.53787 1.70133 1.90616 2.15915 0.00000 0.00000 0.00000 0.00000 0.00000 0.00000 0.00000 0.00000 0.00000 0.00000 0.00000
0.00000 1.11578 1.13956 1.16646 1.19585 1.23027 1.27432 1.32809 1.44476 1.58822 1.76445 1.98580 0.00000 0.00000 0.00000 0.00000 0.00000 0.00000 0.00000 0.00000 0.00000 0.00000 0.00000 0.00000
0.00000 1.10312 1.12696 1.15417 1.18412 1.21912 1.26367 1.36559 1.49098 1.64623 1.83685 0.00000 0.00000 0.00000 0.00000 0.00000 0.00000 0.00000 0.00000 0.00000 0.00000 0.00000 0.00000 0.00000
0.00000 1.09024 1.11441 1.14207 1.17288 1.20876 1.29852 1.40811 1.54419 1.71274 0.00000 0.00000 0.00000 0.00000 0.00000 0.00000 0.00000 0.00000 0.00000 0.00000 0.00000 0.00000 0.00000 0.00000
0.00000 1.07743 1.10216 1.13045 1.16242 1.24128 1.33788 1.45699 1.60503 0.00000 0.00000 0.00000 0.00000 0.00000 0.00000 0.00000 0.00000 0.00000 0.00000 0.00000 0.00000 0.00000 0.00000 0.00000
0.00000 1.06493 1.09049 1.11963 1.19332 1.27776 1.38302 1.51257 0.00000 0.00000 0.00000 0.00000 0.00000 0.00000 0.00000 0.00000 0.00000 0.00000 0.00000 0.00000 0.00000 0.00000 0.00000 0.00000
0.00000 1.05301 1.07969 1.14883 1.22801 1.31941 1.43376 0.00000 0.00000 0.00000 0.00000 0.00000 0.00000 0.00000 0.00000 0.00000 0.00000 0.00000 0.00000 0.00000 0.00000 0.00000 0.00000 0.00000
0.00000 1.04198 1.10797 1.18115 1.26844 1.36432 0.00000 0.00000 0.00000 0.00000 0.00000 0.00000 0.00000 0.00000 0.00000 0.00000 0.00000 0.00000 0.00000 0.00000 0.00000 0.00000 0.00000 0.00000
0.00000 0.00000 0.00000 0.00000 0.00000 0.00000 0.00000 0.00000 0.00000 0.00000 0.00000 0.00000 0.00000 0.00000 0.00000 0.00000 0.00000 0.00000 0.00000 0.00000 0.00000 0.00000 0.00000 0.00000
0.00000 0.00000 0.00000 0.00000 0.00000 0.00000 0.00000 0.00000 0.00000 0.00000 0.00000 0.00000 0.00000 0.00000 0.00000 0.00000 0.00000 0.00000 0.00000 0.00000 0.00000 0.00000 0.00000 0.00000
0.00000 0.00000 0.00000 0.00000 0.00000 0.00000 0.00000 0.00000 0.00000 0.00000 0.00000 0.00000 0.00000 0.00000 0.00000 0.00000 0.00000 0.00000 0.00000 0.00000 0.00000 0.00000 0.00000 0.00000
0.00000 0.00000 0.00000 0.00000 0.00000 0.00000 0.00000 0.00000 0.00000 0.00000 0.00000 0.00000 0.00000 0.00000 0.00000 0.00000 0.00000 0.00000 0.00000 0.00000 0.00000 0.00000 0.00000 0.00000
0.00000 0.00000 0.00000 0.00000 0.00000 0.00000 0.00000 0.00000 0.00000 0.00000 0.00000 0.00000 0.00000 0.00000 0.00000 0.00000 0.00000 0.00000 0.00000 0.00000 0.00000 0.00000 0.00000 0.00000
