0.78688 0.78435 0.78318 0.78272 0.78340 0.78475 0.78661 0.78911 0.79201 0.79557 0.79911 0.80311 0.80739 0.81201 0.81707 0.82254 0.82911 0.83663 0.84582 0.85747 0.87220 0.89156 0.91754 0.95289 1.00110 1.06733 1.15928 1.29008 1.48630 1.80777 2.40637 3.63996
0.77958 0.77719 0.77625 0.77593 0.77682 0.77840 0.78049 0.78321 0.78633 0.79017 0.79392 0.79814 0.80263 0.80746 0.81274 0.81838 0.82519 0.83297 0.84247 0.85453 0.86972 0.88967 0.91643 0.95279 1.00229 1.07014 1.16417 1.29772 1.49801 1.82656 2.43842 0.00000
0.76946 0.76733 0.76686 0.76667 0.76789 0.76978 0.77216 0.77520 0.77863 0.78294 0.78697 0.79146 0.79623 0.80134 0.80689 0.81267 0.81981 0.82794 0.83787 0.85063 0.86655 0.88744 0.91540 0.95333 1.00477 1.07501 1.17197 1.30932 1.51552 1.85485 0.00000 0.00000
0.75924 0.75742 0.75717 0.75742 0.75900 0.76125 0.76392 0.76729 0.77105 0.77565 0.77994 0.78475 0.78982 0.79523 0.80108 0.80728 0.81486 0.82344 0.83396 0.84741 0.86437 0.88664 0.91634 0.95654 1.01076 1.08433 1.18542 1.32828 1.54356 0.00000 0.00000 0.00000
0.74859 0.74712 0.74718 0.74788 0.74988 0.75251 0.75539 0.75915 0.76327 0.76833 0.77280 0.77794 0.78334 0.78909 0.79531 0.80197 0.81019 0.81937 0.83070 0.84520 0.86367 0.88787 0.91992 0.96323 1.02119 1.09927 1.20628 1.35737 0.00000 0.00000 0.00000 0.00000
0.73730 0.73623 0.73669 0.73788 0.74038 0.74346 0.74685 0.75102 0.75555 0.76087 0.76580 0.77132 0.77710 0.78323 0.78989 0.79710 0.80589 0.81587 0.82835 0.84437 0.86496 0.89178 0.92727 0.97464 1.03749 1.12173 1.23669 0.00000 0.00000 0.00000 0.00000 0.00000
0.72505 0.72449 0.72545 0.72716 0.73036 0.73393 0.73788 0.74252 0.74748 0.75318 0.75860 0.76454 0.77075 0.77736 0.78457 0.79248 0.80210 0.81312 0.82722 0.84539 0.86893 0.89909 0.93894 0.99150 1.06073 1.15331 0.00000 0.00000 0.00000 0.00000 0.00000 0.00000
0.71206 0.71209 0.71370 0.71596 0.71966 0.72381 0.72834 0.73350 0.73897 0.74516 0.75110 0.75755 0.76427 0.77149 0.77944 0.78826 0.79912 0.81191 0.82826 0.84937 0.87646 0.91118 0.95651 1.01574 1.09331 0.00000 0.00000 0.00000 0.00000 0.00000 0.00000 0.00000
0.69773 0.69848 0.70098 0.70377 0.70808 0.71289 0.71807 0.72383 0.72987 0.73675 0.74329 0.75035 0.75770 0.76572 0.77470 0.78471 0.79733 0.81255 0.83191 0.85697 0.88863 0.92905 0.98137 1.04919 0.00000 0.00000 0.00000 0.00000 0.00000 0.00000 0.00000 0.00000
0.68229 0.68390 0.68715 0.69085 0.69590 0.70147 0.70737 0.71382 0.72050 0.72794 0.73518 0.74300 0.75112 0.76025 0.77066 0.78267 0.79775 0.81620 0.83949 0.86930 0.90673 0.95441 1.01581 0.00000 0.00000 0.00000 0.00000 0.00000 0.00000 0.00000 0.00000 0.00000
0.66513 0.66780 0.67198 0.67673 0.68267 0.68912 0.69585 0.70308 0.71051 0.71865 0.72676 0.73559 0.74516 0.75585 0.76829 0.78300 0.80145 0.82411 0.85233 0.88816 0.93302 0.99012 0.00000 0.00000 0.00000 0.00000 0.00000 0.00000 0.00000 0.00000 0.00000 0.00000
0.64652 0.65048 0.65580 0.66174 0.66873 0.67620 0.68387 0.69203 0.70031 0.70938 0.71860 0.72883 0.74002 0.75288 0.76814 0.78648 0.80936 0.83740 0.87218 0.91578 0.97020 0.00000 0.00000 0.00000 0.00000 0.00000 0.00000 0.00000 0.00000 0.00000 0.00000 0.00000
0.62595 0.63147 0.63819 0.64552 0.65375 0.66242 0.67118 0.68044 0.68967 0.69997 0.71068 0.72293 0.73630 0.75219 0.77127 0.79435 0.82292 0.85774 0.90101 0.95465 0.00000 0.00000 0.00000 0.00000 0.00000 0.00000 0.00000 0.00000 0.00000 0.00000 0.00000 0.00000
0.60319 0.61064 0.61905 0.62801 0.63772 0.64785 0.65787 0.66848 0.67923 0.69118 0.70392 0.71865 0.73541 0.75540 0.77953 0.80869 0.84446 0.88801 0.94184 0.00000 0.00000 0.00000 0.00000 0.00000 0.00000 0.00000 0.00000 0.00000 0.00000 0.00000 0.00000 0.00000
0.57805 0.58790 0.59821 0.60915 0.62061 0.63263 0.64407 0.65637 0.66907 0.68327 0.69883 0.71702 0.73845 0.76384 0.79446 0.83131 0.87636 0.93115 0.00000 0.00000 0.00000 0.00000 0.00000 0.00000 0.00000 0.00000 0.00000 0.00000 0.00000 0.00000 0.00000 0.00000
0.55028 0.56312 0.57615 0.58950 0.60303 0.61700 0.63054 0.64504 0.66030 0.67758 0.69702 0.71994 0.74716 0.77951 0.81836 0.86512 0.92214 0.00000 0.00000 0.00000 0.00000 0.00000 0.00000 0.00000 0.00000 0.00000 0.00000 0.00000 0.00000 0.00000 0.00000 0.00000
0.51956 0.53617 0.55250 0.56893 0.58487 0.60133 0.61750 0.63490 0.65362 0.67510 0.69988 0.72907 0.76376 0.80496 0.85444 0.91400 0.00000 0.00000 0.00000 0.00000 0.00000 0.00000 0.00000 0.00000 0.00000 0.00000 0.00000 0.00000 0.00000 0.00000 0.00000 0.00000
0.48623 0.50762 0.52796 0.54781 0.56710 0.58680 0.60633 0.62760 0.65095 0.67807 0.70956 0.74684 0.79111 0.84376 0.90698 0.00000 0.00000 0.00000 0.00000 0.00000 0.00000 0.00000 0.00000 0.00000 0.00000 0.00000 0.00000 0.00000 0.00000 0.00000 0.00000 0.00000
0.44972 0.47726 0.50249 0.52667 0.55018 0.57422 0.59804 0.62452 0.65404 0.68859 0.72875 0.77636 0.83321 0.90068 0.00000 0.00000 0.00000 0.00000 0.00000 0.00000 0.00000 0.00000 0.00000 0.00000 0.00000 0.00000 0.00000 0.00000 0.00000 0.00000 0.00000 0.00000
0.40983 0.44546 0.47737 0.50710 0.53597 0.56531 0.59519 0.62859 0.66616 0.71028 0.76155 0.82265 0.89544 0.00000 0.00000 0.00000 0.00000 0.00000 0.00000 0.00000 0.00000 0.00000 0.00000 0.00000 0.00000 0.00000 0.00000 0.00000 0.00000 0.00000 0.00000 0.00000
0.36643 0.41292 0.45348 0.49042 0.52621 0.56260 0.60042 0.64285 0.69065 0.74699 0.81278 0.89154 0.00000 0.00000 0.00000 0.00000 0.00000 0.00000 0.00000 0.00000 0.00000 0.00000 0.00000 0.00000 0.00000 0.00000 0.00000 0.00000 0.00000 0.00000 0.00000 0.00000
0.31936 0.38082 0.43283 0.47921 0.52405 0.56977 0.61785 0.67189 0.73315 0.80542 0.89014 0.00000 0.00000 0.00000 0.00000 0.00000 0.00000 0.00000 0.00000 0.00000 0.00000 0.00000 0.00000 0.00000 0.00000 0.00000 0.00000 0.00000 0.00000 0.00000 0.00000 0.00000
0.26850 0.35122 0.41871 0.47753 0.53412 0.59209 0.65323 0.72207 0.80087 0.89392 0.00000 0.00000 0.00000 0.00000 0.00000 0.00000 0.00000 0.00000 0.00000 0.00000 0.00000 0.00000 0.00000 0.00000 0.00000 0.00000 0.00000 0.00000 0.00000 0.00000 0.00000 0.00000
0.21370 0.32910 0.41781 0.49278 0.56433 0.63728 0.71488 0.80308 0.90465 0.00000 0.00000 0.00000 0.00000 0.00000 0.00000 0.00000 0.00000 0.00000 0.00000 0.00000 0.00000 0.00000 0.00000 0.00000 0.00000 0.00000 0.00000 0.00000 0.00000 0.00000 0.00000 0.00000
0.15451 0.32230 0.44053 0.53571 0.62569 0.71714 0.81587 0.92923 0.00000 0.00000 0.00000 0.00000 0.00000 0.00000 0.00000 0.00000 0.00000 0.00000 0.00000 0.00000 0.00000 0.00000 0.00000 0.00000 0.00000 0.00000 0.00000 0.00000 0.00000 0.00000 0.00000 0.00000
0.09220 0.35220 0.50854 0.62769 0.73869 0.85263 0.97752 0.00000 0.00000 0.00000 0.00000 0.00000 0.00000 0.00000 0.00000 0.00000 0.00000 0.00000 0.00000 0.00000 0.00000 0.00000 0.00000 0.00000 0.00000 0.00000 0.00000 0.00000 0.00000 0.00000 0.00000 0.00000
0.02482 0.47853 0.67234 0.80960 0.94018 1.07771 0.00000 0.00000 0.00000 0.00000 0.00000 0.00000 0.00000 0.00000 0.00000 0.00000 0.00000 0.00000 0.00000 0.00000 0.00000 0.00000 0.00000 0.00000 0.00000 0.00000 0.00000 0.00000 0.00000 0.00000 0.00000 0.00000
0.00000 1.00856 1.08700 1.18296 1.30557 0.00000 0.00000 0.00000 0.00000 0.00000 0.00000 0.00000 0.00000 0.00000 0.00000 0.00000 0.00000 0.00000 0.00000 0.00000 0.00000 0.00000 0.00000 0.00000 0.00000 0.00000 0.00000 0.00000 0.00000 0.00000 0.00000 0.00000
0.11734 0.61133 0.84250 1.02418 0.00000 0.00000 0.00000 0.00000 0.00000 0.00000 0.00000 0.00000 0.00000 0.00000 0.00000 0.00000 0.00000 0.00000 0.00000 0.00000 0.00000 0.00000 0.00000 0.00000 0.00000 0.00000 0.00000 0.00000 0.00000 0.00000 0.00000 0.00000
0.19424 0.54059 0.77563 0.00000 0.00000 0.00000 0.00000 0.00000 0.00000 0.00000 0.00000 0.00000 0.00000 0.00000 0.00000 0.00000 0.00000 0.00000 0.00000 0.00000 0.00000 0.00000 0.00000 0.00000 0.00000 0.00000 0.00000 0.00000 0.00000 0.00000 0.00000 0.00000
0.27719 0.55638 0.00000 0.00000 0.00000 0.00000 0.00000 0.00000 0.00000 0.00000 0.00000 0.00000 0.00000 0.00000 0.00000 0.00000 0.00000 0.00000 0.00000 0.00000 0.00000 0.00000 0.00000 0.00000 0.00000 0.00000 0.00000 0.00000 0.00000 0.00000 0.00000 0.00000
0.36630 0.00000 0.00000 0.00000 0.00000 0.00000 0.00000 0.00000 0.00000 0.00000 0.00000 0.00000 0.00000 0.00000 0.00000 0.00000 0.00000 0.00000 0.00000 0.00000 0.00000 0.00000 0.00000 0.00000 0.00000 0.00000 0.00000 0.00000 0.00000 0.00000 0.00000 0.00000
