0.79049 0.78945 0.78967 0.79034 0.79138 0.79274 0.79438 0.79636 0.79845 0.80115 0.80330 0.80542 0.80777 0.81009 0.81236 0.81460 0.81662 0.81901 0.82128 0.82355 0.82593 0.82850 0.83140 0.83414 0.83716 0.84052 0.84408 0.84866 0.85421 0.86110 0.86972 0.88049 0.89443 0.91153 0.93331 0.96071 0.99765 1.04622 1.11078 1.19726 1.31445 1.47972 1.72486 2.12250 2.81971 4.16428
0.78463 0.78369 0.78405 0.78486 0.78605 0.78754 0.78934 0.79147 0.79369 0.79656 0.79883 0.80107 0.80355 0.80598 0.80836 0.81071 0.81281 0.81531 0.81768 0.82004 0.82250 0.82517 0.82817 0.83100 0.83411 0.83756 0.84119 0.84588 0.85154 0.85856 0.86734 0.87829 0.89246 0.90983 0.93195 0.95975 0.99724 1.04654 1.11205 1.19980 1.31867 1.48644 1.73577 2.14140 2.85081 0.00000
0.77814 0.77731 0.77785 0.77884 0.78020 0.78187 0.78384 0.78615 0.78854 0.79160 0.79403 0.79640 0.79902 0.80159 0.80410 0.80657 0.80877 0.81139 0.81387 0.81633 0.81891 0.82168 0.82481 0.82774 0.83094 0.83450 0.83821 0.84301 0.84881 0.85597 0.86492 0.87608 0.89054 0.90823 0.93074 0.95903 0.99721 1.04742 1.11415 1.20353 1.32468 1.49619 1.75234 2.16897 0.00000 0.00000
0.77199 0.77127 0.77200 0.77317 0.77472 0.77657 0.77873 0.78125 0.78381 0.78706 0.78965 0.79215 0.79492 0.79763 0.80028 0.80288 0.80515 0.80792 0.81051 0.81308 0.81576 0.81864 0.82193 0.82497 0.82826 0.83193 0.83570 0.84062 0.84656 0.85388 0.86302 0.87441 0.88923 0.90729 0.93030 0.95920 0.99827 1.04967 1.11803 1.20972 1.33446 1.51230 1.77833 0.00000 0.00000 0.00000
0.76605 0.76548 0.76640 0.76777 0.76951 0.77157 0.77391 0.77667 0.77942 0.78284 0.78559 0.78821 0.79113 0.79400 0.79678 0.79951 0.80185 0.80478 0.80749 0.81017 0.81296 0.81595 0.81942 0.82256 0.82595 0.82973 0.83356 0.83861 0.84469 0.85219 0.86154 0.87320 0.88845 0.90699 0.93062 0.96035 1.00060 1.05361 1.12430 1.21965 1.35053 1.53763 0.00000 0.00000 0.00000 0.00000
0.76010 0.75971 0.76083 0.76242 0.76437 0.76663 0.76919 0.77222 0.77516 0.77872 0.78165 0.78437 0.78746 0.79048 0.79341 0.79628 0.79869 0.80181 0.80465 0.80742 0.81033 0.81345 0.81708 0.82033 0.82380 0.82771 0.83161 0.83680 0.84304 0.85073 0.86034 0.87233 0.88811 0.90724 0.93171 0.96257 1.00442 1.05974 1.13411 1.23570 1.37548 0.00000 0.00000 0.00000 0.00000 0.00000
0.75393 0.75374 0.75510 0.75692 0.75910 0.76159 0.76437 0.76769 0.77083 0.77453 0.77764 0.78046 0.78373 0.78691 0.78999 0.79301 0.79554 0.79886 0.80182 0.80470 0.80773 0.81097 0.81475 0.81812 0.82166 0.82571 0.82972 0.83507 0.84149 0.84941 0.85933 0.87174 0.88816 0.90811 0.93370 0.96612 1.01028 1.06927 1.14992 1.26040 0.00000 0.00000 0.00000 0.00000 0.00000 0.00000
0.74738 0.74744 0.74906 0.75113 0.75356 0.75629 0.75931 0.76294 0.76630 0.77013 0.77344 0.77639 0.77984 0.78320 0.78644 0.78960 0.79231 0.79580 0.79890 0.80190 0.80506 0.80842 0.81233 0.81581 0.81942 0.82364 0.82781 0.83333 0.83998 0.84819 0.85851 0.87148 0.88874 0.90978 0.93694 0.97168 1.01954 1.08481 1.17439 0.00000 0.00000 0.00000 0.00000 0.00000 0.00000 0.00000
0.74032 0.74069 0.74260 0.74495 0.74766 0.75065 0.75393 0.75785 0.76145 0.76544 0.76897 0.77209 0.77574 0.77929 0.78269 0.78602 0.78892 0.79255 0.79580 0.79895 0.80224 0.80574 0.80975 0.81337 0.81704 0.82146 0.82585 0.83159 0.83851 0.84712 0.85798 0.87172 0.89011 0.91272 0.94220 0.98070 1.03494 1.10919 0.00000 0.00000 0.00000 0.00000 0.00000 0.00000 0.00000 0.00000
0.73266 0.73343 0.73565 0.73832 0.74133 0.74462 0.74819 0.75237 0.75624 0.76042 0.76418 0.76754 0.77141 0.77516 0.77871 0.78221 0.78534 0.78905 0.79245 0.79579 0.79923 0.80286 0.80699 0.81077 0.81453 0.81919 0.82386 0.82987 0.83718 0.84633 0.85796 0.87280 0.89276 0.91771 0.95101 0.99606 1.05942 0.00000 0.00000 0.00000 0.00000 0.00000 0.00000 0.00000 0.00000 0.00000
0.72432 0.72555 0.72814 0.73116 0.73451 0.73813 0.74201 0.74645 0.75061 0.75502 0.75904 0.76268 0.76678 0.77075 0.77446 0.77813 0.78151 0.78527 0.78884 0.79238 0.79596 0.79975 0.80403 0.80799 0.81192 0.81687 0.82188 0.82828 0.83612 0.84604 0.85878 0.87520 0.89753 0.92637 0.96635 1.02078 0.00000 0.00000 0.00000 0.00000 0.00000 0.00000 0.00000 0.00000 0.00000 0.00000
0.71520 0.71694 0.71996 0.72338 0.72711 0.73109 0.73532 0.74004 0.74451 0.74919 0.75350 0.75747 0.76183 0.76603 0.76989 0.77374 0.77736 0.78119 0.78494 0.78868 0.79242 0.79638 0.80086 0.80504 0.80922 0.81454 0.81998 0.82692 0.83554 0.84659 0.86095 0.87981 0.90608 0.94179 0.99139 0.00000 0.00000 0.00000 0.00000 0.00000 0.00000 0.00000 0.00000 0.00000 0.00000 0.00000
0.70516 0.70749 0.71101 0.71487 0.71902 0.72342 0.72804 0.73307 0.73789 0.74288 0.74751 0.75183 0.75647 0.76093 0.76494 0.76898 0.77284 0.77678 0.78073 0.78467 0.78858 0.79274 0.79747 0.80195 0.80648 0.81224 0.81827 0.82601 0.83578 0.84850 0.86537 0.88834 0.92163 0.96726 0.00000 0.00000 0.00000 0.00000 0.00000 0.00000 0.00000 0.00000 0.00000 0.00000 0.00000 0.00000
0.69408 0.69706 0.70115 0.70553 0.71016 0.71502 0.72008 0.72547 0.73068 0.73603 0.74102 0.74571 0.75064 0.75539 0.75959 0.76381 0.76793 0.77206 0.77622 0.78037 0.78446 0.78885 0.79389 0.79875 0.80379 0.81011 0.81699 0.82590 0.83737 0.85271 0.87384 0.90412 0.94760 0.00000 0.00000 0.00000 0.00000 0.00000 0.00000 0.00000 0.00000 0.00000 0.00000 0.00000 0.00000 0.00000
0.68181 0.68552 0.69030 0.69527 0.70043 0.70582 0.71137 0.71718 0.72283 0.72857 0.73396 0.73905 0.74432 0.74938 0.75384 0.75824 0.76263 0.76701 0.77141 0.77579 0.78007 0.78475 0.79015 0.79554 0.80127 0.80840 0.81652 0.82719 0.84133 0.86111 0.88985 0.93071 0.00000 0.00000 0.00000 0.00000 0.00000 0.00000 0.00000 0.00000 0.00000 0.00000 0.00000 0.00000 0.00000 0.00000
0.66822 0.67277 0.67836 0.68400 0.68977 0.69576 0.70186 0.70815 0.71428 0.72048 0.72633 0.73183 0.73748 0.74289 0.74767 0.75230 0.75697 0.76166 0.76632 0.77096 0.77549 0.78053 0.78639 0.79248 0.79920 0.80754 0.81750 0.83094 0.84964 0.87737 0.91713 0.00000 0.00000 0.00000 0.00000 0.00000 0.00000 0.00000 0.00000 0.00000 0.00000 0.00000 0.00000 0.00000 0.00000 0.00000
0.65319 0.65873 0.66526 0.67169 0.67812 0.68479 0.69152 0.69835 0.70503 0.71174 0.71811 0.72406 0.73011 0.73592 0.74109 0.74601 0.75099 0.75602 0.76099 0.76596 0.77079 0.77634 0.78284 0.78989 0.79804 0.80823 0.82107 0.83925 0.86616 0.90541 0.00000 0.00000 0.00000 0.00000 0.00000 0.00000 0.00000 0.00000 0.00000 0.00000 0.00000 0.00000 0.00000 0.00000 0.00000 0.00000
0.63666 0.64337 0.65097 0.65829 0.66547 0.67291 0.68035 0.68779 0.69508 0.70235 0.70931 0.71576 0.72225 0.72851 0.73413 0.73942 0.74471 0.75014 0.75548 0.76086 0.76616 0.77241 0.77986 0.78827 0.79852 0.81166 0.82945 0.85618 0.89503 0.00000 0.00000 0.00000 0.00000 0.00000 0.00000 0.00000 0.00000 0.00000 0.00000 0.00000 0.00000 0.00000 0.00000 0.00000 0.00000 0.00000
0.61860 0.62666 0.63545 0.64381 0.65185 0.66015 0.66840 0.67651 0.68449 0.69238 0.70000 0.70698 0.71396 0.72073 0.72683 0.73257 0.73821 0.74409 0.74990 0.75584 0.76185 0.76913 0.77800 0.78843 0.80191 0.82017 0.84686 0.88604 0.00000 0.00000 0.00000 0.00000 0.00000 0.00000 0.00000 0.00000 0.00000 0.00000 0.00000 0.00000 0.00000 0.00000 0.00000 0.00000 0.00000 0.00000
0.59898 0.60860 0.61871 0.62827 0.63731 0.64661 0.65576 0.66461 0.67334 0.68193 0.69025 0.69781 0.70534 0.71268 0.71930 0.72555 0.73159 0.73803 0.74445 0.75116 0.75825 0.76704 0.77809 0.79172 0.81065 0.83817 0.87784 0.00000 0.00000 0.00000 0.00000 0.00000 0.00000 0.00000 0.00000 0.00000 0.00000 0.00000 0.00000 0.00000 0.00000 0.00000 0.00000 0.00000 0.00000 0.00000
0.57778 0.58916 0.60077 0.61171 0.62194 0.63236 0.64252 0.65221 0.66178 0.67112 0.68018 0.68835 0.69647 0.70446 0.71165 0.71849 0.72501 0.73215 0.73940 0.74723 0.75594 0.76698 0.78148 0.80066 0.82933 0.87039 0.00000 0.00000 0.00000 0.00000 0.00000 0.00000 0.00000 0.00000 0.00000 0.00000 0.00000 0.00000 0.00000 0.00000 0.00000 0.00000 0.00000 0.00000 0.00000 0.00000
0.55488 0.56828 0.58163 0.59416 0.60581 0.61751 0.62881 0.63944 0.64994 0.66010 0.66990 0.67874 0.68752 0.69619 0.70402 0.71155 0.71871 0.72679 0.73522 0.74467 0.75580 0.77040 0.79082 0.82007 0.86292 0.00000 0.00000 0.00000 0.00000 0.00000 0.00000 0.00000 0.00000 0.00000 0.00000 0.00000 0.00000 0.00000 0.00000 0.00000 0.00000 0.00000 0.00000 0.00000 0.00000 0.00000
0.53019 0.54592 0.56131 0.57569 0.58901 0.60214 0.61472 0.62645 0.63798 0.64902 0.65958 0.66915 0.67864 0.68805 0.69661 0.70499 0.71305 0.72244 0.73256 0.74444 0.75935 0.78009 0.81116 0.85518 0.00000 0.00000 0.00000 0.00000 0.00000 0.00000 0.00000 0.00000 0.00000 0.00000 0.00000 0.00000 0.00000 0.00000 0.00000 0.00000 0.00000 0.00000 0.00000 0.00000 0.00000 0.00000
0.50360 0.52210 0.53990 0.55641 0.57165 0.58641 0.60042 0.61341 0.62608 0.63806 0.64944 0.65978 0.67008 0.68028 0.68972 0.69918 0.70855 0.71979 0.73244 0.74815 0.76955 0.80140 0.84800 0.00000 0.00000 0.00000 0.00000 0.00000 0.00000 0.00000 0.00000 0.00000 0.00000 0.00000 0.00000 0.00000 0.00000 0.00000 0.00000 0.00000 0.00000 0.00000 0.00000 0.00000 0.00000 0.00000
0.47505 0.49687 0.51752 0.53651 0.55393 0.57051 0.58612 0.60056 0.61446 0.62747 0.63975 0.65092 0.66213 0.67324 0.68379 0.69470 0.70596 0.71991 0.73653 0.75890 0.79203 0.84015 0.00000 0.00000 0.00000 0.00000 0.00000 0.00000 0.00000 0.00000 0.00000 0.00000 0.00000 0.00000 0.00000 0.00000 0.00000 0.00000 0.00000 0.00000 0.00000 0.00000 0.00000 0.00000 0.00000 0.00000
0.44452 0.47035 0.49441 0.51625 0.53615 0.55478 0.57215 0.58821 0.60346 0.61760 0.63087 0.64297 0.65525 0.66749 0.67949 0.69243 0.70645 0.72461 0.74816 0.78269 0.83296 0.00000 0.00000 0.00000 0.00000 0.00000 0.00000 0.00000 0.00000 0.00000 0.00000 0.00000 0.00000 0.00000 0.00000 0.00000 0.00000 0.00000 0.00000 0.00000 0.00000 0.00000 0.00000 0.00000 0.00000 0.00000
0.41205 0.44276 0.47087 0.49603 0.51872 0.53964 0.55896 0.57677 0.59351 0.60890 0.62331 0.63650 0.65008 0.66380 0.67781 0.69365 0.71198 0.73740 0.77366 0.82611 0.00000 0.00000 0.00000 0.00000 0.00000 0.00000 0.00000 0.00000 0.00000 0.00000 0.00000 0.00000 0.00000 0.00000 0.00000 0.00000 0.00000 0.00000 0.00000 0.00000 0.00000 0.00000 0.00000 0.00000 0.00000 0.00000
0.37774 0.41444 0.44737 0.47638 0.50221 0.52568 0.54714 0.56684 0.58520 0.60201 0.61772 0.63226 0.64749 0.66324 0.68014 0.70047 0.72633 0.76503 0.82006 0.00000 0.00000 0.00000 0.00000 0.00000 0.00000 0.00000 0.00000 0.00000 0.00000 0.00000 0.00000 0.00000 0.00000 0.00000 0.00000 0.00000 0.00000 0.00000 0.00000 0.00000 0.00000 0.00000 0.00000 0.00000 0.00000 0.00000
0.34175 0.38586 0.42454 0.45801 0.48737 0.51366 0.53744 0.55915 0.57930 0.59770 0.61495 0.63123 0.64864 0.66732 0.68875 0.71689 0.75662 0.81496 0.00000 0.00000 0.00000 0.00000 0.00000 0.00000 0.00000 0.00000 0.00000 0.00000 0.00000 0.00000 0.00000 0.00000 0.00000 0.00000 0.00000 0.00000 0.00000 0.00000 0.00000 0.00000 0.00000 0.00000 0.00000 0.00000 0.00000 0.00000
0.30430 0.35768 0.40320 0.44185 0.47516 0.50454 0.53081 0.55465 0.57675 0.59695 0.61608 0.63464 0.65514 0.67844 0.70788 0.75049 0.81077 0.00000 0.00000 0.00000 0.00000 0.00000 0.00000 0.00000 0.00000 0.00000 0.00000 0.00000 0.00000 0.00000 0.00000 0.00000 0.00000 0.00000 0.00000 0.00000 0.00000 0.00000 0.00000 0.00000 0.00000 0.00000 0.00000 0.00000 0.00000 0.00000
0.26557 0.33079 0.38445 0.42914 0.46683 0.49954 0.52845 0.55453 0.57880 0.60107 0.62256 0.64430 0.66959 0.70117 0.74568 0.80980 0.00000 0.00000 0.00000 0.00000 0.00000 0.00000 0.00000 0.00000 0.00000 0.00000 0.00000 0.00000 0.00000 0.00000 0.00000 0.00000 0.00000 0.00000 0.00000 0.00000 0.00000 0.00000 0.00000 0.00000 0.00000 0.00000 0.00000 0.00000 0.00000 0.00000
0.22578 0.30643 0.36994 0.42161 0.46409 0.50031 0.53195 0.56038 0.58704 0.61182 0.63650 0.66315 0.69703 0.74433 0.81135 0.00000 0.00000 0.00000 0.00000 0.00000 0.00000 0.00000 0.00000 0.00000 0.00000 0.00000 0.00000 0.00000 0.00000 0.00000 0.00000 0.00000 0.00000 0.00000 0.00000 0.00000 0.00000 0.00000 0.00000 0.00000 0.00000 0.00000 0.00000 0.00000 0.00000 0.00000
0.18511 0.28658 0.36214 0.42182 0.46939 0.50918 0.54354 0.57439 0.60374 0.63175 0.66134 0.69679 0.74716 0.81806 0.00000 0.00000 0.00000 0.00000 0.00000 0.00000 0.00000 0.00000 0.00000 0.00000 0.00000 0.00000 0.00000 0.00000 0.00000 0.00000 0.00000 0.00000 0.00000 0.00000 0.00000 0.00000 0.00000 0.00000 0.00000 0.00000 0.00000 0.00000 0.00000 0.00000 0.00000 0.00000
0.14376 0.27467 0.36513 0.43363 0.48629 0.52940 0.56629 0.59961 0.63219 0.66503 0.70356 0.75616 0.83131 0.00000 0.00000 0.00000 0.00000 0.00000 0.00000 0.00000 0.00000 0.00000 0.00000 0.00000 0.00000 0.00000 0.00000 0.00000 0.00000 0.00000 0.00000 0.00000 0.00000 0.00000 0.00000 0.00000 0.00000 0.00000 0.00000 0.00000 0.00000 0.00000 0.00000 0.00000 0.00000 0.00000
0.10200 0.27737 0.38603 0.46343 0.52035 0.56592 0.60479 0.64064 0.67775 0.71947 0.77579 0.85424 0.00000 0.00000 0.00000 0.00000 0.00000 0.00000 0.00000 0.00000 0.00000 0.00000 0.00000 0.00000 0.00000 0.00000 0.00000 0.00000 0.00000 0.00000 0.00000 0.00000 0.00000 0.00000 0.00000 0.00000 0.00000 0.00000 0.00000 0.00000 0.00000 0.00000 0.00000 0.00000 0.00000 0.00000
0.06008 0.30996 0.43891 0.52259 0.58085 0.62661 0.66624 0.70507 0.75045 0.81030 0.89348 0.00000 0.00000 0.00000 0.00000 0.00000 0.00000 0.00000 0.00000 0.00000 0.00000 0.00000 0.00000 0.00000 0.00000 0.00000 0.00000 0.00000 0.00000 0.00000 0.00000 0.00000 0.00000 0.00000 0.00000 0.00000 0.00000 0.00000 0.00000 0.00000 0.00000 0.00000 0.00000 0.00000 0.00000 0.00000
0.01819 0.41775 0.55628 0.63388 0.68458 0.72496 0.76307 0.80725 0.87000 0.95702 0.00000 0.00000 0.00000 0.00000 0.00000 0.00000 0.00000 0.00000 0.00000 0.00000 0.00000 0.00000 0.00000 0.00000 0.00000 0.00000 0.00000 0.00000 0.00000 0.00000 0.00000 0.00000 0.00000 0.00000 0.00000 0.00000 0.00000 0.00000 0.00000 0.00000 0.00000 0.00000 0.00000 0.00000 0.00000 0.00000
0.00000 0.82670 0.83546 0.85045 0.86563 0.88669 0.91963 0.97585 1.06352 0.00000 0.00000 0.00000 0.00000 0.00000 0.00000 0.00000 0.00000 0.00000 0.00000 0.00000 0.00000 0.00000 0.00000 0.00000 0.00000 0.00000 0.00000 0.00000 0.00000 0.00000 0.00000 0.00000 0.00000 0.00000 0.00000 0.00000 0.00000 0.00000 0.00000 0.00000 0.00000 0.00000 0.00000 0.00000 0.00000 0.00000
0.06524 0.45178 0.58769 0.66627 0.72336 0.77878 0.84831 0.94141 0.00000 0.00000 0.00000 0.00000 0.00000 0.00000 0.00000 0.00000 0.00000 0.00000 0.00000 0.00000 0.00000 0.00000 0.00000 0.00000 0.00000 0.00000 0.00000 0.00000 0.00000 0.00000 0.00000 0.00000 0.00000 0.00000 0.00000 0.00000 0.00000 0.00000 0.00000 0.00000 0.00000 0.00000 0.00000 0.00000 0.00000 0.00000
0.10675 0.35552 0.48706 0.57745 0.65282 0.73419 0.83256 0.00000 0.00000 0.00000 0.00000 0.00000 0.00000 0.00000 0.00000 0.00000 0.00000 0.00000 0.00000 0.00000 0.00000 0.00000 0.00000 0.00000 0.00000 0.00000 0.00000 0.00000 0.00000 0.00000 0.00000 0.00000 0.00000 0.00000 0.00000 0.00000 0.00000 0.00000 0.00000 0.00000 0.00000 0.00000 0.00000 0.00000 0.00000 0.00000
0.14827 0.32941 0.44700 0.54095 0.63262 0.73538 0.00000 0.00000 0.00000 0.00000 0.00000 0.00000 0.00000 0.00000 0.00000 0.00000 0.00000 0.00000 0.00000 0.00000 0.00000 0.00000 0.00000 0.00000 0.00000 0.00000 0.00000 0.00000 0.00000 0.00000 0.00000 0.00000 0.00000 0.00000 0.00000 0.00000 0.00000 0.00000 0.00000 0.00000 0.00000 0.00000 0.00000 0.00000 0.00000 0.00000
0.19007 0.33282 0.44135 0.54278 0.64907 0.00000 0.00000 0.00000 0.00000 0.00000 0.00000 0.00000 0.00000 0.00000 0.00000 0.00000 0.00000 0.00000 0.00000 0.00000 0.00000 0.00000 0.00000 0.00000 0.00000 0.00000 0.00000 0.00000 0.00000 0.00000 0.00000 0.00000 0.00000 0.00000 0.00000 0.00000 0.00000 0.00000 0.00000 0.00000 0.00000 0.00000 0.00000 0.00000 0.00000 0.00000
0.23315 0.35471 0.46304 0.57290 0.00000 0.00000 0.00000 0.00000 0.00000 0.00000 0.00000 0.00000 0.00000 0.00000 0.00000 0.00000 0.00000 0.00000 0.00000 0.00000 0.00000 0.00000 0.00000 0.00000 0.00000 0.00000 0.00000 0.00000 0.00000 0.00000 0.00000 0.00000 0.00000 0.00000 0.00000 0.00000 0.00000 0.00000 0.00000 0.00000 0.00000 0.00000 0.00000 0.00000 0.00000 0.00000
0.28007 0.39410 0.50537 0.00000 0.00000 0.00000 0.00000 0.00000 0.00000 0.00000 0.00000 0.00000 0.00000 0.00000 0.00000 0.00000 0.00000 0.00000 0.00000 0.00000 0.00000 0.00000 0.00000 0.00000 0.00000 0.00000 0.00000 0.00000 0.00000 0.00000 0.00000 0.00000 0.00000 0.00000 0.00000 0.00000 0.00000 0.00000 0.00000 0.00000 0.00000 0.00000 0.00000 0.00000 0.00000 0.00000
0.33536 0.44721 0.00000 0.00000 0.00000 0.00000 0.00000 0.00000 0.00000 0.00000 0.00000 0.00000 0.00000 0.00000 0.00000 0.00000 0.00000 0.00000 0.00000 0.00000 0.00000 0.00000 0.00000 0.00000 0.00000 0.00000 0.00000 0.00000 0.00000 0.00000 0.00000 0.00000 0.00000 0.00000 0.00000 0.00000 0.00000 0.00000 0.00000 0.00000 0.00000 0.00000 0.00000 0.00000 0.00000 0.00000
0.39792 0.00000 0.00000 0.00000 0.00000 0.00000 0.00000 0.00000 0.00000 0.00000 0.00000 0.00000 0.00000 0.00000 0.00000 0.00000 0.00000 0.00000 0.00000 0.00000 0.00000 0.00000 0.00000 0.00000 0.00000 0.00000 0.00000 0.00000 0.00000 0.00000 0.00000 0.00000 0.00000 0.00000 0.00000 0.00000 0.00000 0.00000 0.00000 0.00000 0.00000 0.00000 0.00000 0.00000 0.00000 0.00000
