0.00000 0.81398 0.76683 0.72621 0.69338 0.66534 0.64046 0.61811 0.59802 0.57895 0.56114 0.54467 0.52925 0.51484 0.50203 0.49081 0.49952 0.51059 0.52415 0.54102 0.56134 0.58547 0.61348 0.64513 0.68103 0.72057 0.76451 0.81364 0.86895 0.93346 1.01218 1.11374 1.24871 1.43417 1.69769 2.08257 2.66442 3.60133 5.28885 8.99780
0.00000 0.71956 0.68011 0.65044 0.62570 0.60323 0.58226 0.56276 0.54479 0.52742 0.51097 0.49565 0.48124 0.46774 0.45576 0.46218 0.47060 0.48150 0.49492 0.51170 0.53202 0.55608 0.58385 0.61506 0.65049 0.68925 0.73230 0.78056 0.83502 0.89913 0.97838 1.08216 1.22185 1.41564 1.69313 2.10016 2.71907 3.71923 5.52192 0.00000
0.00000 0.64138 0.61490 0.59301 0.57318 0.55398 0.53534 0.51762 0.50106 0.48494 0.46963 0.45540 0.44207 0.42970 0.43496 0.44200 0.45130 0.46324 0.47791 0.49618 0.51803 0.54356 0.57268 0.60520 0.64159 0.68107 0.72463 0.77312 0.82794 0.89287 0.97398 1.08158 1.22780 1.43213 1.72575 2.15942 2.82248 3.89643 0.00000 0.00000
0.00000 0.58927 0.56838 0.54959 0.53179 0.51402 0.49649 0.47974 0.46404 0.44880 0.43441 0.42115 0.40890 0.41340 0.41962 0.42797 0.43882 0.45260 0.46945 0.49002 0.51420 0.54204 0.57352 0.60803 0.64614 0.68707 0.73159 0.78088 0.83667 0.90314 0.98704 1.09960 1.25395 1.47025 1.78368 2.24977 2.96454 0.00000 0.00000 0.00000
0.00000 0.54814 0.52949 0.51193 0.49503 0.47801 0.46120 0.44516 0.43015 0.41573 0.40224 0.38997 0.39425 0.39980 0.40744 0.41748 0.43036 0.44655 0.46602 0.48929 0.51618 0.54687 0.58093 0.61774 0.65784 0.70018 0.74578 0.79602 0.85306 0.92155 1.00890 1.12750 1.29077 1.52206 1.86016 2.36448 0.00000 0.00000 0.00000 0.00000
0.00000 0.51120 0.49359 0.47663 0.46030 0.44385 0.42766 0.41231 0.39802 0.38445 0.37193 0.37585 0.38116 0.38812 0.39745 0.40953 0.42489 0.44378 0.46609 0.49226 0.52221 0.55577 0.59251 0.63167 0.67347 0.71709 0.76366 0.81485 0.87334 0.94420 1.03572 1.16070 1.33546 1.58592 1.95322 0.00000 0.00000 0.00000 0.00000 0.00000
0.00000 0.47605 0.45910 0.44259 0.42675 0.41088 0.39536 0.38075 0.36725 0.35463 0.35801 0.36288 0.36955 0.37815 0.38947 0.40402 0.42209 0.44383 0.46911 0.49848 0.53142 0.56786 0.60727 0.64837 0.69160 0.73624 0.78361 0.83578 0.89588 0.96960 1.06520 1.19881 1.38882 1.66203 0.00000 0.00000 0.00000 0.00000 0.00000 0.00000
0.00000 0.44196 0.42558 0.40952 0.39419 0.37897 0.36419 0.35041 0.33781 0.34082 0.34508 0.35122 0.35947 0.36999 0.38372 0.40094 0.42184 0.44654 0.47512 0.50758 0.54348 0.58279 0.62440 0.66711 0.71143 0.75680 0.80489 0.85804 0.92008 0.99625 1.09789 1.24359 1.45170 0.00000 0.00000 0.00000 0.00000 0.00000 0.00000 0.00000
0.00000 0.40876 0.39295 0.37742 0.36267 0.34817 0.33423 0.32137 0.32409 0.32790 0.33337 0.34100 0.35110 0.36397 0.38031 0.40030 0.42413 0.45215 0.48390 0.51943 0.55826 0.59994 0.64343 0.68736 0.73242 0.77835 0.82705 0.88138 0.94461 1.02499 1.13587 1.29593 0.00000 0.00000 0.00000 0.00000 0.00000 0.00000 0.00000 0.00000
0.00000 0.37650 0.36131 0.34637 0.33229 0.31861 0.30559 0.30779 0.31121 0.31618 0.32304 0.33244 0.34485 0.36025 0.37929 0.40213 0.42928 0.46049 0.49543 0.53404 0.57523 0.61895 0.66394 0.70868 0.75428 0.80056 0.84995 0.90438 0.97041 1.05809 1.17983 0.00000 0.00000 0.00000 0.00000 0.00000 0.00000 0.00000 0.00000 0.00000
0.00000 0.34528 0.33077 0.31653 0.30320 0.29042 0.29220 0.29500 0.29948 0.30578 0.31432 0.32598 0.34089 0.35889 0.38067 0.40682 0.43715 0.47160 0.50979 0.55089 0.59404 0.63940 0.68554 0.73084 0.77673 0.82338 0.87194 0.92798 0.99991 1.09599 0.00000 0.00000 0.00000 0.00000 0.00000 0.00000 0.00000 0.00000 0.00000 0.00000
0.00000 0.31524 0.30148 0.28803 0.27554 0.27730 0.27958 0.28333 0.28902 0.29694 0.30769 0.32181 0.33927 0.35986 0.38491 0.41419 0.44779 0.48563 0.52645 0.56965 0.61424 0.66090 0.70808 0.75363 0.79984 0.84478 0.89392 0.95481 1.03323 0.00000 0.00000 0.00000 0.00000 0.00000 0.00000 0.00000 0.00000 0.00000 0.00000 0.00000
0.00000 0.28653 0.27358 0.26100 0.26272 0.26493 0.26808 0.27288 0.28003 0.29020 0.30335 0.31993 0.33993 0.36370 0.39178 0.42432 0.46147 0.50206 0.54510 0.58988 0.63537 0.68333 0.73147 0.77731 0.82106 0.86557 0.91885 0.98456 0.00000 0.00000 0.00000 0.00000 0.00000 0.00000 0.00000 0.00000 0.00000 0.00000 0.00000 0.00000
0.00000 0.25926 0.24719 0.24857 0.25059 0.25372 0.25776 0.26375 0.27311 0.28584 0.30129 0.32023 0.34353 0.37009 0.40133 0.43761 0.47759 0.52058 0.56532 0.61110 0.65720 0.70666 0.75657 0.79852 0.84099 0.88930 0.94581 0.00000 0.00000 0.00000 0.00000 0.00000 0.00000 0.00000 0.00000 0.00000 0.00000 0.00000 0.00000 0.00000
0.00000 0.23356 0.23530 0.23671 0.23964 0.24375 0.24859 0.25663 0.26857 0.28392 0.30111 0.32358 0.34972 0.37890 0.41423 0.45338 0.49590 0.54081 0.58654 0.63313 0.67918 0.73300 0.77937 0.81683 0.86461 0.91391 0.00000 0.00000 0.00000 0.00000 0.00000 0.00000 0.00000 0.00000 0.00000 0.00000 0.00000 0.00000 0.00000 0.00000
0.00000 0.00000 0.00000 0.00000 0.00000 0.00000 0.00000 0.00000 0.00000 0.00000 0.00000 0.00000 0.00000 0.00000 0.00000 0.00000 0.00000 0.00000 0.00000 0.00000 0.00000 0.00000 0.00000 0.00000 0.00000 0.00000 0.00000 0.00000 0.00000 0.00000 0.00000 0.00000 0.00000 0.00000 0.00000 0.00000 0.00000 0.00000 0.00000 0.00000
0.00000 0.00000 0.00000 0.00000 0.00000 0.00000 0.00000 0.00000 0.00000 0.00000 0.00000 0.00000 0.00000 0.00000 0.00000 0.00000 0.00000 0.00000 0.00000 0.00000 0.00000 0.00000 0.00000 0.00000 0.00000 0.00000 0.00000 0.00000 0.00000 0.00000 0.00000 0.00000 0.00000 0.00000 0.00000 0.00000 0.00000 0.00000 0.00000 0.00000
0.00000 0.00000 0.00000 0.00000 0.00000 0.00000 0.00000 0.00000 0.00000 0.00000 0.00000 0.00000 0.00000 0.00000 0.00000 0.00000 0.00000 0.00000 0.00000 0.00000 0.00000 0.00000 0.00000 0.00000 0.00000 0.00000 0.00000 0.00000 0.00000 0.00000 0.00000 0.00000 0.00000 0.00000 0.00000 0.00000 0.00000 0.00000 0.00000 0.00000
0.00000 0.00000 0.00000 0.00000 0.00000 0.00000 0.00000 0.00000 0.00000 0.00000 0.00000 0.00000 0.00000 0.00000 0.00000 0.00000 0.00000 0.00000 0.00000 0.00000 0.00000 0.00000 0.00000 0.00000 0.00000 0.00000 0.00000 0.00000 0.00000 0.00000 0.00000 0.00000 0.00000 0.00000 0.00000 0.00000 0.00000 0.00000 0.00000 0.00000
0.00000 0.00000 0.00000 0.00000 0.00000 0.00000 0.00000 0.00000 0.00000 0.00000 0.00000 0.00000 0.00000 0.00000 0.00000 0.00000 0.00000 0.00000 0.00000 0.00000 0.00000 0.00000 0.00000 0.00000 0.00000 0.00000 0.00000 0.00000 0.00000 0.00000 0.00000 0.00000 0.00000 0.00000 0.00000 0.00000 0.00000 0.00000 0.00000 0.00000
0.00000 0.00000 0.00000 0.00000 0.00000 0.00000 0.00000 0.00000 0.00000 0.00000 0.00000 0.00000 0.00000 0.00000 0.00000 0.00000 0.00000 0.00000 0.00000 0.00000 0.00000 0.00000 0.00000 0.00000 0.00000 0.00000 0.00000 0.00000 0.00000 0.00000 0.00000 0.00000 0.00000 0.00000 0.00000 0.00000 0.00000 0.00000 0.00000 0.00000
0.00000 0.00000 0.00000 0.00000 0.00000 0.00000 0.00000 0.00000 0.00000 0.00000 0.00000 0.00000 0.00000 0.00000 0.00000 0.00000 0.00000 0.00000 0.00000 0.00000 0.00000 0.00000 0.00000 0.00000 0.00000 0.00000 0.00000 0.00000 0.00000 0.00000 0.00000 0.00000 0.00000 0.00000 0.00000 0.00000 0.00000 0.00000 0.00000 0.00000
0.00000 0.00000 0.00000 0.00000 0.00000 0.00000 0.00000 0.00000 0.00000 0.00000 0.00000 0.00000 0.00000 0.00000 0.00000 0.00000 0.00000 0.00000 0.00000 0.00000 0.00000 0.00000 0.00000 0.00000 0.00000 0.00000 0.00000 0.00000 0.00000 0.00000 0.00000 0.00000 0.00000 0.00000 0.00000 0.00000 0.00000 0.00000 0.00000 0.00000
0.00000 0.00000 0.00000 0.00000 0.00000 0.00000 0.00000 0.00000 0.00000 0.00000 0.00000 0.00000 0.00000 0.00000 0.00000 0.00000 0.00000 0.00000 0.00000 0.00000 0.00000 0.00000 0.00000 0.00000 0.00000 0.00000 0.00000 0.00000 0.00000 0.00000 0.00000 0.00000 0.00000 0.00000 0.00000 0.00000 0.00000 0.00000 0.00000 0.00000
0.00000 0.00000 0.00000 0.00000 0.00000 0.00000 0.00000 0.00000 0.00000 0.00000 0.00000 0.00000 0.00000 0.00000 0.00000 0.00000 0.00000 0.00000 0.00000 0.00000 0.00000 0.00000 0.00000 0.00000 0.00000 0.00000 0.00000 0.00000 0.00000 0.00000 0.00000 0.00000 0.00000 0.00000 0.00000 0.00000 0.00000 0.00000 0.00000 0.00000
0.00000 0.00000 0.00000 0.00000 0.00000 0.00000 0.00000 0.00000 0.00000 0.00000 0.00000 0.00000 0.00000 0.00000 0.00000 0.00000 0.00000 0.00000 0.00000 0.00000 0.00000 0.00000 0.00000 0.00000 0.00000 0.00000 0.00000 0.00000 0.00000 0.00000 0.00000 0.00000 0.00000 0.00000 0.00000 0.00000 0.00000 0.00000 0.00000 0.00000
0.00000 0.00000 0.00000 0.00000 0.00000 0.00000 0.00000 0.00000 0.00000 0.00000 0.00000 0.00000 0.00000 0.00000 0.00000 0.00000 0.00000 0.00000 0.00000 0.00000 0.00000 0.00000 0.00000 0.00000 0.00000 0.00000 0.00000 0.00000 0.00000 0.00000 0.00000 0.00000 0.00000 0.00000 0.00000 0.00000 0.00000 0.00000 0.00000 0.00000
0.00000 0.00000 0.00000 0.00000 0.00000 0.00000 0.00000 0.00000 0.00000 0.00000 0.00000 0.00000 0.00000 0.00000 0.00000 0.00000 0.00000 0.00000 0.00000 0.00000 0.00000 0.00000 0.00000 0.00000 0.00000 0.00000 0.00000 0.00000 0.00000 0.00000 0.00000 0.00000 0.00000 0.00000 0.00000 0.00000 0.00000 0.00000 0.00000 0.00000
0.00000 0.00000 0.00000 0.00000 0.00000 0.00000 0.00000 0.00000 0.00000 0.00000 0.00000 0.00000 0.00000 0.00000 0.00000 0.00000 0.00000 0.00000 0.00000 0.00000 0.00000 0.00000 0.00000 0.00000 0.00000 0.00000 0.00000 0.00000 0.00000 0.00000 0.00000 0.00000 0.00000 0.00000 0.00000 0.00000 0.00000 0.00000 0.00000 0.00000
0.00000 0.00000 0.00000 0.00000 0.00000 0.00000 0.00000 0.00000 0.00000 0.00000 0.00000 0.00000 0.00000 0.00000 0.00000 0.00000 0.00000 0.00000 0.00000 0.00000 0.00000 0.00000 0.00000 0.00000 0.00000 0.00000 0.00000 0.00000 0.00000 0.00000 0.00000 0.00000 0.00000 0.00000 0.00000 0.00000 0.00000 0.00000 0.00000 0.00000
0.00000 0.00000 0.00000 0.00000 0.00000 0.00000 0.00000 0.00000 0.00000 0.00000 0.00000 0.00000 0.00000 0.00000 0.00000 0.00000 0.00000 0.00000 0.00000 0.00000 0.00000 0.00000 0.00000 0.00000 0.00000 0.00000 0.00000 0.00000 0.00000 0.00000 0.00000 0.00000 0.00000 0.00000 0.00000 0.00000 0.00000 0.00000 0.00000 0.00000
0.00000 0.00000 0.00000 0.00000 0.00000 0.00000 0.00000 0.00000 0.00000 0.00000 0.00000 0.00000 0.00000 0.00000 0.00000 0.00000 0.00000 0.00000 0.00000 0.00000 0.00000 0.00000 0.00000 0.00000 0.00000 0.00000 0.00000 0.00000 0.00000 0.00000 0.00000 0.00000 0.00000 0.00000 0.00000 0.00000 0.00000 0.00000 0.00000 0.00000
0.00000 0.00000 0.00000 0.00000 0.00000 0.00000 0.00000 0.00000 0.00000 0.00000 0.00000 0.00000 0.00000 0.00000 0.00000 0.00000 0.00000 0.00000 0.00000 0.00000 0.00000 0.00000 0.00000 0.00000 0.00000 0.00000 0.00000 0.00000 0.00000 0.00000 0.00000 0.00000 0.00000 0.00000 0.00000 0.00000 0.00000 0.00000 0.00000 0.00000
0.00000 0.00000 0.00000 0.00000 0.00000 0.00000 0.00000 0.00000 0.00000 0.00000 0.00000 0.00000 0.00000 0.00000 0.00000 0.00000 0.00000 0.00000 0.00000 0.00000 0.00000 0.00000 0.00000 0.00000 0.00000 0.00000 0.00000 0.00000 0.00000 0.00000 0.00000 0.00000 0.00000 0.00000 0.00000 0.00000 0.00000 0.00000 0.00000 0.00000
0.00000 0.00000 0.00000 0.00000 0.00000 0.00000 0.00000 0.00000 0.00000 0.00000 0.00000 0.00000 0.00000 0.00000 0.00000 0.00000 0.00000 0.00000 0.00000 0.00000 0.00000 0.00000 0.00000 0.00000 0.00000 0.00000 0.00000 0.00000 0.00000 0.00000 0.00000 0.00000 0.00000 0.00000 0.00000 0.00000 0.00000 0.00000 0.00000 0.00000
0.00000 0.00000 0.00000 0.00000 0.00000 0.00000 0.00000 0.00000 0.00000 0.00000 0.00000 0.00000 0.00000 0.00000 0.00000 0.00000 0.00000 0.00000 0.00000 0.00000 0.00000 0.00000 0.00000 0.00000 0.00000 0.00000 0.00000 0.00000 0.00000 0.00000 0.00000 0.00000 0.00000 0.00000 0.00000 0.00000 0.00000 0.00000 0.00000 0.00000
0.00000 0.00000 0.00000 0.00000 0.00000 0.00000 0.00000 0.00000 0.00000 0.00000 0.00000 0.00000 0.00000 0.00000 0.00000 0.00000 0.00000 0.00000 0.00000 0.00000 0.00000 0.00000 0.00000 0.00000 0.00000 0.00000 0.00000 0.00000 0.00000 0.00000 0.00000 0.00000 0.00000 0.00000 0.00000 0.00000 0.00000 0.00000 0.00000 0.00000
0.00000 0.00000 0.00000 0.00000 0.00000 0.00000 0.00000 0.00000 0.00000 0.00000 0.00000 0.00000 0.00000 0.00000 0.00000 0.00000 0.00000 0.00000 0.00000 0.00000 0.00000 0.00000 0.00000 0.00000 0.00000 0.00000 0.00000 0.00000 0.00000 0.00000 0.00000 0.00000 0.00000 0.00000 0.00000 0.00000 0.00000 0.00000 0.00000 0.00000
0.00000 0.00000 0.00000 0.00000 0.00000 0.00000 0.00000 0.00000 0.00000 0.00000 0.00000 0.00000 0.00000 0.00000 0.00000 0.00000 0.00000 0.00000 0.00000 0.00000 0.00000 0.00000 0.00000 0.00000 0.00000 0.00000 0.00000 0.00000 0.00000 0.00000 0.00000 0.00000 0.00000 0.00000 0.00000 0.00000 0.00000 0.00000 0.00000 0.00000
0.00000 0.00000 0.00000 0.00000 0.00000 0.00000 0.00000 0.00000 0.00000 0.00000 0.00000 0.00000 0.00000 0.00000 0.00000 0.00000 0.00000 0.00000 0.00000 0.00000 0.00000 0.00000 0.00000 0.00000 0.00000 0.00000 0.00000 0.00000 0.00000 0.00000 0.00000 0.00000 0.00000 0.00000 0.00000 0.00000 0.00000 0.00000 0.00000 0.00000
