0.00000 0.96425 1.00031 1.01689 1.02855 1.03789 1.04528 1.05056 1.05372 1.05498 1.05484 1.05382 1.05267 1.05293 1.05852 1.14391 1.26438 1.44485 1.73603 2.26584
0.00000 1.02542 1.02923 1.03232 1.03413 1.03397 1.03136 1.02628 1.01924 1.01107 1.00281 0.99519 0.98898 0.98555 1.05334 1.14127 1.26630 1.45525 1.76276 0.00000
0.00000 1.02212 1.02183 1.01942 1.01399 1.00510 0.99293 0.97823 0.96232 0.94659 0.93234 0.92031 0.91105 0.96894 1.03807 1.12831 1.25803 1.45641 0.00000 0.00000
0.00000 1.01070 1.00422 0.99377 0.97887 0.95981 0.93762 0.91388 0.89045 0.86895 0.85061 0.83592 0.88683 0.94534 1.01535 1.10768 1.24252 0.00000 0.00000 0.00000
0.00000 0.98709 0.97169 0.95104 0.92546 0.89613 0.86493 0.83394 0.80516 0.78010 0.75967 0.80377 0.85477 0.91329 0.98374 1.07820 0.00000 0.00000 0.00000 0.00000
0.00000 0.94603 0.91987 0.88827 0.85247 0.81448 0.77659 0.74098 0.70945 0.68310 0.71980 0.76350 0.81391 0.87186 0.94252 0.00000 0.00000 0.00000 0.00000 0.00000
0.00000 0.88410 0.84704 0.80562 0.76186 0.71812 0.67670 0.63945 0.60770 0.63659 0.67246 0.71509 0.76428 0.82124 0.00000 0.00000 0.00000 0.00000 0.00000 0.00000
0.00000 0.80129 0.75519 0.70689 0.65866 0.61276 0.57108 0.53494 0.55643 0.58420 0.61868 0.65964 0.70710 0.00000 0.00000 0.00000 0.00000 0.00000 0.00000 0.00000
0.00000 0.70158 0.64995 0.59869 0.54988 0.50529 0.46620 0.48123 0.50153 0.52778 0.56041 0.59928 0.00000 0.00000 0.00000 0.00000 0.00000 0.00000 0.00000 0.00000
0.00000 0.59210 0.53914 0.48893 0.44300 0.40246 0.41239 0.42637 0.44528 0.46977 0.50030 0.00000 0.00000 0.00000 0.00000 0.00000 0.00000 0.00000 0.00000 0.00000
0.00000 0.48128 0.43091 0.38500 0.34443 0.35064 0.35978 0.37267 0.39012 0.41277 0.00000 0.00000 0.00000 0.00000 0.00000 0.00000 0.00000 0.00000 0.00000 0.00000
0.00000 0.37684 0.33197 0.29246 0.29619 0.30191 0.31032 0.32217 0.33823 0.00000 0.00000 0.00000 0.00000 0.00000 0.00000 0.00000 0.00000 0.00000 0.00000 0.00000
0.00000 0.28443 0.24671 0.24887 0.25236 0.25772 0.26550 0.27643 0.00000 0.00000 0.00000 0.00000 0.00000 0.00000 0.00000 0.00000 0.00000 0.00000 0.00000 0.00000
0.00000 0.20716 0.20836 0.21044 0.21383 0.21893 0.22618 0.00000 0.00000 0.00000 0.00000 0.00000 0.00000 0.00000 0.00000 0.00000 0.00000 0.00000 0.00000 0.00000
0.00000 0.00000 0.00000 0.00000 0.00000 0.00000 0.00000 0.00000 0.00000 0.00000 0.00000 0.00000 0.00000 0.00000 0.00000 0.00000 0.00000 0.00000 0.00000 0.00000
0.00000 0.00000 0.00000 0.00000 0.00000 0.00000 0.00000 0.00000 0.00000 0.00000 0.00000 0.00000 0.00000 0.00000 0.00000 0.00000 0.00000 0.00000 0.00000 0.00000
0.00000 0.00000 0.00000 0.00000 0.00000 0.00000 0.00000 0.00000 0.00000 0.00000 0.00000 0.00000 0.00000 0.00000 0.00000 0.00000 0.00000 0.00000 0.00000 0.00000
0.00000 0.00000 0.00000 0.00000 0.00000 0.00000 0.00000 0.00000 0.00000 0.00000 0.00000 0.00000 0.00000 0.00000 0.00000 0.00000 0.00000 0.00000 0.00000 0.00000
0.00000 0.00000 0.00000 0.00000 0.00000 0.00000 0.00000 0.00000 0.00000 0.00000 0.00000 0.00000 0.00000 0.00000 0.00000 0.00000 0.00000 0.00000 0.00000 0.00000
0.00000 0.00000 0.00000 0.00000 0.00000 0.00000 0.00000 0.00000 0.00000 0.00000 0.00000 0.00000 0.00000 0.00000 0.00000 0.00000 0.00000 0.00000 0.00000 0.00000
