0.75591 0.75895 0.76331 0.76891 0.77574 0.78376 0.79288 0.80289 0.81411 0.82640 0.83947 0.85368 0.86884 0.88506 0.90211 0.92023 0.93931 0.95928 0.98099 1.00553 1.03470 1.07057 1.11739 1.17918 1.26322 1.38251 1.56361 1.86979 2.45595 3.78115
0.74674 0.75020 0.75500 0.76105 0.76834 0.77682 0.78641 0.79689 0.80858 0.82134 0.83488 0.84956 0.86519 0.88187 0.89939 0.91796 0.93751 0.95793 0.98012 1.00517 1.03492 1.07149 1.11918 1.18211 1.26765 1.38905 1.57330 1.88476 2.48088 0.00000
0.73426 0.73832 0.74372 0.75037 0.75826 0.76733 0.77751 0.78856 0.80084 0.81417 0.82827 0.84351 0.85968 0.87691 0.89497 0.91408 0.93415 0.95510 0.97782 1.00346 1.03385 1.07118 1.11984 1.18400 1.27120 1.39493 1.58268 1.89997 0.00000 0.00000
0.72118 0.72592 0.73199 0.73931 0.74787 0.75760 0.76843 0.78011 0.79302 0.80697 0.82167 0.83751 0.85428 0.87210 0.89073 0.91041 0.93104 0.95255 0.97584 1.00208 1.03317 1.07132 1.12103 1.18658 1.27568 1.40216 1.59414 0.00000 0.00000 0.00000
0.70779 0.71330 0.72013 0.72819 0.73748 0.74793 0.75947 0.77184 0.78543 0.80005 0.81540 0.83189 0.84928 0.86773 0.88697 0.90726 0.92849 0.95059 0.97448 1.00138 1.03322 1.07228 1.12320 1.19041 1.28192 1.41203 0.00000 0.00000 0.00000 0.00000
0.69407 0.70044 0.70812 0.71701 0.72711 0.73836 0.75067 0.76379 0.77811 0.79346 0.80952 0.82669 0.84477 0.86388 0.88377 0.90470 0.92657 0.94930 0.97384 1.00145 1.03413 1.07425 1.12667 1.19609 1.29099 0.00000 0.00000 0.00000 0.00000 0.00000
0.67972 0.68709 0.69573 0.70556 0.71656 0.72869 0.74185 0.75580 0.77092 0.78706 0.80387 0.82179 0.84059 0.86042 0.88101 0.90262 0.92517 0.94857 0.97383 1.00223 1.03590 1.07738 1.13185 1.20450 0.00000 0.00000 0.00000 0.00000 0.00000 0.00000
0.66434 0.67286 0.68261 0.69350 0.70553 0.71864 0.73275 0.74760 0.76361 0.78060 0.79823 0.81695 0.83654 0.85713 0.87846 0.90082 0.92410 0.94823 0.97428 1.00364 1.03859 1.08200 1.13959 0.00000 0.00000 0.00000 0.00000 0.00000 0.00000 0.00000
0.64748 0.65736 0.66840 0.68050 0.69369 0.70791 0.72308 0.73894 0.75592 0.77385 0.79238 0.81197 0.83240 0.85381 0.87595 0.89909 0.92317 0.94813 0.97514 1.00574 1.04256 1.08899 0.00000 0.00000 0.00000 0.00000 0.00000 0.00000 0.00000 0.00000
0.62874 0.64025 0.65279 0.66631 0.68083 0.69631 0.71267 0.72964 0.74770 0.76666 0.78616 0.80670 0.82804 0.85035 0.87335 0.89736 0.92233 0.94828 0.97655 1.00901 1.04885 0.00000 0.00000 0.00000 0.00000 0.00000 0.00000 0.00000 0.00000 0.00000
0.60782 0.62126 0.63559 0.65076 0.66681 0.68372 0.70142 0.71964 0.73889 0.75899 0.77956 0.80113 0.82346 0.84672 0.87067 0.89565 0.92169 0.94896 0.97912 1.01464 0.00000 0.00000 0.00000 0.00000 0.00000 0.00000 0.00000 0.00000 0.00000 0.00000
0.58446 0.60024 0.61668 0.63378 0.65160 0.67014 0.68935 0.70898 0.72955 0.75090 0.77264 0.79533 0.81873 0.84305 0.86806 0.89420 0.92164 0.95087 0.98418 0.00000 0.00000 0.00000 0.00000 0.00000 0.00000 0.00000 0.00000 0.00000 0.00000 0.00000
0.55850 0.57711 0.59607 0.61542 0.63528 0.65569 0.67661 0.69780 0.71985 0.74257 0.76558 0.78950 0.81408 0.83958 0.86584 0.89348 0.92301 0.95552 0.00000 0.00000 0.00000 0.00000 0.00000 0.00000 0.00000 0.00000 0.00000 0.00000 0.00000 0.00000
0.52981 0.55187 0.57383 0.59583 0.61806 0.64059 0.66344 0.68638 0.71005 0.73428 0.75869 0.78395 0.80984 0.83672 0.86458 0.89443 0.92741 0.00000 0.00000 0.00000 0.00000 0.00000 0.00000 0.00000 0.00000 0.00000 0.00000 0.00000 0.00000 0.00000
0.49836 0.52462 0.55017 0.57529 0.60024 0.62520 0.65022 0.67510 0.70055 0.72642 0.75236 0.77910 0.80651 0.83514 0.86534 0.89880 0.00000 0.00000 0.00000 0.00000 0.00000 0.00000 0.00000 0.00000 0.00000 0.00000 0.00000 0.00000 0.00000 0.00000
0.46413 0.49555 0.52541 0.55418 0.58228 0.60999 0.63742 0.66445 0.69186 0.71953 0.74715 0.77558 0.80488 0.83599 0.86997 0.00000 0.00000 0.00000 0.00000 0.00000 0.00000 0.00000 0.00000 0.00000 0.00000 0.00000 0.00000 0.00000 0.00000 0.00000
0.42716 0.46497 0.50001 0.53307 0.56479 0.59560 0.62572 0.65510 0.68464 0.71427 0.74378 0.77428 0.80621 0.84130 0.00000 0.00000 0.00000 0.00000 0.00000 0.00000 0.00000 0.00000 0.00000 0.00000 0.00000 0.00000 0.00000 0.00000 0.00000 0.00000
0.38757 0.43336 0.47465 0.51275 0.54861 0.58289 0.61597 0.64789 0.67975 0.71157 0.74333 0.77665 0.81272 0.00000 0.00000 0.00000 0.00000 0.00000 0.00000 0.00000 0.00000 0.00000 0.00000 0.00000 0.00000 0.00000 0.00000 0.00000 0.00000 0.00000
0.34551 0.40138 0.45026 0.49427 0.53484 0.57297 0.60926 0.64394 0.67833 0.71269 0.74744 0.78509 0.00000 0.00000 0.00000 0.00000 0.00000 0.00000 0.00000 0.00000 0.00000 0.00000 0.00000 0.00000 0.00000 0.00000 0.00000 0.00000 0.00000 0.00000
0.30120 0.37001 0.42817 0.47909 0.52497 0.56732 0.60705 0.64469 0.68194 0.71955 0.75882 0.00000 0.00000 0.00000 0.00000 0.00000 0.00000 0.00000 0.00000 0.00000 0.00000 0.00000 0.00000 0.00000 0.00000 0.00000 0.00000 0.00000 0.00000 0.00000
0.25490 0.34075 0.41031 0.46927 0.52104 0.56791 0.61129 0.65216 0.69293 0.73529 0.00000 0.00000 0.00000 0.00000 0.00000 0.00000 0.00000 0.00000 0.00000 0.00000 0.00000 0.00000 0.00000 0.00000 0.00000 0.00000 0.00000 0.00000 0.00000 0.00000
0.20694 0.31588 0.39957 0.46778 0.52593 0.57751 0.62470 0.66933 0.71504 0.00000 0.00000 0.00000 0.00000 0.00000 0.00000 0.00000 0.00000 0.00000 0.00000 0.00000 0.00000 0.00000 0.00000 0.00000 0.00000 0.00000 0.00000 0.00000 0.00000 0.00000
0.15769 0.29936 0.40061 0.47917 0.54387 0.60010 0.65137 0.70093 0.00000 0.00000 0.00000 0.00000 0.00000 0.00000 0.00000 0.00000 0.00000 0.00000 0.00000 0.00000 0.00000 0.00000 0.00000 0.00000 0.00000 0.00000 0.00000 0.00000 0.00000 0.00000
0.10752 0.29871 0.42155 0.51084 0.58147 0.64194 0.69791 0.00000 0.00000 0.00000 0.00000 0.00000 0.00000 0.00000 0.00000 0.00000 0.00000 0.00000 0.00000 0.00000 0.00000 0.00000 0.00000 0.00000 0.00000 0.00000 0.00000 0.00000 0.00000 0.00000
0.05683 0.33102 0.47834 0.57598 0.64998 0.71357 0.00000 0.00000 0.00000 0.00000 0.00000 0.00000 0.00000 0.00000 0.00000 0.00000 0.00000 0.00000 0.00000 0.00000 0.00000 0.00000 0.00000 0.00000 0.00000 0.00000 0.00000 0.00000 0.00000 0.00000
0.00596 0.44686 0.60790 0.70122 0.77045 0.00000 0.00000 0.00000 0.00000 0.00000 0.00000 0.00000 0.00000 0.00000 0.00000 0.00000 0.00000 0.00000 0.00000 0.00000 0.00000 0.00000 0.00000 0.00000 0.00000 0.00000 0.00000 0.00000 0.00000 0.00000
0.00000 0.89807 0.92118 0.94972 0.00000 0.00000 0.00000 0.00000 0.00000 0.00000 0.00000 0.00000 0.00000 0.00000 0.00000 0.00000 0.00000 0.00000 0.00000 0.00000 0.00000 0.00000 0.00000 0.00000 0.00000 0.00000 0.00000 0.00000 0.00000 0.00000
0.09523 0.50381 0.65853 0.00000 0.00000 0.00000 0.00000 0.00000 0.00000 0.00000 0.00000 0.00000 0.00000 0.00000 0.00000 0.00000 0.00000 0.00000 0.00000 0.00000 0.00000 0.00000 0.00000 0.00000 0.00000 0.00000 0.00000 0.00000 0.00000 0.00000
0.14563 0.40865 0.00000 0.00000 0.00000 0.00000 0.00000 0.00000 0.00000 0.00000 0.00000 0.00000 0.00000 0.00000 0.00000 0.00000 0.00000 0.00000 0.00000 0.00000 0.00000 0.00000 0.00000 0.00000 0.00000 0.00000 0.00000 0.00000 0.00000 0.00000
0.19648 0.00000 0.00000 0.00000 0.00000 0.00000 0.00000 0.00000 0.00000 0.00000 0.00000 0.00000 0.00000 0.00000 0.00000 0.00000 0.00000 0.00000 0.00000 0.00000 0.00000 0.00000 0.00000 0.00000 0.00000 0.00000 0.00000 0.00000 0.00000 0.00000
