0.73107 0.71400 0.69931 0.68682 0.67629 0.66756 0.66047 0.65478 0.65045 0.64731 0.64527 0.64421 0.64403 0.64462 0.64586 0.64773 0.65012 0.65287 0.65608 0.65956 0.66329 0.66736 0.67149 0.67578 0.68015 0.68455 0.68885 0.69319 0.69758 0.70204 0.70652 0.71098 0.71549 0.72010 0.72507 0.73057 0.73666 0.74368 0.75228 0.76326 0.77785 0.79793 0.82642 0.86850 0.93107 1.02598 1.17480 1.42263 1.87847 2.81094
0.72171 0.70432 0.68942 0.67682 0.66626 0.65756 0.65056 0.64501 0.64084 0.63789 0.63607 0.63524 0.63529 0.63613 0.63762 0.63975 0.64239 0.64540 0.64886 0.65258 0.65654 0.66084 0.66520 0.66971 0.67429 0.67889 0.68339 0.68791 0.69248 0.69711 0.70175 0.70638 0.71104 0.71580 0.72093 0.72658 0.73283 0.74002 0.74881 0.76001 0.77486 0.79528 0.82422 0.86695 0.93042 1.02667 1.17753 1.42871 1.89060 0.00000
0.71093 0.69325 0.67820 0.66554 0.65502 0.64642 0.63957 0.63420 0.63026 0.62757 0.62601 0.62546 0.62581 0.62694 0.62874 0.63117 0.63411 0.63741 0.64116 0.64516 0.64940 0.65397 0.65859 0.66335 0.66817 0.67300 0.67772 0.68245 0.68723 0.69205 0.69689 0.70170 0.70654 0.71147 0.71677 0.72259 0.72902 0.73641 0.74541 0.75685 0.77200 0.79280 0.82224 0.86566 0.93013 1.02785 1.18096 1.43584 0.00000 0.00000
0.69865 0.68073 0.66557 0.65293 0.64249 0.63406 0.62742 0.62231 0.61865 0.61626 0.61504 0.61483 0.61552 0.61700 0.61914 0.62191 0.62520 0.62883 0.63291 0.63723 0.64178 0.64665 0.65156 0.65660 0.66169 0.66678 0.67174 0.67671 0.68171 0.68675 0.69180 0.69681 0.70184 0.70696 0.71245 0.71847 0.72510 0.73269 0.74191 0.75362 0.76909 0.79029 0.82026 0.86443 0.92996 1.02925 1.18482 0.00000 0.00000 0.00000
0.68456 0.66647 0.65128 0.63872 0.62846 0.62026 0.61390 0.60912 0.60581 0.60380 0.60296 0.60315 0.60424 0.60612 0.60866 0.61183 0.61550 0.61950 0.62395 0.62862 0.63352 0.63873 0.64395 0.64930 0.65469 0.66006 0.66529 0.67052 0.67577 0.68104 0.68632 0.69155 0.69679 0.70212 0.70781 0.71404 0.72087 0.72869 0.73816 0.75014 0.76595 0.78757 0.81811 0.86305 0.92971 1.03071 0.00000 0.00000 0.00000 0.00000
0.66866 0.65048 0.63534 0.62294 0.61293 0.60505 0.59906 0.59468 0.59180 0.59023 0.58984 0.59049 0.59204 0.59437 0.59736 0.60097 0.60507 0.60949 0.61434 0.61941 0.62467 0.63025 0.63583 0.64151 0.64722 0.65289 0.65842 0.66392 0.66943 0.67497 0.68049 0.68595 0.69142 0.69696 0.70288 0.70932 0.71638 0.72443 0.73415 0.74643 0.76259 0.78466 0.81577 0.86155 0.92945 0.00000 0.00000 0.00000 0.00000 0.00000
0.65088 0.63268 0.61769 0.60555 0.59589 0.58842 0.58289 0.57899 0.57662 0.57557 0.57570 0.57687 0.57894 0.58179 0.58528 0.58938 0.59395 0.59883 0.60413 0.60962 0.61530 0.62127 0.62722 0.63327 0.63932 0.64533 0.65116 0.65696 0.66276 0.66856 0.67434 0.68005 0.68576 0.69154 0.69768 0.70436 0.71165 0.71995 0.72994 0.74253 0.75905 0.78158 0.81332 0.86003 0.00000 0.00000 0.00000 0.00000 0.00000 0.00000
0.63103 0.61294 0.59821 0.58645 0.57725 0.57030 0.56534 0.56202 0.56025 0.55980 0.56054 0.56230 0.56496 0.56839 0.57243 0.57707 0.58217 0.58755 0.59334 0.59930 0.60542 0.61183 0.61818 0.62462 0.63105 0.63740 0.64357 0.64968 0.65578 0.66187 0.66793 0.67390 0.67987 0.68589 0.69228 0.69919 0.70674 0.71529 0.72557 0.73847 0.75538 0.77841 0.81088 0.00000 0.00000 0.00000 0.00000 0.00000 0.00000 0.00000
0.60892 0.59108 0.57677 0.56554 0.55694 0.55065 0.54637 0.54375 0.54268 0.54293 0.54437 0.54681 0.55013 0.55420 0.55887 0.56411 0.56979 0.57572 0.58204 0.58850 0.59511 0.60198 0.60878 0.61563 0.62245 0.62918 0.63570 0.64215 0.64857 0.65497 0.66132 0.66757 0.67380 0.68008 0.68672 0.69389 0.70170 0.71052 0.72109 0.73434 0.75167 0.77531 0.00000 0.00000 0.00000 0.00000 0.00000 0.00000 0.00000 0.00000
0.58436 0.56697 0.55325 0.54274 0.53491 0.52943 0.52598 0.52420 0.52395 0.52502 0.52724 0.53046 0.53453 0.53932 0.54468 0.55059 0.55690 0.56343 0.57033 0.57734 0.58447 0.59184 0.59911 0.60640 0.61365 0.62078 0.62767 0.63447 0.64123 0.64796 0.65461 0.66115 0.66766 0.67421 0.68111 0.68856 0.69663 0.70573 0.71661 0.73023 0.74809 0.00000 0.00000 0.00000 0.00000 0.00000 0.00000 0.00000 0.00000 0.00000
0.55718 0.54049 0.52761 0.51803 0.51118 0.50670 0.50425 0.50345 0.50417 0.50617 0.50931 0.51340 0.51831 0.52390 0.53003 0.53666 0.54367 0.55086 0.55837 0.56598 0.57366 0.58157 0.58934 0.59711 0.60480 0.61235 0.61964 0.62681 0.63392 0.64098 0.64796 0.65480 0.66160 0.66842 0.67561 0.68333 0.69168 0.70108 0.71230 0.72639 0.00000 0.00000 0.00000 0.00000 0.00000 0.00000 0.00000 0.00000 0.00000 0.00000
0.52724 0.51157 0.49983 0.49145 0.48583 0.48257 0.48133 0.48168 0.48352 0.48660 0.49077 0.49584 0.50169 0.50817 0.51514 0.52257 0.53033 0.53822 0.54642 0.55465 0.56293 0.57140 0.57970 0.58797 0.59613 0.60412 0.61181 0.61937 0.62685 0.63425 0.64156 0.64871 0.65580 0.66291 0.67038 0.67839 0.68704 0.69675 0.70842 0.00000 0.00000 0.00000 0.00000 0.00000 0.00000 0.00000 0.00000 0.00000 0.00000 0.00000
0.49445 0.48023 0.47000 0.46316 0.45906 0.45727 0.45746 0.45918 0.46231 0.46662 0.47195 0.47812 0.48500 0.49246 0.50035 0.50865 0.51722 0.52587 0.53478 0.54368 0.55258 0.56165 0.57049 0.57928 0.58792 0.59636 0.60447 0.61243 0.62028 0.62803 0.63567 0.64313 0.65053 0.65793 0.66569 0.67399 0.68295 0.69308 0.00000 0.00000 0.00000 0.00000 0.00000 0.00000 0.00000 0.00000 0.00000 0.00000 0.00000 0.00000
0.45883 0.44658 0.43833 0.43344 0.43120 0.43119 0.43307 0.43636 0.44098 0.44667 0.45330 0.46070 0.46871 0.47723 0.48611 0.49533 0.50477 0.51422 0.52388 0.53348 0.54303 0.55270 0.56211 0.57142 0.58055 0.58945 0.59798 0.60633 0.61455 0.62266 0.63063 0.63840 0.64609 0.65378 0.66183 0.67044 0.67979 0.00000 0.00000 0.00000 0.00000 0.00000 0.00000 0.00000 0.00000 0.00000 0.00000 0.00000 0.00000 0.00000
0.42044 0.41087 0.40519 0.40272 0.40276 0.40486 0.40871 0.41382 0.42011 0.42736 0.43543 0.44416 0.45341 0.46307 0.47300 0.48320 0.49354 0.50383 0.51426 0.52457 0.53477 0.54506 0.55503 0.56487 0.57448 0.58383 0.59277 0.60150 0.61008 0.61853 0.62682 0.63488 0.64287 0.65083 0.65917 0.66816 0.00000 0.00000 0.00000 0.00000 0.00000 0.00000 0.00000 0.00000 0.00000 0.00000 0.00000 0.00000 0.00000 0.00000
0.37952 0.37353 0.37113 0.37168 0.37445 0.37905 0.38517 0.39233 0.40050 0.40946 0.41910 0.42926 0.43982 0.45069 0.46171 0.47292 0.48419 0.49533 0.50654 0.51756 0.52841 0.53929 0.54981 0.56016 0.57024 0.58001 0.58934 0.59842 0.60734 0.61610 0.62469 0.63303 0.64128 0.64951 0.65820 0.00000 0.00000 0.00000 0.00000 0.00000 0.00000 0.00000 0.00000 0.00000 0.00000 0.00000 0.00000 0.00000 0.00000 0.00000
0.33638 0.33517 0.33695 0.34119 0.34723 0.35472 0.36343 0.37288 0.38312 0.39393 0.40524 0.41691 0.42884 0.44094 0.45308 0.46531 0.47750 0.48948 0.50145 0.51315 0.52462 0.53606 0.54709 0.55791 0.56840 0.57857 0.58824 0.59764 0.60685 0.61589 0.62473 0.63332 0.64182 0.65034 0.00000 0.00000 0.00000 0.00000 0.00000 0.00000 0.00000 0.00000 0.00000 0.00000 0.00000 0.00000 0.00000 0.00000 0.00000 0.00000
0.29144 0.29662 0.30372 0.31246 0.32233 0.33313 0.34473 0.35669 0.36914 0.38191 0.39495 0.40816 0.42147 0.43480 0.44804 0.46125 0.47432 0.48710 0.49978 0.51210 0.52414 0.53606 0.54754 0.55876 0.56962 0.58011 0.59006 0.59971 0.60916 0.61842 0.62747 0.63626 0.64501 0.00000 0.00000 0.00000 0.00000 0.00000 0.00000 0.00000 0.00000 0.00000 0.00000 0.00000 0.00000 0.00000 0.00000 0.00000 0.00000 0.00000
0.24519 0.25903 0.27287 0.28703 0.30134 0.31586 0.33059 0.34521 0.35996 0.37471 0.38950 0.40423 0.41886 0.43336 0.44761 0.46173 0.47560 0.48909 0.50238 0.51524 0.52773 0.54004 0.55187 0.56341 0.57453 0.58526 0.59541 0.60523 0.61483 0.62424 0.63343 0.64242 0.00000 0.00000 0.00000 0.00000 0.00000 0.00000 0.00000 0.00000 0.00000 0.00000 0.00000 0.00000 0.00000 0.00000 0.00000 0.00000 0.00000 0.00000
0.19816 0.22399 0.24640 0.26701 0.28634 0.30488 0.32290 0.34022 0.35724 0.37391 0.39033 0.40646 0.42229 0.43781 0.45293 0.46781 0.48232 0.49638 0.51014 0.52338 0.53619 0.54874 0.56079 0.57253 0.58379 0.59464 0.60487 0.61474 0.62440 0.63387 0.64316 0.00000 0.00000 0.00000 0.00000 0.00000 0.00000 0.00000 0.00000 0.00000 0.00000 0.00000 0.00000 0.00000 0.00000 0.00000 0.00000 0.00000 0.00000 0.00000
0.15090 0.19391 0.22723 0.25536 0.28015 0.30282 0.32405 0.34391 0.36299 0.38133 0.39913 0.41639 0.43316 0.44945 0.46521 0.48060 0.49554 0.50995 0.52396 0.53739 0.55031 0.56293 0.57501 0.58677 0.59803 0.60885 0.61901 0.62881 0.63840 0.64784 0.00000 0.00000 0.00000 0.00000 0.00000 0.00000 0.00000 0.00000 0.00000 0.00000 0.00000 0.00000 0.00000 0.00000 0.00000 0.00000 0.00000 0.00000 0.00000 0.00000
0.10391 0.17309 0.22020 0.25662 0.28683 0.31328 0.33722 0.35908 0.37967 0.39917 0.41786 0.43580 0.45308 0.46975 0.48575 0.50130 0.51633 0.53079 0.54478 0.55811 0.57090 0.58332 0.59522 0.60680 0.61785 0.62846 0.63837 0.64792 0.65732 0.00000 0.00000 0.00000 0.00000 0.00000 0.00000 0.00000 0.00000 0.00000 0.00000 0.00000 0.00000 0.00000 0.00000 0.00000 0.00000 0.00000 0.00000 0.00000 0.00000 0.00000
0.05765 0.17080 0.23440 0.27853 0.31280 0.34157 0.36686 0.38949 0.41052 0.43020 0.44894 0.46680 0.48391 0.50034 0.51602 0.53124 0.54590 0.55999 0.57355 0.58642 0.59874 0.61067 0.62209 0.63322 0.64384 0.65399 0.66345 0.67258 0.00000 0.00000 0.00000 0.00000 0.00000 0.00000 0.00000 0.00000 0.00000 0.00000 0.00000 0.00000 0.00000 0.00000 0.00000 0.00000 0.00000 0.00000 0.00000 0.00000 0.00000 0.00000
0.01252 0.21385 0.29037 0.33600 0.36914 0.39618 0.41965 0.44050 0.45992 0.47808 0.49543 0.51200 0.52789 0.54317 0.55773 0.57190 0.58555 0.59869 0.61131 0.62326 0.63467 0.64573 0.65631 0.66667 0.67655 0.68599 0.69475 0.00000 0.00000 0.00000 0.00000 0.00000 0.00000 0.00000 0.00000 0.00000 0.00000 0.00000 0.00000 0.00000 0.00000 0.00000 0.00000 0.00000 0.00000 0.00000 0.00000 0.00000 0.00000 0.00000
0.00000 0.43476 0.44889 0.46331 0.47762 0.49207 0.50642 0.52029 0.53422 0.54786 0.56145 0.57479 0.58784 0.60062 0.61290 0.62501 0.63679 0.64822 0.65922 0.66962 0.67958 0.68927 0.69859 0.70777 0.71656 0.72497 0.00000 0.00000 0.00000 0.00000 0.00000 0.00000 0.00000 0.00000 0.00000 0.00000 0.00000 0.00000 0.00000 0.00000 0.00000 0.00000 0.00000 0.00000 0.00000 0.00000 0.00000 0.00000 0.00000 0.00000
0.07319 0.26441 0.33756 0.38132 0.41316 0.43920 0.46172 0.48168 0.50027 0.51756 0.53408 0.54979 0.56480 0.57922 0.59286 0.60614 0.61890 0.63121 0.64295 0.65400 0.66452 0.67471 0.68449 0.69410 0.70333 0.00000 0.00000 0.00000 0.00000 0.00000 0.00000 0.00000 0.00000 0.00000 0.00000 0.00000 0.00000 0.00000 0.00000 0.00000 0.00000 0.00000 0.00000 0.00000 0.00000 0.00000 0.00000 0.00000 0.00000 0.00000
0.11337 0.23477 0.30251 0.34880 0.38423 0.41358 0.43893 0.46126 0.48181 0.50073 0.51860 0.53544 0.55140 0.56662 0.58092 0.59476 0.60800 0.62074 0.63283 0.64418 0.65495 0.66539 0.67539 0.68522 0.00000 0.00000 0.00000 0.00000 0.00000 0.00000 0.00000 0.00000 0.00000 0.00000 0.00000 0.00000 0.00000 0.00000 0.00000 0.00000 0.00000 0.00000 0.00000 0.00000 0.00000 0.00000 0.00000 0.00000 0.00000 0.00000
0.15160 0.23880 0.29672 0.33994 0.37465 0.40414 0.42993 0.45283 0.47393 0.49334 0.51165 0.52887 0.54514 0.56062 0.57512 0.58912 0.60249 0.61537 0.62754 0.63894 0.64976 0.66025 0.67031 0.00000 0.00000 0.00000 0.00000 0.00000 0.00000 0.00000 0.00000 0.00000 0.00000 0.00000 0.00000 0.00000 0.00000 0.00000 0.00000 0.00000 0.00000 0.00000 0.00000 0.00000 0.00000 0.00000 0.00000 0.00000 0.00000 0.00000
0.18786 0.25506 0.30449 0.34365 0.37629 0.40469 0.42987 0.45242 0.47333 0.49260 0.51082 0.52796 0.54414 0.55955 0.57395 0.58786 0.60113 0.61392 0.62599 0.63728 0.64799 0.65842 0.00000 0.00000 0.00000 0.00000 0.00000 0.00000 0.00000 0.00000 0.00000 0.00000 0.00000 0.00000 0.00000 0.00000 0.00000 0.00000 0.00000 0.00000 0.00000 0.00000 0.00000 0.00000 0.00000 0.00000 0.00000 0.00000 0.00000 0.00000
0.22215 0.27641 0.31909 0.35439 0.38466 0.41151 0.43563 0.45741 0.47774 0.49653 0.51435 0.53113 0.54699 0.56211 0.57622 0.58987 0.60288 0.61546 0.62730 0.63838 0.64889 0.00000 0.00000 0.00000 0.00000 0.00000 0.00000 0.00000 0.00000 0.00000 0.00000 0.00000 0.00000 0.00000 0.00000 0.00000 0.00000 0.00000 0.00000 0.00000 0.00000 0.00000 0.00000 0.00000 0.00000 0.00000 0.00000 0.00000 0.00000 0.00000
0.25450 0.29983 0.33720 0.36911 0.39708 0.42230 0.44520 0.46600 0.48555 0.50369 0.52094 0.53722 0.55261 0.56730 0.58101 0.59429 0.60695 0.61923 0.63077 0.64158 0.00000 0.00000 0.00000 0.00000 0.00000 0.00000 0.00000 0.00000 0.00000 0.00000 0.00000 0.00000 0.00000 0.00000 0.00000 0.00000 0.00000 0.00000 0.00000 0.00000 0.00000 0.00000 0.00000 0.00000 0.00000 0.00000 0.00000 0.00000 0.00000 0.00000
0.28499 0.32385 0.35702 0.38603 0.41190 0.43553 0.45717 0.47694 0.49564 0.51305 0.52964 0.54532 0.56018 0.57436 0.58760 0.60045 0.61271 0.62463 0.63584 0.00000 0.00000 0.00000 0.00000 0.00000 0.00000 0.00000 0.00000 0.00000 0.00000 0.00000 0.00000 0.00000 0.00000 0.00000 0.00000 0.00000 0.00000 0.00000 0.00000 0.00000 0.00000 0.00000 0.00000 0.00000 0.00000 0.00000 0.00000 0.00000 0.00000 0.00000
0.31370 0.34770 0.37750 0.40404 0.42804 0.45019 0.47063 0.48936 0.50718 0.52383 0.53973 0.55479 0.56906 0.58270 0.59543 0.60782 0.61964 0.63120 0.00000 0.00000 0.00000 0.00000 0.00000 0.00000 0.00000 0.00000 0.00000 0.00000 0.00000 0.00000 0.00000 0.00000 0.00000 0.00000 0.00000 0.00000 0.00000 0.00000 0.00000 0.00000 0.00000 0.00000 0.00000 0.00000 0.00000 0.00000 0.00000 0.00000 0.00000 0.00000
0.34073 0.37098 0.39803 0.42247 0.44480 0.46560 0.48490 0.50264 0.51960 0.53550 0.55070 0.56511 0.57879 0.59187 0.60408 0.61601 0.62739 0.00000 0.00000 0.00000 0.00000 0.00000 0.00000 0.00000 0.00000 0.00000 0.00000 0.00000 0.00000 0.00000 0.00000 0.00000 0.00000 0.00000 0.00000 0.00000 0.00000 0.00000 0.00000 0.00000 0.00000 0.00000 0.00000 0.00000 0.00000 0.00000 0.00000 0.00000 0.00000 0.00000
0.36618 0.39345 0.41823 0.44087 0.46173 0.48130 0.49954 0.51634 0.53247 0.54763 0.56215 0.57594 0.58903 0.60155 0.61324 0.62471 0.00000 0.00000 0.00000 0.00000 0.00000 0.00000 0.00000 0.00000 0.00000 0.00000 0.00000 0.00000 0.00000 0.00000 0.00000 0.00000 0.00000 0.00000 0.00000 0.00000 0.00000 0.00000 0.00000 0.00000 0.00000 0.00000 0.00000 0.00000 0.00000 0.00000 0.00000 0.00000 0.00000 0.00000
0.39016 0.41502 0.43789 0.45898 0.47851 0.49696 0.51423 0.53014 0.54549 0.55996 0.57382 0.58699 0.59951 0.61148 0.62267 0.00000 0.00000 0.00000 0.00000 0.00000 0.00000 0.00000 0.00000 0.00000 0.00000 0.00000 0.00000 0.00000 0.00000 0.00000 0.00000 0.00000 0.00000 0.00000 0.00000 0.00000 0.00000 0.00000 0.00000 0.00000 0.00000 0.00000 0.00000 0.00000 0.00000 0.00000 0.00000 0.00000 0.00000 0.00000
0.41277 0.43563 0.45687 0.47660 0.49496 0.51239 0.52876 0.54385 0.55846 0.57226 0.58549 0.59807 0.61004 0.62149 0.00000 0.00000 0.00000 0.00000 0.00000 0.00000 0.00000 0.00000 0.00000 0.00000 0.00000 0.00000 0.00000 0.00000 0.00000 0.00000 0.00000 0.00000 0.00000 0.00000 0.00000 0.00000 0.00000 0.00000 0.00000 0.00000 0.00000 0.00000 0.00000 0.00000 0.00000 0.00000 0.00000 0.00000 0.00000 0.00000
0.43411 0.45528 0.47513 0.49365 0.51095 0.52745 0.54299 0.55731 0.57123 0.58440 0.59703 0.60905 0.62051 0.00000 0.00000 0.00000 0.00000 0.00000 0.00000 0.00000 0.00000 0.00000 0.00000 0.00000 0.00000 0.00000 0.00000 0.00000 0.00000 0.00000 0.00000 0.00000 0.00000 0.00000 0.00000 0.00000 0.00000 0.00000 0.00000 0.00000 0.00000 0.00000 0.00000 0.00000 0.00000 0.00000 0.00000 0.00000 0.00000 0.00000
0.45428 0.47401 0.49262 0.51008 0.52641 0.54206 0.55683 0.57044 0.58370 0.59628 0.60834 0.61985 0.00000 0.00000 0.00000 0.00000 0.00000 0.00000 0.00000 0.00000 0.00000 0.00000 0.00000 0.00000 0.00000 0.00000 0.00000 0.00000 0.00000 0.00000 0.00000 0.00000 0.00000 0.00000 0.00000 0.00000 0.00000 0.00000 0.00000 0.00000 0.00000 0.00000 0.00000 0.00000 0.00000 0.00000 0.00000 0.00000 0.00000 0.00000
0.47335 0.49183 0.50935 0.52584 0.54129 0.55615 0.57022 0.58317 0.59582 0.60784 0.61938 0.00000 0.00000 0.00000 0.00000 0.00000 0.00000 0.00000 0.00000 0.00000 0.00000 0.00000 0.00000 0.00000 0.00000 0.00000 0.00000 0.00000 0.00000 0.00000 0.00000 0.00000 0.00000 0.00000 0.00000 0.00000 0.00000 0.00000 0.00000 0.00000 0.00000 0.00000 0.00000 0.00000 0.00000 0.00000 0.00000 0.00000 0.00000 0.00000
0.49142 0.50878 0.52533 0.54095 0.55558 0.56972 0.58313 0.59547 0.60756 0.61905 0.00000 0.00000 0.00000 0.00000 0.00000 0.00000 0.00000 0.00000 0.00000 0.00000 0.00000 0.00000 0.00000 0.00000 0.00000 0.00000 0.00000 0.00000 0.00000 0.00000 0.00000 0.00000 0.00000 0.00000 0.00000 0.00000 0.00000 0.00000 0.00000 0.00000 0.00000 0.00000 0.00000 0.00000 0.00000 0.00000 0.00000 0.00000 0.00000 0.00000
0.50855 0.52492 0.54059 0.55540 0.56929 0.58275 0.59556 0.60733 0.61889 0.00000 0.00000 0.00000 0.00000 0.00000 0.00000 0.00000 0.00000 0.00000 0.00000 0.00000 0.00000 0.00000 0.00000 0.00000 0.00000 0.00000 0.00000 0.00000 0.00000 0.00000 0.00000 0.00000 0.00000 0.00000 0.00000 0.00000 0.00000 0.00000 0.00000 0.00000 0.00000 0.00000 0.00000 0.00000 0.00000 0.00000 0.00000 0.00000 0.00000 0.00000
0.52480 0.54027 0.55514 0.56922 0.58241 0.59525 0.60750 0.61876 0.00000 0.00000 0.00000 0.00000 0.00000 0.00000 0.00000 0.00000 0.00000 0.00000 0.00000 0.00000 0.00000 0.00000 0.00000 0.00000 0.00000 0.00000 0.00000 0.00000 0.00000 0.00000 0.00000 0.00000 0.00000 0.00000 0.00000 0.00000 0.00000 0.00000 0.00000 0.00000 0.00000 0.00000 0.00000 0.00000 0.00000 0.00000 0.00000 0.00000 0.00000 0.00000
0.54024 0.55489 0.56902 0.58243 0.59497 0.60724 0.61896 0.00000 0.00000 0.00000 0.00000 0.00000 0.00000 0.00000 0.00000 0.00000 0.00000 0.00000 0.00000 0.00000 0.00000 0.00000 0.00000 0.00000 0.00000 0.00000 0.00000 0.00000 0.00000 0.00000 0.00000 0.00000 0.00000 0.00000 0.00000 0.00000 0.00000 0.00000 0.00000 0.00000 0.00000 0.00000 0.00000 0.00000 0.00000 0.00000 0.00000 0.00000 0.00000 0.00000
0.55492 0.56882 0.58227 0.59504 0.60700 0.61874 0.00000 0.00000 0.00000 0.00000 0.00000 0.00000 0.00000 0.00000 0.00000 0.00000 0.00000 0.00000 0.00000 0.00000 0.00000 0.00000 0.00000 0.00000 0.00000 0.00000 0.00000 0.00000 0.00000 0.00000 0.00000 0.00000 0.00000 0.00000 0.00000 0.00000 0.00000 0.00000 0.00000 0.00000 0.00000 0.00000 0.00000 0.00000 0.00000 0.00000 0.00000 0.00000 0.00000 0.00000
0.56888 0.58209 0.59491 0.60711 0.61852 0.00000 0.00000 0.00000 0.00000 0.00000 0.00000 0.00000 0.00000 0.00000 0.00000 0.00000 0.00000 0.00000 0.00000 0.00000 0.00000 0.00000 0.00000 0.00000 0.00000 0.00000 0.00000 0.00000 0.00000 0.00000 0.00000 0.00000 0.00000 0.00000 0.00000 0.00000 0.00000 0.00000 0.00000 0.00000 0.00000 0.00000 0.00000 0.00000 0.00000 0.00000 0.00000 0.00000 0.00000 0.00000
0.58218 0.59474 0.60698 0.61865 0.00000 0.00000 0.00000 0.00000 0.00000 0.00000 0.00000 0.00000 0.00000 0.00000 0.00000 0.00000 0.00000 0.00000 0.00000 0.00000 0.00000 0.00000 0.00000 0.00000 0.00000 0.00000 0.00000 0.00000 0.00000 0.00000 0.00000 0.00000 0.00000 0.00000 0.00000 0.00000 0.00000 0.00000 0.00000 0.00000 0.00000 0.00000 0.00000 0.00000 0.00000 0.00000 0.00000 0.00000 0.00000 0.00000
0.59486 0.60682 0.61852 0.00000 0.00000 0.00000 0.00000 0.00000 0.00000 0.00000 0.00000 0.00000 0.00000 0.00000 0.00000 0.00000 0.00000 0.00000 0.00000 0.00000 0.00000 0.00000 0.00000 0.00000 0.00000 0.00000 0.00000 0.00000 0.00000 0.00000 0.00000 0.00000 0.00000 0.00000 0.00000 0.00000 0.00000 0.00000 0.00000 0.00000 0.00000 0.00000 0.00000 0.00000 0.00000 0.00000 0.00000 0.00000 0.00000 0.00000
0.60696 0.61837 0.00000 0.00000 0.00000 0.00000 0.00000 0.00000 0.00000 0.00000 0.00000 0.00000 0.00000 0.00000 0.00000 0.00000 0.00000 0.00000 0.00000 0.00000 0.00000 0.00000 0.00000 0.00000 0.00000 0.00000 0.00000 0.00000 0.00000 0.00000 0.00000 0.00000 0.00000 0.00000 0.00000 0.00000 0.00000 0.00000 0.00000 0.00000 0.00000 0.00000 0.00000 0.00000 0.00000 0.00000 0.00000 0.00000 0.00000 0.00000
0.61852 0.00000 0.00000 0.00000 0.00000 0.00000 0.00000 0.00000 0.00000 0.00000 0.00000 0.00000 0.00000 0.00000 0.00000 0.00000 0.00000 0.00000 0.00000 0.00000 0.00000 0.00000 0.00000 0.00000 0.00000 0.00000 0.00000 0.00000 0.00000 0.00000 0.00000 0.00000 0.00000 0.00000 0.00000 0.00000 0.00000 0.00000 0.00000 0.00000 0.00000 0.00000 0.00000 0.00000 0.00000 0.00000 0.00000 0.00000 0.00000 0.00000
