0.60874 0.58071 0.55547 0.53276 0.51230 0.49389 0.47736 0.46262 0.44958 0.43813 0.42821 0.41981 0.41286 0.40730 0.40323 0.40059 0.39941 0.39973 0.40150 0.40483 0.40979 0.41649 0.42497 0.43537 0.44787 0.46256 0.47989 0.50027 0.52429 0.55292 0.58743 0.62957 0.68083 0.74439 0.82543 0.93277 1.08196 1.30538 1.68816 2.51587
0.58959 0.56111 0.53560 0.51276 0.49228 0.47393 0.45754 0.44299 0.43020 0.41902 0.40941 0.40135 0.39476 0.38959 0.38592 0.38370 0.38295 0.38373 0.38596 0.38977 0.39523 0.40243 0.41144 0.42238 0.43545 0.45071 0.46866 0.48968 0.51439 0.54377 0.57911 0.62218 0.67451 0.73932 0.82189 0.93116 1.08293 1.31007 1.69897 0.00000
0.56678 0.53800 0.51237 0.48955 0.46920 0.45106 0.43494 0.42071 0.40828 0.39750 0.38832 0.38071 0.37459 0.36990 0.36673 0.36502 0.36479 0.36610 0.36887 0.37324 0.37927 0.38705 0.39665 0.40820 0.42189 0.43780 0.45642 0.47815 0.50361 0.53380 0.57004 0.61414 0.66764 0.73386 0.81819 0.92974 1.08458 1.31603 0.00000 0.00000
0.54161 0.51265 0.48701 0.46432 0.44421 0.42640 0.41066 0.39687 0.38491 0.37463 0.36598 0.35890 0.35334 0.34922 0.34663 0.34551 0.34588 0.34780 0.35118 0.35617 0.36283 0.37126 0.38152 0.39373 0.40811 0.42472 0.44407 0.46657 0.49284 0.52390 0.56113 0.60636 0.66122 0.72916 0.81574 0.93031 1.08916 0.00000 0.00000 0.00000
0.51442 0.48537 0.45984 0.43742 0.41768 0.40031 0.38508 0.37183 0.36046 0.35079 0.34277 0.33634 0.33143 0.32797 0.32605 0.32561 0.32666 0.32927 0.33334 0.33903 0.34639 0.35553 0.36651 0.37945 0.39458 0.41195 0.43209 0.45542 0.48257 0.51460 0.55291 0.59946 0.65600 0.72619 0.81587 0.93462 0.00000 0.00000 0.00000 0.00000
0.48555 0.45653 0.43125 0.40922 0.38998 0.37319 0.35859 0.34602 0.33536 0.32641 0.31913 0.31345 0.30931 0.30661 0.30545 0.30579 0.30761 0.31099 0.31584 0.32230 0.33044 0.34036 0.35213 0.36587 0.38181 0.40001 0.42100 0.44522 0.47332 0.50641 0.54598 0.59413 0.65285 0.72614 0.82012 0.00000 0.00000 0.00000 0.00000 0.00000
0.45521 0.42635 0.40145 0.37996 0.36138 0.34532 0.33150 0.31974 0.30992 0.30183 0.29542 0.29062 0.28735 0.28552 0.28525 0.28645 0.28915 0.29339 0.29910 0.30642 0.31542 0.32620 0.33883 0.35343 0.37025 0.38933 0.41124 0.43642 0.46556 0.49985 0.54092 0.59111 0.65279 0.73031 0.00000 0.00000 0.00000 0.00000 0.00000 0.00000
0.42350 0.39496 0.37062 0.34986 0.33211 0.31695 0.30408 0.29329 0.28447 0.27739 0.27198 0.26819 0.26593 0.26511 0.26582 0.26801 0.27168 0.27689 0.28356 0.29183 0.30176 0.31348 0.32705 0.34258 0.36033 0.38037 0.40324 0.42947 0.45977 0.49547 0.53842 0.59135 0.65703 0.00000 0.00000 0.00000 0.00000 0.00000 0.00000 0.00000
0.39058 0.36255 0.33898 0.31916 0.30244 0.28838 0.27665 0.26702 0.25937 0.25346 0.24922 0.24659 0.24548 0.24579 0.24763 0.25092 0.25568 0.26197 0.26968 0.27899 0.28996 0.30270 0.31727 0.33378 0.35254 0.37359 0.39751 0.42488 0.45652 0.49396 0.53942 0.59605 0.00000 0.00000 0.00000 0.00000 0.00000 0.00000 0.00000 0.00000
0.35669 0.32941 0.30686 0.28822 0.27278 0.26004 0.24966 0.24139 0.23510 0.23054 0.22763 0.22633 0.22652 0.22812 0.23121 0.23574 0.24171 0.24917 0.25804 0.26848 0.28056 0.29439 0.31003 0.32761 0.34742 0.36955 0.39461 0.42327 0.45654 0.49628 0.54510 0.00000 0.00000 0.00000 0.00000 0.00000 0.00000 0.00000 0.00000 0.00000
0.32216 0.29591 0.27466 0.25749 0.24360 0.23244 0.22364 0.21695 0.21223 0.20921 0.20783 0.20802 0.20968 0.21270 0.21719 0.22308 0.23037 0.23912 0.24924 0.26090 0.27417 0.28916 0.30594 0.32463 0.34557 0.36884 0.39516 0.42537 0.46074 0.50353 0.00000 0.00000 0.00000 0.00000 0.00000 0.00000 0.00000 0.00000 0.00000 0.00000
0.28736 0.26248 0.24289 0.22752 0.21549 0.20619 0.19923 0.19436 0.19142 0.19015 0.19047 0.19233 0.19561 0.20021 0.20623 0.21359 0.22232 0.23246 0.24391 0.25688 0.27140 0.28762 0.30559 0.32544 0.34756 0.37210 0.39989 0.43204 0.47017 0.00000 0.00000 0.00000 0.00000 0.00000 0.00000 0.00000 0.00000 0.00000 0.00000 0.00000
0.25266 0.22959 0.21210 0.19891 0.18908 0.18196 0.17712 0.17431 0.17338 0.17406 0.17628 0.17997 0.18503 0.19135 0.19902 0.20798 0.21824 0.22984 0.24271 0.25704 0.27287 0.29036 0.30956 0.33062 0.35402 0.37997 0.40956 0.44421 0.00000 0.00000 0.00000 0.00000 0.00000 0.00000 0.00000 0.00000 0.00000 0.00000 0.00000 0.00000
0.21842 0.19774 0.18286 0.17233 0.16510 0.16049 0.15807 0.15758 0.15889 0.16173 0.16602 0.17171 0.17868 0.18684 0.19627 0.20692 0.21879 0.23192 0.24626 0.26198 0.27916 0.29794 0.31840 0.34074 0.36552 0.39316 0.42500 0.00000 0.00000 0.00000 0.00000 0.00000 0.00000 0.00000 0.00000 0.00000 0.00000 0.00000 0.00000 0.00000
0.18492 0.16744 0.15587 0.14855 0.14438 0.14266 0.14297 0.14506 0.14883 0.15401 0.16052 0.16834 0.17735 0.18744 0.19871 0.21110 0.22462 0.23932 0.25514 0.27227 0.29079 0.31088 0.33263 0.35632 0.38270 0.41239 0.00000 0.00000 0.00000 0.00000 0.00000 0.00000 0.00000 0.00000 0.00000 0.00000 0.00000 0.00000 0.00000 0.00000
0.15241 0.13932 0.13196 0.12853 0.12793 0.12950 0.13283 0.13775 0.14417 0.15185 0.16071 0.17076 0.18187 0.19394 0.20708 0.22123 0.23640 0.25266 0.26993 0.28845 0.30829 0.32968 0.35276 0.37795 0.40620 0.00000 0.00000 0.00000 0.00000 0.00000 0.00000 0.00000 0.00000 0.00000 0.00000 0.00000 0.00000 0.00000 0.00000 0.00000
0.12103 0.11422 0.11232 0.11360 0.11713 0.12235 0.12898 0.13691 0.14610 0.15637 0.16764 0.17994 0.19316 0.20721 0.22218 0.23804 0.25482 0.27256 0.29123 0.31106 0.33217 0.35485 0.37934 0.40623 0.00000 0.00000 0.00000 0.00000 0.00000 0.00000 0.00000 0.00000 0.00000 0.00000 0.00000 0.00000 0.00000 0.00000 0.00000 0.00000
0.09084 0.09368 0.09894 0.10584 0.11398 0.12313 0.13319 0.14418 0.15616 0.16899 0.18261 0.19708 0.21232 0.22823 0.24492 0.26237 0.28061 0.29970 0.31963 0.34066 0.36297 0.38695 0.41296 0.00000 0.00000 0.00000 0.00000 0.00000 0.00000 0.00000 0.00000 0.00000 0.00000 0.00000 0.00000 0.00000 0.00000 0.00000 0.00000 0.00000
0.06188 0.08108 0.09564 0.10886 0.12176 0.13475 0.14805 0.16188 0.17639 0.19153 0.20726 0.22365 0.24066 0.25819 0.27635 0.29514 0.31461 0.33483 0.35583 0.37791 0.40134 0.42663 0.00000 0.00000 0.00000 0.00000 0.00000 0.00000 0.00000 0.00000 0.00000 0.00000 0.00000 0.00000 0.00000 0.00000 0.00000 0.00000 0.00000 0.00000
0.03408 0.08651 0.11134 0.12987 0.14631 0.16203 0.17759 0.19341 0.20973 0.22655 0.24379 0.26159 0.27988 0.29856 0.31777 0.33752 0.35785 0.37887 0.40067 0.42360 0.44804 0.00000 0.00000 0.00000 0.00000 0.00000 0.00000 0.00000 0.00000 0.00000 0.00000 0.00000 0.00000 0.00000 0.00000 0.00000 0.00000 0.00000 0.00000 0.00000
0.00000 0.16064 0.17281 0.18570 0.19933 0.21362 0.22851 0.24414 0.26056 0.27767 0.29528 0.31349 0.33221 0.35128 0.37085 0.39093 0.41159 0.43295 0.45519 0.47872 0.00000 0.00000 0.00000 0.00000 0.00000 0.00000 0.00000 0.00000 0.00000 0.00000 0.00000 0.00000 0.00000 0.00000 0.00000 0.00000 0.00000 0.00000 0.00000 0.00000
0.01841 0.10152 0.13808 0.16352 0.18491 0.20460 0.22351 0.24225 0.26116 0.28031 0.29959 0.31919 0.33905 0.35907 0.37941 0.40012 0.42131 0.44317 0.46592 0.00000 0.00000 0.00000 0.00000 0.00000 0.00000 0.00000 0.00000 0.00000 0.00000 0.00000 0.00000 0.00000 0.00000 0.00000 0.00000 0.00000 0.00000 0.00000 0.00000 0.00000
0.04335 0.09919 0.13431 0.16151 0.18507 0.20682 0.22755 0.24787 0.26814 0.28847 0.30875 0.32918 0.34974 0.37033 0.39113 0.41223 0.43379 0.45604 0.00000 0.00000 0.00000 0.00000 0.00000 0.00000 0.00000 0.00000 0.00000 0.00000 0.00000 0.00000 0.00000 0.00000 0.00000 0.00000 0.00000 0.00000 0.00000 0.00000 0.00000 0.00000
0.06761 0.11054 0.14249 0.16922 0.19320 0.21570 0.23727 0.25841 0.27943 0.30044 0.32130 0.34222 0.36317 0.38408 0.40515 0.42651 0.44835 0.00000 0.00000 0.00000 0.00000 0.00000 0.00000 0.00000 0.00000 0.00000 0.00000 0.00000 0.00000 0.00000 0.00000 0.00000 0.00000 0.00000 0.00000 0.00000 0.00000 0.00000 0.00000 0.00000
0.09133 0.12704 0.15635 0.18219 0.20605 0.22877 0.25071 0.27225 0.29367 0.31505 0.33622 0.35739 0.37854 0.39962 0.42085 0.44240 0.00000 0.00000 0.00000 0.00000 0.00000 0.00000 0.00000 0.00000 0.00000 0.00000 0.00000 0.00000 0.00000 0.00000 0.00000 0.00000 0.00000 0.00000 0.00000 0.00000 0.00000 0.00000 0.00000 0.00000
0.11461 0.14592 0.17326 0.19827 0.22183 0.24455 0.26662 0.28835 0.30994 0.33150 0.35280 0.37407 0.39529 0.41645 0.43779 0.00000 0.00000 0.00000 0.00000 0.00000 0.00000 0.00000 0.00000 0.00000 0.00000 0.00000 0.00000 0.00000 0.00000 0.00000 0.00000 0.00000 0.00000 0.00000 0.00000 0.00000 0.00000 0.00000 0.00000 0.00000
0.13757 0.16604 0.19196 0.21627 0.23952 0.26213 0.28421 0.30597 0.32760 0.34920 0.37052 0.39179 0.41302 0.43422 0.00000 0.00000 0.00000 0.00000 0.00000 0.00000 0.00000 0.00000 0.00000 0.00000 0.00000 0.00000 0.00000 0.00000 0.00000 0.00000 0.00000 0.00000 0.00000 0.00000 0.00000 0.00000 0.00000 0.00000 0.00000 0.00000
0.16029 0.18687 0.21176 0.23551 0.25845 0.28092 0.30292 0.32462 0.34620 0.36776 0.38901 0.41024 0.43145 0.00000 0.00000 0.00000 0.00000 0.00000 0.00000 0.00000 0.00000 0.00000 0.00000 0.00000 0.00000 0.00000 0.00000 0.00000 0.00000 0.00000 0.00000 0.00000 0.00000 0.00000 0.00000 0.00000 0.00000 0.00000 0.00000 0.00000
0.18284 0.20812 0.23224 0.25555 0.27822 0.30050 0.32237 0.34395 0.36541 0.38687 0.40804 0.42920 0.00000 0.00000 0.00000 0.00000 0.00000 0.00000 0.00000 0.00000 0.00000 0.00000 0.00000 0.00000 0.00000 0.00000 0.00000 0.00000 0.00000 0.00000 0.00000 0.00000 0.00000 0.00000 0.00000 0.00000 0.00000 0.00000 0.00000 0.00000
0.20526 0.22962 0.25317 0.27610 0.29850 0.32059 0.34229 0.36371 0.38502 0.40636 0.42743 0.00000 0.00000 0.00000 0.00000 0.00000 0.00000 0.00000 0.00000 0.00000 0.00000 0.00000 0.00000 0.00000 0.00000 0.00000 0.00000 0.00000 0.00000 0.00000 0.00000 0.00000 0.00000 0.00000 0.00000 0.00000 0.00000 0.00000 0.00000 0.00000
0.22757 0.25126 0.27436 0.29697 0.31911 0.34097 0.36249 0.38372 0.40487 0.42608 0.00000 0.00000 0.00000 0.00000 0.00000 0.00000 0.00000 0.00000 0.00000 0.00000 0.00000 0.00000 0.00000 0.00000 0.00000 0.00000 0.00000 0.00000 0.00000 0.00000 0.00000 0.00000 0.00000 0.00000 0.00000 0.00000 0.00000 0.00000 0.00000 0.00000
0.24978 0.27296 0.29568 0.31801 0.33988 0.36151 0.38282 0.40387 0.42485 0.00000 0.00000 0.00000 0.00000 0.00000 0.00000 0.00000 0.00000 0.00000 0.00000 0.00000 0.00000 0.00000 0.00000 0.00000 0.00000 0.00000 0.00000 0.00000 0.00000 0.00000 0.00000 0.00000 0.00000 0.00000 0.00000 0.00000 0.00000 0.00000 0.00000 0.00000
0.27190 0.29466 0.31705 0.33910 0.36070 0.38209 0.40320 0.42407 0.00000 0.00000 0.00000 0.00000 0.00000 0.00000 0.00000 0.00000 0.00000 0.00000 0.00000 0.00000 0.00000 0.00000 0.00000 0.00000 0.00000 0.00000 0.00000 0.00000 0.00000 0.00000 0.00000 0.00000 0.00000 0.00000 0.00000 0.00000 0.00000 0.00000 0.00000 0.00000
0.29389 0.31629 0.33837 0.36015 0.38149 0.40266 0.42357 0.00000 0.00000 0.00000 0.00000 0.00000 0.00000 0.00000 0.00000 0.00000 0.00000 0.00000 0.00000 0.00000 0.00000 0.00000 0.00000 0.00000 0.00000 0.00000 0.00000 0.00000 0.00000 0.00000 0.00000 0.00000 0.00000 0.00000 0.00000 0.00000 0.00000 0.00000 0.00000 0.00000
0.31573 0.33781 0.35959 0.38112 0.40221 0.42317 0.00000 0.00000 0.00000 0.00000 0.00000 0.00000 0.00000 0.00000 0.00000 0.00000 0.00000 0.00000 0.00000 0.00000 0.00000 0.00000 0.00000 0.00000 0.00000 0.00000 0.00000 0.00000 0.00000 0.00000 0.00000 0.00000 0.00000 0.00000 0.00000 0.00000 0.00000 0.00000 0.00000 0.00000
0.33741 0.35918 0.38068 0.40198 0.42283 0.00000 0.00000 0.00000 0.00000 0.00000 0.00000 0.00000 0.00000 0.00000 0.00000 0.00000 0.00000 0.00000 0.00000 0.00000 0.00000 0.00000 0.00000 0.00000 0.00000 0.00000 0.00000 0.00000 0.00000 0.00000 0.00000 0.00000 0.00000 0.00000 0.00000 0.00000 0.00000 0.00000 0.00000 0.00000
0.35889 0.38037 0.40161 0.42269 0.00000 0.00000 0.00000 0.00000 0.00000 0.00000 0.00000 0.00000 0.00000 0.00000 0.00000 0.00000 0.00000 0.00000 0.00000 0.00000 0.00000 0.00000 0.00000 0.00000 0.00000 0.00000 0.00000 0.00000 0.00000 0.00000 0.00000 0.00000 0.00000 0.00000 0.00000 0.00000 0.00000 0.00000 0.00000 0.00000
0.38016 0.40138 0.42238 0.00000 0.00000 0.00000 0.00000 0.00000 0.00000 0.00000 0.00000 0.00000 0.00000 0.00000 0.00000 0.00000 0.00000 0.00000 0.00000 0.00000 0.00000 0.00000 0.00000 0.00000 0.00000 0.00000 0.00000 0.00000 0.00000 0.00000 0.00000 0.00000 0.00000 0.00000 0.00000 0.00000 0.00000 0.00000 0.00000 0.00000
0.40123 0.42220 0.00000 0.00000 0.00000 0.00000 0.00000 0.00000 0.00000 0.00000 0.00000 0.00000 0.00000 0.00000 0.00000 0.00000 0.00000 0.00000 0.00000 0.00000 0.00000 0.00000 0.00000 0.00000 0.00000 0.00000 0.00000 0.00000 0.00000 0.00000 0.00000 0.00000 0.00000 0.00000 0.00000 0.00000 0.00000 0.00000 0.00000 0.00000
0.42209 0.00000 0.00000 0.00000 0.00000 0.00000 0.00000 0.00000 0.00000 0.00000 0.00000 0.00000 0.00000 0.00000 0.00000 0.00000 0.00000 0.00000 0.00000 0.00000 0.00000 0.00000 0.00000 0.00000 0.00000 0.00000 0.00000 0.00000 0.00000 0.00000 0.00000 0.00000 0.00000 0.00000 0.00000 0.00000 0.00000 0.00000 0.00000 0.00000
