0.66958 0.62187 0.58067 0.54491 0.51391 0.48733 0.46515 0.44767 0.43540 0.42892 0.42860 0.43435 0.44542 0.46044 0.47768 0.49552 0.51280 0.52874 0.53882
0.65300 0.60289 0.56011 0.52334 0.49175 0.46490 0.44274 0.42552 0.41376 0.40801 0.40864 0.41553 0.42787 0.44422 0.46278 0.48185 0.50027 0.51721 0.00000
0.62178 0.57011 0.52655 0.48955 0.45811 0.43170 0.41019 0.39383 0.38313 0.37864 0.38072 0.38921 0.40326 0.42135 0.44158 0.46223 0.48208 0.00000 0.00000
0.58328 0.53040 0.48653 0.44977 0.41894 0.39338 0.37295 0.35785 0.34860 0.34574 0.34962 0.36004 0.37610 0.39618 0.41833 0.44075 0.00000 0.00000 0.00000
0.53706 0.48353 0.43994 0.40402 0.37437 0.35023 0.33140 0.31807 0.31074 0.30998 0.31610 0.32887 0.34728 0.36965 0.39395 0.00000 0.00000 0.00000 0.00000
0.48325 0.42977 0.38724 0.35292 0.32517 0.30314 0.28656 0.27565 0.27090 0.27287 0.28181 0.29741 0.31859 0.34356 0.00000 0.00000 0.00000 0.00000 0.00000
0.42312 0.37055 0.32999 0.29816 0.27316 0.25406 0.24059 0.23295 0.23163 0.23712 0.24962 0.26866 0.29304 0.00000 0.00000 0.00000 0.00000 0.00000 0.00000
0.35898 0.30824 0.27070 0.24238 0.22115 0.20601 0.19668 0.19339 0.19656 0.20659 0.22348 0.24660 0.00000 0.00000 0.00000 0.00000 0.00000 0.00000 0.00000
0.29375 0.24586 0.21254 0.18895 0.17270 0.16278 0.15890 0.16127 0.17020 0.18586 0.20800 0.00000 0.00000 0.00000 0.00000 0.00000 0.00000 0.00000 0.00000
0.23035 0.18657 0.15901 0.14168 0.13195 0.12879 0.13193 0.14145 0.15745 0.17977 0.00000 0.00000 0.00000 0.00000 0.00000 0.00000 0.00000 0.00000 0.00000
0.17109 0.13340 0.11386 0.10489 0.10366 0.10915 0.12104 0.13919 0.16337 0.00000 0.00000 0.00000 0.00000 0.00000 0.00000 0.00000 0.00000 0.00000 0.00000
0.11719 0.08982 0.08203 0.08433 0.09402 0.11018 0.13240 0.16026 0.00000 0.00000 0.00000 0.00000 0.00000 0.00000 0.00000 0.00000 0.00000 0.00000 0.00000
0.06868 0.06345 0.07317 0.09003 0.11276 0.14096 0.17416 0.00000 0.00000 0.00000 0.00000 0.00000 0.00000 0.00000 0.00000 0.00000 0.00000 0.00000 0.00000
0.00000 0.09236 0.11619 0.14497 0.17867 0.21685 0.00000 0.00000 0.00000 0.00000 0.00000 0.00000 0.00000 0.00000 0.00000 0.00000 0.00000 0.00000 0.00000
0.01673 0.07829 0.11959 0.15946 0.20123 0.00000 0.00000 0.00000 0.00000 0.00000 0.00000 0.00000 0.00000 0.00000 0.00000 0.00000 0.00000 0.00000 0.00000
0.05700 0.10537 0.14875 0.19257 0.00000 0.00000 0.00000 0.00000 0.00000 0.00000 0.00000 0.00000 0.00000 0.00000 0.00000 0.00000 0.00000 0.00000 0.00000
0.09780 0.14306 0.18800 0.00000 0.00000 0.00000 0.00000 0.00000 0.00000 0.00000 0.00000 0.00000 0.00000 0.00000 0.00000 0.00000 0.00000 0.00000 0.00000
0.14019 0.18571 0.00000 0.00000 0.00000 0.00000 0.00000 0.00000 0.00000 0.00000 0.00000 0.00000 0.00000 0.00000 0.00000 0.00000 0.00000 0.00000 0.00000
0.18460 0.00000 0.00000 0.00000 0.00000 0.00000 0.00000 0.00000 0.00000 0.00000 0.00000 0.00000 0.00000 0.00000 0.00000 0.00000 0.00000 0.00000 0.00000
