0.69769 0.64786 0.60467 0.56689 0.53358 0.50402 0.47773 0.45443 0.43415 0.41734 0.40501 0.39876 0.40060 0.41250 0.43564 0.46976 0.51408 0.57475 0.67299
0.67443 0.62255 0.57809 0.53956 0.50588 0.47624 0.45008 0.42711 0.40739 0.39144 0.38038 0.37589 0.38003 0.39468 0.42079 0.45787 0.50501 0.56869 0.00000
0.64525 0.59148 0.54600 0.50703 0.47331 0.44394 0.41835 0.39631 0.37803 0.36429 0.35643 0.35631 0.36586 0.38651 0.41852 0.46067 0.51177 0.00000 0.00000
0.61280 0.55710 0.51071 0.47151 0.43803 0.40932 0.38486 0.36464 0.34920 0.33973 0.33796 0.34573 0.36452 0.39472 0.43531 0.48389 0.00000 0.00000 0.00000
0.57705 0.51938 0.47225 0.43312 0.40032 0.37289 0.35051 0.33354 0.32306 0.32077 0.32856 0.34790 0.37913 0.42111 0.47108 0.00000 0.00000 0.00000 0.00000
0.53770 0.47806 0.43051 0.39194 0.36054 0.33545 0.31671 0.30524 0.30273 0.31115 0.33209 0.36589 0.41121 0.46487 0.00000 0.00000 0.00000 0.00000 0.00000
0.49444 0.43293 0.38550 0.34837 0.31960 0.29861 0.28598 0.28327 0.29250 0.31541 0.35243 0.40210 0.46083 0.00000 0.00000 0.00000 0.00000 0.00000 0.00000
0.44704 0.38400 0.33769 0.30350 0.27945 0.26538 0.26248 0.27267 0.29779 0.33838 0.39295 0.45755 0.00000 0.00000 0.00000 0.00000 0.00000 0.00000 0.00000
0.39538 0.33165 0.28833 0.25968 0.24372 0.24072 0.25223 0.27995 0.32452 0.38445 0.45550 0.00000 0.00000 0.00000 0.00000 0.00000 0.00000 0.00000 0.00000
0.33926 0.27688 0.24008 0.22132 0.21851 0.23208 0.26326 0.31255 0.37843 0.45649 0.00000 0.00000 0.00000 0.00000 0.00000 0.00000 0.00000 0.00000 0.00000
0.27834 0.22222 0.19841 0.19641 0.21360 0.24995 0.30541 0.37829 0.46400 0.00000 0.00000 0.00000 0.00000 0.00000 0.00000 0.00000 0.00000 0.00000 0.00000
0.21204 0.17437 0.17495 0.19933 0.24427 0.30862 0.39029 0.48456 0.00000 0.00000 0.00000 0.00000 0.00000 0.00000 0.00000 0.00000 0.00000 0.00000 0.00000
0.13972 0.15462 0.19684 0.25746 0.33514 0.42798 0.53143 0.00000 0.00000 0.00000 0.00000 0.00000 0.00000 0.00000 0.00000 0.00000 0.00000 0.00000 0.00000
0.00000 0.26975 0.34293 0.43024 0.53002 0.63765 0.00000 0.00000 0.00000 0.00000 0.00000 0.00000 0.00000 0.00000 0.00000 0.00000 0.00000 0.00000 0.00000
0.02426 0.21158 0.33194 0.44308 0.55297 0.00000 0.00000 0.00000 0.00000 0.00000 0.00000 0.00000 0.00000 0.00000 0.00000 0.00000 0.00000 0.00000 0.00000
0.11453 0.25927 0.37817 0.48829 0.00000 0.00000 0.00000 0.00000 0.00000 0.00000 0.00000 0.00000 0.00000 0.00000 0.00000 0.00000 0.00000 0.00000 0.00000
0.20741 0.33153 0.44090 0.00000 0.00000 0.00000 0.00000 0.00000 0.00000 0.00000 0.00000 0.00000 0.00000 0.00000 0.00000 0.00000 0.00000 0.00000 0.00000
0.29926 0.40757 0.00000 0.00000 0.00000 0.00000 0.00000 0.00000 0.00000 0.00000 0.00000 0.00000 0.00000 0.00000 0.00000 0.00000 0.00000 0.00000 0.00000
0.38505 0.00000 0.00000 0.00000 0.00000 0.00000 0.00000 0.00000 0.00000 0.00000 0.00000 0.00000 0.00000 0.00000 0.00000 0.00000 0.00000 0.00000 0.00000
