0.62139 0.58000 0.54500 0.51538 0.49041 0.46953 0.45232 0.43849 0.42778 0.42003 0.41507 0.41280 0.41311 0.41588 0.42100 0.42833 0.43770 0.44893 0.46185 0.47636 0.49253 0.51072 0.53162 0.55635 0.58638 0.62359 0.67064 0.73224 0.81820 0.94996 1.17912 1.66130
0.59450 0.55199 0.51649 0.48679 0.46204 0.44159 0.42497 0.41184 0.40191 0.39501 0.39095 0.38961 0.39087 0.39462 0.40073 0.40904 0.41941 0.43162 0.44550 0.46097 0.47808 0.49721 0.51907 0.54481 0.57593 0.61435 0.66278 0.72606 0.81418 0.94908 1.18349 0.00000
0.55765 0.51467 0.47932 0.45015 0.42620 0.40671 0.39117 0.37918 0.37046 0.36478 0.36196 0.36187 0.36439 0.36939 0.37673 0.38627 0.39784 0.41123 0.42627 0.44285 0.46106 0.48127 0.50423 0.53110 0.56344 0.60320 0.65316 0.71827 0.80883 0.94738 0.00000 0.00000
0.51507 0.47210 0.43738 0.40923 0.38652 0.36842 0.35434 0.34386 0.33666 0.33250 0.33120 0.33262 0.33662 0.34308 0.35186 0.36279 0.37572 0.39043 0.40673 0.42455 0.44395 0.46533 0.48946 0.51754 0.55116 0.59234 0.64394 0.71110 0.80461 0.00000 0.00000 0.00000
0.46694 0.42457 0.39112 0.36458 0.34367 0.32747 0.31531 0.30676 0.30146 0.29919 0.29972 0.30293 0.30869 0.31685 0.32728 0.33980 0.35426 0.37042 0.38812 0.40727 0.42793 0.45054 0.47589 0.50523 0.54019 0.58286 0.63626 0.70593 0.00000 0.00000 0.00000 0.00000
0.41396 0.37298 0.34158 0.31738 0.29894 0.28521 0.27551 0.26936 0.26640 0.26640 0.26913 0.27447 0.28228 0.29241 0.30473 0.31904 0.33519 0.35294 0.37213 0.39267 0.41465 0.43851 0.46510 0.49572 0.53204 0.57628 0.63178 0.00000 0.00000 0.00000 0.00000 0.00000
0.35750 0.31889 0.29047 0.26945 0.25421 0.24363 0.23695 0.23372 0.23357 0.23628 0.24159 0.24941 0.25957 0.27195 0.28639 0.30267 0.32067 0.34011 0.36083 0.38279 0.40606 0.43116 0.45894 0.49079 0.52848 0.57444 0.00000 0.00000 0.00000 0.00000 0.00000 0.00000
0.29930 0.26427 0.23996 0.22309 0.21187 0.20512 0.20209 0.20232 0.20545 0.21128 0.21956 0.23019 0.24302 0.25789 0.27464 0.29306 0.31299 0.33414 0.35639 0.37969 0.40420 0.43041 0.45929 0.49229 0.53135 0.00000 0.00000 0.00000 0.00000 0.00000 0.00000 0.00000
0.24124 0.21140 0.19253 0.18090 0.17459 0.17240 0.17362 0.17782 0.18469 0.19404 0.20562 0.21937 0.23509 0.25264 0.27183 0.29243 0.31428 0.33709 0.36075 0.38526 0.41082 0.43798 0.46779 0.50184 0.00000 0.00000 0.00000 0.00000 0.00000 0.00000 0.00000 0.00000
0.18500 0.16266 0.15096 0.14581 0.14532 0.14839 0.15440 0.16303 0.17400 0.18717 0.20232 0.21936 0.23811 0.25840 0.28002 0.30274 0.32637 0.35064 0.37550 0.40096 0.42731 0.45516 0.48568 0.00000 0.00000 0.00000 0.00000 0.00000 0.00000 0.00000 0.00000 0.00000
0.13187 0.12086 0.11859 0.12128 0.12748 0.13638 0.14759 0.16093 0.17621 0.19334 0.21212 0.23247 0.25420 0.27710 0.30098 0.32555 0.35067 0.37607 0.40174 0.42779 0.45457 0.48277 0.00000 0.00000 0.00000 0.00000 0.00000 0.00000 0.00000 0.00000 0.00000 0.00000
0.08262 0.09045 0.10054 0.11229 0.12567 0.14058 0.15702 0.17500 0.19446 0.21538 0.23758 0.26097 0.28534 0.31049 0.33618 0.36213 0.38822 0.41423 0.44020 0.46634 0.49306 0.00000 0.00000 0.00000 0.00000 0.00000 0.00000 0.00000 0.00000 0.00000 0.00000 0.00000
0.03755 0.08296 0.10750 0.12781 0.14739 0.16731 0.18805 0.20985 0.23274 0.25672 0.28162 0.30735 0.33363 0.36026 0.38699 0.41355 0.43986 0.46575 0.49132 0.51690 0.00000 0.00000 0.00000 0.00000 0.00000 0.00000 0.00000 0.00000 0.00000 0.00000 0.00000 0.00000
0.00000 0.15491 0.17092 0.18830 0.20722 0.22757 0.24933 0.27242 0.29667 0.32197 0.34802 0.37465 0.40150 0.42834 0.45490 0.48094 0.50639 0.53120 0.55550 0.00000 0.00000 0.00000 0.00000 0.00000 0.00000 0.00000 0.00000 0.00000 0.00000 0.00000 0.00000 0.00000
0.04095 0.11339 0.14957 0.17773 0.20360 0.22897 0.25455 0.28065 0.30726 0.33437 0.36175 0.38924 0.41651 0.44337 0.46960 0.49501 0.51962 0.54340 0.00000 0.00000 0.00000 0.00000 0.00000 0.00000 0.00000 0.00000 0.00000 0.00000 0.00000 0.00000 0.00000 0.00000
0.07544 0.12404 0.15840 0.18791 0.21569 0.24299 0.27029 0.29785 0.32562 0.35354 0.38141 0.40904 0.43611 0.46245 0.48790 0.51236 0.53583 0.00000 0.00000 0.00000 0.00000 0.00000 0.00000 0.00000 0.00000 0.00000 0.00000 0.00000 0.00000 0.00000 0.00000 0.00000
0.10765 0.14602 0.17791 0.20724 0.23562 0.26377 0.29191 0.32018 0.34843 0.37657 0.40437 0.43164 0.45808 0.48355 0.50796 0.53123 0.00000 0.00000 0.00000 0.00000 0.00000 0.00000 0.00000 0.00000 0.00000 0.00000 0.00000 0.00000 0.00000 0.00000 0.00000 0.00000
0.13824 0.17166 0.20197 0.23106 0.25969 0.28828 0.31681 0.34534 0.37364 0.40157 0.42891 0.45545 0.48097 0.50534 0.52850 0.00000 0.00000 0.00000 0.00000 0.00000 0.00000 0.00000 0.00000 0.00000 0.00000 0.00000 0.00000 0.00000 0.00000 0.00000 0.00000 0.00000
0.16781 0.19877 0.22826 0.25724 0.28602 0.31482 0.34345 0.37190 0.39991 0.42730 0.45387 0.47942 0.50381 0.52691 0.00000 0.00000 0.00000 0.00000 0.00000 0.00000 0.00000 0.00000 0.00000 0.00000 0.00000 0.00000 0.00000 0.00000 0.00000 0.00000 0.00000 0.00000
0.19681 0.22660 0.25574 0.28472 0.31357 0.34238 0.37085 0.39895 0.42637 0.45294 0.47850 0.50288 0.52600 0.00000 0.00000 0.00000 0.00000 0.00000 0.00000 0.00000 0.00000 0.00000 0.00000 0.00000 0.00000 0.00000 0.00000 0.00000 0.00000 0.00000 0.00000 0.00000
0.22560 0.25489 0.28390 0.31288 0.34168 0.37029 0.39837 0.42584 0.45242 0.47795 0.50234 0.52542 0.00000 0.00000 0.00000 0.00000 0.00000 0.00000 0.00000 0.00000 0.00000 0.00000 0.00000 0.00000 0.00000 0.00000 0.00000 0.00000 0.00000 0.00000 0.00000 0.00000
0.25437 0.28348 0.31244 0.34132 0.36990 0.39809 0.42553 0.45214 0.47767 0.50201 0.52509 0.00000 0.00000 0.00000 0.00000 0.00000 0.00000 0.00000 0.00000 0.00000 0.00000 0.00000 0.00000 0.00000 0.00000 0.00000 0.00000 0.00000 0.00000 0.00000 0.00000 0.00000
0.28321 0.31223 0.34108 0.36971 0.39786 0.42541 0.45198 0.47754 0.50185 0.52489 0.00000 0.00000 0.00000 0.00000 0.00000 0.00000 0.00000 0.00000 0.00000 0.00000 0.00000 0.00000 0.00000 0.00000 0.00000 0.00000 0.00000 0.00000 0.00000 0.00000 0.00000 0.00000
0.31209 0.34098 0.36958 0.39776 0.42526 0.45193 0.47745 0.50182 0.52481 0.00000 0.00000 0.00000 0.00000 0.00000 0.00000 0.00000 0.00000 0.00000 0.00000 0.00000 0.00000 0.00000 0.00000 0.00000 0.00000 0.00000 0.00000 0.00000 0.00000 0.00000 0.00000 0.00000
0.34091 0.36953 0.39769 0.42520 0.45182 0.47744 0.50177 0.52482 0.00000 0.00000 0.00000 0.00000 0.00000 0.00000 0.00000 0.00000 0.00000 0.00000 0.00000 0.00000 0.00000 0.00000 0.00000 0.00000 0.00000 0.00000 0.00000 0.00000 0.00000 0.00000 0.00000 0.00000
0.36950 0.39765 0.42517 0.45178 0.47735 0.50176 0.52477 0.00000 0.00000 0.00000 0.00000 0.00000 0.00000 0.00000 0.00000 0.00000 0.00000 0.00000 0.00000 0.00000 0.00000 0.00000 0.00000 0.00000 0.00000 0.00000 0.00000 0.00000 0.00000 0.00000 0.00000 0.00000
0.39764 0.42513 0.45178 0.47731 0.50168 0.52476 0.00000 0.00000 0.00000 0.00000 0.00000 0.00000 0.00000 0.00000 0.00000 0.00000 0.00000 0.00000 0.00000 0.00000 0.00000 0.00000 0.00000 0.00000 0.00000 0.00000 0.00000 0.00000 0.00000 0.00000 0.00000 0.00000
0.42512 0.45173 0.47734 0.50165 0.52471 0.00000 0.00000 0.00000 0.00000 0.00000 0.00000 0.00000 0.00000 0.00000 0.00000 0.00000 0.00000 0.00000 0.00000 0.00000 0.00000 0.00000 0.00000 0.00000 0.00000 0.00000 0.00000 0.00000 0.00000 0.00000 0.00000 0.00000
0.45174 0.47729 0.50169 0.52467 0.00000 0.00000 0.00000 0.00000 0.00000 0.00000 0.00000 0.00000 0.00000 0.00000 0.00000 0.00000 0.00000 0.00000 0.00000 0.00000 0.00000 0.00000 0.00000 0.00000 0.00000 0.00000 0.00000 0.00000 0.00000 0.00000 0.00000 0.00000
0.47730 0.50165 0.52472 0.00000 0.00000 0.00000 0.00000 0.00000 0.00000 0.00000 0.00000 0.00000 0.00000 0.00000 0.00000 0.00000 0.00000 0.00000 0.00000 0.00000 0.00000 0.00000 0.00000 0.00000 0.00000 0.00000 0.00000 0.00000 0.00000 0.00000 0.00000 0.00000
0.50166 0.52470 0.00000 0.00000 0.00000 0.00000 0.00000 0.00000 0.00000 0.00000 0.00000 0.00000 0.00000 0.00000 0.00000 0.00000 0.00000 0.00000 0.00000 0.00000 0.00000 0.00000 0.00000 0.00000 0.00000 0.00000 0.00000 0.00000 0.00000 0.00000 0.00000 0.00000
0.52470 0.00000 0.00000 0.00000 0.00000 0.00000 0.00000 0.00000 0.00000 0.00000 0.00000 0.00000 0.00000 0.00000 0.00000 0.00000 0.00000 0.00000 0.00000 0.00000 0.00000 0.00000 0.00000 0.00000 0.00000 0.00000 0.00000 0.00000 0.00000 0.00000 0.00000 0.00000
