0.00000 1.74055 1.75182 1.75380 1.75906 1.76517 1.77246 1.78072 1.79000 1.79880 1.80822 1.81773 1.82573 1.83201 1.83916 1.84673 1.85445 1.86260 1.87272 1.88544 1.90012 1.91881 1.94287 1.97283 2.01104 2.06023 2.12403 2.20604 2.31289 2.45280 2.64132 2.91084 3.31705 3.98222 5.30134 8.04975
0.00000 1.74054 1.74137 1.74294 1.74988 1.75792 1.76686 1.77640 1.78662 1.79595 1.80567 1.81537 1.82342 1.82970 1.83685 1.84441 1.85209 1.86019 1.87025 1.88289 1.89739 1.91585 1.93958 1.96910 2.00676 2.05526 2.11825 2.19932 2.30510 2.44381 2.63099 2.89899 3.30297 4.04506 5.39439 0.00000
0.00000 1.72003 1.72566 1.73114 1.74125 1.75162 1.76222 1.77292 1.78394 1.79360 1.80351 1.81333 1.82142 1.82770 1.83484 1.84240 1.85003 1.85807 1.86803 1.88055 1.89478 1.91290 1.93620 1.96518 2.00218 2.04987 2.11195 2.19201 2.29679 2.43457 2.62099 2.88864 3.35403 4.11635 0.00000 0.00000
0.00000 1.70941 1.71866 1.72696 1.73891 1.75055 1.76190 1.77307 1.78431 1.79385 1.80365 1.81332 1.82131 1.82748 1.83450 1.84197 1.84946 1.85733 1.86708 1.87931 1.89310 1.91070 1.93341 1.96168 1.99784 2.04460 2.10565 2.18466 2.28862 2.42597 2.61247 2.93129 3.41144 0.00000 0.00000 0.00000
0.00000 1.70618 1.71774 1.72777 1.74050 1.75254 1.76399 1.77515 1.78622 1.79538 1.80492 1.81428 1.82210 1.82814 1.83496 1.84230 1.84957 1.85719 1.86662 1.87837 1.89158 1.90849 1.93044 1.95785 1.99301 2.03874 2.09872 2.17687 2.28047 2.41829 2.64863 2.97900 0.00000 0.00000 0.00000 0.00000
0.00000 1.70763 1.72025 1.73117 1.74385 1.75573 1.76685 1.77777 1.78843 1.79713 1.80638 1.81538 1.82301 1.82891 1.83549 1.84267 1.84966 1.85693 1.86591 1.87703 1.88957 1.90563 1.92668 1.95306 1.98707 2.03177 2.09086 2.16865 2.27280 2.44957 2.68921 0.00000 0.00000 0.00000 0.00000 0.00000
0.00000 1.71122 1.72417 1.73532 1.74740 1.75879 1.76943 1.77998 1.79016 1.79846 1.80744 1.81611 1.82358 1.82932 1.83566 1.84260 1.84922 1.85602 1.86441 1.87478 1.88654 1.90162 1.92161 1.94684 1.97968 2.02353 2.08226 2.16074 2.29993 2.48490 0.00000 0.00000 0.00000 0.00000 0.00000 0.00000
0.00000 1.71544 1.72809 1.73898 1.75022 1.76102 1.77118 1.78134 1.79108 1.79912 1.80787 1.81624 1.82357 1.82912 1.83518 1.84175 1.84790 1.85409 1.86178 1.87126 1.88212 1.89611 1.91492 1.93898 1.97084 2.01441 2.07386 2.18459 2.33096 0.00000 0.00000 0.00000 0.00000 0.00000 0.00000 0.00000
0.00000 1.71915 1.73109 1.74147 1.75196 1.76224 1.77204 1.78179 1.79118 1.79909 1.80765 1.81578 1.82292 1.82823 1.83392 1.83995 1.84549 1.85095 1.85778 1.86624 1.87603 1.88885 1.90647 1.92960 1.96108 2.00549 2.09501 2.21231 0.00000 0.00000 0.00000 0.00000 0.00000 0.00000 0.00000 0.00000
0.00000 1.72164 1.73268 1.74260 1.75267 1.76260 1.77213 1.78150 1.79062 1.79846 1.80688 1.81477 1.82158 1.82656 1.83175 1.83709 1.84186 1.84643 1.85228 1.85955 1.86814 1.87979 1.89646 1.91927 1.95159 2.02456 2.12007 0.00000 0.00000 0.00000 0.00000 0.00000 0.00000 0.00000 0.00000 0.00000
0.00000 1.72274 1.73288 1.74254 1.75253 1.76233 1.77165 1.78066 1.78957 1.79733 1.80563 1.81323 1.81954 1.82404 1.82858 1.83306 1.83692 1.84042 1.84512 1.85108 1.85844 1.86918 1.88555 1.90926 1.96900 2.04763 0.00000 0.00000 0.00000 0.00000 0.00000 0.00000 0.00000 0.00000 0.00000 0.00000
0.00000 1.72271 1.73210 1.74170 1.75182 1.76164 1.77075 1.77942 1.78813 1.79577 1.80389 1.81110 1.81670 1.82058 1.82429 1.82776 1.83051 1.83275 1.83618 1.84081 1.84719 1.85771 1.87506 1.92548 1.99050 0.00000 0.00000 0.00000 0.00000 0.00000 0.00000 0.00000 0.00000 0.00000 0.00000 0.00000
0.00000 1.72196 1.73095 1.74051 1.75078 1.76065 1.76956 1.77787 1.78635 1.79375 1.80152 1.80818 1.81294 1.81602 1.81872 1.82100 1.82244 1.82327 1.82540 1.82897 1.83508 1.84670 1.89042 1.94590 0.00000 0.00000 0.00000 0.00000 0.00000 0.00000 0.00000 0.00000 0.00000 0.00000 0.00000 0.00000
0.00000 1.72089 1.72979 1.73924 1.74960 1.75937 1.76805 1.77597 1.78415 1.79114 1.79831 1.80424 1.80804 1.81012 1.81160 1.81250 1.81249 1.81189 1.81297 1.81626 1.82347 1.86141 1.91009 0.00000 0.00000 0.00000 0.00000 0.00000 0.00000 0.00000 0.00000 0.00000 0.00000 0.00000 0.00000 0.00000
0.00000 1.71960 1.72863 1.73785 1.74824 1.75772 1.76614 1.77363 1.78133 1.78768 1.79397 1.79901 1.80170 1.80255 1.80259 1.80197 1.80052 1.79877 1.79960 1.80407 1.83767 1.88055 0.00000 0.00000 0.00000 0.00000 0.00000 0.00000 0.00000 0.00000 0.00000 0.00000 0.00000 0.00000 0.00000 0.00000
0.00000 1.71807 1.72730 1.73624 1.74658 1.75556 1.76362 1.77060 1.77759 1.78307 1.78824 1.79216 1.79357 1.79291 1.79138 1.78927 1.78672 1.78466 1.78674 1.81800 1.85645 0.00000 0.00000 0.00000 0.00000 0.00000 0.00000 0.00000 0.00000 0.00000 0.00000 0.00000 0.00000 0.00000 0.00000 0.00000
0.00000 1.71621 1.72562 1.73427 1.74438 1.75269 1.76022 1.76653 1.77257 1.77695 1.78077 1.78334 1.78326 1.78088 1.77780 1.77458 1.77184 1.77109 1.80042 1.83672 0.00000 0.00000 0.00000 0.00000 0.00000 0.00000 0.00000 0.00000 0.00000 0.00000 0.00000 0.00000 0.00000 0.00000 0.00000 0.00000
0.00000 1.71406 1.72353 1.73181 1.74138 1.74890 1.75564 1.76104 1.76589 1.76893 1.77119 1.77212 1.77041 1.76632 1.76211 1.75875 1.75751 1.78466 1.81909 0.00000 0.00000 0.00000 0.00000 0.00000 0.00000 0.00000 0.00000 0.00000 0.00000 0.00000 0.00000 0.00000 0.00000 0.00000 0.00000 0.00000
0.00000 1.71152 1.72094 1.72866 1.73724 1.74384 1.74949 1.75372 1.75714 1.75860 1.75910 1.75819 1.75491 1.74953 1.74520 1.74351 1.77110 1.80347 0.00000 0.00000 0.00000 0.00000 0.00000 0.00000 0.00000 0.00000 0.00000 0.00000 0.00000 0.00000 0.00000 0.00000 0.00000 0.00000 0.00000 0.00000
0.00000 1.70842 1.71758 1.72442 1.73160 1.73706 1.74135 1.74414 1.74587 1.74551 1.74413 1.74143 1.73706 1.73150 1.72893 1.75711 1.79021 0.00000 0.00000 0.00000 0.00000 0.00000 0.00000 0.00000 0.00000 0.00000 0.00000 0.00000 0.00000 0.00000 0.00000 0.00000 0.00000 0.00000 0.00000 0.00000
0.00000 1.70431 1.71298 1.71852 1.72405 1.72810 1.73077 1.73183 1.73163 1.72931 1.72613 1.72219 1.71788 1.71418 1.74247 1.77658 0.00000 0.00000 0.00000 0.00000 0.00000 0.00000 0.00000 0.00000 0.00000 0.00000 0.00000 0.00000 0.00000 0.00000 0.00000 0.00000 0.00000 0.00000 0.00000 0.00000
0.00000 1.69849 1.70635 1.71027 1.71408 1.71643 1.71723 1.71630 1.71400 1.70984 1.70545 1.70157 1.69940 1.72777 1.76224 0.00000 0.00000 0.00000 0.00000 0.00000 0.00000 0.00000 0.00000 0.00000 0.00000 0.00000 0.00000 0.00000 0.00000 0.00000 0.00000 0.00000 0.00000 0.00000 0.00000 0.00000
0.00000 1.69021 1.69698 1.69913 1.70112 1.70149 1.70018 1.69712 1.69284 1.68748 1.68323 1.68172 1.71307 1.74801 0.00000 0.00000 0.00000 0.00000 0.00000 0.00000 0.00000 0.00000 0.00000 0.00000 0.00000 0.00000 0.00000 0.00000 0.00000 0.00000 0.00000 0.00000 0.00000 0.00000 0.00000 0.00000
0.00000 1.67904 1.68436 1.68453 1.68459 1.68269 1.67917 1.67414 1.66856 1.66346 1.66178 1.69523 1.73383 0.00000 0.00000 0.00000 0.00000 0.00000 0.00000 0.00000 0.00000 0.00000 0.00000 0.00000 0.00000 0.00000 0.00000 0.00000 0.00000 0.00000 0.00000 0.00000 0.00000 0.00000 0.00000 0.00000
0.00000 1.66469 1.66798 1.66604 1.66395 1.65963 1.65409 1.64784 1.64254 1.64033 1.67485 1.71635 0.00000 0.00000 0.00000 0.00000 0.00000 0.00000 0.00000 0.00000 0.00000 0.00000 0.00000 0.00000 0.00000 0.00000 0.00000 0.00000 0.00000 0.00000 0.00000 0.00000 0.00000 0.00000 0.00000 0.00000
0.00000 1.64675 1.64744 1.64318 1.63879 1.63229 1.62554 1.61974 1.61754 1.65298 1.69608 0.00000 0.00000 0.00000 0.00000 0.00000 0.00000 0.00000 0.00000 0.00000 0.00000 0.00000 0.00000 0.00000 0.00000 0.00000 0.00000 0.00000 0.00000 0.00000 0.00000 0.00000 0.00000 0.00000 0.00000 0.00000
0.00000 1.62477 1.62231 1.61564 1.60919 1.60140 1.59522 1.59276 1.62966 1.67442 0.00000 0.00000 0.00000 0.00000 0.00000 0.00000 0.00000 0.00000 0.00000 0.00000 0.00000 0.00000 0.00000 0.00000 0.00000 0.00000 0.00000 0.00000 0.00000 0.00000 0.00000 0.00000 0.00000 0.00000 0.00000 0.00000
0.00000 1.59792 1.59225 1.58349 1.57590 1.56880 1.56625 1.60428 1.65124 0.00000 0.00000 0.00000 0.00000 0.00000 0.00000 0.00000 0.00000 0.00000 0.00000 0.00000 0.00000 0.00000 0.00000 0.00000 0.00000 0.00000 0.00000 0.00000 0.00000 0.00000 0.00000 0.00000 0.00000 0.00000 0.00000 0.00000
0.00000 1.56574 1.55743 1.54762 1.54087 1.53777 1.57722 1.62597 0.00000 0.00000 0.00000 0.00000 0.00000 0.00000 0.00000 0.00000 0.00000 0.00000 0.00000 0.00000 0.00000 0.00000 0.00000 0.00000 0.00000 0.00000 0.00000 0.00000 0.00000 0.00000 0.00000 0.00000 0.00000 0.00000 0.00000 0.00000
0.00000 1.52835 1.51878 1.51008 1.50757 1.54809 1.59908 0.00000 0.00000 0.00000 0.00000 0.00000 0.00000 0.00000 0.00000 0.00000 0.00000 0.00000 0.00000 0.00000 0.00000 0.00000 0.00000 0.00000 0.00000 0.00000 0.00000 0.00000 0.00000 0.00000 0.00000 0.00000 0.00000 0.00000 0.00000 0.00000
0.00000 1.48698 1.47855 1.47458 1.51715 1.57008 0.00000 0.00000 0.00000 0.00000 0.00000 0.00000 0.00000 0.00000 0.00000 0.00000 0.00000 0.00000 0.00000 0.00000 0.00000 0.00000 0.00000 0.00000 0.00000 0.00000 0.00000 0.00000 0.00000 0.00000 0.00000 0.00000 0.00000 0.00000 0.00000 0.00000
0.00000 1.44418 1.44061 1.48312 1.53926 0.00000 0.00000 0.00000 0.00000 0.00000 0.00000 0.00000 0.00000 0.00000 0.00000 0.00000 0.00000 0.00000 0.00000 0.00000 0.00000 0.00000 0.00000 0.00000 0.00000 0.00000 0.00000 0.00000 0.00000 0.00000 0.00000 0.00000 0.00000 0.00000 0.00000 0.00000
0.00000 1.40422 1.44818 1.50481 0.00000 0.00000 0.00000 0.00000 0.00000 0.00000 0.00000 0.00000 0.00000 0.00000 0.00000 0.00000 0.00000 0.00000 0.00000 0.00000 0.00000 0.00000 0.00000 0.00000 0.00000 0.00000 0.00000 0.00000 0.00000 0.00000 0.00000 0.00000 0.00000 0.00000 0.00000 0.00000
0.00000 0.00000 0.00000 0.00000 0.00000 0.00000 0.00000 0.00000 0.00000 0.00000 0.00000 0.00000 0.00000 0.00000 0.00000 0.00000 0.00000 0.00000 0.00000 0.00000 0.00000 0.00000 0.00000 0.00000 0.00000 0.00000 0.00000 0.00000 0.00000 0.00000 0.00000 0.00000 0.00000 0.00000 0.00000 0.00000
0.00000 0.00000 0.00000 0.00000 0.00000 0.00000 0.00000 0.00000 0.00000 0.00000 0.00000 0.00000 0.00000 0.00000 0.00000 0.00000 0.00000 0.00000 0.00000 0.00000 0.00000 0.00000 0.00000 0.00000 0.00000 0.00000 0.00000 0.00000 0.00000 0.00000 0.00000 0.00000 0.00000 0.00000 0.00000 0.00000
0.00000 0.00000 0.00000 0.00000 0.00000 0.00000 0.00000 0.00000 0.00000 0.00000 0.00000 0.00000 0.00000 0.00000 0.00000 0.00000 0.00000 0.00000 0.00000 0.00000 0.00000 0.00000 0.00000 0.00000 0.00000 0.00000 0.00000 0.00000 0.00000 0.00000 0.00000 0.00000 0.00000 0.00000 0.00000 0.00000
