0.57182 0.57912 0.59073 0.60715 0.62811 0.65450 0.68646 0.72372 0.76703 0.81745 0.87547 0.94313 1.02263 1.11753 1.23210 1.37203 1.54571 1.76125 2.02895 2.36231 2.78206 3.32686 4.08442 5.22632 7.04883 9.97825
0.54753 0.55751 0.57181 0.59097 0.61474 0.64405 0.67908 0.71959 0.76637 0.82061 0.88287 0.95530 1.04025 1.14137 1.26310 1.41117 1.59403 1.81972 2.09835 2.44346 2.87597 3.43529 4.21125 5.37937 7.24026 0.00000
0.52183 0.53518 0.55279 0.57528 0.60242 0.63520 0.67389 0.71826 0.76923 0.82806 0.89545 0.97367 1.06517 1.17373 1.30381 1.46115 1.65417 1.89070 2.18071 2.53791 2.98367 3.55817 4.35309 5.54555 0.00000 0.00000
0.49459 0.51219 0.53388 0.56040 0.59158 0.62851 0.67155 0.72054 0.77651 0.84087 0.91442 0.99955 1.09880 1.21594 1.35540 1.52279 1.72639 1.97391 2.27527 2.64464 3.10391 3.69384 4.50566 0.00000 0.00000 0.00000
0.46553 0.48854 0.51531 0.54677 0.58284 0.62474 0.67302 0.72755 0.78954 0.86053 0.94144 1.03471 1.14287 1.26960 1.41917 1.59694 1.81111 2.06936 2.38189 2.76341 3.23613 3.83906 0.00000 0.00000 0.00000 0.00000
0.43445 0.46448 0.49763 0.53518 0.57720 0.62513 0.67971 0.74093 0.81018 0.88910 0.97867 1.08133 1.19945 1.33649 1.49644 1.68446 1.90880 2.17742 2.50091 2.89427 3.37768 0.00000 0.00000 0.00000 0.00000 0.00000
0.40119 0.44045 0.48174 0.52684 0.57618 0.63144 0.69368 0.76296 0.84090 0.92918 1.02875 1.14189 1.27068 1.41826 1.58837 1.78610 2.02008 2.29866 2.63262 3.03475 0.00000 0.00000 0.00000 0.00000 0.00000 0.00000
0.36557 0.41723 0.46901 0.52360 0.58196 0.64618 0.71769 0.79665 0.88486 0.98394 1.09466 1.21900 1.35864 1.51641 1.69600 1.90272 2.14575 2.43361 2.77459 0.00000 0.00000 0.00000 0.00000 0.00000 0.00000 0.00000
0.32738 0.39615 0.46165 0.52824 0.59777 0.67290 0.75558 0.84595 0.94600 1.05709 1.17967 1.31530 1.46529 1.63238 1.82049 2.03540 2.28656 2.57981 0.00000 0.00000 0.00000 0.00000 0.00000 0.00000 0.00000 0.00000
0.28636 0.37956 0.46332 0.54512 0.62842 0.71670 0.81254 0.91600 1.02915 1.15289 1.28726 1.43345 1.59263 1.76780 1.96335 2.18522 2.44011 0.00000 0.00000 0.00000 0.00000 0.00000 0.00000 0.00000 0.00000 0.00000
0.24224 0.37193 0.48029 0.58129 0.68125 0.78493 0.89571 1.01340 1.14012 1.27616 1.42121 1.57637 1.74307 1.92482 2.12621 2.34994 0.00000 0.00000 0.00000 0.00000 0.00000 0.00000 0.00000 0.00000 0.00000 0.00000
0.19473 0.38254 0.52416 0.64865 0.76781 0.88842 1.01493 1.14673 1.28600 1.43250 1.58591 1.74769 1.91979 2.10592 2.30710 0.00000 0.00000 0.00000 0.00000 0.00000 0.00000 0.00000 0.00000 0.00000 0.00000 0.00000
0.14355 0.43340 0.61834 0.76863 0.90709 1.04363 1.18409 1.32732 1.47576 1.62899 1.78713 1.95231 2.12663 2.30975 0.00000 0.00000 0.00000 0.00000 0.00000 0.00000 0.00000 0.00000 0.00000 0.00000 0.00000 0.00000
0.08850 0.59104 0.81746 0.98374 1.13248 1.27685 1.42376 1.57102 1.72165 1.87535 2.03289 2.19653 2.36354 0.00000 0.00000 0.00000 0.00000 0.00000 0.00000 0.00000 0.00000 0.00000 0.00000 0.00000 0.00000 0.00000
0.00000 1.18815 1.28462 1.39183 1.50912 1.63369 1.76670 1.90186 2.04187 2.18589 2.33416 2.48293 0.00000 0.00000 0.00000 0.00000 0.00000 0.00000 0.00000 0.00000 0.00000 0.00000 0.00000 0.00000 0.00000 0.00000
0.03332 0.66459 0.94390 1.14167 1.31171 1.46876 1.62191 1.76977 1.91750 2.06541 2.20870 0.00000 0.00000 0.00000 0.00000 0.00000 0.00000 0.00000 0.00000 0.00000 0.00000 0.00000 0.00000 0.00000 0.00000 0.00000
0.09932 0.53748 0.81031 1.02045 1.20232 1.36756 1.52548 1.67592 1.82395 1.96436 0.00000 0.00000 0.00000 0.00000 0.00000 0.00000 0.00000 0.00000 0.00000 0.00000 0.00000 0.00000 0.00000 0.00000 0.00000 0.00000
0.16757 0.50977 0.75828 0.96127 1.14032 1.30349 1.45909 1.60661 1.74482 0.00000 0.00000 0.00000 0.00000 0.00000 0.00000 0.00000 0.00000 0.00000 0.00000 0.00000 0.00000 0.00000 0.00000 0.00000 0.00000 0.00000
0.23662 0.52053 0.74462 0.93469 1.10529 1.26202 1.41156 1.54722 0.00000 0.00000 0.00000 0.00000 0.00000 0.00000 0.00000 0.00000 0.00000 0.00000 0.00000 0.00000 0.00000 0.00000 0.00000 0.00000 0.00000 0.00000
0.30468 0.54815 0.75008 0.92591 1.08614 1.23426 1.36988 0.00000 0.00000 0.00000 0.00000 0.00000 0.00000 0.00000 0.00000 0.00000 0.00000 0.00000 0.00000 0.00000 0.00000 0.00000 0.00000 0.00000 0.00000 0.00000
0.36991 0.58266 0.76497 0.92694 1.07606 1.20865 0.00000 0.00000 0.00000 0.00000 0.00000 0.00000 0.00000 0.00000 0.00000 0.00000 0.00000 0.00000 0.00000 0.00000 0.00000 0.00000 0.00000 0.00000 0.00000 0.00000
0.43082 0.61900 0.78417 0.93285 1.06484 0.00000 0.00000 0.00000 0.00000 0.00000 0.00000 0.00000 0.00000 0.00000 0.00000 0.00000 0.00000 0.00000 0.00000 0.00000 0.00000 0.00000 0.00000 0.00000 0.00000 0.00000
0.48666 0.65465 0.80445 0.93462 0.00000 0.00000 0.00000 0.00000 0.00000 0.00000 0.00000 0.00000 0.00000 0.00000 0.00000 0.00000 0.00000 0.00000 0.00000 0.00000 0.00000 0.00000 0.00000 0.00000 0.00000 0.00000
0.53725 0.68794 0.81788 0.00000 0.00000 0.00000 0.00000 0.00000 0.00000 0.00000 0.00000 0.00000 0.00000 0.00000 0.00000 0.00000 0.00000 0.00000 0.00000 0.00000 0.00000 0.00000 0.00000 0.00000 0.00000 0.00000
0.58234 0.71196 0.00000 0.00000 0.00000 0.00000 0.00000 0.00000 0.00000 0.00000 0.00000 0.00000 0.00000 0.00000 0.00000 0.00000 0.00000 0.00000 0.00000 0.00000 0.00000 0.00000 0.00000 0.00000 0.00000 0.00000
0.61594 0.00000 0.00000 0.00000 0.00000 0.00000 0.00000 0.00000 0.00000 0.00000 0.00000 0.00000 0.00000 0.00000 0.00000 0.00000 0.00000 0.00000 0.00000 0.00000 0.00000 0.00000 0.00000 0.00000 0.00000 0.00000
