0.70524 0.69137 0.67912 0.66841 0.65909 0.65110 0.64435 0.63869 0.63408 0.63050 0.62787 0.62611 0.62523 0.62503 0.62551 0.62663 0.62822 0.63044 0.63309 0.63619 0.63973 0.64359 0.64767 0.65197 0.65671 0.66183 0.66742 0.67359 0.68070 0.68901 0.69898 0.71118 0.72636 0.74531 0.76911 0.79844 0.83478 0.88017 0.93613 1.00509 1.09052 1.19706 1.33328 1.51301 1.76716 2.16243 2.84935 4.17992
0.69640 0.68235 0.66999 0.65922 0.64988 0.64192 0.63523 0.62965 0.62515 0.62170 0.61921 0.61762 0.61690 0.61688 0.61755 0.61886 0.62064 0.62306 0.62591 0.62920 0.63294 0.63700 0.64127 0.64576 0.65069 0.65600 0.66178 0.66814 0.67546 0.68399 0.69419 0.70664 0.72213 0.74142 0.76562 0.79543 0.83233 0.87838 0.93513 1.00504 1.09162 1.19956 1.33755 1.51961 1.77704 2.17724 2.87190 0.00000
0.68554 0.67138 0.65897 0.64820 0.63892 0.63104 0.62447 0.61904 0.61471 0.61144 0.60916 0.60778 0.60729 0.60750 0.60841 0.60996 0.61198 0.61464 0.61773 0.62127 0.62525 0.62955 0.63405 0.63877 0.64392 0.64946 0.65546 0.66205 0.66961 0.67838 0.68886 0.70161 0.71743 0.73711 0.76177 0.79210 0.82962 0.87642 0.93405 1.00502 1.09288 1.20243 1.34251 1.52746 1.78899 2.19480 0.00000 0.00000
0.67451 0.66024 0.64779 0.63704 0.62783 0.62006 0.61363 0.60837 0.60422 0.60116 0.59910 0.59796 0.59772 0.59818 0.59934 0.60115 0.60343 0.60636 0.60971 0.61351 0.61775 0.62230 0.62705 0.63201 0.63741 0.64319 0.64943 0.65627 0.66408 0.67311 0.68388 0.69694 0.71313 0.73322 0.75837 0.78927 0.82746 0.87506 0.93365 1.00577 1.09507 1.20650 1.34923 1.53795 1.80465 0.00000 0.00000 0.00000
0.66284 0.64849 0.63602 0.62532 0.61620 0.60856 0.60230 0.59723 0.59330 0.59048 0.58867 0.58778 0.58782 0.58855 0.59000 0.59210 0.59466 0.59787 0.60150 0.60558 0.61009 0.61492 0.61994 0.62515 0.63081 0.63684 0.64334 0.65044 0.65851 0.66783 0.67889 0.69230 0.70887 0.72940 0.75506 0.78656 0.82544 0.87388 0.93349 1.00689 1.09788 1.21168 1.35793 1.55160 0.00000 0.00000 0.00000 0.00000
0.65010 0.63569 0.62324 0.61262 0.60363 0.59617 0.59012 0.58528 0.58160 0.57905 0.57752 0.57693 0.57727 0.57831 0.58007 0.58248 0.58534 0.58886 0.59280 0.59718 0.60199 0.60711 0.61241 0.61790 0.62384 0.63014 0.63691 0.64428 0.65264 0.66225 0.67363 0.68739 0.70435 0.72534 0.75154 0.78365 0.82326 0.87259 0.93332 1.00820 1.10134 1.21841 1.36942 0.00000 0.00000 0.00000 0.00000 0.00000
0.63604 0.62162 0.60925 0.59876 0.58995 0.58271 0.57691 0.57234 0.56896 0.56672 0.56552 0.56527 0.56595 0.56733 0.56943 0.57218 0.57538 0.57923 0.58350 0.58820 0.59334 0.59878 0.60438 0.61016 0.61639 0.62298 0.63004 0.63770 0.64635 0.65627 0.66799 0.68211 0.69949 0.72095 0.74771 0.78047 0.82084 0.87116 0.93321 1.01007 1.10628 1.22795 0.00000 0.00000 0.00000 0.00000 0.00000 0.00000
0.62060 0.60623 0.59398 0.58369 0.57511 0.56815 0.56266 0.55842 0.55538 0.55351 0.55267 0.55279 0.55386 0.55562 0.55809 0.56122 0.56478 0.56900 0.57363 0.57868 0.58417 0.58994 0.59587 0.60197 0.60850 0.61541 0.62277 0.63073 0.63970 0.64994 0.66202 0.67652 0.69434 0.71629 0.74364 0.77709 0.81832 0.86984 0.93372 1.01351 1.11423 0.00000 0.00000 0.00000 0.00000 0.00000 0.00000 0.00000
0.60378 0.58953 0.57747 0.56743 0.55916 0.55254 0.54741 0.54356 0.54092 0.53946 0.53904 0.53959 0.54107 0.54326 0.54615 0.54968 0.55364 0.55826 0.56327 0.56870 0.57456 0.58070 0.58698 0.59340 0.60027 0.60750 0.61519 0.62348 0.63278 0.64337 0.65582 0.67073 0.68901 0.71149 0.73948 0.77372 0.81604 0.86927 0.93598 1.02020 0.00000 0.00000 0.00000 0.00000 0.00000 0.00000 0.00000 0.00000
0.58558 0.57152 0.55974 0.55003 0.54214 0.53592 0.53124 0.52783 0.52566 0.52466 0.52471 0.52573 0.52770 0.53035 0.53368 0.53767 0.54205 0.54710 0.55253 0.55837 0.56463 0.57117 0.57782 0.58459 0.59181 0.59939 0.60743 0.61606 0.62572 0.63669 0.64953 0.66488 0.68365 0.70672 0.73546 0.77072 0.81465 0.87063 0.94173 0.00000 0.00000 0.00000 0.00000 0.00000 0.00000 0.00000 0.00000 0.00000
0.56601 0.55223 0.54081 0.53152 0.52410 0.51837 0.51420 0.51131 0.50966 0.50919 0.50978 0.51132 0.51382 0.51698 0.52081 0.52529 0.53014 0.53565 0.54153 0.54781 0.55450 0.56146 0.56851 0.57565 0.58325 0.59120 0.59960 0.60860 0.61865 0.63002 0.64329 0.65912 0.67844 0.70219 0.73192 0.76875 0.81536 0.87571 0.00000 0.00000 0.00000 0.00000 0.00000 0.00000 0.00000 0.00000 0.00000 0.00000
0.54504 0.53166 0.52070 0.51194 0.50507 0.49993 0.49636 0.49407 0.49302 0.49315 0.49433 0.49646 0.49954 0.50327 0.50764 0.51266 0.51801 0.52402 0.53038 0.53713 0.54429 0.55170 0.55917 0.56671 0.57471 0.58306 0.59185 0.60125 0.61171 0.62351 0.63725 0.65362 0.67360 0.69830 0.72956 0.76904 0.81998 0.00000 0.00000 0.00000 0.00000 0.00000 0.00000 0.00000 0.00000 0.00000 0.00000 0.00000
0.52266 0.50981 0.49944 0.49133 0.48513 0.48068 0.47781 0.47621 0.47584 0.47664 0.47849 0.48127 0.48500 0.48934 0.49430 0.49991 0.50580 0.51236 0.51924 0.52649 0.53414 0.54203 0.54995 0.55791 0.56634 0.57510 0.58432 0.59414 0.60504 0.61733 0.63161 0.64862 0.66952 0.69571 0.72961 0.77342 0.00000 0.00000 0.00000 0.00000 0.00000 0.00000 0.00000 0.00000 0.00000 0.00000 0.00000 0.00000
0.49888 0.48671 0.47708 0.46976 0.46437 0.46073 0.45867 0.45786 0.45826 0.45981 0.46240 0.46590 0.47035 0.47536 0.48096 0.48721 0.49369 0.50082 0.50826 0.51604 0.52422 0.53261 0.54100 0.54942 0.55830 0.56751 0.57718 0.58746 0.59884 0.61168 0.62660 0.64452 0.66690 0.69570 0.73394 0.00000 0.00000 0.00000 0.00000 0.00000 0.00000 0.00000 0.00000 0.00000 0.00000 0.00000 0.00000 0.00000
0.47373 0.46244 0.45372 0.44735 0.44290 0.44021 0.43910 0.43919 0.44046 0.44285 0.44626 0.45055 0.45577 0.46152 0.46782 0.47475 0.48186 0.48962 0.49764 0.50598 0.51472 0.52364 0.53253 0.54142 0.55077 0.56046 0.57061 0.58139 0.59332 0.60682 0.62264 0.64203 0.66702 0.70016 0.00000 0.00000 0.00000 0.00000 0.00000 0.00000 0.00000 0.00000 0.00000 0.00000 0.00000 0.00000 0.00000 0.00000
0.44728 0.43708 0.42949 0.42426 0.42093 0.41934 0.41930 0.42042 0.42266 0.42598 0.43030 0.43545 0.44151 0.44805 0.45511 0.46277 0.47056 0.47897 0.48761 0.49654 0.50586 0.51532 0.52474 0.53413 0.54399 0.55418 0.56485 0.57618 0.58877 0.60319 0.62048 0.64246 0.67180 0.00000 0.00000 0.00000 0.00000 0.00000 0.00000 0.00000 0.00000 0.00000 0.00000 0.00000 0.00000 0.00000 0.00000 0.00000
0.41963 0.41080 0.40457 0.40070 0.39867 0.39835 0.39953 0.40181 0.40512 0.40949 0.41480 0.42088 0.42785 0.43523 0.44311 0.45154 0.46004 0.46915 0.47843 0.48799 0.49790 0.50793 0.51788 0.52780 0.53819 0.54891 0.56016 0.57214 0.58565 0.60153 0.62142 0.64776 0.00000 0.00000 0.00000 0.00000 0.00000 0.00000 0.00000 0.00000 0.00000 0.00000 0.00000 0.00000 0.00000 0.00000 0.00000 0.00000
0.39091 0.38378 0.37920 0.37692 0.37641 0.37754 0.38011 0.38368 0.38819 0.39370 0.40009 0.40717 0.41511 0.42339 0.43212 0.44137 0.45062 0.46045 0.47040 0.48059 0.49111 0.50172 0.51224 0.52270 0.53364 0.54495 0.55686 0.56975 0.58471 0.60320 0.62744 0.00000 0.00000 0.00000 0.00000 0.00000 0.00000 0.00000 0.00000 0.00000 0.00000 0.00000 0.00000 0.00000 0.00000 0.00000 0.00000 0.00000
0.36126 0.35622 0.35363 0.35325 0.35448 0.35726 0.36139 0.36639 0.37221 0.37898 0.38653 0.39468 0.40364 0.41288 0.42251 0.43259 0.44262 0.45319 0.46383 0.47466 0.48581 0.49700 0.50809 0.51912 0.53065 0.54263 0.55545 0.56977 0.58732 0.61016 0.00000 0.00000 0.00000 0.00000 0.00000 0.00000 0.00000 0.00000 0.00000 0.00000 0.00000 0.00000 0.00000 0.00000 0.00000 0.00000 0.00000 0.00000
0.33083 0.32840 0.32820 0.33003 0.33327 0.33793 0.34379 0.35037 0.35762 0.36574 0.37453 0.38382 0.39385 0.40408 0.41464 0.42558 0.43640 0.44773 0.45906 0.47054 0.48231 0.49409 0.50577 0.51739 0.52959 0.54246 0.55672 0.57359 0.59544 0.00000 0.00000 0.00000 0.00000 0.00000 0.00000 0.00000 0.00000 0.00000 0.00000 0.00000 0.00000 0.00000 0.00000 0.00000 0.00000 0.00000 0.00000 0.00000
0.29980 0.30058 0.30327 0.30769 0.31324 0.32000 0.32778 0.33609 0.34489 0.35445 0.36455 0.37502 0.38617 0.39741 0.40892 0.42074 0.43235 0.44444 0.45646 0.46858 0.48097 0.49332 0.50560 0.51789 0.53097 0.54525 0.56205 0.58315 0.00000 0.00000 0.00000 0.00000 0.00000 0.00000 0.00000 0.00000 0.00000 0.00000 0.00000 0.00000 0.00000 0.00000 0.00000 0.00000 0.00000 0.00000 0.00000 0.00000
0.26833 0.27312 0.27927 0.28672 0.29491 0.30403 0.31393 0.32411 0.33455 0.34563 0.35709 0.36879 0.38107 0.39335 0.40581 0.41849 0.43088 0.44372 0.45640 0.46915 0.48214 0.49506 0.50800 0.52115 0.53561 0.55237 0.57338 0.00000 0.00000 0.00000 0.00000 0.00000 0.00000 0.00000 0.00000 0.00000 0.00000 0.00000 0.00000 0.00000 0.00000 0.00000 0.00000 0.00000 0.00000 0.00000 0.00000 0.00000
0.23657 0.24642 0.25675 0.26775 0.27895 0.29069 0.30288 0.31505 0.32724 0.33989 0.35275 0.36568 0.37909 0.39238 0.40578 0.41930 0.43245 0.44599 0.45930 0.47265 0.48622 0.49974 0.51352 0.52801 0.54489 0.56578 0.00000 0.00000 0.00000 0.00000 0.00000 0.00000 0.00000 0.00000 0.00000 0.00000 0.00000 0.00000 0.00000 0.00000 0.00000 0.00000 0.00000 0.00000 0.00000 0.00000 0.00000 0.00000
0.20467 0.22100 0.23642 0.25157 0.26616 0.28078 0.29542 0.30970 0.32367 0.33791 0.35216 0.36631 0.38082 0.39509 0.40937 0.42367 0.43752 0.45171 0.46560 0.47951 0.49367 0.50795 0.52302 0.53987 0.56077 0.00000 0.00000 0.00000 0.00000 0.00000 0.00000 0.00000 0.00000 0.00000 0.00000 0.00000 0.00000 0.00000 0.00000 0.00000 0.00000 0.00000 0.00000 0.00000 0.00000 0.00000 0.00000 0.00000
0.17277 0.19758 0.21925 0.23923 0.25762 0.27536 0.29257 0.30900 0.32473 0.34054 0.35612 0.37142 0.38693 0.40209 0.41717 0.43216 0.44663 0.46138 0.47579 0.49024 0.50512 0.52057 0.53793 0.55870 0.00000 0.00000 0.00000 0.00000 0.00000 0.00000 0.00000 0.00000 0.00000 0.00000 0.00000 0.00000 0.00000 0.00000 0.00000 0.00000 0.00000 0.00000 0.00000 0.00000 0.00000 0.00000 0.00000 0.00000
0.14099 0.17727 0.20669 0.23226 0.25481 0.27581 0.29561 0.31413 0.33153 0.34877 0.36555 0.38185 0.39822 0.41412 0.42987 0.44540 0.46036 0.47557 0.49045 0.50553 0.52150 0.53908 0.56023 0.00000 0.00000 0.00000 0.00000 0.00000 0.00000 0.00000 0.00000 0.00000 0.00000 0.00000 0.00000 0.00000 0.00000 0.00000 0.00000 0.00000 0.00000 0.00000 0.00000 0.00000 0.00000 0.00000 0.00000 0.00000
0.10945 0.16195 0.20102 0.23295 0.25987 0.28408 0.30630 0.32669 0.34548 0.36390 0.38161 0.39865 0.41564 0.43205 0.44826 0.46414 0.47942 0.49498 0.51034 0.52639 0.54438 0.56552 0.00000 0.00000 0.00000 0.00000 0.00000 0.00000 0.00000 0.00000 0.00000 0.00000 0.00000 0.00000 0.00000 0.00000 0.00000 0.00000 0.00000 0.00000 0.00000 0.00000 0.00000 0.00000 0.00000 0.00000 0.00000 0.00000
0.07823 0.15523 0.20629 0.24503 0.27607 0.30303 0.32710 0.34882 0.36845 0.38755 0.40574 0.42311 0.44034 0.45691 0.47328 0.48923 0.50463 0.52049 0.53663 0.55450 0.57584 0.00000 0.00000 0.00000 0.00000 0.00000 0.00000 0.00000 0.00000 0.00000 0.00000 0.00000 0.00000 0.00000 0.00000 0.00000 0.00000 0.00000 0.00000 0.00000 0.00000 0.00000 0.00000 0.00000 0.00000 0.00000 0.00000 0.00000
0.04742 0.16544 0.23048 0.27514 0.30884 0.33708 0.36166 0.38356 0.40302 0.42195 0.43986 0.45690 0.47378 0.49001 0.50610 0.52178 0.53714 0.55348 0.57115 0.59208 0.00000 0.00000 0.00000 0.00000 0.00000 0.00000 0.00000 0.00000 0.00000 0.00000 0.00000 0.00000 0.00000 0.00000 0.00000 0.00000 0.00000 0.00000 0.00000 0.00000 0.00000 0.00000 0.00000 0.00000 0.00000 0.00000 0.00000 0.00000
0.01710 0.21737 0.29208 0.33649 0.36781 0.39352 0.41568 0.43546 0.45289 0.47013 0.48653 0.50221 0.51784 0.53300 0.54822 0.56326 0.57859 0.59603 0.61632 0.00000 0.00000 0.00000 0.00000 0.00000 0.00000 0.00000 0.00000 0.00000 0.00000 0.00000 0.00000 0.00000 0.00000 0.00000 0.00000 0.00000 0.00000 0.00000 0.00000 0.00000 0.00000 0.00000 0.00000 0.00000 0.00000 0.00000 0.00000 0.00000
0.00000 0.43460 0.44642 0.45974 0.47222 0.48544 0.49855 0.51157 0.52352 0.53647 0.54930 0.56196 0.57502 0.58804 0.60168 0.61579 0.63150 0.65091 0.00000 0.00000 0.00000 0.00000 0.00000 0.00000 0.00000 0.00000 0.00000 0.00000 0.00000 0.00000 0.00000 0.00000 0.00000 0.00000 0.00000 0.00000 0.00000 0.00000 0.00000 0.00000 0.00000 0.00000 0.00000 0.00000 0.00000 0.00000 0.00000 0.00000
0.04188 0.24710 0.32329 0.36840 0.40011 0.42594 0.44797 0.46773 0.48495 0.50198 0.51813 0.53357 0.54895 0.56416 0.58015 0.59728 0.61693 0.00000 0.00000 0.00000 0.00000 0.00000 0.00000 0.00000 0.00000 0.00000 0.00000 0.00000 0.00000 0.00000 0.00000 0.00000 0.00000 0.00000 0.00000 0.00000 0.00000 0.00000 0.00000 0.00000 0.00000 0.00000 0.00000 0.00000 0.00000 0.00000 0.00000 0.00000
0.07043 0.20385 0.27633 0.32540 0.36196 0.39202 0.41762 0.44042 0.46025 0.47941 0.49740 0.51449 0.53141 0.54842 0.56689 0.58728 0.00000 0.00000 0.00000 0.00000 0.00000 0.00000 0.00000 0.00000 0.00000 0.00000 0.00000 0.00000 0.00000 0.00000 0.00000 0.00000 0.00000 0.00000 0.00000 0.00000 0.00000 0.00000 0.00000 0.00000 0.00000 0.00000 0.00000 0.00000 0.00000 0.00000 0.00000 0.00000
0.09831 0.19613 0.25939 0.30619 0.34290 0.37379 0.40047 0.42442 0.44540 0.46557 0.48453 0.50270 0.52089 0.53989 0.56107 0.00000 0.00000 0.00000 0.00000 0.00000 0.00000 0.00000 0.00000 0.00000 0.00000 0.00000 0.00000 0.00000 0.00000 0.00000 0.00000 0.00000 0.00000 0.00000 0.00000 0.00000 0.00000 0.00000 0.00000 0.00000 0.00000 0.00000 0.00000 0.00000 0.00000 0.00000 0.00000 0.00000
0.12548 0.20219 0.25708 0.30023 0.33544 0.36572 0.39229 0.41641 0.43774 0.45829 0.47780 0.49688 0.51660 0.53781 0.00000 0.00000 0.00000 0.00000 0.00000 0.00000 0.00000 0.00000 0.00000 0.00000 0.00000 0.00000 0.00000 0.00000 0.00000 0.00000 0.00000 0.00000 0.00000 0.00000 0.00000 0.00000 0.00000 0.00000 0.00000 0.00000 0.00000 0.00000 0.00000 0.00000 0.00000 0.00000 0.00000 0.00000
0.15194 0.21475 0.26279 0.30224 0.33544 0.36452 0.39040 0.41417 0.43543 0.45609 0.47611 0.49640 0.51786 0.00000 0.00000 0.00000 0.00000 0.00000 0.00000 0.00000 0.00000 0.00000 0.00000 0.00000 0.00000 0.00000 0.00000 0.00000 0.00000 0.00000 0.00000 0.00000 0.00000 0.00000 0.00000 0.00000 0.00000 0.00000 0.00000 0.00000 0.00000 0.00000 0.00000 0.00000 0.00000 0.00000 0.00000 0.00000
0.17767 0.23070 0.27322 0.30929 0.34042 0.36806 0.39302 0.41622 0.43726 0.45809 0.47896 0.50064 0.00000 0.00000 0.00000 0.00000 0.00000 0.00000 0.00000 0.00000 0.00000 0.00000 0.00000 0.00000 0.00000 0.00000 0.00000 0.00000 0.00000 0.00000 0.00000 0.00000 0.00000 0.00000 0.00000 0.00000 0.00000 0.00000 0.00000 0.00000 0.00000 0.00000 0.00000 0.00000 0.00000 0.00000 0.00000 0.00000
0.20266 0.24848 0.28653 0.31963 0.34878 0.37497 0.39896 0.42156 0.44253 0.46389 0.48579 0.00000 0.00000 0.00000 0.00000 0.00000 0.00000 0.00000 0.00000 0.00000 0.00000 0.00000 0.00000 0.00000 0.00000 0.00000 0.00000 0.00000 0.00000 0.00000 0.00000 0.00000 0.00000 0.00000 0.00000 0.00000 0.00000 0.00000 0.00000 0.00000 0.00000 0.00000 0.00000 0.00000 0.00000 0.00000 0.00000 0.00000
0.22692 0.26723 0.30161 0.33215 0.35949 0.38432 0.40744 0.42965 0.45094 0.47302 0.00000 0.00000 0.00000 0.00000 0.00000 0.00000 0.00000 0.00000 0.00000 0.00000 0.00000 0.00000 0.00000 0.00000 0.00000 0.00000 0.00000 0.00000 0.00000 0.00000 0.00000 0.00000 0.00000 0.00000 0.00000 0.00000 0.00000 0.00000 0.00000 0.00000 0.00000 0.00000 0.00000 0.00000 0.00000 0.00000 0.00000 0.00000
0.25045 0.28643 0.31779 0.34611 0.37188 0.39553 0.41805 0.44031 0.46210 0.00000 0.00000 0.00000 0.00000 0.00000 0.00000 0.00000 0.00000 0.00000 0.00000 0.00000 0.00000 0.00000 0.00000 0.00000 0.00000 0.00000 0.00000 0.00000 0.00000 0.00000 0.00000 0.00000 0.00000 0.00000 0.00000 0.00000 0.00000 0.00000 0.00000 0.00000 0.00000 0.00000 0.00000 0.00000 0.00000 0.00000 0.00000 0.00000
0.27327 0.30577 0.33463 0.36107 0.38553 0.40834 0.43072 0.45320 0.00000 0.00000 0.00000 0.00000 0.00000 0.00000 0.00000 0.00000 0.00000 0.00000 0.00000 0.00000 0.00000 0.00000 0.00000 0.00000 0.00000 0.00000 0.00000 0.00000 0.00000 0.00000 0.00000 0.00000 0.00000 0.00000 0.00000 0.00000 0.00000 0.00000 0.00000 0.00000 0.00000 0.00000 0.00000 0.00000 0.00000 0.00000 0.00000 0.00000
0.29539 0.32507 0.35185 0.37676 0.40028 0.42275 0.44515 0.00000 0.00000 0.00000 0.00000 0.00000 0.00000 0.00000 0.00000 0.00000 0.00000 0.00000 0.00000 0.00000 0.00000 0.00000 0.00000 0.00000 0.00000 0.00000 0.00000 0.00000 0.00000 0.00000 0.00000 0.00000 0.00000 0.00000 0.00000 0.00000 0.00000 0.00000 0.00000 0.00000 0.00000 0.00000 0.00000 0.00000 0.00000 0.00000 0.00000 0.00000
0.31684 0.34422 0.36934 0.39314 0.41623 0.43851 0.00000 0.00000 0.00000 0.00000 0.00000 0.00000 0.00000 0.00000 0.00000 0.00000 0.00000 0.00000 0.00000 0.00000 0.00000 0.00000 0.00000 0.00000 0.00000 0.00000 0.00000 0.00000 0.00000 0.00000 0.00000 0.00000 0.00000 0.00000 0.00000 0.00000 0.00000 0.00000 0.00000 0.00000 0.00000 0.00000 0.00000 0.00000 0.00000 0.00000 0.00000 0.00000
0.33769 0.36323 0.38714 0.41036 0.43317 0.00000 0.00000 0.00000 0.00000 0.00000 0.00000 0.00000 0.00000 0.00000 0.00000 0.00000 0.00000 0.00000 0.00000 0.00000 0.00000 0.00000 0.00000 0.00000 0.00000 0.00000 0.00000 0.00000 0.00000 0.00000 0.00000 0.00000 0.00000 0.00000 0.00000 0.00000 0.00000 0.00000 0.00000 0.00000 0.00000 0.00000 0.00000 0.00000 0.00000 0.00000 0.00000 0.00000
0.35803 0.38224 0.40548 0.42828 0.00000 0.00000 0.00000 0.00000 0.00000 0.00000 0.00000 0.00000 0.00000 0.00000 0.00000 0.00000 0.00000 0.00000 0.00000 0.00000 0.00000 0.00000 0.00000 0.00000 0.00000 0.00000 0.00000 0.00000 0.00000 0.00000 0.00000 0.00000 0.00000 0.00000 0.00000 0.00000 0.00000 0.00000 0.00000 0.00000 0.00000 0.00000 0.00000 0.00000 0.00000 0.00000 0.00000 0.00000
0.37808 0.40151 0.42425 0.00000 0.00000 0.00000 0.00000 0.00000 0.00000 0.00000 0.00000 0.00000 0.00000 0.00000 0.00000 0.00000 0.00000 0.00000 0.00000 0.00000 0.00000 0.00000 0.00000 0.00000 0.00000 0.00000 0.00000 0.00000 0.00000 0.00000 0.00000 0.00000 0.00000 0.00000 0.00000 0.00000 0.00000 0.00000 0.00000 0.00000 0.00000 0.00000 0.00000 0.00000 0.00000 0.00000 0.00000 0.00000
0.39817 0.42097 0.00000 0.00000 0.00000 0.00000 0.00000 0.00000 0.00000 0.00000 0.00000 0.00000 0.00000 0.00000 0.00000 0.00000 0.00000 0.00000 0.00000 0.00000 0.00000 0.00000 0.00000 0.00000 0.00000 0.00000 0.00000 0.00000 0.00000 0.00000 0.00000 0.00000 0.00000 0.00000 0.00000 0.00000 0.00000 0.00000 0.00000 0.00000 0.00000 0.00000 0.00000 0.00000 0.00000 0.00000 0.00000 0.00000
0.41824 0.00000 0.00000 0.00000 0.00000 0.00000 0.00000 0.00000 0.00000 0.00000 0.00000 0.00000 0.00000 0.00000 0.00000 0.00000 0.00000 0.00000 0.00000 0.00000 0.00000 0.00000 0.00000 0.00000 0.00000 0.00000 0.00000 0.00000 0.00000 0.00000 0.00000 0.00000 0.00000 0.00000 0.00000 0.00000 0.00000 0.00000 0.00000 0.00000 0.00000 0.00000 0.00000 0.00000 0.00000 0.00000 0.00000 0.00000
