0.00000 1.63889 1.69539 1.72772 1.74771 1.76569 1.78105 1.79390 1.80493 1.81417 1.82201 1.82880 1.83504 1.83875 1.84132 1.84279 1.84263 1.84086 1.83758 1.83198 1.82612 1.81852 1.80964 1.80036 1.79089 1.78331 1.77708 1.77547 1.82242 1.88576 1.97483 2.10453 2.29728 2.58941 3.04007 3.76872 5.06076 7.72829
0.00000 1.73035 1.74937 1.76523 1.77618 1.78856 1.79992 1.80961 1.81803 1.82499 1.83077 1.83566 1.84007 1.84192 1.84255 1.84194 1.83948 1.83522 1.82924 1.82077 1.81191 1.80121 1.78919 1.77680 1.76431 1.75388 1.74500 1.78069 1.82905 1.89454 1.98781 2.12411 2.32684 2.63368 3.10421 3.85867 5.18651 0.00000
0.00000 1.74611 1.75886 1.77161 1.78074 1.79167 1.80176 1.81017 1.81741 1.82318 1.82776 1.83139 1.83443 1.83474 1.83359 1.83101 1.82628 1.81950 1.81081 1.79947 1.78762 1.77388 1.75881 1.74347 1.72817 1.71516 1.74377 1.78030 1.83020 1.89899 1.99763 2.14228 2.35748 2.68118 3.17202 3.95072 0.00000 0.00000
0.00000 1.74948 1.76049 1.77229 1.78068 1.79060 1.79970 1.80700 1.81317 1.81785 1.82122 1.82355 1.82501 1.82355 1.82038 1.81555 1.80827 1.79872 1.78710 1.77277 1.75783 1.74101 1.72291 1.70474 1.68682 1.71157 1.74077 1.77832 1.83103 1.90441 2.01027 2.16577 2.39537 2.73590 3.24514 0.00000 0.00000 0.00000
0.00000 1.74941 1.75981 1.77087 1.77854 1.78741 1.79549 1.80161 1.80668 1.81014 1.81217 1.81298 1.81255 1.80901 1.80346 1.79605 1.78593 1.77333 1.75860 1.74115 1.72307 1.70320 1.68218 1.66136 1.68163 1.70681 1.73678 1.77667 1.83356 1.91344 2.02914 2.19755 2.44152 2.79670 0.00000 0.00000 0.00000 0.00000
0.00000 1.74766 1.75745 1.76768 1.77453 1.78223 1.78920 1.79412 1.79794 1.80001 1.80043 1.79942 1.79676 1.79076 1.78247 1.77217 1.75894 1.74308 1.72511 1.70449 1.68330 1.66051 1.63677 1.65473 1.67525 1.70103 1.73311 1.77678 1.83982 1.92895 2.05667 2.23798 2.49393 0.00000 0.00000 0.00000 0.00000 0.00000
0.00000 1.74419 1.75325 1.76255 1.76848 1.77491 1.78073 1.78433 1.78673 1.78712 1.78559 1.78239 1.77711 1.76828 1.75695 1.74343 1.72691 1.70767 1.68641 1.66267 1.63851 1.61301 1.62869 1.64682 1.66773 1.69552 1.73113 1.78062 1.85268 1.95335 2.09309 2.28472 0.00000 0.00000 0.00000 0.00000 0.00000 0.00000
0.00000 1.73886 1.74704 1.75538 1.76024 1.76538 1.76987 1.77206 1.77271 1.77106 1.76717 1.76134 1.75309 1.74110 1.72644 1.70948 1.68952 1.66689 1.64241 1.61568 1.58879 1.60350 1.61927 1.63773 1.66044 1.69172 1.73294 1.79126 1.87474 1.98697 2.13598 0.00000 0.00000 0.00000 0.00000 0.00000 0.00000 0.00000
0.00000 1.73153 1.73876 1.74605 1.74977 1.75349 1.75644 1.75686 1.75536 1.75123 1.74455 1.73567 1.72410 1.70869 1.69053 1.66998 1.64658 1.62065 1.59312 1.56366 1.57782 1.59254 1.60854 1.62882 1.65486 1.69180 1.74178 1.81147 1.90642 2.02730 0.00000 0.00000 0.00000 0.00000 0.00000 0.00000 0.00000 0.00000
0.00000 1.72221 1.72826 1.73451 1.73684 1.73899 1.74000 1.73821 1.73410 1.72704 1.71711 1.70479 1.68964 1.67061 1.64885 1.62472 1.59797 1.56897 1.53869 1.55118 1.56532 1.58017 1.59794 1.62167 1.65333 1.69920 1.76063 1.84175 1.94511 0.00000 0.00000 0.00000 0.00000 0.00000 0.00000 0.00000 0.00000 0.00000
0.00000 1.71054 1.71545 1.72038 1.72107 1.72125 1.71985 1.71534 1.70814 1.69770 1.68418 1.66813 1.64922 1.62648 1.60118 1.57357 1.54370 1.51196 1.52464 1.53701 1.55124 1.56785 1.58904 1.61864 1.65942 1.71710 1.79008 1.87941 0.00000 0.00000 0.00000 0.00000 0.00000 0.00000 0.00000 0.00000 0.00000 0.00000
0.00000 1.69670 1.69998 1.70326 1.70182 1.69950 1.69516 1.68742 1.67669 1.66252 1.64512 1.62519 1.60245 1.57606 1.54731 1.51651 1.48385 1.49610 1.50867 1.52103 1.53705 1.55714 1.58429 1.62346 1.67648 1.74613 1.82733 0.00000 0.00000 0.00000 0.00000 0.00000 0.00000 0.00000 0.00000 0.00000 0.00000 0.00000
0.00000 1.67973 1.68117 1.68219 1.67811 1.67272 1.66497 1.65352 1.63895 1.62078 1.59938 1.57554 1.54905 1.51917 1.48726 1.45367 1.46602 1.47810 1.49067 1.50476 1.52440 1.55064 1.58764 1.63970 1.70519 1.78335 0.00000 0.00000 0.00000 0.00000 0.00000 0.00000 0.00000 0.00000 0.00000 0.00000 0.00000 0.00000
0.00000 1.65925 1.65815 1.65618 1.64893 1.63995 1.62833 1.61290 1.59425 1.57198 1.54657 1.51897 1.48893 1.45590 1.42124 1.43374 1.44585 1.45784 1.47223 1.48994 1.51600 1.55257 1.60300 1.66824 1.74255 0.00000 0.00000 0.00000 0.00000 0.00000 0.00000 0.00000 0.00000 0.00000 0.00000 0.00000 0.00000 0.00000
0.00000 1.63389 1.62973 1.62420 1.61330 1.60029 1.58455 1.56494 1.54216 1.51581 1.48659 1.45548 1.42228 1.38656 1.39897 1.41126 1.42318 1.43699 1.45512 1.47935 1.51632 1.56707 1.63138 1.70602 0.00000 0.00000 0.00000 0.00000 0.00000 0.00000 0.00000 0.00000 0.00000 0.00000 0.00000 0.00000 0.00000 0.00000
0.00000 1.60259 1.59483 1.58531 1.57036 1.55309 1.53307 1.50930 1.48245 1.45226 1.41958 1.38539 1.34953 1.36192 1.37403 1.38609 1.39982 1.41743 1.44230 1.47776 1.52982 1.59538 1.66964 0.00000 0.00000 0.00000 0.00000 0.00000 0.00000 0.00000 0.00000 0.00000 0.00000 0.00000 0.00000 0.00000 0.00000 0.00000
0.00000 1.56436 1.55259 1.53875 1.51959 1.49794 1.47369 1.44589 1.41526 1.38159 1.34593 1.30921 1.32244 1.33448 1.34623 1.36014 1.37770 1.40224 1.43882 1.49002 1.55800 1.63431 0.00000 0.00000 0.00000 0.00000 0.00000 0.00000 0.00000 0.00000 0.00000 0.00000 0.00000 0.00000 0.00000 0.00000 0.00000 0.00000
0.00000 1.51847 1.50234 1.48414 1.46071 1.43480 1.40649 1.37502 1.34100 1.30443 1.26637 1.27966 1.29252 1.30408 1.31764 1.33548 1.36011 1.39677 1.44993 1.51786 1.59760 0.00000 0.00000 0.00000 0.00000 0.00000 0.00000 0.00000 0.00000 0.00000 0.00000 0.00000 0.00000 0.00000 0.00000 0.00000 0.00000 0.00000
0.00000 1.46435 1.44392 1.42136 1.39385 1.36389 1.33191 1.29724 1.26041 1.22160 1.23433 1.24726 1.25954 1.27289 1.29036 1.31542 1.35265 1.40665 1.47762 1.55800 0.00000 0.00000 0.00000 0.00000 0.00000 0.00000 0.00000 0.00000 0.00000 0.00000 0.00000 0.00000 0.00000 0.00000 0.00000 0.00000 0.00000 0.00000
0.00000 1.40224 1.37743 1.35077 1.31945 1.28589 1.25073 1.21350 1.17455 1.18737 1.19956 1.21181 1.22591 1.24313 1.26781 1.30590 1.36133 1.43414 1.51858 0.00000 0.00000 0.00000 0.00000 0.00000 0.00000 0.00000 0.00000 0.00000 0.00000 0.00000 0.00000 0.00000 0.00000 0.00000 0.00000 0.00000 0.00000 0.00000
0.00000 1.33211 1.30333 1.27286 1.23825 1.20165 1.16401 1.12493 1.13829 1.15056 1.16173 1.17584 1.19384 1.21819 1.25608 1.31324 1.38862 1.47579 0.00000 0.00000 0.00000 0.00000 0.00000 0.00000 0.00000 0.00000 0.00000 0.00000 0.00000 0.00000 0.00000 0.00000 0.00000 0.00000 0.00000 0.00000 0.00000 0.00000
0.00000 1.25489 1.22235 1.18866 1.15132 1.11242 1.07308 1.08690 1.09974 1.11084 1.12364 1.14164 1.16674 1.20438 1.26189 1.34021 1.43105 0.00000 0.00000 0.00000 0.00000 0.00000 0.00000 0.00000 0.00000 0.00000 0.00000 0.00000 0.00000 0.00000 0.00000 0.00000 0.00000 0.00000 0.00000 0.00000 0.00000 0.00000
0.00000 1.17117 1.13561 1.09933 1.06002 1.01963 1.03350 1.04695 1.05846 1.07124 1.08760 1.11252 1.15107 1.20882 1.28831 1.38333 0.00000 0.00000 0.00000 0.00000 0.00000 0.00000 0.00000 0.00000 0.00000 0.00000 0.00000 0.00000 0.00000 0.00000 0.00000 0.00000 0.00000 0.00000 0.00000 0.00000 0.00000 0.00000
0.00000 1.08253 1.04451 1.00649 0.96594 0.97885 0.99239 1.00442 1.01781 1.03407 1.05669 1.09505 1.15440 1.23494 1.33188 0.00000 0.00000 0.00000 0.00000 0.00000 0.00000 0.00000 0.00000 0.00000 0.00000 0.00000 0.00000 0.00000 0.00000 0.00000 0.00000 0.00000 0.00000 0.00000 0.00000 0.00000 0.00000 0.00000
0.00000 0.99019 0.95064 0.91176 0.92470 0.93697 0.94868 0.96315 0.98022 1.00200 1.03729 1.09700 1.18044 1.27915 0.00000 0.00000 0.00000 0.00000 0.00000 0.00000 0.00000 0.00000 0.00000 0.00000 0.00000 0.00000 0.00000 0.00000 0.00000 0.00000 0.00000 0.00000 0.00000 0.00000 0.00000 0.00000 0.00000 0.00000
0.00000 0.89613 0.85580 0.87079 0.88326 0.89213 0.90690 0.92584 0.94787 0.98116 1.03737 1.12264 1.22596 0.00000 0.00000 0.00000 0.00000 0.00000 0.00000 0.00000 0.00000 0.00000 0.00000 0.00000 0.00000 0.00000 0.00000 0.00000 0.00000 0.00000 0.00000 0.00000 0.00000 0.00000 0.00000 0.00000 0.00000 0.00000
0.00000 0.80190 0.81401 0.83148 0.83803 0.84922 0.87025 0.89418 0.92637 0.97967 1.06142 1.16953 0.00000 0.00000 0.00000 0.00000 0.00000 0.00000 0.00000 0.00000 0.00000 0.00000 0.00000 0.00000 0.00000 0.00000 0.00000 0.00000 0.00000 0.00000 0.00000 0.00000 0.00000 0.00000 0.00000 0.00000 0.00000 0.00000
0.00000 0.00000 0.00000 0.00000 0.00000 0.00000 0.00000 0.00000 0.00000 0.00000 0.00000 0.00000 0.00000 0.00000 0.00000 0.00000 0.00000 0.00000 0.00000 0.00000 0.00000 0.00000 0.00000 0.00000 0.00000 0.00000 0.00000 0.00000 0.00000 0.00000 0.00000 0.00000 0.00000 0.00000 0.00000 0.00000 0.00000 0.00000
0.00000 0.00000 0.00000 0.00000 0.00000 0.00000 0.00000 0.00000 0.00000 0.00000 0.00000 0.00000 0.00000 0.00000 0.00000 0.00000 0.00000 0.00000 0.00000 0.00000 0.00000 0.00000 0.00000 0.00000 0.00000 0.00000 0.00000 0.00000 0.00000 0.00000 0.00000 0.00000 0.00000 0.00000 0.00000 0.00000 0.00000 0.00000
0.00000 0.00000 0.00000 0.00000 0.00000 0.00000 0.00000 0.00000 0.00000 0.00000 0.00000 0.00000 0.00000 0.00000 0.00000 0.00000 0.00000 0.00000 0.00000 0.00000 0.00000 0.00000 0.00000 0.00000 0.00000 0.00000 0.00000 0.00000 0.00000 0.00000 0.00000 0.00000 0.00000 0.00000 0.00000 0.00000 0.00000 0.00000
0.00000 0.00000 0.00000 0.00000 0.00000 0.00000 0.00000 0.00000 0.00000 0.00000 0.00000 0.00000 0.00000 0.00000 0.00000 0.00000 0.00000 0.00000 0.00000 0.00000 0.00000 0.00000 0.00000 0.00000 0.00000 0.00000 0.00000 0.00000 0.00000 0.00000 0.00000 0.00000 0.00000 0.00000 0.00000 0.00000 0.00000 0.00000
0.00000 0.00000 0.00000 0.00000 0.00000 0.00000 0.00000 0.00000 0.00000 0.00000 0.00000 0.00000 0.00000 0.00000 0.00000 0.00000 0.00000 0.00000 0.00000 0.00000 0.00000 0.00000 0.00000 0.00000 0.00000 0.00000 0.00000 0.00000 0.00000 0.00000 0.00000 0.00000 0.00000 0.00000 0.00000 0.00000 0.00000 0.00000
0.00000 0.00000 0.00000 0.00000 0.00000 0.00000 0.00000 0.00000 0.00000 0.00000 0.00000 0.00000 0.00000 0.00000 0.00000 0.00000 0.00000 0.00000 0.00000 0.00000 0.00000 0.00000 0.00000 0.00000 0.00000 0.00000 0.00000 0.00000 0.00000 0.00000 0.00000 0.00000 0.00000 0.00000 0.00000 0.00000 0.00000 0.00000
0.00000 0.00000 0.00000 0.00000 0.00000 0.00000 0.00000 0.00000 0.00000 0.00000 0.00000 0.00000 0.00000 0.00000 0.00000 0.00000 0.00000 0.00000 0.00000 0.00000 0.00000 0.00000 0.00000 0.00000 0.00000 0.00000 0.00000 0.00000 0.00000 0.00000 0.00000 0.00000 0.00000 0.00000 0.00000 0.00000 0.00000 0.00000
0.00000 0.00000 0.00000 0.00000 0.00000 0.00000 0.00000 0.00000 0.00000 0.00000 0.00000 0.00000 0.00000 0.00000 0.00000 0.00000 0.00000 0.00000 0.00000 0.00000 0.00000 0.00000 0.00000 0.00000 0.00000 0.00000 0.00000 0.00000 0.00000 0.00000 0.00000 0.00000 0.00000 0.00000 0.00000 0.00000 0.00000 0.00000
0.00000 0.00000 0.00000 0.00000 0.00000 0.00000 0.00000 0.00000 0.00000 0.00000 0.00000 0.00000 0.00000 0.00000 0.00000 0.00000 0.00000 0.00000 0.00000 0.00000 0.00000 0.00000 0.00000 0.00000 0.00000 0.00000 0.00000 0.00000 0.00000 0.00000 0.00000 0.00000 0.00000 0.00000 0.00000 0.00000 0.00000 0.00000
0.00000 0.00000 0.00000 0.00000 0.00000 0.00000 0.00000 0.00000 0.00000 0.00000 0.00000 0.00000 0.00000 0.00000 0.00000 0.00000 0.00000 0.00000 0.00000 0.00000 0.00000 0.00000 0.00000 0.00000 0.00000 0.00000 0.00000 0.00000 0.00000 0.00000 0.00000 0.00000 0.00000 0.00000 0.00000 0.00000 0.00000 0.00000
0.00000 0.00000 0.00000 0.00000 0.00000 0.00000 0.00000 0.00000 0.00000 0.00000 0.00000 0.00000 0.00000 0.00000 0.00000 0.00000 0.00000 0.00000 0.00000 0.00000 0.00000 0.00000 0.00000 0.00000 0.00000 0.00000 0.00000 0.00000 0.00000 0.00000 0.00000 0.00000 0.00000 0.00000 0.00000 0.00000 0.00000 0.00000
