0.00000 1.75454 1.80096 1.82264 1.83680 1.84642 1.85372 1.86041 1.86677 1.87323 1.87870 1.88370 1.88793 1.89145 1.89431 1.89653 1.89874 1.90068 1.90305 1.90654 1.91190 1.92085 1.93613 1.96131 2.00014 2.05672 2.13516 2.23930 2.37913 2.58739 2.96938 3.85727
0.00000 1.81161 1.82471 1.83348 1.84113 1.84765 1.85388 1.86049 1.86703 1.87358 1.87891 1.88363 1.88746 1.89059 1.89308 1.89499 1.89692 1.89858 1.90063 1.90371 1.90854 1.91675 1.93107 1.95503 1.99234 2.04709 2.12342 2.22519 2.36238 2.56774 2.94640 0.00000
0.00000 1.80218 1.81256 1.82034 1.82851 1.83654 1.84457 1.85274 1.86040 1.86758 1.87322 1.87803 1.88187 1.88497 1.88745 1.88933 1.89122 1.89276 1.89458 1.89727 1.90149 1.90885 1.92203 1.94456 1.98013 2.03285 2.10687 2.20609 2.34055 2.54297 0.00000 0.00000
0.00000 1.78748 1.79777 1.80686 1.81717 1.82744 1.83729 1.84669 1.85501 1.86249 1.86819 1.87298 1.87676 1.87982 1.88226 1.88407 1.88581 1.88709 1.88849 1.89054 1.89387 1.90005 1.91175 1.93249 1.96598 2.01636 2.08783 2.18438 2.31612 0.00000 0.00000 0.00000
0.00000 1.77284 1.78514 1.79689 1.80973 1.82191 1.83294 1.84290 1.85139 1.85881 1.86437 1.86901 1.87268 1.87562 1.87793 1.87954 1.88098 1.88178 1.88247 1.88356 1.88564 1.89027 1.90012 1.91871 1.94980 1.99759 2.06639 2.16035 0.00000 0.00000 0.00000 0.00000
0.00000 1.76249 1.77779 1.79211 1.80673 1.81988 1.83122 1.84111 1.84933 1.85645 1.86173 1.86614 1.86961 1.87236 1.87440 1.87563 1.87651 1.87654 1.87619 1.87595 1.87639 1.87907 1.88668 1.90278 1.93122 1.97630 2.04255 0.00000 0.00000 0.00000 0.00000 0.00000
0.00000 1.75828 1.77597 1.79173 1.80696 1.82006 1.83103 1.84042 1.84815 1.85485 1.85979 1.86392 1.86712 1.86953 1.87112 1.87173 1.87177 1.87068 1.86892 1.86694 1.86534 1.86568 1.87070 1.88407 1.90973 1.95222 0.00000 0.00000 0.00000 0.00000 0.00000 0.00000
0.00000 1.75887 1.77757 1.79349 1.80829 1.82074 1.83097 1.83972 1.84692 1.85322 1.85782 1.86163 1.86445 1.86638 1.86730 1.86701 1.86586 1.86327 1.85969 1.85558 1.85154 1.84921 1.85139 1.86189 1.88491 0.00000 0.00000 0.00000 0.00000 0.00000 0.00000 0.00000
0.00000 1.76142 1.77986 1.79501 1.80893 1.82051 1.83001 1.83817 1.84494 1.85090 1.85518 1.85860 1.86092 1.86215 1.86213 1.86060 1.85789 1.85340 1.84760 1.84096 1.83415 1.82889 1.82812 1.83592 0.00000 0.00000 0.00000 0.00000 0.00000 0.00000 0.00000 0.00000
0.00000 1.76336 1.78077 1.79491 1.80790 1.81873 1.82767 1.83544 1.84191 1.84757 1.85148 1.85441 1.85602 1.85627 1.85497 1.85181 1.84713 1.84033 1.83190 1.82239 1.81256 1.80427 1.80073 0.00000 0.00000 0.00000 0.00000 0.00000 0.00000 0.00000 0.00000 0.00000
0.00000 1.76318 1.77958 1.79280 1.80510 1.81544 1.82406 1.83159 1.83781 1.84313 1.84656 1.84877 1.84937 1.84828 1.84529 1.84007 1.83299 1.82347 1.81208 1.79945 1.78650 1.77537 0.00000 0.00000 0.00000 0.00000 0.00000 0.00000 0.00000 0.00000 0.00000 0.00000
0.00000 1.76090 1.77642 1.78906 1.80098 1.81108 1.81952 1.82686 1.83277 1.83761 1.84030 1.84146 1.84066 1.83780 1.83265 1.82493 1.81501 1.80241 1.78779 1.77195 1.75609 0.00000 0.00000 0.00000 0.00000 0.00000 0.00000 0.00000 0.00000 0.00000 0.00000 0.00000
0.00000 1.75688 1.77196 1.78431 1.79609 1.80609 1.81439 1.82143 1.82685 1.83090 1.83248 1.83215 1.82948 1.82436 1.81658 1.80589 1.79277 1.77681 1.75887 1.74004 0.00000 0.00000 0.00000 0.00000 0.00000 0.00000 0.00000 0.00000 0.00000 0.00000 0.00000 0.00000
0.00000 1.75202 1.76690 1.77919 1.79091 1.80077 1.80877 1.81527 1.81984 1.82269 1.82268 1.82036 1.81529 1.80739 1.79651 1.78247 1.76586 1.74647 1.72546 0.00000 0.00000 0.00000 0.00000 0.00000 0.00000 0.00000 0.00000 0.00000 0.00000 0.00000 0.00000 0.00000
0.00000 1.74687 1.76175 1.77400 1.78557 1.79509 1.80249 1.80805 1.81130 1.81243 1.81028 1.80541 1.79740 1.78624 1.77184 1.75418 1.73400 1.71146 0.00000 0.00000 0.00000 0.00000 0.00000 0.00000 0.00000 0.00000 0.00000 0.00000 0.00000 0.00000 0.00000 0.00000
0.00000 1.74182 1.75663 1.76870 1.77985 1.78868 1.79503 1.79914 1.80051 1.79933 1.79445 1.78647 1.77501 1.76018 1.74200 1.72064 1.69723 0.00000 0.00000 0.00000 0.00000 0.00000 0.00000 0.00000 0.00000 0.00000 0.00000 0.00000 0.00000 0.00000 0.00000 0.00000
0.00000 1.73679 1.75133 1.76291 1.77323 1.78086 1.78560 1.78766 1.78653 1.78242 1.77424 1.76263 1.74732 1.72853 1.70653 1.68186 0.00000 0.00000 0.00000 0.00000 0.00000 0.00000 0.00000 0.00000 0.00000 0.00000 0.00000 0.00000 0.00000 0.00000 0.00000 0.00000
0.00000 1.73139 1.74528 1.75590 1.76485 1.77069 1.77317 1.77253 1.76827 1.76065 1.74864 1.73299 1.71358 1.69084 1.66543 0.00000 0.00000 0.00000 0.00000 0.00000 0.00000 0.00000 0.00000 0.00000 0.00000 0.00000 0.00000 0.00000 0.00000 0.00000 0.00000 0.00000
0.00000 1.72486 1.73759 1.74667 1.75361 1.75699 1.75655 1.75256 1.74458 1.73293 1.71670 1.69679 1.67329 1.64708 0.00000 0.00000 0.00000 0.00000 0.00000 0.00000 0.00000 0.00000 0.00000 0.00000 0.00000 0.00000 0.00000 0.00000 0.00000 0.00000 0.00000 0.00000
0.00000 1.71620 1.72715 1.73402 1.73826 1.73849 1.73447 1.72655 1.71434 1.69829 1.67764 1.65352 1.62649 0.00000 0.00000 0.00000 0.00000 0.00000 0.00000 0.00000 0.00000 0.00000 0.00000 0.00000 0.00000 0.00000 0.00000 0.00000 0.00000 0.00000 0.00000 0.00000
0.00000 1.70421 1.71267 1.71661 1.71746 1.71389 1.70571 1.69336 1.67659 1.65596 1.63101 1.60330 0.00000 0.00000 0.00000 0.00000 0.00000 0.00000 0.00000 0.00000 0.00000 0.00000 0.00000 0.00000 0.00000 0.00000 0.00000 0.00000 0.00000 0.00000 0.00000 0.00000
0.00000 1.68753 1.69279 1.69311 1.68992 1.68198 1.66918 1.65209 1.63061 1.60558 1.57701 0.00000 0.00000 0.00000 0.00000 0.00000 0.00000 0.00000 0.00000 0.00000 0.00000 0.00000 0.00000 0.00000 0.00000 0.00000 0.00000 0.00000 0.00000 0.00000 0.00000 0.00000
0.00000 1.66477 1.66616 1.66222 1.65444 1.64170 1.62402 1.60211 1.57616 1.54749 0.00000 0.00000 0.00000 0.00000 0.00000 0.00000 0.00000 0.00000 0.00000 0.00000 0.00000 0.00000 0.00000 0.00000 0.00000 0.00000 0.00000 0.00000 0.00000 0.00000 0.00000 0.00000
0.00000 1.63465 1.63154 1.62283 1.61009 1.59234 1.56974 1.54331 1.51372 0.00000 0.00000 0.00000 0.00000 0.00000 0.00000 0.00000 0.00000 0.00000 0.00000 0.00000 0.00000 0.00000 0.00000 0.00000 0.00000 0.00000 0.00000 0.00000 0.00000 0.00000 0.00000 0.00000
0.00000 1.59607 1.58800 1.57418 1.55631 1.53358 1.50643 1.47637 0.00000 0.00000 0.00000 0.00000 0.00000 0.00000 0.00000 0.00000 0.00000 0.00000 0.00000 0.00000 0.00000 0.00000 0.00000 0.00000 0.00000 0.00000 0.00000 0.00000 0.00000 0.00000 0.00000 0.00000
0.00000 1.54819 1.53489 1.51585 1.49295 1.46567 1.43494 0.00000 0.00000 0.00000 0.00000 0.00000 0.00000 0.00000 0.00000 0.00000 0.00000 0.00000 0.00000 0.00000 0.00000 0.00000 0.00000 0.00000 0.00000 0.00000 0.00000 0.00000 0.00000 0.00000 0.00000 0.00000
0.00000 1.49063 1.47205 1.44797 1.42053 1.38973 0.00000 0.00000 0.00000 0.00000 0.00000 0.00000 0.00000 0.00000 0.00000 0.00000 0.00000 0.00000 0.00000 0.00000 0.00000 0.00000 0.00000 0.00000 0.00000 0.00000 0.00000 0.00000 0.00000 0.00000 0.00000 0.00000
0.00000 1.42345 1.39981 1.37127 1.34039 0.00000 0.00000 0.00000 0.00000 0.00000 0.00000 0.00000 0.00000 0.00000 0.00000 0.00000 0.00000 0.00000 0.00000 0.00000 0.00000 0.00000 0.00000 0.00000 0.00000 0.00000 0.00000 0.00000 0.00000 0.00000 0.00000 0.00000
0.00000 1.34723 1.31918 1.28731 0.00000 0.00000 0.00000 0.00000 0.00000 0.00000 0.00000 0.00000 0.00000 0.00000 0.00000 0.00000 0.00000 0.00000 0.00000 0.00000 0.00000 0.00000 0.00000 0.00000 0.00000 0.00000 0.00000 0.00000 0.00000 0.00000 0.00000 0.00000
0.00000 1.26322 1.23193 0.00000 0.00000 0.00000 0.00000 0.00000 0.00000 0.00000 0.00000 0.00000 0.00000 0.00000 0.00000 0.00000 0.00000 0.00000 0.00000 0.00000 0.00000 0.00000 0.00000 0.00000 0.00000 0.00000 0.00000 0.00000 0.00000 0.00000 0.00000 0.00000
0.00000 1.17336 0.00000 0.00000 0.00000 0.00000 0.00000 0.00000 0.00000 0.00000 0.00000 0.00000 0.00000 0.00000 0.00000 0.00000 0.00000 0.00000 0.00000 0.00000 0.00000 0.00000 0.00000 0.00000 0.00000 0.00000 0.00000 0.00000 0.00000 0.00000 0.00000 0.00000
0.00000 0.00000 0.00000 0.00000 0.00000 0.00000 0.00000 0.00000 0.00000 0.00000 0.00000 0.00000 0.00000 0.00000 0.00000 0.00000 0.00000 0.00000 0.00000 0.00000 0.00000 0.00000 0.00000 0.00000 0.00000 0.00000 0.00000 0.00000 0.00000 0.00000 0.00000 0.00000
