0.72588 0.70173 0.67913 0.65803 0.63825 0.61969 0.60224 0.58587 0.57055 0.55614 0.54266 0.53009 0.51839 0.50754 0.49766 0.48872 0.48079 0.47393 0.46815 0.46365 0.46056 0.45911 0.45956 0.46229 0.46785 0.47685 0.49026 0.50912 0.53465 0.56828 0.61136 0.66510 0.73033 0.80862 0.90369 1.02487 1.19427 1.46408 1.95655 2.95837
0.71866 0.69394 0.67085 0.64933 0.62921 0.61036 0.59268 0.57612 0.56065 0.54612 0.53256 0.51994 0.50822 0.49737 0.48752 0.47865 0.47082 0.46410 0.45850 0.45425 0.45149 0.45046 0.45148 0.45493 0.46141 0.47155 0.48636 0.50689 0.53436 0.57017 0.61561 0.67180 0.73946 0.82008 0.91737 1.04085 1.21336 1.48843 1.98871 0.00000
0.70966 0.68437 0.66082 0.63893 0.61850 0.59940 0.58152 0.56481 0.54922 0.53463 0.52102 0.50839 0.49669 0.48589 0.47613 0.46737 0.45969 0.45318 0.44786 0.44397 0.44170 0.44129 0.44311 0.44759 0.45537 0.46711 0.48385 0.50663 0.53665 0.57524 0.62361 0.68274 0.75320 0.83638 0.93599 1.06196 1.23827 1.51917 0.00000 0.00000
0.69973 0.67388 0.64988 0.62761 0.60689 0.58756 0.56950 0.55265 0.53698 0.52233 0.50871 0.49610 0.48445 0.47374 0.46409 0.45550 0.44804 0.44182 0.43688 0.43349 0.43187 0.43232 0.43523 0.44109 0.45058 0.46439 0.48355 0.50911 0.54218 0.58401 0.63566 0.69798 0.77136 0.85712 0.95915 1.08820 1.26892 0.00000 0.00000 0.00000
0.68899 0.66256 0.63810 0.61547 0.59446 0.57491 0.55669 0.53973 0.52399 0.50931 0.49571 0.48315 0.47158 0.46100 0.45152 0.44316 0.43600 0.43017 0.42576 0.42305 0.42230 0.42388 0.42823 0.43588 0.44753 0.46389 0.48596 0.51473 0.55123 0.59656 0.65163 0.71715 0.79335 0.88166 0.98650 1.11909 0.00000 0.00000 0.00000 0.00000
0.67744 0.65043 0.62550 0.60251 0.58124 0.56148 0.54312 0.52607 0.51029 0.49562 0.48206 0.46958 0.45814 0.44774 0.43850 0.43045 0.42371 0.41841 0.41470 0.41290 0.41333 0.41640 0.42259 0.43248 0.44677 0.46614 0.49155 0.52386 0.56399 0.61289 0.67129 0.73982 0.81870 0.90977 1.01768 0.00000 0.00000 0.00000 0.00000 0.00000
0.66510 0.63749 0.61210 0.58875 0.56722 0.54728 0.52879 0.51169 0.49590 0.48127 0.46779 0.45545 0.44419 0.43404 0.42512 0.41750 0.41131 0.40674 0.40397 0.40338 0.40535 0.41033 0.41884 0.43145 0.44886 0.47167 0.50073 0.53678 0.58057 0.63290 0.69440 0.76570 0.84734 0.94124 0.00000 0.00000 0.00000 0.00000 0.00000 0.00000
0.65194 0.62371 0.59786 0.57417 0.55239 0.53229 0.51371 0.49658 0.48082 0.46627 0.45292 0.44077 0.42978 0.41996 0.41149 0.40445 0.39901 0.39542 0.39391 0.39491 0.39885 0.40622 0.41755 0.43339 0.45434 0.48091 0.51382 0.55362 0.60093 0.65641 0.72072 0.79480 0.87911 0.00000 0.00000 0.00000 0.00000 0.00000 0.00000 0.00000
0.63792 0.60907 0.58275 0.55873 0.53673 0.51650 0.49787 0.48075 0.46506 0.45065 0.43750 0.42562 0.41498 0.40563 0.39777 0.39151 0.38709 0.38481 0.38494 0.38799 0.39441 0.40470 0.41936 0.43887 0.46370 0.49424 0.53100 0.57441 0.62493 0.68325 0.75031 0.82696 0.00000 0.00000 0.00000 0.00000 0.00000 0.00000 0.00000 0.00000
0.62302 0.59353 0.56676 0.54242 0.52023 0.49989 0.48125 0.46420 0.44864 0.43443 0.42157 0.41006 0.39992 0.39120 0.38416 0.37897 0.37591 0.37534 0.37760 0.38322 0.39266 0.40641 0.42487 0.44841 0.47733 0.51185 0.55231 0.59900 0.65240 0.71347 0.78299 0.00000 0.00000 0.00000 0.00000 0.00000 0.00000 0.00000 0.00000 0.00000
0.60720 0.57706 0.54984 0.52522 0.50286 0.48248 0.46388 0.44695 0.43160 0.41769 0.40522 0.39423 0.38476 0.37691 0.37099 0.36721 0.36594 0.36758 0.37251 0.38128 0.39431 0.41201 0.43464 0.46242 0.49546 0.53379 0.57762 0.62724 0.68341 0.74685 0.00000 0.00000 0.00000 0.00000 0.00000 0.00000 0.00000 0.00000 0.00000 0.00000
0.59043 0.55963 0.53199 0.50710 0.48463 0.46425 0.44576 0.42904 0.41400 0.40050 0.38859 0.37831 0.36975 0.36308 0.35864 0.35674 0.35777 0.36220 0.37041 0.38290 0.40003 0.42208 0.44912 0.48116 0.51815 0.55996 0.60680 0.65921 0.71768 0.00000 0.00000 0.00000 0.00000 0.00000 0.00000 0.00000 0.00000 0.00000 0.00000 0.00000
0.57268 0.54121 0.51316 0.48806 0.46553 0.44522 0.42693 0.41053 0.39593 0.38302 0.37187 0.36256 0.35524 0.35014 0.34766 0.34817 0.35212 0.35997 0.37207 0.38883 0.41048 0.43712 0.46859 0.50473 0.54531 0.59022 0.63989 0.69457 0.00000 0.00000 0.00000 0.00000 0.00000 0.00000 0.00000 0.00000 0.00000 0.00000 0.00000 0.00000
0.55389 0.52177 0.49333 0.46808 0.44557 0.42544 0.40747 0.39153 0.37755 0.36545 0.35533 0.34734 0.34168 0.33865 0.33872 0.34228 0.34981 0.36172 0.37827 0.39975 0.42617 0.45744 0.49316 0.53304 0.57683 0.62463 0.67654 0.00000 0.00000 0.00000 0.00000 0.00000 0.00000 0.00000 0.00000 0.00000 0.00000 0.00000 0.00000 0.00000
0.53404 0.50126 0.47250 0.44717 0.42478 0.40496 0.38747 0.37219 0.35907 0.34808 0.33937 0.33314 0.32968 0.32933 0.33261 0.33994 0.35172 0.36829 0.38977 0.41623 0.44747 0.48318 0.52279 0.56599 0.61275 0.66278 0.00000 0.00000 0.00000 0.00000 0.00000 0.00000 0.00000 0.00000 0.00000 0.00000 0.00000 0.00000 0.00000 0.00000
0.51305 0.47964 0.45062 0.42533 0.40321 0.38388 0.36708 0.35273 0.34080 0.33132 0.32450 0.32061 0.31999 0.32304 0.33029 0.34209 0.35877 0.38050 0.40720 0.43869 0.47456 0.51434 0.55738 0.60365 0.65266 0.00000 0.00000 0.00000 0.00000 0.00000 0.00000 0.00000 0.00000 0.00000 0.00000 0.00000 0.00000 0.00000 0.00000 0.00000
0.49086 0.45686 0.42770 0.40259 0.38095 0.36235 0.34654 0.33347 0.32318 0.31574 0.31142 0.31057 0.31357 0.32081 0.33278 0.34974 0.37184 0.39905 0.43102 0.46735 0.50745 0.55083 0.59704 0.64556 0.00000 0.00000 0.00000 0.00000 0.00000 0.00000 0.00000 0.00000 0.00000 0.00000 0.00000 0.00000 0.00000 0.00000 0.00000 0.00000
0.46736 0.43287 0.40372 0.37903 0.35813 0.34060 0.32620 0.31490 0.30682 0.30208 0.30102 0.30404 0.31150 0.32376 0.34119 0.36386 0.39173 0.42447 0.46151 0.50228 0.54611 0.59278 0.64125 0.00000 0.00000 0.00000 0.00000 0.00000 0.00000 0.00000 0.00000 0.00000 0.00000 0.00000 0.00000 0.00000 0.00000 0.00000 0.00000 0.00000
0.44244 0.40760 0.37871 0.35475 0.33500 0.31900 0.30655 0.29767 0.29253 0.29133 0.29443 0.30224 0.31505 0.33310 0.35659 0.38535 0.41904 0.45712 0.49880 0.54347 0.59070 0.63965 0.00000 0.00000 0.00000 0.00000 0.00000 0.00000 0.00000 0.00000 0.00000 0.00000 0.00000 0.00000 0.00000 0.00000 0.00000 0.00000 0.00000 0.00000
0.41595 0.38100 0.35274 0.32998 0.31191 0.29808 0.28831 0.28269 0.28142 0.28474 0.29301 0.30656 0.32557 0.35007 0.38001 0.41493 0.45425 0.49719 0.54295 0.59113 0.64066 0.00000 0.00000 0.00000 0.00000 0.00000 0.00000 0.00000 0.00000 0.00000 0.00000 0.00000 0.00000 0.00000 0.00000 0.00000 0.00000 0.00000 0.00000 0.00000
0.38770 0.35306 0.32599 0.30507 0.28945 0.27865 0.27252 0.27119 0.27489 0.28385 0.29834 0.31856 0.34447 0.37585 0.41232 0.45318 0.49762 0.54483 0.59422 0.64470 0.00000 0.00000 0.00000 0.00000 0.00000 0.00000 0.00000 0.00000 0.00000 0.00000 0.00000 0.00000 0.00000 0.00000 0.00000 0.00000 0.00000 0.00000 0.00000 0.00000
0.35749 0.32382 0.29876 0.28064 0.26850 0.26186 0.26058 0.26479 0.27471 0.29048 0.31222 0.33988 0.37316 0.41150 0.45427 0.50052 0.54941 0.60038 0.65207 0.00000 0.00000 0.00000 0.00000 0.00000 0.00000 0.00000 0.00000 0.00000 0.00000 0.00000 0.00000 0.00000 0.00000 0.00000 0.00000 0.00000 0.00000 0.00000 0.00000 0.00000
0.32506 0.29344 0.27164 0.25766 0.25041 0.24937 0.25440 0.26559 0.28306 0.30679 0.33661 0.37223 0.41296 0.45799 0.50644 0.55734 0.61011 0.66334 0.00000 0.00000 0.00000 0.00000 0.00000 0.00000 0.00000 0.00000 0.00000 0.00000 0.00000 0.00000 0.00000 0.00000 0.00000 0.00000 0.00000 0.00000 0.00000 0.00000 0.00000 0.00000
0.29012 0.26235 0.24567 0.23769 0.23716 0.24352 0.25657 0.27627 0.30257 0.33520 0.37365 0.41730 0.46516 0.51618 0.56947 0.62434 0.67928 0.00000 0.00000 0.00000 0.00000 0.00000 0.00000 0.00000 0.00000 0.00000 0.00000 0.00000 0.00000 0.00000 0.00000 0.00000 0.00000 0.00000 0.00000 0.00000 0.00000 0.00000 0.00000 0.00000
0.25240 0.23145 0.22268 0.22323 0.23175 0.24761 0.27048 0.30018 0.33636 0.37846 0.42558 0.47682 0.53098 0.58699 0.64431 0.70118 0.00000 0.00000 0.00000 0.00000 0.00000 0.00000 0.00000 0.00000 0.00000 0.00000 0.00000 0.00000 0.00000 0.00000 0.00000 0.00000 0.00000 0.00000 0.00000 0.00000 0.00000 0.00000 0.00000 0.00000
0.21159 0.20266 0.20590 0.21836 0.23869 0.26628 0.30070 0.34153 0.38815 0.43966 0.49485 0.55264 0.61187 0.67184 0.73084 0.00000 0.00000 0.00000 0.00000 0.00000 0.00000 0.00000 0.00000 0.00000 0.00000 0.00000 0.00000 0.00000 0.00000 0.00000 0.00000 0.00000 0.00000 0.00000 0.00000 0.00000 0.00000 0.00000 0.00000 0.00000
0.16746 0.18007 0.20135 0.22983 0.26490 0.30622 0.35336 0.40573 0.46246 0.52243 0.58425 0.64698 0.70988 0.77097 0.00000 0.00000 0.00000 0.00000 0.00000 0.00000 0.00000 0.00000 0.00000 0.00000 0.00000 0.00000 0.00000 0.00000 0.00000 0.00000 0.00000 0.00000 0.00000 0.00000 0.00000 0.00000 0.00000 0.00000 0.00000 0.00000
0.11985 0.17349 0.22105 0.26969 0.32158 0.37741 0.43705 0.49990 0.56501 0.63124 0.69735 0.76300 0.82596 0.00000 0.00000 0.00000 0.00000 0.00000 0.00000 0.00000 0.00000 0.00000 0.00000 0.00000 0.00000 0.00000 0.00000 0.00000 0.00000 0.00000 0.00000 0.00000 0.00000 0.00000 0.00000 0.00000 0.00000 0.00000 0.00000 0.00000
0.06872 0.21245 0.29278 0.36142 0.42814 0.49566 0.56443 0.63401 0.70353 0.77217 0.83932 0.90292 0.00000 0.00000 0.00000 0.00000 0.00000 0.00000 0.00000 0.00000 0.00000 0.00000 0.00000 0.00000 0.00000 0.00000 0.00000 0.00000 0.00000 0.00000 0.00000 0.00000 0.00000 0.00000 0.00000 0.00000 0.00000 0.00000 0.00000 0.00000
0.00000 0.44371 0.49883 0.55870 0.62223 0.68832 0.75567 0.82303 0.88936 0.95435 1.01495 0.00000 0.00000 0.00000 0.00000 0.00000 0.00000 0.00000 0.00000 0.00000 0.00000 0.00000 0.00000 0.00000 0.00000 0.00000 0.00000 0.00000 0.00000 0.00000 0.00000 0.00000 0.00000 0.00000 0.00000 0.00000 0.00000 0.00000 0.00000 0.00000
0.04328 0.29251 0.41575 0.51012 0.59392 0.67246 0.74723 0.81868 0.88725 0.95072 0.00000 0.00000 0.00000 0.00000 0.00000 0.00000 0.00000 0.00000 0.00000 0.00000 0.00000 0.00000 0.00000 0.00000 0.00000 0.00000 0.00000 0.00000 0.00000 0.00000 0.00000 0.00000 0.00000 0.00000 0.00000 0.00000 0.00000 0.00000 0.00000 0.00000
0.10316 0.28454 0.40692 0.50686 0.59550 0.67698 0.75301 0.82477 0.89043 0.00000 0.00000 0.00000 0.00000 0.00000 0.00000 0.00000 0.00000 0.00000 0.00000 0.00000 0.00000 0.00000 0.00000 0.00000 0.00000 0.00000 0.00000 0.00000 0.00000 0.00000 0.00000 0.00000 0.00000 0.00000 0.00000 0.00000 0.00000 0.00000 0.00000 0.00000
0.16456 0.31250 0.42690 0.52464 0.61210 0.69220 0.76674 0.83430 0.00000 0.00000 0.00000 0.00000 0.00000 0.00000 0.00000 0.00000 0.00000 0.00000 0.00000 0.00000 0.00000 0.00000 0.00000 0.00000 0.00000 0.00000 0.00000 0.00000 0.00000 0.00000 0.00000 0.00000 0.00000 0.00000 0.00000 0.00000 0.00000 0.00000 0.00000 0.00000
0.22643 0.35394 0.45968 0.55244 0.63607 0.71302 0.78218 0.00000 0.00000 0.00000 0.00000 0.00000 0.00000 0.00000 0.00000 0.00000 0.00000 0.00000 0.00000 0.00000 0.00000 0.00000 0.00000 0.00000 0.00000 0.00000 0.00000 0.00000 0.00000 0.00000 0.00000 0.00000 0.00000 0.00000 0.00000 0.00000 0.00000 0.00000 0.00000 0.00000
0.28760 0.40054 0.49782 0.58451 0.66347 0.73394 0.00000 0.00000 0.00000 0.00000 0.00000 0.00000 0.00000 0.00000 0.00000 0.00000 0.00000 0.00000 0.00000 0.00000 0.00000 0.00000 0.00000 0.00000 0.00000 0.00000 0.00000 0.00000 0.00000 0.00000 0.00000 0.00000 0.00000 0.00000 0.00000 0.00000 0.00000 0.00000 0.00000 0.00000
0.34687 0.44816 0.53735 0.61797 0.68945 0.00000 0.00000 0.00000 0.00000 0.00000 0.00000 0.00000 0.00000 0.00000 0.00000 0.00000 0.00000 0.00000 0.00000 0.00000 0.00000 0.00000 0.00000 0.00000 0.00000 0.00000 0.00000 0.00000 0.00000 0.00000 0.00000 0.00000 0.00000 0.00000 0.00000 0.00000 0.00000 0.00000 0.00000 0.00000
0.40318 0.49452 0.57638 0.64860 0.00000 0.00000 0.00000 0.00000 0.00000 0.00000 0.00000 0.00000 0.00000 0.00000 0.00000 0.00000 0.00000 0.00000 0.00000 0.00000 0.00000 0.00000 0.00000 0.00000 0.00000 0.00000 0.00000 0.00000 0.00000 0.00000 0.00000 0.00000 0.00000 0.00000 0.00000 0.00000 0.00000 0.00000 0.00000 0.00000
0.45576 0.53862 0.61127 0.00000 0.00000 0.00000 0.00000 0.00000 0.00000 0.00000 0.00000 0.00000 0.00000 0.00000 0.00000 0.00000 0.00000 0.00000 0.00000 0.00000 0.00000 0.00000 0.00000 0.00000 0.00000 0.00000 0.00000 0.00000 0.00000 0.00000 0.00000 0.00000 0.00000 0.00000 0.00000 0.00000 0.00000 0.00000 0.00000 0.00000
0.50448 0.57739 0.00000 0.00000 0.00000 0.00000 0.00000 0.00000 0.00000 0.00000 0.00000 0.00000 0.00000 0.00000 0.00000 0.00000 0.00000 0.00000 0.00000 0.00000 0.00000 0.00000 0.00000 0.00000 0.00000 0.00000 0.00000 0.00000 0.00000 0.00000 0.00000 0.00000 0.00000 0.00000 0.00000 0.00000 0.00000 0.00000 0.00000 0.00000
0.54676 0.00000 0.00000 0.00000 0.00000 0.00000 0.00000 0.00000 0.00000 0.00000 0.00000 0.00000 0.00000 0.00000 0.00000 0.00000 0.00000 0.00000 0.00000 0.00000 0.00000 0.00000 0.00000 0.00000 0.00000 0.00000 0.00000 0.00000 0.00000 0.00000 0.00000 0.00000 0.00000 0.00000 0.00000 0.00000 0.00000 0.00000 0.00000 0.00000
