0.85518 0.83266 0.81263 0.79415 0.77802 0.76379 0.75132 0.74071 0.73181 0.72486 0.71906 0.71486 0.71211 0.71079 0.71090 0.71228 0.71567 0.72086 0.72845 0.73925 0.75367 0.77318 0.79947 0.83491 0.88220 0.94526 1.02994 1.14577 1.31487 1.58871 2.09253 3.17272
0.85100 0.82786 0.80736 0.78843 0.77198 0.75749 0.74483 0.73409 0.72512 0.71818 0.71239 0.70823 0.70555 0.70433 0.70457 0.70608 0.70965 0.71507 0.72291 0.73405 0.74883 0.76880 0.79564 0.83178 0.87995 0.94413 1.03028 1.14816 1.32063 1.60104 2.11752 0.00000
0.84437 0.82065 0.79984 0.78039 0.76367 0.74898 0.73618 0.72536 0.71637 0.70959 0.70384 0.69978 0.69723 0.69616 0.69658 0.69817 0.70199 0.70767 0.71582 0.72744 0.74265 0.76313 0.79059 0.82752 0.87666 0.94208 1.02996 1.15062 1.32874 1.62119 0.00000 0.00000
0.83762 0.81329 0.79192 0.77217 0.75516 0.74027 0.72729 0.71641 0.70740 0.70062 0.69491 0.69096 0.68855 0.68765 0.68827 0.69015 0.69427 0.70024 0.70874 0.72071 0.73641 0.75747 0.78560 0.82340 0.87364 0.94056 1.03092 1.15665 1.34611 0.00000 0.00000 0.00000
0.83049 0.80552 0.78360 0.76350 0.74622 0.73113 0.71788 0.70694 0.69793 0.69130 0.68555 0.68172 0.67948 0.67878 0.67962 0.68179 0.68633 0.69264 0.70154 0.71394 0.73022 0.75196 0.78080 0.81965 0.87129 0.94047 1.03573 1.17236 0.00000 0.00000 0.00000 0.00000
0.82295 0.79730 0.77484 0.75435 0.73683 0.72154 0.70823 0.69724 0.68824 0.68160 0.67601 0.67234 0.67027 0.66979 0.67089 0.67338 0.67822 0.68489 0.69427 0.70725 0.72427 0.74682 0.77679 0.81705 0.87090 0.94473 1.05054 0.00000 0.00000 0.00000 0.00000 0.00000
0.81494 0.78858 0.76559 0.74468 0.72701 0.71152 0.69814 0.68711 0.67814 0.67156 0.66613 0.66263 0.66078 0.66056 0.66196 0.66480 0.67002 0.67707 0.68706 0.70078 0.71883 0.74238 0.77384 0.81639 0.87485 0.95925 0.00000 0.00000 0.00000 0.00000 0.00000 0.00000
0.80685 0.77973 0.75620 0.73482 0.71679 0.70111 0.68763 0.67658 0.66766 0.66122 0.65595 0.65266 0.65105 0.65113 0.65289 0.65613 0.66186 0.66959 0.68036 0.69507 0.71426 0.73944 0.77334 0.82063 0.88952 0.00000 0.00000 0.00000 0.00000 0.00000 0.00000 0.00000
0.79835 0.77042 0.74643 0.72445 0.70609 0.69023 0.67665 0.66560 0.65675 0.65057 0.64548 0.64244 0.64110 0.64155 0.64375 0.64740 0.65380 0.66237 0.67413 0.69023 0.71108 0.73886 0.77774 0.83563 0.00000 0.00000 0.00000 0.00000 0.00000 0.00000 0.00000 0.00000
0.78968 0.76088 0.73617 0.71380 0.69513 0.67908 0.66542 0.65438 0.64562 0.63955 0.63469 0.63194 0.63089 0.63178 0.63453 0.63893 0.64618 0.65581 0.66888 0.68670 0.71026 0.74328 0.79315 0.00000 0.00000 0.00000 0.00000 0.00000 0.00000 0.00000 0.00000 0.00000
0.78040 0.75068 0.72525 0.70246 0.68350 0.66729 0.65356 0.64257 0.63393 0.62803 0.62345 0.62109 0.62065 0.62211 0.62557 0.63089 0.63926 0.65028 0.66511 0.68576 0.71479 0.75922 0.00000 0.00000 0.00000 0.00000 0.00000 0.00000 0.00000 0.00000 0.00000 0.00000
0.77073 0.74001 0.71384 0.69060 0.67136 0.65500 0.64124 0.63034 0.62183 0.61618 0.61196 0.61011 0.61020 0.61239 0.61676 0.62326 0.63310 0.64607 0.66401 0.69037 0.73121 0.00000 0.00000 0.00000 0.00000 0.00000 0.00000 0.00000 0.00000 0.00000 0.00000 0.00000
0.76024 0.72847 0.70154 0.67784 0.65833 0.64188 0.62814 0.61737 0.60898 0.60368 0.59994 0.59881 0.59953 0.60268 0.60826 0.61631 0.62820 0.64434 0.66845 0.70718 0.00000 0.00000 0.00000 0.00000 0.00000 0.00000 0.00000 0.00000 0.00000 0.00000 0.00000 0.00000
0.74878 0.71592 0.68818 0.66403 0.64428 0.62781 0.61413 0.60358 0.59559 0.59073 0.58764 0.58726 0.58905 0.59347 0.60067 0.61090 0.62612 0.64860 0.68569 0.00000 0.00000 0.00000 0.00000 0.00000 0.00000 0.00000 0.00000 0.00000 0.00000 0.00000 0.00000 0.00000
0.73622 0.70220 0.67354 0.64898 0.62903 0.61271 0.59908 0.58887 0.58138 0.57714 0.57491 0.57556 0.57884 0.58496 0.59445 0.60822 0.63014 0.66637 0.00000 0.00000 0.00000 0.00000 0.00000 0.00000 0.00000 0.00000 0.00000 0.00000 0.00000 0.00000 0.00000 0.00000
0.72238 0.68715 0.65778 0.63289 0.61276 0.59650 0.58324 0.57350 0.56667 0.56327 0.56221 0.56428 0.56932 0.57787 0.59109 0.61200 0.64847 0.00000 0.00000 0.00000 0.00000 0.00000 0.00000 0.00000 0.00000 0.00000 0.00000 0.00000 0.00000 0.00000 0.00000 0.00000
0.70702 0.67055 0.64047 0.61543 0.59512 0.57909 0.56633 0.55727 0.55135 0.54908 0.54967 0.55368 0.56128 0.57380 0.59461 0.63103 0.00000 0.00000 0.00000 0.00000 0.00000 0.00000 0.00000 0.00000 0.00000 0.00000 0.00000 0.00000 0.00000 0.00000 0.00000 0.00000
0.69035 0.65259 0.62176 0.59647 0.57634 0.56078 0.54868 0.54059 0.53589 0.53519 0.53781 0.54459 0.55647 0.57708 0.61445 0.00000 0.00000 0.00000 0.00000 0.00000 0.00000 0.00000 0.00000 0.00000 0.00000 0.00000 0.00000 0.00000 0.00000 0.00000 0.00000 0.00000
0.67193 0.63286 0.60123 0.57589 0.55613 0.54142 0.53020 0.52345 0.52046 0.52192 0.52748 0.53884 0.55955 0.59793 0.00000 0.00000 0.00000 0.00000 0.00000 0.00000 0.00000 0.00000 0.00000 0.00000 0.00000 0.00000 0.00000 0.00000 0.00000 0.00000 0.00000 0.00000
0.65154 0.61117 0.57912 0.55398 0.53485 0.52118 0.51144 0.50656 0.50591 0.51053 0.52101 0.54180 0.58162 0.00000 0.00000 0.00000 0.00000 0.00000 0.00000 0.00000 0.00000 0.00000 0.00000 0.00000 0.00000 0.00000 0.00000 0.00000 0.00000 0.00000 0.00000 0.00000
0.62896 0.58737 0.55511 0.53054 0.51246 0.50035 0.49268 0.49042 0.49312 0.50305 0.52373 0.56542 0.00000 0.00000 0.00000 0.00000 0.00000 0.00000 0.00000 0.00000 0.00000 0.00000 0.00000 0.00000 0.00000 0.00000 0.00000 0.00000 0.00000 0.00000 0.00000 0.00000
0.60395 0.56127 0.52916 0.50567 0.48924 0.47946 0.47469 0.47628 0.48490 0.50595 0.54931 0.00000 0.00000 0.00000 0.00000 0.00000 0.00000 0.00000 0.00000 0.00000 0.00000 0.00000 0.00000 0.00000 0.00000 0.00000 0.00000 0.00000 0.00000 0.00000 0.00000 0.00000
0.57619 0.53260 0.50126 0.47957 0.46566 0.45934 0.45888 0.46701 0.48800 0.53397 0.00000 0.00000 0.00000 0.00000 0.00000 0.00000 0.00000 0.00000 0.00000 0.00000 0.00000 0.00000 0.00000 0.00000 0.00000 0.00000 0.00000 0.00000 0.00000 0.00000 0.00000 0.00000
0.54527 0.50163 0.47198 0.45311 0.44297 0.44158 0.44851 0.47051 0.51931 0.00000 0.00000 0.00000 0.00000 0.00000 0.00000 0.00000 0.00000 0.00000 0.00000 0.00000 0.00000 0.00000 0.00000 0.00000 0.00000 0.00000 0.00000 0.00000 0.00000 0.00000 0.00000 0.00000
0.51052 0.46789 0.44154 0.42697 0.42273 0.42996 0.45271 0.50629 0.00000 0.00000 0.00000 0.00000 0.00000 0.00000 0.00000 0.00000 0.00000 0.00000 0.00000 0.00000 0.00000 0.00000 0.00000 0.00000 0.00000 0.00000 0.00000 0.00000 0.00000 0.00000 0.00000 0.00000
0.47163 0.43186 0.41087 0.40364 0.40990 0.43580 0.49486 0.00000 0.00000 0.00000 0.00000 0.00000 0.00000 0.00000 0.00000 0.00000 0.00000 0.00000 0.00000 0.00000 0.00000 0.00000 0.00000 0.00000 0.00000 0.00000 0.00000 0.00000 0.00000 0.00000 0.00000 0.00000
0.42677 0.39363 0.38236 0.38862 0.41807 0.48732 0.00000 0.00000 0.00000 0.00000 0.00000 0.00000 0.00000 0.00000 0.00000 0.00000 0.00000 0.00000 0.00000 0.00000 0.00000 0.00000 0.00000 0.00000 0.00000 0.00000 0.00000 0.00000 0.00000 0.00000 0.00000 0.00000
0.37405 0.35593 0.36423 0.40090 0.48454 0.00000 0.00000 0.00000 0.00000 0.00000 0.00000 0.00000 0.00000 0.00000 0.00000 0.00000 0.00000 0.00000 0.00000 0.00000 0.00000 0.00000 0.00000 0.00000 0.00000 0.00000 0.00000 0.00000 0.00000 0.00000 0.00000 0.00000
0.30769 0.32878 0.38448 0.49480 0.00000 0.00000 0.00000 0.00000 0.00000 0.00000 0.00000 0.00000 0.00000 0.00000 0.00000 0.00000 0.00000 0.00000 0.00000 0.00000 0.00000 0.00000 0.00000 0.00000 0.00000 0.00000 0.00000 0.00000 0.00000 0.00000 0.00000 0.00000
0.21573 0.36816 0.54310 0.00000 0.00000 0.00000 0.00000 0.00000 0.00000 0.00000 0.00000 0.00000 0.00000 0.00000 0.00000 0.00000 0.00000 0.00000 0.00000 0.00000 0.00000 0.00000 0.00000 0.00000 0.00000 0.00000 0.00000 0.00000 0.00000 0.00000 0.00000 0.00000
0.00000 0.85133 0.00000 0.00000 0.00000 0.00000 0.00000 0.00000 0.00000 0.00000 0.00000 0.00000 0.00000 0.00000 0.00000 0.00000 0.00000 0.00000 0.00000 0.00000 0.00000 0.00000 0.00000 0.00000 0.00000 0.00000 0.00000 0.00000 0.00000 0.00000 0.00000 0.00000
0.14055 0.00000 0.00000 0.00000 0.00000 0.00000 0.00000 0.00000 0.00000 0.00000 0.00000 0.00000 0.00000 0.00000 0.00000 0.00000 0.00000 0.00000 0.00000 0.00000 0.00000 0.00000 0.00000 0.00000 0.00000 0.00000 0.00000 0.00000 0.00000 0.00000 0.00000 0.00000
