0.00000 1.18772 1.23333 1.27629 1.31790 1.35674 1.39363 1.42852 1.46141 1.49303 1.52371 1.55057 1.57469 1.60158 1.62575 1.65034 1.67547 1.70134 1.73160 1.76708 1.81009 1.85935 1.91978 1.99339 2.08745 2.19766 2.33250 2.50248 2.72011 3.01623 3.45433 4.17656 5.49268 8.12114
0.21003 0.72789 0.92995 1.05077 1.13849 1.20771 1.26579 1.31617 1.36076 1.40138 1.43918 1.47199 1.50105 1.53186 1.55949 1.58701 1.61468 1.64273 1.67495 1.71180 1.75594 1.80592 1.86651 1.93967 2.03247 2.14066 2.27235 2.43767 2.64869 2.93551 3.36026 4.06106 5.33346 0.00000
0.29627 0.63336 0.82300 0.95164 1.04921 1.12732 1.19269 1.24897 1.29833 1.34275 1.38364 1.41919 1.45058 1.48321 1.51252 1.54150 1.57047 1.59964 1.63291 1.67037 1.71497 1.76504 1.82522 1.89740 1.98842 2.09406 2.22207 2.38231 2.58673 2.86505 3.27803 3.95745 0.00000 0.00000
0.36427 0.61517 0.78166 0.90414 1.00090 1.08014 1.14714 1.20505 1.25590 1.30159 1.34358 1.38022 1.41263 1.44601 1.47613 1.50585 1.53552 1.56529 1.59919 1.63687 1.68158 1.73139 1.79083 1.86166 1.95053 2.05322 2.17728 2.33255 2.53117 2.80252 3.20396 0.00000 0.00000 0.00000
0.41927 0.62026 0.76668 0.88026 0.97281 1.05012 1.11623 1.17374 1.22446 1.27012 1.31219 1.34906 1.38181 1.41541 1.44589 1.47600 1.50608 1.53622 1.57050 1.60820 1.65278 1.70209 1.76054 1.82971 1.91612 2.01564 2.13585 2.28690 2.48109 2.74559 0.00000 0.00000 0.00000 0.00000
0.46554 0.63382 0.76384 0.86851 0.95577 1.02987 1.09392 1.15001 1.19974 1.24470 1.28629 1.32292 1.35565 1.38918 1.41981 1.45011 1.48046 1.51082 1.54532 1.58289 1.62712 1.67570 1.73288 1.80011 1.88385 1.98030 2.09735 2.24542 2.43515 0.00000 0.00000 0.00000 0.00000 0.00000
0.50568 0.65061 0.76717 0.86354 0.94531 1.01571 1.07715 1.13131 1.17961 1.22349 1.26430 1.30045 1.33296 1.36628 1.39693 1.42734 1.45784 1.48831 1.52287 1.56014 1.60381 1.65139 1.70701 1.77209 1.85325 1.94726 2.06228 2.20722 0.00000 0.00000 0.00000 0.00000 0.00000 0.00000
0.54119 0.66843 0.77372 0.86256 0.93897 1.00556 1.06418 1.11619 1.16285 1.20547 1.24538 1.28091 1.31311 1.34614 1.37675 1.40719 1.43776 1.46822 1.50264 1.53942 1.58225 1.62856 1.68241 1.74540 1.82457 1.91719 2.02995 0.00000 0.00000 0.00000 0.00000 0.00000 0.00000 0.00000
0.57296 0.68618 0.78188 0.86393 0.93529 0.99813 1.05393 1.10373 1.14868 1.18999 1.22894 1.26382 1.29569 1.32841 1.35892 1.38932 1.41984 1.45015 1.48422 1.52025 1.56196 1.60677 1.65890 1.72036 1.79853 1.88947 0.00000 0.00000 0.00000 0.00000 0.00000 0.00000 0.00000 0.00000
0.60150 0.70326 0.79071 0.86666 0.93334 0.99262 1.04568 1.09332 1.13660 1.17661 1.21463 1.24887 1.28040 1.31278 1.34315 1.37342 1.40375 1.43370 1.46716 1.50219 1.54255 1.58590 1.63683 1.69769 1.77453 0.00000 0.00000 0.00000 0.00000 0.00000 0.00000 0.00000 0.00000 0.00000
0.62719 0.71937 0.79963 0.87011 0.93251 0.98847 1.03896 1.08455 1.12625 1.16505 1.20217 1.23580 1.26698 1.29901 1.32916 1.35916 1.38912 1.41849 1.45105 1.48487 1.52391 1.56629 1.61692 1.67680 0.00000 0.00000 0.00000 0.00000 0.00000 0.00000 0.00000 0.00000 0.00000 0.00000
0.65032 0.73434 0.80832 0.87390 0.93241 0.98534 1.03343 1.07714 1.11738 1.15505 1.19133 1.22440 1.25522 1.28685 1.31666 1.34623 1.37559 1.40411 1.43556 1.46820 1.50639 1.54866 1.59859 0.00000 0.00000 0.00000 0.00000 0.00000 0.00000 0.00000 0.00000 0.00000 0.00000 0.00000
0.67114 0.74813 0.81658 0.87780 0.93282 0.98298 1.02891 1.07090 1.10981 1.14647 1.18196 1.21447 1.24489 1.27603 1.30535 1.33427 1.36278 1.39025 1.42059 1.45252 1.49069 1.53245 0.00000 0.00000 0.00000 0.00000 0.00000 0.00000 0.00000 0.00000 0.00000 0.00000 0.00000 0.00000
0.68987 0.76077 0.82435 0.88168 0.93358 0.98127 1.02523 1.06568 1.10341 1.13913 1.17387 1.20582 1.23574 1.26627 1.29489 1.32292 1.35038 1.37682 1.40651 1.43853 1.47627 0.00000 0.00000 0.00000 0.00000 0.00000 0.00000 0.00000 0.00000 0.00000 0.00000 0.00000 0.00000 0.00000
0.70674 0.77233 0.83162 0.88549 0.93463 0.98011 1.02231 1.06140 1.09805 1.13290 1.16688 1.19821 1.22750 1.25724 1.28494 1.31189 1.33832 1.36418 1.39401 1.42569 0.00000 0.00000 0.00000 0.00000 0.00000 0.00000 0.00000 0.00000 0.00000 0.00000 0.00000 0.00000 0.00000 0.00000
0.72195 0.78290 0.83842 0.88924 0.93593 0.97946 1.02010 1.05795 1.09361 1.12761 1.16080 1.19140 1.21988 1.24862 1.27521 1.30112 1.32696 1.35301 1.38254 0.00000 0.00000 0.00000 0.00000 0.00000 0.00000 0.00000 0.00000 0.00000 0.00000 0.00000 0.00000 0.00000 0.00000 0.00000
0.73572 0.79261 0.84481 0.89294 0.93749 0.97928 1.01851 1.05524 1.08996 1.12309 1.15540 1.18511 1.21258 1.24014 1.26567 1.29095 1.31698 1.34277 0.00000 0.00000 0.00000 0.00000 0.00000 0.00000 0.00000 0.00000 0.00000 0.00000 0.00000 0.00000 0.00000 0.00000 0.00000 0.00000
0.74824 0.80158 0.85088 0.89666 0.93931 0.97955 1.01750 1.05316 1.08693 1.11912 1.15041 1.17904 1.20534 1.23177 1.25665 1.28209 1.30784 0.00000 0.00000 0.00000 0.00000 0.00000 0.00000 0.00000 0.00000 0.00000 0.00000 0.00000 0.00000 0.00000 0.00000 0.00000 0.00000 0.00000
0.75971 0.80995 0.85671 0.90042 0.94139 0.98022 1.01697 1.05158 1.08434 1.11545 1.14556 1.17296 1.19812 1.22385 1.24885 1.27397 0.00000 0.00000 0.00000 0.00000 0.00000 0.00000 0.00000 0.00000 0.00000 0.00000 0.00000 0.00000 0.00000 0.00000 0.00000 0.00000 0.00000 0.00000
0.77031 0.81784 0.86238 0.90425 0.94371 0.98124 1.01681 1.05032 1.08194 1.11183 1.14061 1.16683 1.19128 1.21707 1.24173 0.00000 0.00000 0.00000 0.00000 0.00000 0.00000 0.00000 0.00000 0.00000 0.00000 0.00000 0.00000 0.00000 0.00000 0.00000 0.00000 0.00000 0.00000 0.00000
0.78020 0.82536 0.86794 0.90817 0.94622 0.98248 1.01685 1.04916 1.07951 1.10803 1.13555 1.16101 1.18550 1.21089 0.00000 0.00000 0.00000 0.00000 0.00000 0.00000 0.00000 0.00000 0.00000 0.00000 0.00000 0.00000 0.00000 0.00000 0.00000 0.00000 0.00000 0.00000 0.00000 0.00000
0.78952 0.83260 0.87343 0.91215 0.94885 0.98383 1.01691 1.04787 1.07682 1.10405 1.13073 1.15618 1.18024 0.00000 0.00000 0.00000 0.00000 0.00000 0.00000 0.00000 0.00000 0.00000 0.00000 0.00000 0.00000 0.00000 0.00000 0.00000 0.00000 0.00000 0.00000 0.00000 0.00000 0.00000
0.79839 0.83962 0.87883 0.91611 0.95147 0.98508 1.01675 1.04627 1.07388 1.10023 1.12683 1.15180 0.00000 0.00000 0.00000 0.00000 0.00000 0.00000 0.00000 0.00000 0.00000 0.00000 0.00000 0.00000 0.00000 0.00000 0.00000 0.00000 0.00000 0.00000 0.00000 0.00000 0.00000 0.00000
0.80688 0.84641 0.88411 0.91996 0.95390 0.98605 1.01621 1.04434 1.07104 1.09726 1.12330 0.00000 0.00000 0.00000 0.00000 0.00000 0.00000 0.00000 0.00000 0.00000 0.00000 0.00000 0.00000 0.00000 0.00000 0.00000 0.00000 0.00000 0.00000 0.00000 0.00000 0.00000 0.00000 0.00000
0.81503 0.85297 0.88917 0.92355 0.95596 0.98655 1.01528 1.04245 1.06897 1.09460 0.00000 0.00000 0.00000 0.00000 0.00000 0.00000 0.00000 0.00000 0.00000 0.00000 0.00000 0.00000 0.00000 0.00000 0.00000 0.00000 0.00000 0.00000 0.00000 0.00000 0.00000 0.00000 0.00000 0.00000
0.82282 0.85920 0.89387 0.92668 0.95750 0.98661 1.01433 1.04127 1.06715 0.00000 0.00000 0.00000 0.00000 0.00000 0.00000 0.00000 0.00000 0.00000 0.00000 0.00000 0.00000 0.00000 0.00000 0.00000 0.00000 0.00000 0.00000 0.00000 0.00000 0.00000 0.00000 0.00000 0.00000 0.00000
0.83020 0.86499 0.89804 0.92921 0.95852 0.98657 1.01401 1.04025 0.00000 0.00000 0.00000 0.00000 0.00000 0.00000 0.00000 0.00000 0.00000 0.00000 0.00000 0.00000 0.00000 0.00000 0.00000 0.00000 0.00000 0.00000 0.00000 0.00000 0.00000 0.00000 0.00000 0.00000 0.00000 0.00000
0.83704 0.87019 0.90156 0.93117 0.95938 0.98710 1.01380 0.00000 0.00000 0.00000 0.00000 0.00000 0.00000 0.00000 0.00000 0.00000 0.00000 0.00000 0.00000 0.00000 0.00000 0.00000 0.00000 0.00000 0.00000 0.00000 0.00000 0.00000 0.00000 0.00000 0.00000 0.00000 0.00000 0.00000
0.84323 0.87465 0.90444 0.93292 0.96076 0.98768 0.00000 0.00000 0.00000 0.00000 0.00000 0.00000 0.00000 0.00000 0.00000 0.00000 0.00000 0.00000 0.00000 0.00000 0.00000 0.00000 0.00000 0.00000 0.00000 0.00000 0.00000 0.00000 0.00000 0.00000 0.00000 0.00000 0.00000 0.00000
0.84862 0.87843 0.90705 0.93511 0.96211 0.00000 0.00000 0.00000 0.00000 0.00000 0.00000 0.00000 0.00000 0.00000 0.00000 0.00000 0.00000 0.00000 0.00000 0.00000 0.00000 0.00000 0.00000 0.00000 0.00000 0.00000 0.00000 0.00000 0.00000 0.00000 0.00000 0.00000 0.00000 0.00000
0.85326 0.88188 0.91003 0.93722 0.00000 0.00000 0.00000 0.00000 0.00000 0.00000 0.00000 0.00000 0.00000 0.00000 0.00000 0.00000 0.00000 0.00000 0.00000 0.00000 0.00000 0.00000 0.00000 0.00000 0.00000 0.00000 0.00000 0.00000 0.00000 0.00000 0.00000 0.00000 0.00000 0.00000
0.85752 0.88564 0.91288 0.00000 0.00000 0.00000 0.00000 0.00000 0.00000 0.00000 0.00000 0.00000 0.00000 0.00000 0.00000 0.00000 0.00000 0.00000 0.00000 0.00000 0.00000 0.00000 0.00000 0.00000 0.00000 0.00000 0.00000 0.00000 0.00000 0.00000 0.00000 0.00000 0.00000 0.00000
0.86204 0.88920 0.00000 0.00000 0.00000 0.00000 0.00000 0.00000 0.00000 0.00000 0.00000 0.00000 0.00000 0.00000 0.00000 0.00000 0.00000 0.00000 0.00000 0.00000 0.00000 0.00000 0.00000 0.00000 0.00000 0.00000 0.00000 0.00000 0.00000 0.00000 0.00000 0.00000 0.00000 0.00000
0.86630 0.00000 0.00000 0.00000 0.00000 0.00000 0.00000 0.00000 0.00000 0.00000 0.00000 0.00000 0.00000 0.00000 0.00000 0.00000 0.00000 0.00000 0.00000 0.00000 0.00000 0.00000 0.00000 0.00000 0.00000 0.00000 0.00000 0.00000 0.00000 0.00000 0.00000 0.00000 0.00000 0.00000
