0.37236 0.72910 1.06017 1.37206 1.66916 1.95276 2.22384 2.47950 2.72200 2.95037 3.16357 3.36479 3.55432 3.73469 3.90686 4.07384 4.23625 4.39469 4.55371 4.71640 4.88683 5.06608 5.26790 5.50320 5.79426 6.17748 6.70750 7.52442 8.91737 11.62545
0.32833 0.73008 1.09446 1.43163 1.74887 2.04863 2.33277 2.59856 2.84914 3.08419 3.30206 3.50699 3.69935 3.88188 4.05573 4.22410 4.38790 4.54740 4.70756 4.87163 5.04394 5.22510 5.42989 5.66931 5.96583 6.35792 6.90124 7.74005 9.16645 0.00000
0.27989 0.73844 1.14256 1.50849 1.84787 2.16487 2.46198 2.73777 2.99605 3.23742 3.45916 3.66716 3.86167 4.04568 4.22061 4.38986 4.55479 4.71497 4.87601 5.04136 5.21562 5.39931 5.60726 5.85104 6.15266 6.55516 7.11515 7.97969 0.00000 0.00000
0.23189 0.76349 1.21509 1.61361 1.97674 2.31154 2.62071 2.90571 3.17072 3.41725 3.64155 3.85147 4.04708 4.23152 4.40664 4.57597 4.74166 4.90197 5.06350 5.22987 5.40608 5.59286 5.80401 6.05229 6.35926 6.77529 7.35602 0.00000 0.00000 0.00000
0.18448 0.81343 1.32250 1.75807 2.14590 2.49818 2.81827 3.11082 3.38077 3.63016 3.85507 4.06530 4.26048 4.44388 4.61796 4.78633 4.95219 5.11191 5.27338 5.44038 5.61839 5.80776 6.02199 6.27535 6.59110 7.02412 0.00000 0.00000 0.00000 0.00000
0.13809 0.90326 1.48272 1.95925 2.37097 2.73835 3.06652 3.36337 3.63521 3.88392 4.10685 4.31498 4.50757 4.68791 4.85929 5.02528 5.19024 5.34840 5.50901 5.67602 5.85543 6.04671 6.26431 6.52504 6.85381 0.00000 0.00000 0.00000 0.00000 0.00000
0.09270 1.06212 1.72756 2.24451 2.67501 3.05072 3.38090 3.67619 3.94483 4.18849 4.40600 4.60850 4.79543 4.97001 5.13639 5.29805 5.46012 5.61537 5.77402 5.93998 6.12013 6.31295 6.53592 6.80700 0.00000 0.00000 0.00000 0.00000 0.00000 0.00000
0.04779 1.35768 2.11964 2.66376 3.09707 3.46583 3.78586 4.06901 4.32582 4.55734 4.76406 4.95572 5.13252 5.29793 5.45615 5.61089 5.76701 5.91745 6.07244 6.23584 6.41623 6.61200 6.84299 0.00000 0.00000 0.00000 0.00000 0.00000 0.00000 0.00000
0.00262 1.99381 2.80298 3.31515 3.70604 4.03481 4.31998 4.57176 4.80200 5.00969 5.19586 5.36887 5.52904 5.68093 5.82660 5.97086 6.11752 6.26049 6.40947 6.56875 6.75024 6.95107 0.00000 0.00000 0.00000 0.00000 0.00000 0.00000 0.00000 0.00000
0.00000 3.99343 4.21440 4.43111 4.64237 4.85022 5.04809 5.23220 5.40965 5.57395 5.72419 5.86661 6.00052 6.13214 6.25903 6.38785 6.52001 6.65178 6.79212 6.94719 7.13073 0.00000 0.00000 0.00000 0.00000 0.00000 0.00000 0.00000 0.00000 0.00000
0.08756 2.04516 2.84505 3.35344 3.73945 4.06398 4.34699 4.59713 4.82649 5.03390 5.22130 5.39563 5.55737 5.71462 5.86407 6.01350 6.16279 6.31160 6.46964 6.64358 0.00000 0.00000 0.00000 0.00000 0.00000 0.00000 0.00000 0.00000 0.00000 0.00000
0.12881 1.42342 2.17986 2.72220 3.15027 3.51345 3.83091 4.11273 4.36862 4.60011 4.80959 5.00417 5.18414 5.35835 5.52378 5.68852 5.85118 6.01527 6.19016 0.00000 0.00000 0.00000 0.00000 0.00000 0.00000 0.00000 0.00000 0.00000 0.00000 0.00000
0.16792 1.13164 1.79633 2.31357 2.73986 3.10975 3.43769 3.73235 4.00051 4.24469 4.46678 4.67399 4.86572 5.05174 5.22837 5.40493 5.57993 5.75869 0.00000 0.00000 0.00000 0.00000 0.00000 0.00000 0.00000 0.00000 0.00000 0.00000 0.00000 0.00000
0.20562 0.97114 1.55301 2.03161 2.44069 2.80347 3.13006 3.42730 3.69947 3.94939 4.17798 4.39271 4.59188 4.78604 4.97075 5.15811 5.34527 0.00000 0.00000 0.00000 0.00000 0.00000 0.00000 0.00000 0.00000 0.00000 0.00000 0.00000 0.00000 0.00000
0.24076 0.87451 1.38819 1.82826 2.21518 2.56491 2.88428 3.17848 3.44981 3.70116 3.93228 4.15101 4.35497 4.55501 4.74713 4.94467 0.00000 0.00000 0.00000 0.00000 0.00000 0.00000 0.00000 0.00000 0.00000 0.00000 0.00000 0.00000 0.00000 0.00000
0.27392 0.81377 1.27185 1.67680 2.04075 2.37517 2.68448 2.97263 3.24032 3.49043 3.72163 3.94185 4.14916 4.35483 4.55451 0.00000 0.00000 0.00000 0.00000 0.00000 0.00000 0.00000 0.00000 0.00000 0.00000 0.00000 0.00000 0.00000 0.00000 0.00000
0.30529 0.77485 1.18729 1.56115 1.90301 2.22164 2.51976 2.80031 3.06278 3.30991 3.53995 3.76024 3.97062 4.18189 0.00000 0.00000 0.00000 0.00000 0.00000 0.00000 0.00000 0.00000 0.00000 0.00000 0.00000 0.00000 0.00000 0.00000 0.00000 0.00000
0.33494 0.74992 1.12447 1.47110 1.79239 2.09566 2.38234 2.65459 2.91094 3.15396 3.38244 3.60327 3.81711 0.00000 0.00000 0.00000 0.00000 0.00000 0.00000 0.00000 0.00000 0.00000 0.00000 0.00000 0.00000 0.00000 0.00000 0.00000 0.00000 0.00000
0.36293 0.73432 1.07707 1.39985 1.70232 1.99107 2.26655 2.53020 2.77995 3.01848 3.24588 3.46810 0.00000 0.00000 0.00000 0.00000 0.00000 0.00000 0.00000 0.00000 0.00000 0.00000 0.00000 0.00000 0.00000 0.00000 0.00000 0.00000 0.00000 0.00000
0.38947 0.72525 1.04103 1.34276 1.62817 1.90338 2.16805 2.42304 2.66632 2.90146 3.12861 0.00000 0.00000 0.00000 0.00000 0.00000 0.00000 0.00000 0.00000 0.00000 0.00000 0.00000 0.00000 0.00000 0.00000 0.00000 0.00000 0.00000 0.00000 0.00000
0.41490 0.72107 1.01373 1.29655 1.56655 1.82920 2.08354 2.33020 2.56845 2.80141 0.00000 0.00000 0.00000 0.00000 0.00000 0.00000 0.00000 0.00000 0.00000 0.00000 0.00000 0.00000 0.00000 0.00000 0.00000 0.00000 0.00000 0.00000 0.00000 0.00000
0.43933 0.72057 0.99309 1.25884 1.51490 1.76587 2.01063 2.25051 2.48514 0.00000 0.00000 0.00000 0.00000 0.00000 0.00000 0.00000 0.00000 0.00000 0.00000 0.00000 0.00000 0.00000 0.00000 0.00000 0.00000 0.00000 0.00000 0.00000 0.00000 0.00000
0.46254 0.72255 0.97707 1.22783 1.47121 1.71152 1.94845 2.18313 0.00000 0.00000 0.00000 0.00000 0.00000 0.00000 0.00000 0.00000 0.00000 0.00000 0.00000 0.00000 0.00000 0.00000 0.00000 0.00000 0.00000 0.00000 0.00000 0.00000 0.00000 0.00000
0.48466 0.72640 0.96465 1.20211 1.43410 1.66567 1.89637 0.00000 0.00000 0.00000 0.00000 0.00000 0.00000 0.00000 0.00000 0.00000 0.00000 0.00000 0.00000 0.00000 0.00000 0.00000 0.00000 0.00000 0.00000 0.00000 0.00000 0.00000 0.00000 0.00000
0.50536 0.73122 0.95502 1.18069 1.40339 1.62787 0.00000 0.00000 0.00000 0.00000 0.00000 0.00000 0.00000 0.00000 0.00000 0.00000 0.00000 0.00000 0.00000 0.00000 0.00000 0.00000 0.00000 0.00000 0.00000 0.00000 0.00000 0.00000 0.00000 0.00000
0.52482 0.73670 0.94778 1.16376 1.37887 0.00000 0.00000 0.00000 0.00000 0.00000 0.00000 0.00000 0.00000 0.00000 0.00000 0.00000 0.00000 0.00000 0.00000 0.00000 0.00000 0.00000 0.00000 0.00000 0.00000 0.00000 0.00000 0.00000 0.00000 0.00000
0.54313 0.74270 0.94353 1.15131 0.00000 0.00000 0.00000 0.00000 0.00000 0.00000 0.00000 0.00000 0.00000 0.00000 0.00000 0.00000 0.00000 0.00000 0.00000 0.00000 0.00000 0.00000 0.00000 0.00000 0.00000 0.00000 0.00000 0.00000 0.00000 0.00000
0.56044 0.74990 0.94241 0.00000 0.00000 0.00000 0.00000 0.00000 0.00000 0.00000 0.00000 0.00000 0.00000 0.00000 0.00000 0.00000 0.00000 0.00000 0.00000 0.00000 0.00000 0.00000 0.00000 0.00000 0.00000 0.00000 0.00000 0.00000 0.00000 0.00000
0.57762 0.75859 0.00000 0.00000 0.00000 0.00000 0.00000 0.00000 0.00000 0.00000 0.00000 0.00000 0.00000 0.00000 0.00000 0.00000 0.00000 0.00000 0.00000 0.00000 0.00000 0.00000 0.00000 0.00000 0.00000 0.00000 0.00000 0.00000 0.00000 0.00000
0.59508 0.00000 0.00000 0.00000 0.00000 0.00000 0.00000 0.00000 0.00000 0.00000 0.00000 0.00000 0.00000 0.00000 0.00000 0.00000 0.00000 0.00000 0.00000 0.00000 0.00000 0.00000 0.00000 0.00000 0.00000 0.00000 0.00000 0.00000 0.00000 0.00000
