10.384260 10.764984 11.202288 11.700616 12.265703 12.902562 13.612702 14.400919 15.272760 16.227947 17.265799 18.388100 19.592052 20.878412 22.239550 23.673622 25.176867 26.737759 28.354509 30.017761 31.721897 33.465599 35.240402 37.042362 38.869659 40.715996 42.572514 44.440086 46.316399 48.200600 50.092926 51.982899 53.872078 55.755920 57.649750 59.560616 61.481304 63.415436 65.326248 67.238029 69.149696 71.060913 72.979729 74.939667 76.917992 78.918083 80.998459 83.229599 85.742737 88.801819 92.733856 98.285660 106.696220 120.858528 148.346527 211.000000
9.622542 10.015066 10.464972 10.976608 11.555632 12.206947 12.931896 13.735119 14.621999 15.592089 16.644464 17.780823 18.998152 20.297054 21.669796 23.114450 24.627184 26.196426 27.820429 29.489740 31.198809 32.946480 34.724297 36.528507 38.357548 40.204903 42.061794 43.929306 45.805206 47.688694 49.580135 51.469048 53.357025 55.239479 57.131664 59.041191 60.960293 62.892998 64.801895 66.711655 68.621056 70.530090 72.446556 74.404449 76.381020 78.378975 80.457214 82.686203 85.197861 88.259804 92.200706 97.773033 106.213783 120.391167 147.764023 0.000000
9.104214 9.523007 10.000948 10.542187 11.152184 11.835628 12.593490 13.430074 14.350491 15.353871 16.438770 17.606722 18.854280 20.181705 21.581055 23.050190 24.585220 26.174385 27.816071 29.500608 31.222616 32.981251 34.768139 36.579815 38.415356 40.267757 42.128323 43.998669 45.876690 47.761703 49.654259 51.543968 53.432446 55.314926 57.206738 59.116478 61.035263 62.968002 64.875885 66.784302 68.692238 70.599556 72.514137 74.471039 76.447044 78.443909 80.521423 82.750565 85.265587 88.342628 92.312782 97.936920 106.440308 120.605209 0.000000 0.000000
8.790192 9.245081 9.761407 10.343028 10.995133 11.722111 12.524406 13.405888 14.371304 15.419237 16.547529 17.757536 19.045227 20.410513 21.845087 23.346609 24.911137 26.526651 28.191795 29.896578 31.635857 33.409222 35.208359 37.030334 38.874935 40.734581 42.600716 44.475510 46.357071 48.244953 50.139851 52.031487 53.921429 55.804718 57.696835 59.607647 61.526669 63.460270 65.367584 67.275146 69.182014 71.088058 73.001190 74.957710 76.934364 78.931320 81.010078 83.243721 85.769989 88.875793 92.890640 98.576370 107.100845 0.000000 0.000000 0.000000
8.612023 9.108696 9.669220 10.297101 10.997182 11.773488 12.625879 13.557692 14.573338 15.670760 16.847015 18.103300 19.434933 20.841528 22.314375 23.850924 25.447250 27.091099 28.781380 30.507797 32.265503 34.054577 35.866829 37.699814 39.554180 41.421791 43.294033 45.173851 47.059551 48.950794 50.848541 52.742516 54.634323 56.518692 58.411293 60.323463 62.242912 64.177582 66.084473 67.991364 69.897385 71.802414 73.714355 75.671326 77.649788 79.648705 81.732796 83.978020 86.525536 89.670609 93.732544 99.432526 0.000000 0.000000 0.000000 0.000000
8.533011 9.074798 9.682735 10.359915 11.110786 11.938978 12.843709 13.827734 14.895207 16.043390 17.268520 18.571657 19.947470 21.395479 22.906370 24.477560 26.105232 27.776787 29.491604 31.239006 33.014568 34.818748 36.643574 38.487160 40.350971 42.226418 44.104706 45.989521 47.879353 49.774021 51.674789 53.571156 55.464836 57.350239 59.243225 61.156639 63.076347 65.012115 66.918648 68.824997 70.730385 72.634796 74.545853 76.504181 78.486572 80.491241 82.587440 84.853569 87.431114 90.616158 94.680275 0.000000 0.000000 0.000000 0.000000 0.000000
8.536303 9.125204 9.782291 10.510201 11.312946 12.193738 13.151126 14.187249 15.306113 16.504263 17.777155 19.125734 20.544062 22.031719 23.578730 25.182581 26.839676 28.537031 30.274616 32.041351 33.833267 35.651234 37.487537 39.340725 41.213116 43.095921 44.979820 46.869343 48.763073 50.660988 52.564674 54.463264 56.358635 58.244759 60.137909 62.052353 63.972065 65.908943 67.815117 69.721062 71.626030 73.529999 75.440842 77.402847 79.392929 81.409996 83.527168 85.822296 88.430939 91.612930 0.000000 0.000000 0.000000 0.000000 0.000000 0.000000
8.613770 9.250910 9.957914 10.736942 11.591536 12.524468 13.533626 14.620502 15.789083 17.035213 18.353558 19.745020 21.203083 22.727676 24.307962 25.941669 27.625538 29.346134 31.104174 32.888096 34.694557 36.524677 38.371006 40.232632 42.112583 44.002029 45.890961 47.784698 49.681984 51.582787 53.489235 55.389694 57.286343 59.172840 61.065769 62.980888 64.900482 66.838455 68.744324 70.650002 72.554939 74.459152 76.371284 78.341103 80.345459 82.383606 84.529480 86.854759 89.453979 0.000000 0.000000 0.000000 0.000000 0.000000 0.000000 0.000000
8.760998 9.446822 10.203775 11.033540 11.939157 12.922974 13.982180 15.117659 16.333509 17.624847 18.985653 20.416822 21.911264 23.469542 25.079828 26.740234 28.447931 30.189001 31.964998 33.763870 35.582928 37.423466 39.278400 41.147217 43.033611 44.928993 46.822311 48.719742 50.620060 52.523312 54.432175 56.334133 58.231712 60.117981 62.010448 63.925995 65.845314 67.784599 69.690277 71.596008 73.501465 75.407547 77.324486 79.309120 81.336136 83.402794 85.578209 87.893631 0.000000 0.000000 0.000000 0.000000 0.000000 0.000000 0.000000 0.000000
8.975180 9.709574 10.515927 11.395448 12.350651 13.383488 14.490465 15.671854 16.932005 18.265354 19.665241 21.132599 22.659813 24.248352 25.885252 27.569090 29.297642 31.056396 32.847939 34.659588 36.489368 38.338757 40.200935 42.075771 43.967583 45.868114 47.765182 49.665730 51.568558 53.473763 55.384731 57.287655 59.185734 61.071278 62.963291 64.878937 66.798149 68.739014 70.644768 72.551201 74.458771 76.370193 78.298050 80.306366 82.363159 84.459045 86.624329 0.000000 0.000000 0.000000 0.000000 0.000000 0.000000 0.000000 0.000000 0.000000
9.254150 10.036511 10.891208 11.819007 12.821878 13.901449 15.053502 16.277763 17.578960 18.950859 20.386297 21.886219 23.442560 25.057898 26.718069 28.422211 30.168795 31.942648 33.747471 35.569904 37.408752 39.265530 41.133743 43.013599 44.909904 46.814888 48.715092 50.618168 52.522999 54.429630 56.342388 58.245796 60.143944 62.028389 63.920155 65.835922 67.755135 69.698120 71.604668 73.513412 75.426628 77.349602 79.296478 81.335571 83.422493 85.508057 0.000000 0.000000 0.000000 0.000000 0.000000 0.000000 0.000000 0.000000 0.000000 0.000000
9.595859 10.425134 11.326680 12.300874 13.349128 14.472814 15.666963 16.930927 18.269733 19.676630 21.144037 22.672953 24.254869 25.893644 27.573925 29.295443 31.057487 32.844109 34.660229 36.491726 38.338150 40.201111 42.074333 43.958317 45.858265 47.767059 49.669834 51.574921 53.481186 55.388763 57.302940 59.206570 61.104515 62.987564 64.879364 66.795258 68.714981 70.661163 72.570061 74.484612 76.409676 78.352280 80.325279 82.395035 84.472298 0.000000 0.000000 0.000000 0.000000 0.000000 0.000000 0.000000 0.000000 0.000000 0.000000 0.000000
9.998050 10.872786 11.819315 12.837668 13.928705 15.093641 16.326729 17.627216 19.000160 20.438522 21.934408 23.488892 25.093063 26.751884 28.449394 30.185675 31.960821 33.758171 35.583897 37.422977 39.275723 41.143803 43.021187 44.908562 46.811520 48.723495 50.628273 52.534840 54.442062 56.350170 58.265522 60.169075 62.066727 63.948078 65.840073 67.756340 69.677307 71.628670 73.543541 75.470024 77.415100 79.384354 81.383926 83.444084 0.000000 0.000000 0.000000 0.000000 0.000000 0.000000 0.000000 0.000000 0.000000 0.000000 0.000000 0.000000
10.458144 11.376523 12.365839 13.425832 14.556824 15.759965 17.028698 18.362614 19.766247 21.232599 22.753614 24.330441 25.953886 27.629513 29.341671 31.090342 32.876450 34.682774 36.516636 38.362061 40.219994 42.092365 43.973133 45.863277 47.768898 49.683434 51.589706 53.497276 55.405022 57.313282 59.229416 61.132759 63.030121 64.909683 66.801353 68.718826 70.642654 72.603180 74.529999 76.476517 78.448479 80.445114 82.432098 0.000000 0.000000 0.000000 0.000000 0.000000 0.000000 0.000000 0.000000 0.000000 0.000000 0.000000 0.000000 0.000000
10.973143 11.933035 12.962656 14.061528 15.229463 16.467640 17.768696 19.132950 20.563868 22.054884 23.597834 25.193991 26.834206 28.523649 30.248129 32.007149 33.802143 35.615910 37.456669 39.307365 41.169521 43.045387 44.928905 46.821224 48.729465 50.645977 52.553276 54.461407 56.369328 58.277493 60.193741 62.096874 63.994053 65.871933 67.763092 69.683464 71.613510 73.589638 75.536461 77.509819 79.509224 81.493919 0.000000 0.000000 0.000000 0.000000 0.000000 0.000000 0.000000 0.000000 0.000000 0.000000 0.000000 0.000000 0.000000 0.000000
11.539775 12.538776 13.605997 14.740834 15.942563 17.212559 18.542608 19.934017 21.388947 22.901430 24.463305 26.076033 27.730949 29.431734 31.166540 32.934124 34.735947 36.555855 38.402481 40.257507 42.122974 44.001659 45.887260 47.781193 49.692478 51.610390 53.518276 55.426624 57.334530 59.242401 61.157719 63.060791 64.958031 66.834892 68.726601 70.653610 72.595612 74.595383 76.568863 78.569496 80.557167 0.000000 0.000000 0.000000 0.000000 0.000000 0.000000 0.000000 0.000000 0.000000 0.000000 0.000000 0.000000 0.000000 0.000000 0.000000
12.154565 13.190048 14.292032 15.459786 16.692139 17.990753 19.346525 20.761845 22.237671 23.768614 25.346619 26.973412 28.641277 30.351488 32.094864 33.869518 35.676376 37.501347 39.352879 41.211437 43.079361 44.960228 46.847351 48.742359 50.657093 52.575905 54.484001 56.392338 58.300018 60.207592 62.121265 64.024513 65.922417 67.800331 69.695740 71.635727 73.597046 75.626823 77.627487 79.616264 0.000000 0.000000 0.000000 0.000000 0.000000 0.000000 0.000000 0.000000 0.000000 0.000000 0.000000 0.000000 0.000000 0.000000 0.000000 0.000000
12.813969 13.883172 15.016976 16.214596 17.474411 18.798508 20.176865 21.612928 23.106747 24.653404 26.244987 27.883610 29.562717 31.280838 33.031307 34.811749 36.622372 38.451450 40.307106 42.168476 44.038086 45.920536 47.808605 49.704208 51.622425 53.541725 55.449764 57.357899 59.265427 61.172817 63.084900 64.988876 66.889030 68.772346 70.677200 72.638115 74.625000 76.684402 78.672882 0.000000 0.000000 0.000000 0.000000 0.000000 0.000000 0.000000 0.000000 0.000000 0.000000 0.000000 0.000000 0.000000 0.000000 0.000000 0.000000 0.000000
13.514400 14.614466 15.777146 17.001598 18.285805 19.632362 21.030359 22.484217 23.993347 25.553297 27.156179 28.804663 30.493290 32.218071 33.974384 35.759556 37.573212 39.405605 41.264648 43.128216 44.998768 46.882256 48.770786 50.666500 52.587791 54.507339 56.415184 58.323166 60.230614 62.138111 64.049858 65.956131 67.861855 69.757240 71.679054 73.667328 75.679825 77.728592 0.000000 0.000000 0.000000 0.000000 0.000000 0.000000 0.000000 0.000000 0.000000 0.000000 0.000000 0.000000 0.000000 0.000000 0.000000 0.000000 0.000000 0.000000
14.252317 15.380395 16.569035 17.817394 19.123047 20.489157 21.904072 23.373020 24.895126 26.466198 28.078384 29.735039 31.431618 33.161972 34.923061 36.712097 38.528423 40.363430 42.225231 44.090393 45.961246 47.845276 49.733852 51.629314 53.553093 55.472828 57.380478 59.288399 61.196083 63.104362 65.018265 66.930031 68.846970 70.762390 72.707596 74.723000 76.721863 0.000000 0.000000 0.000000 0.000000 0.000000 0.000000 0.000000 0.000000 0.000000 0.000000 0.000000 0.000000 0.000000 0.000000 0.000000 0.000000 0.000000 0.000000 0.000000
15.024274 16.177525 17.389313 18.658789 19.983124 21.365944 22.795311 24.276972 25.809967 27.390327 29.010092 30.673532 32.376690 34.111668 35.876667 37.668819 39.487534 41.324543 43.188534 45.054790 46.925358 48.809555 50.697880 52.592808 54.518597 56.438702 58.346317 60.254498 62.163067 64.073654 65.993393 67.916336 69.851898 71.793358 73.762329 75.765038 0.000000 0.000000 0.000000 0.000000 0.000000 0.000000 0.000000 0.000000 0.000000 0.000000 0.000000 0.000000 0.000000 0.000000 0.000000 0.000000 0.000000 0.000000 0.000000 0.000000
15.826770 17.002436 18.234692 19.522669 20.863136 22.259933 23.701544 25.193804 26.735878 28.323971 29.949852 31.618885 33.327526 35.066311 36.834446 38.629078 40.449913 42.288349 44.153980 46.020882 47.890945 49.774979 51.662807 53.557037 55.484501 57.405247 59.313156 61.222252 63.133186 65.049294 66.980240 68.921700 70.882126 72.849319 74.803230 0.000000 0.000000 0.000000 0.000000 0.000000 0.000000 0.000000 0.000000 0.000000 0.000000 0.000000 0.000000 0.000000 0.000000 0.000000 0.000000 0.000000 0.000000 0.000000 0.000000 0.000000
16.656231 17.851643 19.101830 20.405886 21.760141 23.168398 24.620304 26.121275 27.670883 29.265448 30.896141 32.569729 34.282906 36.024757 37.795372 39.591896 41.414551 43.253864 45.120636 46.987808 48.857464 50.741146 52.628460 54.522041 56.450531 58.372437 60.281273 62.192776 64.109276 66.036331 67.985359 69.951385 71.936798 73.890327 0.000000 0.000000 0.000000 0.000000 0.000000 0.000000 0.000000 0.000000 0.000000 0.000000 0.000000 0.000000 0.000000 0.000000 0.000000 0.000000 0.000000 0.000000 0.000000 0.000000 0.000000 0.000000
17.509069 18.721689 19.987429 21.305321 22.671259 24.088909 25.549379 27.057447 28.613245 30.213175 31.847591 33.524879 35.241749 36.986008 38.758453 40.556282 42.380405 44.220100 46.087620 47.954742 49.824551 51.707832 53.594654 55.487572 57.416447 59.340385 61.251598 63.168610 65.096107 67.041260 69.014160 71.004921 72.976402 0.000000 0.000000 0.000000 0.000000 0.000000 0.000000 0.000000 0.000000 0.000000 0.000000 0.000000 0.000000 0.000000 0.000000 0.000000 0.000000 0.000000 0.000000 0.000000 0.000000 0.000000 0.000000 0.000000
18.382011 19.609417 20.888500 22.218220 23.593943 25.019398 26.486967 28.000731 29.561562 31.165981 32.803181 34.483372 36.203171 37.949203 39.722912 41.521503 43.346710 45.186333 47.054249 48.921150 50.791828 52.674770 54.561295 56.453678 58.382767 60.310284 62.226917 64.154778 66.100334 68.069595 70.066505 72.043137 0.000000 0.000000 0.000000 0.000000 0.000000 0.000000 0.000000 0.000000 0.000000 0.000000 0.000000 0.000000 0.000000 0.000000 0.000000 0.000000 0.000000 0.000000 0.000000 0.000000 0.000000 0.000000 0.000000 0.000000
19.272259 20.512234 21.802567 23.142328 24.526184 25.958212 27.431644 28.949873 30.514791 32.122967 33.762299 35.444710 37.166702 38.913929 40.688377 42.487225 44.312996 46.152214 48.020390 49.886951 51.758911 53.641651 55.528084 57.420490 59.350983 61.285236 63.212650 65.158295 67.127731 69.121109 71.103378 0.000000 0.000000 0.000000 0.000000 0.000000 0.000000 0.000000 0.000000 0.000000 0.000000 0.000000 0.000000 0.000000 0.000000 0.000000 0.000000 0.000000 0.000000 0.000000 0.000000 0.000000 0.000000 0.000000 0.000000 0.000000
20.177448 21.427967 22.727560 24.075802 25.466393 26.904011 28.382246 29.903923 31.472103 33.083420 34.724567 36.408566 38.132076 39.880005 41.654697 43.453407 45.279015 47.117596 48.986000 50.852280 52.725525 54.608322 56.495190 58.388912 60.324413 62.270592 64.215622 66.184906 68.178261 70.156845 0.000000 0.000000 0.000000 0.000000 0.000000 0.000000 0.000000 0.000000 0.000000 0.000000 0.000000 0.000000 0.000000 0.000000 0.000000 0.000000 0.000000 0.000000 0.000000 0.000000 0.000000 0.000000 0.000000 0.000000 0.000000 0.000000
21.095533 22.354807 23.661741 25.017141 26.413279 27.855629 29.337797 30.862053 32.432800 34.046741 35.689674 37.374714 39.099113 40.847282 42.621857 44.420082 46.244633 48.082504 49.951351 51.817451 53.691872 55.575294 57.463932 59.361816 61.308365 63.273197 65.241577 67.234406 69.212845 0.000000 0.000000 0.000000 0.000000 0.000000 0.000000 0.000000 0.000000 0.000000 0.000000 0.000000 0.000000 0.000000 0.000000 0.000000 0.000000 0.000000 0.000000 0.000000 0.000000 0.000000 0.000000 0.000000 0.000000 0.000000 0.000000 0.000000
22.024635 23.291067 24.603638 25.965099 27.365770 28.812153 30.297506 31.823727 33.396397 35.012493 36.657234 38.342819 40.067543 41.815594 43.589764 45.387360 47.210072 49.047245 50.916882 52.783142 54.658871 56.544277 58.437523 60.344601 62.309669 64.298553 66.290184 68.267830 0.000000 0.000000 0.000000 0.000000 0.000000 0.000000 0.000000 0.000000 0.000000 0.000000 0.000000 0.000000 0.000000 0.000000 0.000000 0.000000 0.000000 0.000000 0.000000 0.000000 0.000000 0.000000 0.000000 0.000000 0.000000 0.000000 0.000000 0.000000
22.962959 24.235195 25.552113 26.918682 28.323042 29.772848 31.260721 32.788624 34.362682 35.980335 37.626667 39.312359 41.036903 42.784569 44.558220 46.355103 48.175709 50.012394 51.883343 53.750320 55.628529 57.518784 59.421669 61.344315 63.333714 65.346352 67.322456 0.000000 0.000000 0.000000 0.000000 0.000000 0.000000 0.000000 0.000000 0.000000 0.000000 0.000000 0.000000 0.000000 0.000000 0.000000 0.000000 0.000000 0.000000 0.000000 0.000000 0.000000 0.000000 0.000000 0.000000 0.000000 0.000000 0.000000 0.000000 0.000000
23.909027 25.185890 26.506266 27.877172 29.284517 30.737234 32.227028 33.756592 35.331524 36.949940 38.597355 40.282749 42.006763 43.753883 45.526936 47.323265 49.142128 50.978622 52.851727 54.720875 56.604218 58.504257 60.423203 62.366833 64.380081 66.377541 0.000000 0.000000 0.000000 0.000000 0.000000 0.000000 0.000000 0.000000 0.000000 0.000000 0.000000 0.000000 0.000000 0.000000 0.000000 0.000000 0.000000 0.000000 0.000000 0.000000 0.000000 0.000000 0.000000 0.000000 0.000000 0.000000 0.000000 0.000000 0.000000 0.000000
24.861660 26.142126 27.465349 28.839941 30.249662 31.704836 33.195995 34.727276 36.302616 37.920795 39.568668 41.253502 42.976730 44.723282 46.495872 48.291824 50.109665 51.946537 53.823456 55.697578 57.590919 59.507214 61.447559 63.411980 65.409790 0.000000 0.000000 0.000000 0.000000 0.000000 0.000000 0.000000 0.000000 0.000000 0.000000 0.000000 0.000000 0.000000 0.000000 0.000000 0.000000 0.000000 0.000000 0.000000 0.000000 0.000000 0.000000 0.000000 0.000000 0.000000 0.000000 0.000000 0.000000 0.000000 0.000000 0.000000
25.819830 27.103085 28.428661 29.806356 31.217897 32.675064 34.167015 35.699818 37.275188 38.892159 40.539902 42.224003 43.946442 45.692520 47.464806 49.260777 51.078541 52.917110 54.800816 56.684811 58.594437 60.532215 62.493763 64.440483 0.000000 0.000000 0.000000 0.000000 0.000000 0.000000 0.000000 0.000000 0.000000 0.000000 0.000000 0.000000 0.000000 0.000000 0.000000 0.000000 0.000000 0.000000 0.000000 0.000000 0.000000 0.000000 0.000000 0.000000 0.000000 0.000000 0.000000 0.000000 0.000000 0.000000 0.000000 0.000000
26.782465 28.067923 29.395384 30.775629 32.188465 33.647060 35.139240 36.673077 38.248081 39.863297 41.510578 43.193897 44.915836 46.661613 48.433964 50.230556 52.049805 53.892681 55.788067 57.688141 59.619137 61.578148 63.522449 0.000000 0.000000 0.000000 0.000000 0.000000 0.000000 0.000000 0.000000 0.000000 0.000000 0.000000 0.000000 0.000000 0.000000 0.000000 0.000000 0.000000 0.000000 0.000000 0.000000 0.000000 0.000000 0.000000 0.000000 0.000000 0.000000 0.000000 0.000000 0.000000 0.000000 0.000000 0.000000 0.000000
27.748638 29.035942 30.364828 31.747112 33.160748 34.619987 36.111843 37.646057 39.220432 40.833820 42.480431 44.163071 45.885277 47.631111 49.404144 51.202660 53.026241 54.878048 56.790890 58.712166 60.664162 62.605888 0.000000 0.000000 0.000000 0.000000 0.000000 0.000000 0.000000 0.000000 0.000000 0.000000 0.000000 0.000000 0.000000 0.000000 0.000000 0.000000 0.000000 0.000000 0.000000 0.000000 0.000000 0.000000 0.000000 0.000000 0.000000 0.000000 0.000000 0.000000 0.000000 0.000000 0.000000 0.000000 0.000000 0.000000
28.717562 30.006657 31.336504 32.720345 34.134308 35.593216 37.084244 38.618275 40.191860 41.803680 43.449688 45.131809 46.855564 48.602089 50.377075 52.180218 54.012924 55.879578 57.814152 59.756214 61.690800 0.000000 0.000000 0.000000 0.000000 0.000000 0.000000 0.000000 0.000000 0.000000 0.000000 0.000000 0.000000 0.000000 0.000000 0.000000 0.000000 0.000000 0.000000 0.000000 0.000000 0.000000 0.000000 0.000000 0.000000 0.000000 0.000000 0.000000 0.000000 0.000000 0.000000 0.000000 0.000000 0.000000 0.000000 0.000000
29.688683 30.979561 32.309910 33.694839 35.108719 36.566383 38.056183 39.589680 41.162460 42.773121 44.418625 46.100590 47.827480 49.575966 51.355644 53.168079 55.015823 56.902222 58.857353 60.781693 0.000000 0.000000 0.000000 0.000000 0.000000 0.000000 0.000000 0.000000 0.000000 0.000000 0.000000 0.000000 0.000000 0.000000 0.000000 0.000000 0.000000 0.000000 0.000000 0.000000 0.000000 0.000000 0.000000 0.000000 0.000000 0.000000 0.000000 0.000000 0.000000 0.000000 0.000000 0.000000 0.000000 0.000000 0.000000 0.000000
30.661488 31.953924 33.284317 34.669926 36.083374 37.539280 39.027569 40.560402 42.132473 43.742382 45.387733 47.070084 48.801907 50.555061 52.343998 54.171543 56.039268 57.944889 59.881798 0.000000 0.000000 0.000000 0.000000 0.000000 0.000000 0.000000 0.000000 0.000000 0.000000 0.000000 0.000000 0.000000 0.000000 0.000000 0.000000 0.000000 0.000000 0.000000 0.000000 0.000000 0.000000 0.000000 0.000000 0.000000 0.000000 0.000000 0.000000 0.000000 0.000000 0.000000 0.000000 0.000000 0.000000 0.000000 0.000000 0.000000
31.635521 32.929024 34.259045 35.644943 37.057732 38.511818 39.998535 41.530769 43.102379 44.712002 46.357746 48.041676 49.781132 51.543434 53.347427 55.194855 57.082012 58.968544 0.000000 0.000000 0.000000 0.000000 0.000000 0.000000 0.000000 0.000000 0.000000 0.000000 0.000000 0.000000 0.000000 0.000000 0.000000 0.000000 0.000000 0.000000 0.000000 0.000000 0.000000 0.000000 0.000000 0.000000 0.000000 0.000000 0.000000 0.000000 0.000000 0.000000 0.000000 0.000000 0.000000 0.000000 0.000000 0.000000 0.000000 0.000000
32.610321 33.904308 35.233536 36.619511 38.031494 39.484074 40.969440 42.501251 44.072750 45.682789 47.330158 49.018116 50.769287 52.546478 54.370174 56.236904 58.105217 0.000000 0.000000 0.000000 0.000000 0.000000 0.000000 0.000000 0.000000 0.000000 0.000000 0.000000 0.000000 0.000000 0.000000 0.000000 0.000000 0.000000 0.000000 0.000000 0.000000 0.000000 0.000000 0.000000 0.000000 0.000000 0.000000 0.000000 0.000000 0.000000 0.000000 0.000000 0.000000 0.000000 0.000000 0.000000 0.000000 0.000000 0.000000 0.000000
33.585480 34.879456 36.207584 37.593506 39.004688 40.456181 41.940849 43.472595 45.044643 46.656368 48.307899 50.004208 51.772049 53.568687 55.411472 57.259197 0.000000 0.000000 0.000000 0.000000 0.000000 0.000000 0.000000 0.000000 0.000000 0.000000 0.000000 0.000000 0.000000 0.000000 0.000000 0.000000 0.000000 0.000000 0.000000 0.000000 0.000000 0.000000 0.000000 0.000000 0.000000 0.000000 0.000000 0.000000 0.000000 0.000000 0.000000 0.000000 0.000000 0.000000 0.000000 0.000000 0.000000 0.000000 0.000000 0.000000
34.560665 35.854305 37.181091 38.567013 39.977547 41.428459 42.913433 44.445793 46.019638 47.635620 49.295670 51.005772 52.793896 54.609329 56.432838 0.000000 0.000000 0.000000 0.000000 0.000000 0.000000 0.000000 0.000000 0.000000 0.000000 0.000000 0.000000 0.000000 0.000000 0.000000 0.000000 0.000000 0.000000 0.000000 0.000000 0.000000 0.000000 0.000000 0.000000 0.000000 0.000000 0.000000 0.000000 0.000000 0.000000 0.000000 0.000000 0.000000 0.000000 0.000000 0.000000 0.000000 0.000000 0.000000 0.000000 0.000000
35.535568 36.828743 38.154121 39.540253 40.950409 42.401222 43.887875 45.422073 47.000244 48.624878 50.298912 52.027145 53.834023 55.629921 0.000000 0.000000 0.000000 0.000000 0.000000 0.000000 0.000000 0.000000 0.000000 0.000000 0.000000 0.000000 0.000000 0.000000 0.000000 0.000000 0.000000 0.000000 0.000000 0.000000 0.000000 0.000000 0.000000 0.000000 0.000000 0.000000 0.000000 0.000000 0.000000 0.000000 0.000000 0.000000 0.000000 0.000000 0.000000 0.000000 0.000000 0.000000 0.000000 0.000000 0.000000 0.000000
36.510098 37.802822 39.126789 40.513554 41.923672 43.375088 44.864967 46.403522 47.990334 49.628979 51.321396 53.067032 54.853935 0.000000 0.000000 0.000000 0.000000 0.000000 0.000000 0.000000 0.000000 0.000000 0.000000 0.000000 0.000000 0.000000 0.000000 0.000000 0.000000 0.000000 0.000000 0.000000 0.000000 0.000000 0.000000 0.000000 0.000000 0.000000 0.000000 0.000000 0.000000 0.000000 0.000000 0.000000 0.000000 0.000000 0.000000 0.000000 0.000000 0.000000 0.000000 0.000000 0.000000 0.000000 0.000000 0.000000
37.484203 38.776672 40.099392 41.487297 42.898018 44.351303 45.846741 47.393890 48.994671 50.651653 52.361641 54.086498 0.000000 0.000000 0.000000 0.000000 0.000000 0.000000 0.000000 0.000000 0.000000 0.000000 0.000000 0.000000 0.000000 0.000000 0.000000 0.000000 0.000000 0.000000 0.000000 0.000000 0.000000 0.000000 0.000000 0.000000 0.000000 0.000000 0.000000 0.000000 0.000000 0.000000 0.000000 0.000000 0.000000 0.000000 0.000000 0.000000 0.000000 0.000000 0.000000 0.000000 0.000000 0.000000 0.000000 0.000000
38.458046 39.750542 41.072224 42.462132 43.874649 45.332287 46.837135 48.398144 50.017132 51.691597 53.380993 0.000000 0.000000 0.000000 0.000000 0.000000 0.000000 0.000000 0.000000 0.000000 0.000000 0.000000 0.000000 0.000000 0.000000 0.000000 0.000000 0.000000 0.000000 0.000000 0.000000 0.000000 0.000000 0.000000 0.000000 0.000000 0.000000 0.000000 0.000000 0.000000 0.000000 0.000000 0.000000 0.000000 0.000000 0.000000 0.000000 0.000000 0.000000 0.000000 0.000000 0.000000 0.000000 0.000000 0.000000 0.000000
39.431858 40.724770 42.045914 43.439259 44.856079 46.322182 47.841339 49.420353 51.056664 52.710445 0.000000 0.000000 0.000000 0.000000 0.000000 0.000000 0.000000 0.000000 0.000000 0.000000 0.000000 0.000000 0.000000 0.000000 0.000000 0.000000 0.000000 0.000000 0.000000 0.000000 0.000000 0.000000 0.000000 0.000000 0.000000 0.000000 0.000000 0.000000 0.000000 0.000000 0.000000 0.000000 0.000000 0.000000 0.000000 0.000000 0.000000 0.000000 0.000000 0.000000 0.000000 0.000000 0.000000 0.000000 0.000000 0.000000
40.406033 41.699959 43.021618 44.421150 45.846378 47.326153 48.863445 50.459587 52.074993 0.000000 0.000000 0.000000 0.000000 0.000000 0.000000 0.000000 0.000000 0.000000 0.000000 0.000000 0.000000 0.000000 0.000000 0.000000 0.000000 0.000000 0.000000 0.000000 0.000000 0.000000 0.000000 0.000000 0.000000 0.000000 0.000000 0.000000 0.000000 0.000000 0.000000 0.000000 0.000000 0.000000 0.000000 0.000000 0.000000 0.000000 0.000000 0.000000 0.000000 0.000000 0.000000 0.000000 0.000000 0.000000 0.000000 0.000000
41.381199 42.677338 44.001770 45.411884 46.850666 48.348137 49.902493 51.477531 0.000000 0.000000 0.000000 0.000000 0.000000 0.000000 0.000000 0.000000 0.000000 0.000000 0.000000 0.000000 0.000000 0.000000 0.000000 0.000000 0.000000 0.000000 0.000000 0.000000 0.000000 0.000000 0.000000 0.000000 0.000000 0.000000 0.000000 0.000000 0.000000 0.000000 0.000000 0.000000 0.000000 0.000000 0.000000 0.000000 0.000000 0.000000 0.000000 0.000000 0.000000 0.000000 0.000000 0.000000 0.000000 0.000000 0.000000 0.000000
42.358730 43.659382 44.990578 46.416489 47.872795 49.387020 50.920155 0.000000 0.000000 0.000000 0.000000 0.000000 0.000000 0.000000 0.000000 0.000000 0.000000 0.000000 0.000000 0.000000 0.000000 0.000000 0.000000 0.000000 0.000000 0.000000 0.000000 0.000000 0.000000 0.000000 0.000000 0.000000 0.000000 0.000000 0.000000 0.000000 0.000000 0.000000 0.000000 0.000000 0.000000 0.000000 0.000000 0.000000 0.000000 0.000000 0.000000 0.000000 0.000000 0.000000 0.000000 0.000000 0.000000 0.000000 0.000000 0.000000
43.341312 44.650356 45.993366 47.438847 48.911694 50.404434 0.000000 0.000000 0.000000 0.000000 0.000000 0.000000 0.000000 0.000000 0.000000 0.000000 0.000000 0.000000 0.000000 0.000000 0.000000 0.000000 0.000000 0.000000 0.000000 0.000000 0.000000 0.000000 0.000000 0.000000 0.000000 0.000000 0.000000 0.000000 0.000000 0.000000 0.000000 0.000000 0.000000 0.000000 0.000000 0.000000 0.000000 0.000000 0.000000 0.000000 0.000000 0.000000 0.000000 0.000000 0.000000 0.000000 0.000000 0.000000 0.000000 0.000000
44.333267 45.655449 47.014313 48.477795 49.929012 0.000000 0.000000 0.000000 0.000000 0.000000 0.000000 0.000000 0.000000 0.000000 0.000000 0.000000 0.000000 0.000000 0.000000 0.000000 0.000000 0.000000 0.000000 0.000000 0.000000 0.000000 0.000000 0.000000 0.000000 0.000000 0.000000 0.000000 0.000000 0.000000 0.000000 0.000000 0.000000 0.000000 0.000000 0.000000 0.000000 0.000000 0.000000 0.000000 0.000000 0.000000 0.000000 0.000000 0.000000 0.000000 0.000000 0.000000 0.000000 0.000000 0.000000 0.000000
45.339523 46.678482 48.052319 49.494995 0.000000 0.000000 0.000000 0.000000 0.000000 0.000000 0.000000 0.000000 0.000000 0.000000 0.000000 0.000000 0.000000 0.000000 0.000000 0.000000 0.000000 0.000000 0.000000 0.000000 0.000000 0.000000 0.000000 0.000000 0.000000 0.000000 0.000000 0.000000 0.000000 0.000000 0.000000 0.000000 0.000000 0.000000 0.000000 0.000000 0.000000 0.000000 0.000000 0.000000 0.000000 0.000000 0.000000 0.000000 0.000000 0.000000 0.000000 0.000000 0.000000 0.000000 0.000000 0.000000
46.363483 47.718052 49.068970 0.000000 0.000000 0.000000 0.000000 0.000000 0.000000 0.000000 0.000000 0.000000 0.000000 0.000000 0.000000 0.000000 0.000000 0.000000 0.000000 0.000000 0.000000 0.000000 0.000000 0.000000 0.000000 0.000000 0.000000 0.000000 0.000000 0.000000 0.000000 0.000000 0.000000 0.000000 0.000000 0.000000 0.000000 0.000000 0.000000 0.000000 0.000000 0.000000 0.000000 0.000000 0.000000 0.000000 0.000000 0.000000 0.000000 0.000000 0.000000 0.000000 0.000000 0.000000 0.000000 0.000000
47.403473 48.735645 0.000000 0.000000 0.000000 0.000000 0.000000 0.000000 0.000000 0.000000 0.000000 0.000000 0.000000 0.000000 0.000000 0.000000 0.000000 0.000000 0.000000 0.000000 0.000000 0.000000 0.000000 0.000000 0.000000 0.000000 0.000000 0.000000 0.000000 0.000000 0.000000 0.000000 0.000000 0.000000 0.000000 0.000000 0.000000 0.000000 0.000000 0.000000 0.000000 0.000000 0.000000 0.000000 0.000000 0.000000 0.000000 0.000000 0.000000 0.000000 0.000000 0.000000 0.000000 0.000000 0.000000 0.000000
48.421097 0.000000 0.000000 0.000000 0.000000 0.000000 0.000000 0.000000 0.000000 0.000000 0.000000 0.000000 0.000000 0.000000 0.000000 0.000000 0.000000 0.000000 0.000000 0.000000 0.000000 0.000000 0.000000 0.000000 0.000000 0.000000 0.000000 0.000000 0.000000 0.000000 0.000000 0.000000 0.000000 0.000000 0.000000 0.000000 0.000000 0.000000 0.000000 0.000000 0.000000 0.000000 0.000000 0.000000 0.000000 0.000000 0.000000 0.000000 0.000000 0.000000 0.000000 0.000000 0.000000 0.000000 0.000000 0.000000
