23.753288 24.025572 24.336113 24.689058 25.087877 25.537203 26.040838 26.602171 27.224792 27.909487 28.658773 29.470922 30.346600 31.282625 32.277256 33.331863 34.445045 35.618450 36.854012 38.158127 39.536377 40.995327 42.550385 44.210308 45.992325 47.917706 50.009903 52.284977 54.777935 57.506020 60.512600 63.840393 67.512802 71.572968 76.043907 80.960777 86.439728 92.598289 99.676018 108.134087 118.912170 134.338593 161.078049 220.000000
22.765903 23.037798 23.347898 23.700336 24.098587 24.547274 25.050196 25.610727 26.232462 26.916182 27.664400 28.475403 29.349825 30.284519 31.277735 32.330833 33.442429 34.614162 35.847961 37.150219 38.526512 39.983379 41.536232 43.193794 44.973267 46.895901 48.985107 51.256958 53.746376 56.470562 59.472878 62.795910 66.463089 70.517464 74.982040 79.891891 85.363129 91.512886 98.580658 107.026901 117.790932 133.199341 159.907486 0.000000
21.749138 22.020666 22.330347 22.682308 23.080021 23.528103 24.030346 24.590120 25.211008 25.893803 26.641005 27.450903 28.324144 29.257572 30.249443 31.301115 32.411217 33.581364 34.813499 36.113995 37.488422 38.943317 40.494061 42.149376 43.926418 45.846451 47.932842 50.201603 52.687653 55.408154 58.406410 61.724960 65.387184 69.436066 73.894569 78.797775 84.261635 90.403183 97.461914 105.899338 116.658485 132.071411 0.000000 0.000000
20.732580 21.003780 21.313089 21.664635 22.061871 22.509415 23.011051 23.570162 24.190306 24.872284 25.618591 26.427519 27.299715 28.232025 29.222706 30.273123 31.381891 32.550632 33.781288 35.080235 36.453011 37.906166 39.455055 41.108376 42.883293 44.801022 46.884903 49.150951 51.634029 54.351265 57.345917 60.660503 64.318329 68.362373 72.815552 77.712944 83.170288 89.305168 96.358612 104.798653 115.583855 0.000000 0.000000 0.000000
19.721916 19.992861 20.301874 20.653074 21.049927 21.497040 21.998196 22.556763 23.176315 23.857653 24.603243 25.411392 26.282749 27.214146 28.203876 29.253284 30.360981 31.528599 32.758068 34.055748 35.427208 36.878963 38.426361 40.078102 41.851318 43.767200 45.849072 48.112946 50.593620 53.308247 56.300018 59.611355 63.265648 67.305794 71.754745 76.647499 82.100311 88.232498 95.292839 103.768654 0.000000 0.000000 0.000000 0.000000
18.719494 18.990252 19.299049 19.650009 20.046593 20.493397 20.994204 21.552380 22.171497 22.852343 23.597406 24.404984 25.275728 26.206482 27.195509 28.244177 29.351084 30.517876 31.746475 33.043224 34.413708 35.864426 37.410717 39.061302 40.833252 42.747761 44.828156 47.090412 49.569336 52.282017 55.271656 58.580669 62.232349 66.269638 70.715485 75.605476 81.057755 87.199295 94.299828 0.000000 0.000000 0.000000 0.000000 0.000000
17.722788 17.993418 18.302073 18.652872 19.049263 19.495855 19.996424 20.554331 21.173149 21.853662 22.598358 23.405539 24.275846 25.206139 26.194668 27.242804 28.349150 29.515347 30.743324 32.039429 33.409210 34.859200 36.404705 38.054440 39.825489 41.739029 43.818356 46.079449 48.557102 51.268406 54.256519 57.563839 61.213711 65.249046 69.693321 74.583992 80.047142 86.231194 0.000000 0.000000 0.000000 0.000000 0.000000 0.000000
16.727694 16.998249 17.306808 17.657501 18.053780 18.500229 19.000637 19.558361 20.176973 20.857250 21.601688 22.408575 23.278564 24.208508 25.196663 26.244392 27.350296 28.516041 29.743528 31.039110 32.408352 33.857758 35.402657 37.051723 38.822063 40.734833 42.813335 45.073536 47.550194 50.260395 53.247322 56.553341 60.201862 64.236191 68.681900 73.584053 79.090424 0.000000 0.000000 0.000000 0.000000 0.000000 0.000000 0.000000
15.731599 16.002117 16.310638 16.661280 17.057495 17.503862 18.004169 18.561769 19.180233 19.860329 20.604557 21.411203 22.280918 23.210552 24.198380 25.245741 26.351259 27.516565 28.743591 30.038689 31.407404 32.856251 34.400551 36.048973 37.818619 39.730644 41.808334 44.067673 46.543369 49.252548 52.238335 55.543152 59.190853 63.226727 67.683868 72.629028 0.000000 0.000000 0.000000 0.000000 0.000000 0.000000 0.000000 0.000000
14.734644 15.005193 15.313740 15.664406 16.060621 16.506998 17.007277 17.564825 18.183205 18.863180 19.607254 20.413702 21.283173 22.212517 23.199993 24.246971 25.352051 26.516891 27.743412 29.037954 30.406080 31.854301 33.397934 35.045647 36.814476 38.725662 40.802444 43.060768 45.535374 48.243389 51.227959 54.531967 58.181049 62.228016 66.727127 0.000000 0.000000 0.000000 0.000000 0.000000 0.000000 0.000000 0.000000 0.000000
13.739497 14.010212 14.318925 14.669753 15.066128 15.512639 16.013048 16.570690 17.189127 17.869118 18.613146 19.419481 20.288767 21.217854 22.205009 23.251593 24.356215 25.520540 26.746483 28.040413 29.407866 30.855350 32.398209 34.045063 35.813004 37.723202 39.798916 42.056091 44.529430 47.236099 50.219658 53.524857 57.184429 61.272030 0.000000 0.000000 0.000000 0.000000 0.000000 0.000000 0.000000 0.000000 0.000000 0.000000
12.750773 13.021878 13.331017 13.682282 14.079101 14.526054 15.026878 15.584904 16.203671 16.883915 17.628134 18.434544 19.303804 20.232761 21.219681 22.265923 23.370090 24.533886 25.759212 27.052464 28.419193 29.865871 31.407881 33.053761 34.820621 36.729706 38.804199 41.060074 43.532074 46.237671 49.222137 52.537258 56.235825 0.000000 0.000000 0.000000 0.000000 0.000000 0.000000 0.000000 0.000000 0.000000 0.000000 0.000000
11.774657 12.046564 12.356556 12.708725 13.106475 13.554374 14.056117 14.615020 15.234585 15.915533 16.660355 17.467205 18.336750 19.265829 20.252707 21.298756 22.402557 23.565887 24.790651 26.083216 27.449162 28.894981 30.436110 32.080956 33.846668 35.754547 37.827747 40.082321 42.553219 45.259586 48.253273 51.605587 0.000000 0.000000 0.000000 0.000000 0.000000 0.000000 0.000000 0.000000 0.000000 0.000000 0.000000 0.000000
10.818695 11.092045 11.403582 11.757377 12.156816 12.606437 13.109892 13.670444 14.291570 14.973933 15.720007 16.527876 17.398212 18.327835 19.315010 20.361128 21.464758 22.627760 23.852030 25.143976 26.509180 27.954151 29.494400 31.138174 32.902714 34.809353 36.881306 39.134846 41.606411 44.321285 47.349892 0.000000 0.000000 0.000000 0.000000 0.000000 0.000000 0.000000 0.000000 0.000000 0.000000 0.000000 0.000000 0.000000
9.891829 10.167558 10.481651 10.838138 11.240374 11.692866 12.199165 12.762490 13.386245 14.071030 14.819302 15.629025 16.500881 17.431656 18.419630 19.466213 20.569952 21.732851 22.956772 24.248207 25.612759 27.056929 28.596359 30.239046 32.002399 33.907860 35.978809 38.232964 40.712307 43.459446 0.000000 0.000000 0.000000 0.000000 0.000000 0.000000 0.000000 0.000000 0.000000 0.000000 0.000000 0.000000 0.000000 0.000000
9.004416 9.283828 9.601865 9.962489 10.369043 10.825960 11.336653 11.904265 12.532113 13.220691 13.972416 14.785093 15.659438 16.592182 17.581598 18.629158 19.733387 20.896465 22.120262 23.411327 24.775324 26.218746 27.757416 29.399019 31.161278 33.065765 35.137161 37.398243 39.906868 0.000000 0.000000 0.000000 0.000000 0.000000 0.000000 0.000000 0.000000 0.000000 0.000000 0.000000 0.000000 0.000000 0.000000 0.000000
8.168009 8.452816 8.776618 9.143299 9.556141 10.019490 10.536562 11.110398 11.744185 12.438265 13.195022 14.012039 14.890055 15.825755 16.817415 17.866577 18.971773 20.135386 21.359270 22.650129 24.013680 25.456417 26.994377 28.634897 30.396257 32.300991 34.378273 36.665359 0.000000 0.000000 0.000000 0.000000 0.000000 0.000000 0.000000 0.000000 0.000000 0.000000 0.000000 0.000000 0.000000 0.000000 0.000000 0.000000
7.395014 7.687382 8.019249 8.394356 8.815928 9.288173 9.814054 10.396464 11.038420 11.740065 12.503696 13.326677 14.209775 15.149581 16.144400 17.195873 18.302565 19.467083 20.691311 21.982136 23.345356 24.787424 26.324717 27.964294 29.725803 31.635372 33.734974 0.000000 0.000000 0.000000 0.000000 0.000000 0.000000 0.000000 0.000000 0.000000 0.000000 0.000000 0.000000 0.000000 0.000000 0.000000 0.000000 0.000000
6.698039 7.000566 7.343233 7.729588 8.162774 8.646816 9.184330 9.778020 10.430690 11.142221 11.914833 12.745601 13.635317 14.580492 15.579466 16.634008 17.742765 18.908567 20.133381 21.424343 22.787308 24.228758 25.765526 27.404924 29.170429 31.098764 0.000000 0.000000 0.000000 0.000000 0.000000 0.000000 0.000000 0.000000 0.000000 0.000000 0.000000 0.000000 0.000000 0.000000 0.000000 0.000000 0.000000 0.000000
6.089057 6.404763 6.761383 7.162206 7.610252 8.109307 8.661576 9.269513 9.935660 10.659603 11.443411 12.283869 13.181819 14.133668 15.137789 16.196169 17.307585 18.475069 19.700708 20.991943 22.354755 23.795685 25.332567 26.974895 28.755980 0.000000 0.000000 0.000000 0.000000 0.000000 0.000000 0.000000 0.000000 0.000000 0.000000 0.000000 0.000000 0.000000 0.000000 0.000000 0.000000 0.000000 0.000000 0.000000
5.578562 5.910810 6.284849 6.703650 7.170065 7.687571 8.257885 8.883160 9.565629 10.304522 11.101727 11.953773 12.861549 13.821330 14.831598 15.894533 17.009150 18.178661 19.405334 20.696991 22.059807 23.500744 25.040224 26.694817 0.000000 0.000000 0.000000 0.000000 0.000000 0.000000 0.000000 0.000000 0.000000 0.000000 0.000000 0.000000 0.000000 0.000000 0.000000 0.000000 0.000000 0.000000 0.000000 0.000000
5.174837 5.527210 5.922335 6.362769 6.851150 7.390586 7.982229 8.627872 9.329422 10.085693 10.898380 11.763768 12.682805 13.651651 14.668897 15.737010 16.855314 18.027134 19.255016 20.547279 21.910591 23.353561 24.902998 0.000000 0.000000 0.000000 0.000000 0.000000 0.000000 0.000000 0.000000 0.000000 0.000000 0.000000 0.000000 0.000000 0.000000 0.000000 0.000000 0.000000 0.000000 0.000000 0.000000 0.000000
4.883398 5.259575 5.679487 6.145196 6.659065 7.223753 7.839814 8.508629 9.231742 10.007535 10.837497 11.717697 12.649187 13.628011 14.652894 15.726655 16.849035 18.023392 19.252653 20.545946 21.911430 23.362143 0.000000 0.000000 0.000000 0.000000 0.000000 0.000000 0.000000 0.000000 0.000000 0.000000 0.000000 0.000000 0.000000 0.000000 0.000000 0.000000 0.000000 0.000000 0.000000 0.000000 0.000000 0.000000
4.706749 5.110363 5.558636 6.053061 6.595665 7.188594 7.831776 8.526145 9.272880 10.069913 10.918521 11.814623 12.759433 13.748849 14.781799 15.861491 16.988203 18.165268 19.396254 20.691925 22.063984 0.000000 0.000000 0.000000 0.000000 0.000000 0.000000 0.000000 0.000000 0.000000 0.000000 0.000000 0.000000 0.000000 0.000000 0.000000 0.000000 0.000000 0.000000 0.000000 0.000000 0.000000 0.000000 0.000000
4.644478 5.078930 5.558837 6.085038 6.659175 7.282816 7.955279 8.677013 9.448854 10.268289 11.136402 12.049043 13.007626 14.007919 15.049100 16.134809 17.265989 18.446018 19.679760 20.981171 0.000000 0.000000 0.000000 0.000000 0.000000 0.000000 0.000000 0.000000 0.000000 0.000000 0.000000 0.000000 0.000000 0.000000 0.000000 0.000000 0.000000 0.000000 0.000000 0.000000 0.000000 0.000000 0.000000 0.000000
4.693538 5.161869 5.676229 6.236716 6.844581 7.500749 8.203978 8.954211 9.751986 10.594366 11.482290 12.411597 13.383980 14.395097 15.444388 16.536030 17.671825 18.855597 20.094536 0.000000 0.000000 0.000000 0.000000 0.000000 0.000000 0.000000 0.000000 0.000000 0.000000 0.000000 0.000000 0.000000 0.000000 0.000000 0.000000 0.000000 0.000000 0.000000 0.000000 0.000000 0.000000 0.000000 0.000000 0.000000
4.848763 5.353498 5.904531 6.501171 7.144247 7.834007 8.568727 9.347857 10.171688 11.036914 11.944382 12.889986 13.875800 14.897346 15.954433 17.051844 18.192764 19.382017 0.000000 0.000000 0.000000 0.000000 0.000000 0.000000 0.000000 0.000000 0.000000 0.000000 0.000000 0.000000 0.000000 0.000000 0.000000 0.000000 0.000000 0.000000 0.000000 0.000000 0.000000 0.000000 0.000000 0.000000 0.000000 0.000000
5.103464 5.646519 6.235752 6.869652 7.548640 8.272259 9.038430 9.846108 10.695443 11.582797 12.509010 13.470093 14.468592 15.499928 16.564377 17.667765 18.814955 0.000000 0.000000 0.000000 0.000000 0.000000 0.000000 0.000000 0.000000 0.000000 0.000000 0.000000 0.000000 0.000000 0.000000 0.000000 0.000000 0.000000 0.000000 0.000000 0.000000 0.000000 0.000000 0.000000 0.000000 0.000000 0.000000 0.000000
5.450009 6.032608 6.660820 7.332297 8.047109 8.804082 9.600914 10.436109 11.309765 12.217999 13.161720 14.137089 15.147273 16.187677 17.259329 18.369259 0.000000 0.000000 0.000000 0.000000 0.000000 0.000000 0.000000 0.000000 0.000000 0.000000 0.000000 0.000000 0.000000 0.000000 0.000000 0.000000 0.000000 0.000000 0.000000 0.000000 0.000000 0.000000 0.000000 0.000000 0.000000 0.000000 0.000000 0.000000
5.880329 6.502968 7.170158 7.878753 8.628539 9.417646 10.243687 11.104753 12.001042 12.928466 13.888109 14.876361 15.897141 16.946115 18.025085 0.000000 0.000000 0.000000 0.000000 0.000000 0.000000 0.000000 0.000000 0.000000 0.000000 0.000000 0.000000 0.000000 0.000000 0.000000 0.000000 0.000000 0.000000 0.000000 0.000000 0.000000 0.000000 0.000000 0.000000 0.000000 0.000000 0.000000 0.000000 0.000000
6.386334 7.048768 7.754191 8.498720 9.281951 10.101340 10.954588 11.839417 12.756269 13.700892 14.674692 15.674316 16.704885 17.762142 0.000000 0.000000 0.000000 0.000000 0.000000 0.000000 0.000000 0.000000 0.000000 0.000000 0.000000 0.000000 0.000000 0.000000 0.000000 0.000000 0.000000 0.000000 0.000000 0.000000 0.000000 0.000000 0.000000 0.000000 0.000000 0.000000 0.000000 0.000000 0.000000 0.000000
6.960196 7.661477 8.403685 9.182321 9.996884 10.844231 11.722262 12.628405 13.563503 14.523195 15.509384 16.519215 17.558943 0.000000 0.000000 0.000000 0.000000 0.000000 0.000000 0.000000 0.000000 0.000000 0.000000 0.000000 0.000000 0.000000 0.000000 0.000000 0.000000 0.000000 0.000000 0.000000 0.000000 0.000000 0.000000 0.000000 0.000000 0.000000 0.000000 0.000000 0.000000 0.000000 0.000000 0.000000
7.594509 8.333042 9.109994 9.920374 10.763724 11.636336 12.536463 13.461295 14.412237 15.384921 16.382097 17.401142 0.000000 0.000000 0.000000 0.000000 0.000000 0.000000 0.000000 0.000000 0.000000 0.000000 0.000000 0.000000 0.000000 0.000000 0.000000 0.000000 0.000000 0.000000 0.000000 0.000000 0.000000 0.000000 0.000000 0.000000 0.000000 0.000000 0.000000 0.000000 0.000000 0.000000 0.000000 0.000000
8.282374 9.056010 9.865157 10.704525 11.573802 12.468783 13.388199 14.329076 15.293607 16.277596 17.284592 0.000000 0.000000 0.000000 0.000000 0.000000 0.000000 0.000000 0.000000 0.000000 0.000000 0.000000 0.000000 0.000000 0.000000 0.000000 0.000000 0.000000 0.000000 0.000000 0.000000 0.000000 0.000000 0.000000 0.000000 0.000000 0.000000 0.000000 0.000000 0.000000 0.000000 0.000000 0.000000 0.000000
9.017401 9.823518 10.661965 11.527305 12.419480 13.333875 14.269802 15.224263 16.200554 17.194468 0.000000 0.000000 0.000000 0.000000 0.000000 0.000000 0.000000 0.000000 0.000000 0.000000 0.000000 0.000000 0.000000 0.000000 0.000000 0.000000 0.000000 0.000000 0.000000 0.000000 0.000000 0.000000 0.000000 0.000000 0.000000 0.000000 0.000000 0.000000 0.000000 0.000000 0.000000 0.000000 0.000000 0.000000
9.793706 10.629345 11.493966 12.382116 13.294144 14.225074 15.174964 16.141033 17.127611 0.000000 0.000000 0.000000 0.000000 0.000000 0.000000 0.000000 0.000000 0.000000 0.000000 0.000000 0.000000 0.000000 0.000000 0.000000 0.000000 0.000000 0.000000 0.000000 0.000000 0.000000 0.000000 0.000000 0.000000 0.000000 0.000000 0.000000 0.000000 0.000000 0.000000 0.000000 0.000000 0.000000 0.000000 0.000000
10.605882 11.467859 12.355415 13.263213 14.192147 15.136997 16.098827 17.074911 0.000000 0.000000 0.000000 0.000000 0.000000 0.000000 0.000000 0.000000 0.000000 0.000000 0.000000 0.000000 0.000000 0.000000 0.000000 0.000000 0.000000 0.000000 0.000000 0.000000 0.000000 0.000000 0.000000 0.000000 0.000000 0.000000 0.000000 0.000000 0.000000 0.000000 0.000000 0.000000 0.000000 0.000000 0.000000 0.000000
11.448916 12.333941 13.241234 14.165684 15.108860 16.065557 17.037680 0.000000 0.000000 0.000000 0.000000 0.000000 0.000000 0.000000 0.000000 0.000000 0.000000 0.000000 0.000000 0.000000 0.000000 0.000000 0.000000 0.000000 0.000000 0.000000 0.000000 0.000000 0.000000 0.000000 0.000000 0.000000 0.000000 0.000000 0.000000 0.000000 0.000000 0.000000 0.000000 0.000000 0.000000 0.000000 0.000000 0.000000
12.318272 13.223080 14.147057 15.085422 16.040768 17.007626 0.000000 0.000000 0.000000 0.000000 0.000000 0.000000 0.000000 0.000000 0.000000 0.000000 0.000000 0.000000 0.000000 0.000000 0.000000 0.000000 0.000000 0.000000 0.000000 0.000000 0.000000 0.000000 0.000000 0.000000 0.000000 0.000000 0.000000 0.000000 0.000000 0.000000 0.000000 0.000000 0.000000 0.000000 0.000000 0.000000 0.000000 0.000000
13.209787 14.131248 15.069190 16.019339 16.985151 0.000000 0.000000 0.000000 0.000000 0.000000 0.000000 0.000000 0.000000 0.000000 0.000000 0.000000 0.000000 0.000000 0.000000 0.000000 0.000000 0.000000 0.000000 0.000000 0.000000 0.000000 0.000000 0.000000 0.000000 0.000000 0.000000 0.000000 0.000000 0.000000 0.000000 0.000000 0.000000 0.000000 0.000000 0.000000 0.000000 0.000000 0.000000 0.000000
14.119734 15.055048 16.004824 16.965033 0.000000 0.000000 0.000000 0.000000 0.000000 0.000000 0.000000 0.000000 0.000000 0.000000 0.000000 0.000000 0.000000 0.000000 0.000000 0.000000 0.000000 0.000000 0.000000 0.000000 0.000000 0.000000 0.000000 0.000000 0.000000 0.000000 0.000000 0.000000 0.000000 0.000000 0.000000 0.000000 0.000000 0.000000 0.000000 0.000000 0.000000 0.000000 0.000000 0.000000
15.044917 15.991880 16.951773 0.000000 0.000000 0.000000 0.000000 0.000000 0.000000 0.000000 0.000000 0.000000 0.000000 0.000000 0.000000 0.000000 0.000000 0.000000 0.000000 0.000000 0.000000 0.000000 0.000000 0.000000 0.000000 0.000000 0.000000 0.000000 0.000000 0.000000 0.000000 0.000000 0.000000 0.000000 0.000000 0.000000 0.000000 0.000000 0.000000 0.000000 0.000000 0.000000 0.000000 0.000000
15.982859 16.939699 0.000000 0.000000 0.000000 0.000000 0.000000 0.000000 0.000000 0.000000 0.000000 0.000000 0.000000 0.000000 0.000000 0.000000 0.000000 0.000000 0.000000 0.000000 0.000000 0.000000 0.000000 0.000000 0.000000 0.000000 0.000000 0.000000 0.000000 0.000000 0.000000 0.000000 0.000000 0.000000 0.000000 0.000000 0.000000 0.000000 0.000000 0.000000 0.000000 0.000000 0.000000 0.000000
16.931581 0.000000 0.000000 0.000000 0.000000 0.000000 0.000000 0.000000 0.000000 0.000000 0.000000 0.000000 0.000000 0.000000 0.000000 0.000000 0.000000 0.000000 0.000000 0.000000 0.000000 0.000000 0.000000 0.000000 0.000000 0.000000 0.000000 0.000000 0.000000 0.000000 0.000000 0.000000 0.000000 0.000000 0.000000 0.000000 0.000000 0.000000 0.000000 0.000000 0.000000 0.000000 0.000000 0.000000
