15.131137 15.218233 15.325236 15.446173 15.582900 15.736714 15.921507 16.141699 16.397243 16.693245 17.035828 17.433247 17.886938 18.411966 19.010374 19.683744 20.442484 21.283625 22.239920 23.313816 24.505234 25.821161 27.272980 28.878056 30.624418 32.554958 34.668362 37.015743 39.644352 42.612980 46.036827 49.972446 54.565063 59.986870 66.476349 74.304825 83.808456 95.554253 110.210945 129.159790 156.040527 199.892151 283.000000
14.330771 14.418568 14.526334 14.648165 14.785875 14.940656 15.126614 15.348081 15.605026 15.902536 16.246763 16.645966 17.101522 17.628679 18.229210 18.904779 19.665806 20.509092 21.467768 22.544018 23.737764 25.055971 26.510019 28.117388 29.865789 31.798437 33.913746 36.263012 38.893600 41.864182 45.290241 49.228420 53.824032 59.249565 65.743240 73.576157 83.084412 94.836029 109.505371 128.493317 155.485825 199.473129 0.000000
13.393504 13.483121 13.592896 13.717062 13.857326 14.015097 14.204103 14.428901 14.689477 14.990927 15.339401 15.743197 16.203623 16.735697 17.341717 18.023012 18.789944 19.639444 20.604231 21.686594 22.886368 24.210480 25.670309 27.282688 29.036362 30.974371 33.094517 35.448597 38.084084 41.059597 44.491234 48.435913 53.039074 58.473961 64.978088 72.822021 82.342262 94.110748 108.822937 127.938652 155.205521 0.000000 0.000000
12.485821 12.578815 12.692314 12.820796 12.965780 13.128937 13.323566 13.554507 13.821770 14.130472 14.486771 14.899024 15.368386 15.909616 16.525698 17.217476 17.995213 18.855911 19.831762 20.925259 22.136000 23.470837 24.941267 26.562943 28.326157 30.273886 32.402752 34.765491 37.409744 40.394131 43.835819 47.792084 52.408722 57.860138 64.382683 72.246292 81.790321 93.599365 108.427155 127.807190 0.000000 0.000000 0.000000
11.631842 11.730140 11.849518 11.984747 12.137116 12.308604 12.512012 12.752525 13.030204 13.350185 13.718636 14.143985 14.627193 15.182724 15.814367 16.522333 17.316744 18.194571 19.188084 20.298721 21.526340 22.877676 24.363508 25.999521 27.777283 29.739740 31.881842 34.257637 36.915146 39.912956 43.369907 47.343597 51.980339 57.456100 64.005920 71.900665 81.489494 93.392372 108.442474 0.000000 0.000000 0.000000 0.000000
10.840519 10.946308 11.074046 11.218762 11.381499 11.564605 11.780318 12.034208 12.326416 12.662110 13.047458 13.490983 13.993424 14.568877 15.222047 15.952387 16.769804 17.671116 18.688856 19.823017 21.073757 22.447708 23.954460 25.610094 27.407633 29.390089 31.550026 33.943409 36.618755 39.634583 43.112251 47.109196 51.772560 57.280071 63.866711 71.810272 81.487267 93.542305 0.000000 0.000000 0.000000 0.000000 0.000000
10.117290 10.232889 10.371243 10.528301 10.704513 10.902633 11.134271 11.405451 11.716409 12.072341 12.479399 12.946209 13.473279 14.074298 14.754965 15.513815 16.360495 17.291485 18.339827 19.503717 20.783630 22.186069 23.719883 25.400282 27.222572 29.229977 31.412085 33.827301 36.524750 39.562935 43.064919 47.090260 51.786057 57.334682 63.970829 71.997238 81.796036 0.000000 0.000000 0.000000 0.000000 0.000000 0.000000
9.463419 9.591157 9.742648 9.914874 10.107591 10.324042 10.575076 10.867335 11.201097 11.581584 12.014918 12.509809 13.066580 13.698438 14.412212 15.205237 16.086884 17.053038 18.137695 19.336857 20.651291 22.087427 23.653154 25.362823 27.214071 29.250574 31.458410 33.898895 36.621914 39.685966 43.215839 47.273693 52.007191 57.607216 64.314560 72.433121 0.000000 0.000000 0.000000 0.000000 0.000000 0.000000 0.000000
8.877675 9.019828 9.186905 9.376987 9.589075 9.826950 10.100979 10.417821 10.778105 11.187083 11.650825 12.178101 12.769087 13.436461 14.187767 15.019841 15.941338 16.947853 18.073563 19.312616 20.665945 22.140013 23.741568 25.483192 27.366646 29.435320 31.671499 34.139763 36.890858 39.983173 43.543484 47.637375 52.415752 58.085033 64.843750 0.000000 0.000000 0.000000 0.000000 0.000000 0.000000 0.000000 0.000000
8.357402 8.516154 8.701170 8.911607 9.146055 9.408151 9.708202 10.052780 10.442895 10.883828 11.381548 11.944939 12.573995 13.280838 14.073619 14.948750 15.914036 16.964701 18.135138 19.417568 20.813053 22.328117 23.968233 25.744081 27.661940 29.764870 32.031094 34.528763 37.309540 40.431511 44.024590 48.159813 52.996353 58.706497 0.000000 0.000000 0.000000 0.000000 0.000000 0.000000 0.000000 0.000000 0.000000
7.899899 8.077344 8.282537 8.515663 8.774741 9.063869 9.392651 9.767737 10.190557 10.666393 11.201102 11.803316 12.473562 13.223043 14.060424 14.981692 15.993700 17.091263 18.308918 19.637053 21.076757 22.634624 24.314854 26.126097 28.079487 30.217705 32.514687 35.042389 37.853561 41.007587 44.637409 48.823990 53.679649 0.000000 0.000000 0.000000 0.000000 0.000000 0.000000 0.000000 0.000000 0.000000 0.000000
7.502392 7.700522 7.928021 8.186028 8.471951 8.790446 9.150315 9.558310 10.016283 10.529503 11.103666 11.747068 12.460975 13.255550 14.139880 15.109515 16.170267 17.316471 18.582827 19.957956 21.442854 23.044119 24.764917 26.611759 28.600851 30.774620 33.102238 35.659916 38.501991 41.691036 45.365292 49.556400 0.000000 0.000000 0.000000 0.000000 0.000000 0.000000 0.000000 0.000000 0.000000 0.000000 0.000000
7.163242 7.383978 7.635814 7.920460 8.235262 8.585197 8.978212 9.421186 9.916373 10.469023 11.084618 11.771058 12.530499 13.371961 14.304924 15.324374 16.435057 17.630743 18.946318 20.368752 21.898830 23.543926 25.304857 27.186794 29.211010 31.418846 33.776440 36.363968 39.238926 42.468842 46.135021 0.000000 0.000000 0.000000 0.000000 0.000000 0.000000 0.000000 0.000000 0.000000 0.000000 0.000000 0.000000
6.881075 7.126251 7.404354 7.717434 8.062973 8.446189 8.874122 9.353856 9.887977 10.481699 11.140268 11.871140 12.677462 13.567027 14.549675 15.619709 16.780762 18.025888 19.390368 20.859535 22.433929 24.122063 25.921860 27.837667 29.895758 32.136391 34.523300 37.142002 40.054218 43.267658 0.000000 0.000000 0.000000 0.000000 0.000000 0.000000 0.000000 0.000000 0.000000 0.000000 0.000000 0.000000 0.000000
6.655222 6.926593 7.232790 7.575971 7.953940 8.372049 8.836433 9.354411 9.928864 10.564964 11.267661 12.043936 12.897989 13.836329 14.869163 15.989922 17.201101 18.495485 19.907875 21.422533 23.039700 24.768654 26.605419 28.553371 30.643602 32.915924 35.332947 37.986080 40.874821 0.000000 0.000000 0.000000 0.000000 0.000000 0.000000 0.000000 0.000000 0.000000 0.000000 0.000000 0.000000 0.000000 0.000000
6.485375 6.784616 7.120618 7.495451 7.907379 8.361800 8.863941 9.421384 10.037266 10.716711 11.464309 12.286593 13.188803 14.176093 15.259051 16.430101 17.690556 19.032879 20.491501 22.049702 23.707476 25.475117 27.346567 29.324657 31.445292 33.749771 36.199158 38.823277 0.000000 0.000000 0.000000 0.000000 0.000000 0.000000 0.000000 0.000000 0.000000 0.000000 0.000000 0.000000 0.000000 0.000000 0.000000
6.371447 6.700133 7.067533 7.475450 7.922707 8.414651 8.955632 9.553510 10.211633 10.935068 11.728000 12.596517 13.546850 14.582801 15.715290 16.935682 18.243977 19.633001 21.135696 22.735062 24.430876 26.233858 28.137476 30.143929 32.294170 34.632999 37.049057 0.000000 0.000000 0.000000 0.000000 0.000000 0.000000 0.000000 0.000000 0.000000 0.000000 0.000000 0.000000 0.000000 0.000000 0.000000 0.000000
6.313420 6.673013 7.073258 7.515589 7.999375 8.529860 9.110561 9.749581 10.450460 11.218225 12.056593 12.971196 13.969193 15.053076 16.233982 17.502254 18.856476 20.289972 21.834116 23.471855 25.202820 27.037966 28.971575 31.005993 33.185318 35.492577 0.000000 0.000000 0.000000 0.000000 0.000000 0.000000 0.000000 0.000000 0.000000 0.000000 0.000000 0.000000 0.000000 0.000000 0.000000 0.000000 0.000000
6.311532 6.703389 7.137781 7.615463 8.136792 8.706635 9.327726 10.008333 10.752208 11.564335 12.447897 13.408073 14.452822 15.583460 16.811161 18.125431 19.523186 20.998512 22.581118 24.254173 26.017300 27.882675 29.845695 31.908611 34.045006 0.000000 0.000000 0.000000 0.000000 0.000000 0.000000 0.000000 0.000000 0.000000 0.000000 0.000000 0.000000 0.000000 0.000000 0.000000 0.000000 0.000000 0.000000
6.365612 6.790920 7.260582 7.774551 8.334242 8.944055 9.605989 10.328371 11.115179 11.971383 12.899558 13.904414 14.995136 16.170977 17.443453 18.801470 20.240089 21.754271 23.372238 25.077589 26.870316 28.764503 30.757404 32.779079 0.000000 0.000000 0.000000 0.000000 0.000000 0.000000 0.000000 0.000000 0.000000 0.000000 0.000000 0.000000 0.000000 0.000000 0.000000 0.000000 0.000000 0.000000 0.000000
6.475737 6.935557 7.441434 7.992476 8.591185 9.241392 9.944395 10.708501 11.537913 12.437621 13.409507 14.457798 15.592498 16.811592 18.126410 19.525581 21.002077 22.551846 24.202002 25.936958 27.758041 29.679438 31.632570 0.000000 0.000000 0.000000 0.000000 0.000000 0.000000 0.000000 0.000000 0.000000 0.000000 0.000000 0.000000 0.000000 0.000000 0.000000 0.000000 0.000000 0.000000 0.000000 0.000000
6.641519 7.136716 7.679562 8.268271 8.906404 9.597196 10.341184 11.146679 12.018035 12.960324 13.974646 15.064741 16.241358 17.501398 18.855881 20.293379 21.804583 23.386547 25.066107 26.829323 28.678024 30.552158 0.000000 0.000000 0.000000 0.000000 0.000000 0.000000 0.000000 0.000000 0.000000 0.000000 0.000000 0.000000 0.000000 0.000000 0.000000 0.000000 0.000000 0.000000 0.000000 0.000000 0.000000
6.862514 7.393771 7.974146 8.600929 9.278676 10.010019 10.795009 11.641318 12.553659 13.537299 14.592464 15.722443 16.938593 18.237040 19.627663 21.100494 22.643314 24.255251 25.962873 27.753481 29.557554 0.000000 0.000000 0.000000 0.000000 0.000000 0.000000 0.000000 0.000000 0.000000 0.000000 0.000000 0.000000 0.000000 0.000000 0.000000 0.000000 0.000000 0.000000 0.000000 0.000000 0.000000 0.000000
7.138110 7.705895 8.324190 8.989244 9.706555 10.478177 11.303671 12.189919 13.141940 14.165349 15.259425 16.427027 17.680038 19.014116 20.437645 21.942823 23.514544 25.155020 26.889597 28.634762 0.000000 0.000000 0.000000 0.000000 0.000000 0.000000 0.000000 0.000000 0.000000 0.000000 0.000000 0.000000 0.000000 0.000000 0.000000 0.000000 0.000000 0.000000 0.000000 0.000000 0.000000 0.000000 0.000000
7.467761 8.072360 8.728492 9.431793 10.188376 10.999740 11.864919 12.789939 13.780025 14.841313 15.972054 17.174789 18.461796 19.828579 21.281891 22.816799 24.416042 26.083786 27.772034 0.000000 0.000000 0.000000 0.000000 0.000000 0.000000 0.000000 0.000000 0.000000 0.000000 0.000000 0.000000 0.000000 0.000000 0.000000 0.000000 0.000000 0.000000 0.000000 0.000000 0.000000 0.000000 0.000000 0.000000
7.850345 8.491814 9.185653 9.926950 10.722246 11.572543 12.476274 13.438615 14.464837 15.561799 16.726715 17.961922 19.279970 20.676544 22.157032 23.720352 25.345879 26.967155 0.000000 0.000000 0.000000 0.000000 0.000000 0.000000 0.000000 0.000000 0.000000 0.000000 0.000000 0.000000 0.000000 0.000000 0.000000 0.000000 0.000000 0.000000 0.000000 0.000000 0.000000 0.000000 0.000000 0.000000 0.000000
8.284693 8.962861 9.694061 10.472839 11.306010 12.194155 13.134969 14.132867 15.193052 16.323248 17.519678 18.784609 20.130802 21.554537 23.061024 24.651524 26.229591 0.000000 0.000000 0.000000 0.000000 0.000000 0.000000 0.000000 0.000000 0.000000 0.000000 0.000000 0.000000 0.000000 0.000000 0.000000 0.000000 0.000000 0.000000 0.000000 0.000000 0.000000 0.000000 0.000000 0.000000 0.000000 0.000000
8.769451 9.483911 10.251880 11.067371 11.937287 12.861899 13.838023 14.869379 15.961130 17.121969 18.347158 19.639069 21.010990 22.460213 23.991903 25.535749 0.000000 0.000000 0.000000 0.000000 0.000000 0.000000 0.000000 0.000000 0.000000 0.000000 0.000000 0.000000 0.000000 0.000000 0.000000 0.000000 0.000000 0.000000 0.000000 0.000000 0.000000 0.000000 0.000000 0.000000 0.000000 0.000000 0.000000
9.303073 10.053160 10.857047 11.708211 12.613441 13.572865 14.582251 15.645267 16.766111 17.954948 19.206261 20.522738 21.919373 23.391855 24.875940 0.000000 0.000000 0.000000 0.000000 0.000000 0.000000 0.000000 0.000000 0.000000 0.000000 0.000000 0.000000 0.000000 0.000000 0.000000 0.000000 0.000000 0.000000 0.000000 0.000000 0.000000 0.000000 0.000000 0.000000 0.000000 0.000000 0.000000 0.000000
9.883789 10.668612 11.507294 12.392810 13.331657 14.323965 15.364350 16.456722 17.604084 18.818325 20.093533 21.432957 22.853485 24.272850 0.000000 0.000000 0.000000 0.000000 0.000000 0.000000 0.000000 0.000000 0.000000 0.000000 0.000000 0.000000 0.000000 0.000000 0.000000 0.000000 0.000000 0.000000 0.000000 0.000000 0.000000 0.000000 0.000000 0.000000 0.000000 0.000000 0.000000 0.000000 0.000000
10.509639 11.328035 12.200095 13.118392 14.088888 15.111943 16.180916 17.300224 18.471603 19.709101 21.007162 22.367990 23.739206 0.000000 0.000000 0.000000 0.000000 0.000000 0.000000 0.000000 0.000000 0.000000 0.000000 0.000000 0.000000 0.000000 0.000000 0.000000 0.000000 0.000000 0.000000 0.000000 0.000000 0.000000 0.000000 0.000000 0.000000 0.000000 0.000000 0.000000 0.000000 0.000000 0.000000
11.178434 12.028994 12.932746 13.882010 14.881989 15.933480 17.028557 18.172445 19.365667 20.625416 21.945124 23.250917 0.000000 0.000000 0.000000 0.000000 0.000000 0.000000 0.000000 0.000000 0.000000 0.000000 0.000000 0.000000 0.000000 0.000000 0.000000 0.000000 0.000000 0.000000 0.000000 0.000000 0.000000 0.000000 0.000000 0.000000 0.000000 0.000000 0.000000 0.000000 0.000000 0.000000 0.000000
11.887744 12.768816 13.702343 14.680569 15.707726 16.785276 17.904066 19.070534 20.285275 21.566122 22.832985 0.000000 0.000000 0.000000 0.000000 0.000000 0.000000 0.000000 0.000000 0.000000 0.000000 0.000000 0.000000 0.000000 0.000000 0.000000 0.000000 0.000000 0.000000 0.000000 0.000000 0.000000 0.000000 0.000000 0.000000 0.000000 0.000000 0.000000 0.000000 0.000000 0.000000 0.000000 0.000000
12.634912 13.544623 14.505879 15.510942 16.562889 17.664190 18.804726 19.992922 21.228077 22.455288 0.000000 0.000000 0.000000 0.000000 0.000000 0.000000 0.000000 0.000000 0.000000 0.000000 0.000000 0.000000 0.000000 0.000000 0.000000 0.000000 0.000000 0.000000 0.000000 0.000000 0.000000 0.000000 0.000000 0.000000 0.000000 0.000000 0.000000 0.000000 0.000000 0.000000 0.000000 0.000000 0.000000
13.417599 14.353907 15.340256 16.369938 17.444410 18.567583 19.729036 20.937712 22.118444 0.000000 0.000000 0.000000 0.000000 0.000000 0.000000 0.000000 0.000000 0.000000 0.000000 0.000000 0.000000 0.000000 0.000000 0.000000 0.000000 0.000000 0.000000 0.000000 0.000000 0.000000 0.000000 0.000000 0.000000 0.000000 0.000000 0.000000 0.000000 0.000000 0.000000 0.000000 0.000000 0.000000 0.000000
14.232615 15.193282 16.202345 17.254477 18.349649 19.494032 20.675173 21.829222 0.000000 0.000000 0.000000 0.000000 0.000000 0.000000 0.000000 0.000000 0.000000 0.000000 0.000000 0.000000 0.000000 0.000000 0.000000 0.000000 0.000000 0.000000 0.000000 0.000000 0.000000 0.000000 0.000000 0.000000 0.000000 0.000000 0.000000 0.000000 0.000000 0.000000 0.000000 0.000000 0.000000 0.000000 0.000000
15.076995 16.060266 17.089842 18.162580 19.277880 20.441725 21.567408 0.000000 0.000000 0.000000 0.000000 0.000000 0.000000 0.000000 0.000000 0.000000 0.000000 0.000000 0.000000 0.000000 0.000000 0.000000 0.000000 0.000000 0.000000 0.000000 0.000000 0.000000 0.000000 0.000000 0.000000 0.000000 0.000000 0.000000 0.000000 0.000000 0.000000 0.000000 0.000000 0.000000 0.000000 0.000000 0.000000
15.947786 16.951651 17.999985 19.092310 20.226883 21.334852 0.000000 0.000000 0.000000 0.000000 0.000000 0.000000 0.000000 0.000000 0.000000 0.000000 0.000000 0.000000 0.000000 0.000000 0.000000 0.000000 0.000000 0.000000 0.000000 0.000000 0.000000 0.000000 0.000000 0.000000 0.000000 0.000000 0.000000 0.000000 0.000000 0.000000 0.000000 0.000000 0.000000 0.000000 0.000000 0.000000 0.000000
16.842192 17.865030 18.931484 20.041327 21.120720 0.000000 0.000000 0.000000 0.000000 0.000000 0.000000 0.000000 0.000000 0.000000 0.000000 0.000000 0.000000 0.000000 0.000000 0.000000 0.000000 0.000000 0.000000 0.000000 0.000000 0.000000 0.000000 0.000000 0.000000 0.000000 0.000000 0.000000 0.000000 0.000000 0.000000 0.000000 0.000000 0.000000 0.000000 0.000000 0.000000 0.000000 0.000000
17.757839 18.799072 19.882504 20.932524 0.000000 0.000000 0.000000 0.000000 0.000000 0.000000 0.000000 0.000000 0.000000 0.000000 0.000000 0.000000 0.000000 0.000000 0.000000 0.000000 0.000000 0.000000 0.000000 0.000000 0.000000 0.000000 0.000000 0.000000 0.000000 0.000000 0.000000 0.000000 0.000000 0.000000 0.000000 0.000000 0.000000 0.000000 0.000000 0.000000 0.000000 0.000000 0.000000
18.694229 19.752720 20.777794 0.000000 0.000000 0.000000 0.000000 0.000000 0.000000 0.000000 0.000000 0.000000 0.000000 0.000000 0.000000 0.000000 0.000000 0.000000 0.000000 0.000000 0.000000 0.000000 0.000000 0.000000 0.000000 0.000000 0.000000 0.000000 0.000000 0.000000 0.000000 0.000000 0.000000 0.000000 0.000000 0.000000 0.000000 0.000000 0.000000 0.000000 0.000000 0.000000 0.000000
19.649288 20.649378 0.000000 0.000000 0.000000 0.000000 0.000000 0.000000 0.000000 0.000000 0.000000 0.000000 0.000000 0.000000 0.000000 0.000000 0.000000 0.000000 0.000000 0.000000 0.000000 0.000000 0.000000 0.000000 0.000000 0.000000 0.000000 0.000000 0.000000 0.000000 0.000000 0.000000 0.000000 0.000000 0.000000 0.000000 0.000000 0.000000 0.000000 0.000000 0.000000 0.000000 0.000000
20.546799 0.000000 0.000000 0.000000 0.000000 0.000000 0.000000 0.000000 0.000000 0.000000 0.000000 0.000000 0.000000 0.000000 0.000000 0.000000 0.000000 0.000000 0.000000 0.000000 0.000000 0.000000 0.000000 0.000000 0.000000 0.000000 0.000000 0.000000 0.000000 0.000000 0.000000 0.000000 0.000000 0.000000 0.000000 0.000000 0.000000 0.000000 0.000000 0.000000 0.000000 0.000000 0.000000
