10.539191 11.091570 11.727776 12.452462 13.270075 14.183433 15.192696 16.299515 17.502859 18.798365 20.180424 21.644661 23.183903 24.791142 26.457870 28.177158 29.941408 31.741280 33.571934 35.424511 37.295292 39.182106 41.079914 42.986443 44.899925 46.814587 48.730518 50.646973 52.563293 54.479500 56.395599 58.306591 60.214375 62.118603 64.026520 65.938255 67.852348 69.775871 71.707054 73.656830 75.633400 77.647095 79.711166 81.844101 84.054520 86.370918 88.829330 91.489983 94.462166 97.955437 102.306999 108.178383 116.740936 130.622910 157.048309 217.000000
10.083792 10.673390 11.348355 12.112803 12.970537 13.923715 14.971869 16.115976 17.354425 18.682384 20.093864 21.584242 23.146217 24.772800 26.455593 28.187866 29.962351 31.769964 33.606285 35.462719 37.335869 39.223911 41.121948 43.027954 44.940327 46.853462 48.767368 50.681561 52.595211 54.508507 56.421577 58.329350 60.233929 62.134850 64.039589 65.948433 67.859772 69.780891 71.709702 73.657249 75.631584 77.642799 79.704361 81.834892 84.042816 86.357613 88.815941 91.478798 94.455879 97.958908 102.322464 108.215996 116.828400 130.826279 157.318161 0.000000
9.834642 10.475272 11.203111 12.021560 12.933521 13.940297 15.040571 16.234468 17.519634 18.890638 20.341080 21.865992 23.457998 25.110159 26.814222 28.563799 30.352026 32.170212 34.014416 35.876461 37.753376 39.643635 41.542732 43.448841 45.360565 47.272423 49.184536 51.096436 53.007427 54.917774 56.827686 58.732132 60.633362 62.530975 64.432526 66.338615 68.247414 70.166290 72.093010 74.038559 76.010857 78.019913 80.079140 82.207970 84.414581 86.729675 89.190941 91.860527 94.848465 98.368927 102.754623 108.689064 117.386192 131.486740 0.000000 0.000000
9.756164 10.456958 11.246661 12.127821 13.102295 14.170408 15.329912 16.579975 17.917486 19.336420 20.829935 22.392834 24.017660 25.697647 27.424763 29.193007 30.996027 32.825577 34.678288 36.546421 38.427422 40.320190 42.220512 44.126820 46.037907 47.948475 49.858704 51.768265 53.676491 55.583717 57.490387 59.391510 61.289463 63.183800 65.082291 66.985809 68.892220 70.809135 72.734009 74.677673 76.648048 78.655220 80.712692 82.840942 85.048187 87.366776 89.835617 92.517517 95.522438 99.068413 103.487625 109.480881 118.242073 0.000000 0.000000 0.000000
9.810912 10.577001 11.433203 12.381116 13.421477 14.553624 15.774360 17.081915 18.472519 19.939613 21.476017 23.076385 24.733299 26.440319 28.189568 29.975599 31.792643 33.632835 35.493465 37.367168 39.251816 41.146774 43.048050 44.954277 46.864513 48.773571 50.681747 52.588665 54.493969 56.398022 58.301460 60.199242 62.094040 63.985340 65.880981 67.782242 69.686539 71.601677 73.524773 75.466736 77.435410 79.441063 81.497726 83.627556 85.838692 88.165199 90.647255 93.347870 96.376373 99.955605 104.417969 110.441681 0.000000 0.000000 0.000000 0.000000
9.974051 10.807595 11.731703 12.746987 13.853096 15.048396 16.328806 17.691702 19.132866 20.645298 22.221601 23.856421 25.542488 27.273836 29.042746 30.844402 32.673573 34.522873 36.390099 38.268341 40.155842 42.052288 43.953976 45.859673 47.768608 49.675835 51.581612 53.485779 55.387981 57.288792 59.189110 61.083729 62.975594 64.864182 66.757195 68.656540 70.558914 72.472427 74.393898 76.334320 78.301743 80.306854 82.364624 84.499168 86.718826 89.058990 91.560654 94.286446 97.344711 100.962204 105.435471 0.000000 0.000000 0.000000 0.000000 0.000000
10.230755 11.131804 12.122994 13.203987 14.373373 15.628662 16.965023 18.379053 19.866360 21.419605 23.031343 24.696354 26.407578 28.159744 29.945156 31.759705 33.598789 35.455299 37.327587 39.209133 41.098492 42.995674 44.897099 46.801739 48.708889 50.613903 52.517014 54.418167 56.317215 58.214813 60.112186 62.003960 63.893219 65.779366 67.669991 69.567711 71.468376 73.380394 75.300461 77.239761 79.206848 81.213295 83.274979 85.418846 87.653053 90.013161 92.540771 95.297318 98.388824 102.009598 0.000000 0.000000 0.000000 0.000000 0.000000 0.000000
10.572108 11.539185 12.595103 13.738616 14.967374 16.278156 17.665518 19.125362 20.653515 22.242348 23.884504 25.575022 27.307116 29.076479 30.875139 32.699833 34.546616 36.408455 38.284336 40.167988 42.058197 43.955284 45.855789 47.758801 49.663628 51.566055 53.466255 55.364334 57.260197 59.154770 61.049522 62.938679 64.825722 66.709747 68.598267 70.494522 72.393509 74.304390 76.223366 78.162445 80.131004 82.141594 84.211296 86.370316 88.625587 91.011925 93.571060 96.360962 99.450195 0.000000 0.000000 0.000000 0.000000 0.000000 0.000000 0.000000
10.991978 12.022472 13.139668 14.341507 15.624843 16.985884 18.418709 19.918636 21.482071 23.101154 24.768744 26.480196 28.228989 30.012182 31.821089 33.653416 35.505928 37.371441 39.249531 41.134186 43.024368 44.920578 46.819538 48.720371 50.622353 52.521915 54.419025 56.313965 58.206745 60.098503 61.991135 63.878071 65.763100 67.645180 69.531891 71.426857 73.324348 75.234489 77.153343 79.093979 81.066856 83.085648 85.168571 87.348885 89.631958 92.049911 94.642632 97.429611 0.000000 0.000000 0.000000 0.000000 0.000000 0.000000 0.000000 0.000000
11.485220 12.575632 13.749873 15.005195 16.337803 17.743521 19.216116 20.750359 22.343630 23.987852 25.676189 27.404404 29.166136 30.960209 32.776733 34.614536 36.471157 38.338894 40.218025 42.102711 43.992035 45.886753 47.783600 49.681877 51.580441 53.476944 55.370907 57.262775 59.152683 61.041882 62.932915 64.817894 66.701195 68.581398 70.466751 72.360565 74.256935 76.167419 78.087784 80.032814 82.014091 84.046394 86.148117 88.355957 90.672462 93.124039 95.713806 0.000000 0.000000 0.000000 0.000000 0.000000 0.000000 0.000000 0.000000 0.000000
12.046765 13.192910 14.419413 15.722976 17.099337 18.544085 20.050833 21.613920 23.231951 24.896656 26.601562 28.342861 30.114222 31.916595 33.738544 35.580021 37.439507 39.308270 41.187458 43.071346 44.959148 46.851795 48.746128 50.641468 52.536163 54.429543 56.320477 58.209427 60.096729 61.983673 63.873753 65.756958 67.638748 69.516960 71.401627 73.294785 75.190994 77.103661 79.028419 80.981850 82.976776 85.028336 87.154503 89.395195 91.746948 94.195709 0.000000 0.000000 0.000000 0.000000 0.000000 0.000000 0.000000 0.000000 0.000000 0.000000
12.671313 13.868509 15.142147 16.488533 17.903105 19.381397 20.916992 22.503948 24.142138 25.823206 27.541058 29.292334 31.070526 32.878971 34.704548 36.548260 38.409618 40.278416 42.156864 44.039280 45.925034 47.815186 49.706684 51.598907 53.489414 55.379757 57.267792 59.154224 61.039211 62.924183 64.813782 66.695488 68.575783 70.451935 72.336678 74.230156 76.127853 78.045937 79.979111 81.946114 83.960518 86.037132 88.192749 90.468201 92.818161 0.000000 0.000000 0.000000 0.000000 0.000000 0.000000 0.000000 0.000000 0.000000 0.000000 0.000000
13.353224 14.596457 15.911924 17.295702 18.743090 20.249739 21.809278 23.415802 25.070108 26.763979 28.491734 30.250423 32.033199 33.845669 35.673428 37.518185 39.380562 41.248608 43.125656 45.006058 46.889320 48.776672 50.665165 52.554302 54.440594 56.328098 58.213589 60.097702 61.980690 63.864014 65.753456 67.633781 69.512779 71.386909 73.272728 75.168205 77.070229 78.998215 80.944939 82.931358 84.971085 87.077682 89.264870 91.538300 0.000000 0.000000 0.000000 0.000000 0.000000 0.000000 0.000000 0.000000 0.000000 0.000000 0.000000 0.000000
14.086548 15.370637 16.722635 18.138525 19.613625 21.143862 22.722906 24.345360 26.012293 27.716002 29.451128 31.215122 33.000797 34.815384 36.644173 38.489025 40.351566 42.218208 44.093296 45.971317 47.851734 49.736164 51.621647 53.507694 55.390194 57.275139 59.158382 61.040550 62.921833 64.803665 66.692917 68.572044 70.450142 72.322662 74.210510 76.110962 78.021255 79.964935 81.930946 83.942612 86.012573 88.151199 90.334007 0.000000 0.000000 0.000000 0.000000 0.000000 0.000000 0.000000 0.000000 0.000000 0.000000 0.000000 0.000000 0.000000
14.865154 16.184895 17.568249 19.011238 20.509317 22.058849 23.653488 25.288754 26.965372 28.676386 30.416819 32.184429 33.971897 35.786953 37.615829 39.459957 41.321651 43.186337 45.059071 46.934368 48.811726 50.693142 52.575680 54.458965 56.338448 58.221191 60.102547 61.983032 63.862793 65.743271 67.631805 69.510101 71.388161 73.260468 75.152229 77.061714 78.985352 80.950851 82.942085 84.983978 87.086136 89.220398 0.000000 0.000000 0.000000 0.000000 0.000000 0.000000 0.000000 0.000000 0.000000 0.000000 0.000000 0.000000 0.000000 0.000000
15.682945 17.033272 18.443068 19.908501 21.425266 22.990330 24.597157 26.242496 27.926310 29.642563 31.386562 33.156410 34.944977 36.759285 38.587452 40.430180 42.289867 44.152184 46.022198 47.894554 49.768730 51.647236 53.526970 55.407749 57.285526 59.166389 61.046059 62.925102 64.803474 66.682686 68.569969 70.448242 72.327797 74.202591 76.101570 78.025055 79.967728 81.961182 83.982491 86.056656 88.154602 0.000000 0.000000 0.000000 0.000000 0.000000 0.000000 0.000000 0.000000 0.000000 0.000000 0.000000 0.000000 0.000000 0.000000 0.000000
16.534122 17.910227 19.341904 20.825575 22.357218 23.934574 25.550688 27.203644 28.892559 30.612339 32.358479 34.129398 35.918648 37.731388 39.558163 41.398949 43.255569 45.115135 46.982250 48.851616 50.722431 52.598160 54.475418 56.354038 58.231377 60.110531 61.988785 63.866470 65.743652 67.621979 69.507843 71.387642 73.271408 75.153023 77.063789 79.006798 80.974297 83.000443 85.053917 87.124069 0.000000 0.000000 0.000000 0.000000 0.000000 0.000000 0.000000 0.000000 0.000000 0.000000 0.000000 0.000000 0.000000 0.000000 0.000000 0.000000
17.413366 18.810799 20.260260 21.758430 23.301678 24.888634 26.511591 28.169950 29.862284 31.584179 33.331264 35.102299 36.891716 38.702415 40.527302 42.365650 44.218525 46.075123 47.939274 49.805668 51.673107 53.546314 55.421284 57.298035 59.176025 61.053658 62.930553 64.807053 66.683388 68.561600 70.447365 72.331268 74.222900 76.117203 78.044975 80.013153 82.010376 84.070572 86.120041 0.000000 0.000000 0.000000 0.000000 0.000000 0.000000 0.000000 0.000000 0.000000 0.000000 0.000000 0.000000 0.000000 0.000000 0.000000 0.000000 0.000000
18.315948 19.730700 21.194344 22.703814 24.255884 25.850132 27.477940 29.139868 30.834234 32.557095 34.304104 36.074455 37.863354 39.671738 41.494244 43.329826 45.178814 47.032410 48.893623 50.757221 52.621243 54.492184 56.365196 58.240334 60.119354 61.995613 63.871300 65.746979 67.623276 69.502914 71.391594 73.283318 75.187675 77.101067 79.051208 81.049156 83.078026 85.135445 0.000000 0.000000 0.000000 0.000000 0.000000 0.000000 0.000000 0.000000 0.000000 0.000000 0.000000 0.000000 0.000000 0.000000 0.000000 0.000000 0.000000 0.000000
19.237741 20.666294 22.141054 23.659124 25.217709 26.817276 28.448318 30.112356 31.807638 33.530537 35.276649 37.045620 38.833248 40.639076 42.458858 44.291512 46.136906 47.987522 49.846012 51.707066 53.567715 55.436665 57.307938 59.181595 61.061867 62.936848 64.811729 66.687347 68.565102 70.448662 72.344795 74.249023 76.171547 78.110054 80.087219 82.116737 84.141060 0.000000 0.000000 0.000000 0.000000 0.000000 0.000000 0.000000 0.000000 0.000000 0.000000 0.000000 0.000000 0.000000 0.000000 0.000000 0.000000 0.000000 0.000000 0.000000
20.175163 21.614502 23.097839 24.622284 26.185505 27.788609 29.421585 31.086531 32.781834 34.504028 36.248493 38.015541 39.801216 41.604244 43.421146 45.250839 47.093151 48.941021 50.797066 52.655876 54.513287 56.380535 58.250237 60.122578 62.004017 63.878078 65.752907 67.629936 69.511604 71.402824 73.311676 75.233833 77.179779 79.148010 81.154198 83.179100 0.000000 0.000000 0.000000 0.000000 0.000000 0.000000 0.000000 0.000000 0.000000 0.000000 0.000000 0.000000 0.000000 0.000000 0.000000 0.000000 0.000000 0.000000 0.000000 0.000000
21.125046 22.572641 24.062492 25.591492 27.157835 28.762798 30.396679 32.061584 33.756172 35.477032 37.219162 38.983860 40.767071 42.567158 44.381138 46.207932 48.047836 49.893242 51.747173 53.604053 55.458565 57.324326 59.192650 61.063808 62.946396 64.820351 66.696602 68.577507 70.466736 72.370155 74.296875 76.242310 78.216530 80.215767 82.215431 0.000000 0.000000 0.000000 0.000000 0.000000 0.000000 0.000000 0.000000 0.000000 0.000000 0.000000 0.000000 0.000000 0.000000 0.000000 0.000000 0.000000 0.000000 0.000000 0.000000 0.000000
22.084444 23.538170 25.032885 26.564964 28.133188 29.738586 31.372456 33.036503 34.729736 36.448795 38.187935 39.949978 41.730377 43.527538 45.338612 47.162716 49.000851 50.844070 52.696182 54.551445 56.403778 58.268169 60.135307 62.005642 63.889408 65.764763 67.644829 69.533173 71.434471 73.355362 75.305016 77.278435 79.282829 81.276558 0.000000 0.000000 0.000000 0.000000 0.000000 0.000000 0.000000 0.000000 0.000000 0.000000 0.000000 0.000000 0.000000 0.000000 0.000000 0.000000 0.000000 0.000000 0.000000 0.000000 0.000000 0.000000
23.050726 24.508820 26.007071 27.541004 29.110064 30.714783 32.347916 34.010326 35.701675 37.418541 39.154175 40.913338 42.690807 44.485050 46.293396 48.115028 49.952007 51.793369 53.643864 55.497669 57.348808 59.212036 61.078312 62.948463 64.833916 66.713158 68.600525 70.500870 72.419350 74.363052 76.340065 78.343575 80.342224 0.000000 0.000000 0.000000 0.000000 0.000000 0.000000 0.000000 0.000000 0.000000 0.000000 0.000000 0.000000 0.000000 0.000000 0.000000 0.000000 0.000000 0.000000 0.000000 0.000000 0.000000 0.000000 0.000000
24.021709 25.482697 26.983334 28.518097 30.087120 31.690418 33.322163 34.982285 36.671268 38.385731 40.117504 41.873676 43.648197 45.439678 47.245483 49.064934 50.901218 52.740898 54.589985 56.442501 58.293415 60.155800 62.021957 63.893242 65.781898 67.668602 69.567787 71.485054 73.426117 75.397346 77.403755 79.401581 0.000000 0.000000 0.000000 0.000000 0.000000 0.000000 0.000000 0.000000 0.000000 0.000000 0.000000 0.000000 0.000000 0.000000 0.000000 0.000000 0.000000 0.000000 0.000000 0.000000 0.000000 0.000000 0.000000 0.000000
24.995813 26.458469 27.960428 29.495148 31.063391 32.664825 34.294601 35.951756 37.638092 39.350060 41.077976 42.831200 44.602890 46.391827 48.195385 50.012890 51.848572 53.686726 55.534504 57.385895 59.237446 61.099674 62.967018 64.841705 66.736542 68.635361 70.551247 72.490868 74.459175 76.459991 78.460327 0.000000 0.000000 0.000000 0.000000 0.000000 0.000000 0.000000 0.000000 0.000000 0.000000 0.000000 0.000000 0.000000 0.000000 0.000000 0.000000 0.000000 0.000000 0.000000 0.000000 0.000000 0.000000 0.000000 0.000000 0.000000
25.971966 27.435270 28.937441 30.471378 32.038200 33.637489 35.264866 36.918507 38.601963 40.311604 42.036076 43.786495 45.555523 47.342205 49.143764 50.959534 52.794315 54.631008 56.477718 58.328266 60.181091 62.044521 63.915318 65.796532 67.702034 69.618317 71.556267 73.522842 75.520523 77.515259 0.000000 0.000000 0.000000 0.000000 0.000000 0.000000 0.000000 0.000000 0.000000 0.000000 0.000000 0.000000 0.000000 0.000000 0.000000 0.000000 0.000000 0.000000 0.000000 0.000000 0.000000 0.000000 0.000000 0.000000 0.000000 0.000000
26.949413 28.412483 29.913723 31.446249 33.011143 34.608051 36.232689 37.882500 39.562984 41.270592 42.992371 44.740253 46.506840 48.291550 50.091351 51.905537 53.738773 55.574200 57.420212 59.270546 61.125584 62.992455 64.869904 66.761757 68.683418 70.622620 72.587242 74.582939 76.574448 0.000000 0.000000 0.000000 0.000000 0.000000 0.000000 0.000000 0.000000 0.000000 0.000000 0.000000 0.000000 0.000000 0.000000 0.000000 0.000000 0.000000 0.000000 0.000000 0.000000 0.000000 0.000000 0.000000 0.000000 0.000000 0.000000 0.000000
27.927504 29.389532 30.888813 32.419399 33.981934 35.576355 37.198040 38.844044 40.521603 42.227478 43.947472 45.693100 47.457413 49.240387 51.038639 52.851330 54.682365 56.516808 58.362988 60.214394 62.073498 63.946964 65.835258 67.742355 69.685814 71.652817 73.646225 75.635559 0.000000 0.000000 0.000000 0.000000 0.000000 0.000000 0.000000 0.000000 0.000000 0.000000 0.000000 0.000000 0.000000 0.000000 0.000000 0.000000 0.000000 0.000000 0.000000 0.000000 0.000000 0.000000 0.000000 0.000000 0.000000 0.000000 0.000000 0.000000
28.905558 30.365837 31.862375 33.390606 34.950489 36.542431 38.161137 39.803696 41.478504 43.182835 44.901722 46.645405 48.407471 50.188961 51.985790 53.797150 55.625824 57.459965 59.307846 61.162563 63.028538 64.912804 66.816544 68.743675 70.713890 72.710739 74.697632 0.000000 0.000000 0.000000 0.000000 0.000000 0.000000 0.000000 0.000000 0.000000 0.000000 0.000000 0.000000 0.000000 0.000000 0.000000 0.000000 0.000000 0.000000 0.000000 0.000000 0.000000 0.000000 0.000000 0.000000 0.000000 0.000000 0.000000 0.000000 0.000000
29.883001 31.340870 32.834290 34.359871 35.916897 37.506550 39.122326 40.762203 42.434509 44.137241 45.855286 47.597263 49.357071 51.137146 52.932743 54.743092 56.570087 58.405224 60.257320 62.118500 63.995255 65.895134 67.819229 69.770729 71.769928 73.760910 0.000000 0.000000 0.000000 0.000000 0.000000 0.000000 0.000000 0.000000 0.000000 0.000000 0.000000 0.000000 0.000000 0.000000 0.000000 0.000000 0.000000 0.000000 0.000000 0.000000 0.000000 0.000000 0.000000 0.000000 0.000000 0.000000 0.000000 0.000000 0.000000 0.000000
30.859354 32.314259 33.804451 35.327190 36.881340 38.468948 40.081970 41.720085 43.390194 45.090946 46.808167 48.548626 50.306046 52.084873 53.879536 55.689533 57.516472 59.354710 61.214489 63.086235 64.978493 66.898727 68.847588 70.825684 72.818550 0.000000 0.000000 0.000000 0.000000 0.000000 0.000000 0.000000 0.000000 0.000000 0.000000 0.000000 0.000000 0.000000 0.000000 0.000000 0.000000 0.000000 0.000000 0.000000 0.000000 0.000000 0.000000 0.000000 0.000000 0.000000 0.000000 0.000000 0.000000 0.000000 0.000000 0.000000
31.834253 33.285786 34.772797 36.292652 37.843967 39.429840 41.040367 42.677338 44.345535 46.043861 47.760124 49.499142 51.254242 53.032116 54.826454 56.637348 58.466709 60.311146 62.182903 64.069893 65.982422 67.927483 69.903107 71.872940 0.000000 0.000000 0.000000 0.000000 0.000000 0.000000 0.000000 0.000000 0.000000 0.000000 0.000000 0.000000 0.000000 0.000000 0.000000 0.000000 0.000000 0.000000 0.000000 0.000000 0.000000 0.000000 0.000000 0.000000 0.000000 0.000000 0.000000 0.000000 0.000000 0.000000 0.000000 0.000000
32.807217 34.255260 35.739223 37.256279 38.804939 40.389225 41.997437 43.633556 45.300030 46.995754 48.710888 50.448650 52.201866 53.979397 55.774639 57.588470 59.423580 61.278091 63.166397 65.073502 67.010689 68.982597 70.949928 0.000000 0.000000 0.000000 0.000000 0.000000 0.000000 0.000000 0.000000 0.000000 0.000000 0.000000 0.000000 0.000000 0.000000 0.000000 0.000000 0.000000 0.000000 0.000000 0.000000 0.000000 0.000000 0.000000 0.000000 0.000000 0.000000 0.000000 0.000000 0.000000 0.000000 0.000000 0.000000 0.000000
33.777874 35.222679 36.703747 38.218140 39.764366 41.346992 42.953041 44.588264 46.253185 47.946339 49.660343 51.397129 53.149681 54.928070 56.726223 58.546013 60.390961 62.259930 64.169220 66.100800 68.064758 70.028381 0.000000 0.000000 0.000000 0.000000 0.000000 0.000000 0.000000 0.000000 0.000000 0.000000 0.000000 0.000000 0.000000 0.000000 0.000000 0.000000 0.000000 0.000000 0.000000 0.000000 0.000000 0.000000 0.000000 0.000000 0.000000 0.000000 0.000000 0.000000 0.000000 0.000000 0.000000 0.000000 0.000000 0.000000
34.746017 36.188133 37.666515 39.178509 40.722542 42.303181 43.907024 45.541206 47.204708 48.895718 50.608753 52.345150 54.099281 55.880508 57.684540 59.514164 61.373455 63.261490 65.195435 67.153618 69.109261 0.000000 0.000000 0.000000 0.000000 0.000000 0.000000 0.000000 0.000000 0.000000 0.000000 0.000000 0.000000 0.000000 0.000000 0.000000 0.000000 0.000000 0.000000 0.000000 0.000000 0.000000 0.000000 0.000000 0.000000 0.000000 0.000000 0.000000 0.000000 0.000000 0.000000 0.000000 0.000000 0.000000 0.000000 0.000000
35.711681 37.151779 38.627773 40.137627 41.679729 43.257938 44.859524 46.492508 48.154686 49.844139 51.556736 53.293957 55.052670 56.839714 58.653461 60.497330 62.375652 64.286880 66.246986 68.196823 0.000000 0.000000 0.000000 0.000000 0.000000 0.000000 0.000000 0.000000 0.000000 0.000000 0.000000 0.000000 0.000000 0.000000 0.000000 0.000000 0.000000 0.000000 0.000000 0.000000 0.000000 0.000000 0.000000 0.000000 0.000000 0.000000 0.000000 0.000000 0.000000 0.000000 0.000000 0.000000 0.000000 0.000000 0.000000 0.000000
36.675083 38.113731 39.587601 41.095608 42.635986 44.211548 45.810707 47.442505 49.103603 50.792294 52.505569 54.245537 56.012535 57.809151 59.636936 61.499702 63.401367 65.337746 67.288940 0.000000 0.000000 0.000000 0.000000 0.000000 0.000000 0.000000 0.000000 0.000000 0.000000 0.000000 0.000000 0.000000 0.000000 0.000000 0.000000 0.000000 0.000000 0.000000 0.000000 0.000000 0.000000 0.000000 0.000000 0.000000 0.000000 0.000000 0.000000 0.000000 0.000000 0.000000 0.000000 0.000000 0.000000 0.000000 0.000000 0.000000
37.636536 39.073963 40.545998 42.052372 43.591175 45.164204 46.760933 48.391678 50.052265 51.741489 53.457336 55.202847 56.982059 58.792515 60.639015 62.524914 64.451881 66.378670 0.000000 0.000000 0.000000 0.000000 0.000000 0.000000 0.000000 0.000000 0.000000 0.000000 0.000000 0.000000 0.000000 0.000000 0.000000 0.000000 0.000000 0.000000 0.000000 0.000000 0.000000 0.000000 0.000000 0.000000 0.000000 0.000000 0.000000 0.000000 0.000000 0.000000 0.000000 0.000000 0.000000 0.000000 0.000000 0.000000 0.000000 0.000000
38.596340 40.032597 41.502960 43.007881 44.545258 46.116154 47.710796 49.341053 51.002220 52.693928 54.415096 56.169727 57.965008 59.793934 61.663372 63.574493 65.491989 0.000000 0.000000 0.000000 0.000000 0.000000 0.000000 0.000000 0.000000 0.000000 0.000000 0.000000 0.000000 0.000000 0.000000 0.000000 0.000000 0.000000 0.000000 0.000000 0.000000 0.000000 0.000000 0.000000 0.000000 0.000000 0.000000 0.000000 0.000000 0.000000 0.000000 0.000000 0.000000 0.000000 0.000000 0.000000 0.000000 0.000000 0.000000 0.000000
39.554794 40.989811 42.458672 43.962265 45.498337 47.067688 48.661221 50.292072 51.955727 53.652691 55.382812 57.150631 58.965736 60.817337 62.711823 64.613434 0.000000 0.000000 0.000000 0.000000 0.000000 0.000000 0.000000 0.000000 0.000000 0.000000 0.000000 0.000000 0.000000 0.000000 0.000000 0.000000 0.000000 0.000000 0.000000 0.000000 0.000000 0.000000 0.000000 0.000000 0.000000 0.000000 0.000000 0.000000 0.000000 0.000000 0.000000 0.000000 0.000000 0.000000 0.000000 0.000000 0.000000 0.000000 0.000000 0.000000
40.512119 41.945866 43.413334 44.915737 46.450779 48.019379 49.613628 51.246906 52.915794 54.621613 56.364822 58.150127 59.988342 61.864712 63.749615 0.000000 0.000000 0.000000 0.000000 0.000000 0.000000 0.000000 0.000000 0.000000 0.000000 0.000000 0.000000 0.000000 0.000000 0.000000 0.000000 0.000000 0.000000 0.000000 0.000000 0.000000 0.000000 0.000000 0.000000 0.000000 0.000000 0.000000 0.000000 0.000000 0.000000 0.000000 0.000000 0.000000 0.000000 0.000000 0.000000 0.000000 0.000000 0.000000 0.000000 0.000000
41.468468 42.900963 44.367149 45.868656 47.403172 48.972321 50.569813 52.208248 53.885883 55.604725 57.365368 59.172134 61.034843 62.901459 0.000000 0.000000 0.000000 0.000000 0.000000 0.000000 0.000000 0.000000 0.000000 0.000000 0.000000 0.000000 0.000000 0.000000 0.000000 0.000000 0.000000 0.000000 0.000000 0.000000 0.000000 0.000000 0.000000 0.000000 0.000000 0.000000 0.000000 0.000000 0.000000 0.000000 0.000000 0.000000 0.000000 0.000000 0.000000 0.000000 0.000000 0.000000 0.000000 0.000000 0.000000 0.000000
42.423958 43.855289 45.320396 46.821636 48.356716 49.928230 51.532074 53.179142 54.869583 56.605797 58.388016 60.218189 62.070583 0.000000 0.000000 0.000000 0.000000 0.000000 0.000000 0.000000 0.000000 0.000000 0.000000 0.000000 0.000000 0.000000 0.000000 0.000000 0.000000 0.000000 0.000000 0.000000 0.000000 0.000000 0.000000 0.000000 0.000000 0.000000 0.000000 0.000000 0.000000 0.000000 0.000000 0.000000 0.000000 0.000000 0.000000 0.000000 0.000000 0.000000 0.000000 0.000000 0.000000 0.000000 0.000000 0.000000
43.378670 44.809101 46.273560 47.775723 49.313099 50.889648 52.503315 54.162991 55.870617 57.628262 59.433979 61.253181 0.000000 0.000000 0.000000 0.000000 0.000000 0.000000 0.000000 0.000000 0.000000 0.000000 0.000000 0.000000 0.000000 0.000000 0.000000 0.000000 0.000000 0.000000 0.000000 0.000000 0.000000 0.000000 0.000000 0.000000 0.000000 0.000000 0.000000 0.000000 0.000000 0.000000 0.000000 0.000000 0.000000 0.000000 0.000000 0.000000 0.000000 0.000000 0.000000 0.000000 0.000000 0.000000 0.000000 0.000000
44.332779 45.762886 47.227623 48.732697 50.274937 51.859886 53.486988 55.163624 56.892464 58.673595 60.468391 0.000000 0.000000 0.000000 0.000000 0.000000 0.000000 0.000000 0.000000 0.000000 0.000000 0.000000 0.000000 0.000000 0.000000 0.000000 0.000000 0.000000 0.000000 0.000000 0.000000 0.000000 0.000000 0.000000 0.000000 0.000000 0.000000 0.000000 0.000000 0.000000 0.000000 0.000000 0.000000 0.000000 0.000000 0.000000 0.000000 0.000000 0.000000 0.000000 0.000000 0.000000 0.000000 0.000000 0.000000 0.000000
45.286732 46.717564 48.184155 49.695030 51.245495 52.842789 54.487179 56.184818 57.936958 59.707169 0.000000 0.000000 0.000000 0.000000 0.000000 0.000000 0.000000 0.000000 0.000000 0.000000 0.000000 0.000000 0.000000 0.000000 0.000000 0.000000 0.000000 0.000000 0.000000 0.000000 0.000000 0.000000 0.000000 0.000000 0.000000 0.000000 0.000000 0.000000 0.000000 0.000000 0.000000 0.000000 0.000000 0.000000 0.000000 0.000000 0.000000 0.000000 0.000000 0.000000 0.000000 0.000000 0.000000 0.000000 0.000000 0.000000
46.241547 47.674843 49.145626 50.665989 52.228565 53.842381 55.507839 57.228561 58.969658 0.000000 0.000000 0.000000 0.000000 0.000000 0.000000 0.000000 0.000000 0.000000 0.000000 0.000000 0.000000 0.000000 0.000000 0.000000 0.000000 0.000000 0.000000 0.000000 0.000000 0.000000 0.000000 0.000000 0.000000 0.000000 0.000000 0.000000 0.000000 0.000000 0.000000 0.000000 0.000000 0.000000 0.000000 0.000000 0.000000 0.000000 0.000000 0.000000 0.000000 0.000000 0.000000 0.000000 0.000000 0.000000 0.000000 0.000000
47.198936 48.637245 50.115288 51.649319 53.228172 54.862545 56.551010 58.260517 0.000000 0.000000 0.000000 0.000000 0.000000 0.000000 0.000000 0.000000 0.000000 0.000000 0.000000 0.000000 0.000000 0.000000 0.000000 0.000000 0.000000 0.000000 0.000000 0.000000 0.000000 0.000000 0.000000 0.000000 0.000000 0.000000 0.000000 0.000000 0.000000 0.000000 0.000000 0.000000 0.000000 0.000000 0.000000 0.000000 0.000000 0.000000 0.000000 0.000000 0.000000 0.000000 0.000000 0.000000 0.000000 0.000000 0.000000 0.000000
48.161633 49.608112 51.097023 52.649040 54.248169 55.905209 57.582329 0.000000 0.000000 0.000000 0.000000 0.000000 0.000000 0.000000 0.000000 0.000000 0.000000 0.000000 0.000000 0.000000 0.000000 0.000000 0.000000 0.000000 0.000000 0.000000 0.000000 0.000000 0.000000 0.000000 0.000000 0.000000 0.000000 0.000000 0.000000 0.000000 0.000000 0.000000 0.000000 0.000000 0.000000 0.000000 0.000000 0.000000 0.000000 0.000000 0.000000 0.000000 0.000000 0.000000 0.000000 0.000000 0.000000 0.000000 0.000000 0.000000
49.133137 50.591305 52.095043 53.668972 55.290482 56.935951 0.000000 0.000000 0.000000 0.000000 0.000000 0.000000 0.000000 0.000000 0.000000 0.000000 0.000000 0.000000 0.000000 0.000000 0.000000 0.000000 0.000000 0.000000 0.000000 0.000000 0.000000 0.000000 0.000000 0.000000 0.000000 0.000000 0.000000 0.000000 0.000000 0.000000 0.000000 0.000000 0.000000 0.000000 0.000000 0.000000 0.000000 0.000000 0.000000 0.000000 0.000000 0.000000 0.000000 0.000000 0.000000 0.000000 0.000000 0.000000 0.000000 0.000000
50.117317 51.590996 53.113556 54.711010 56.320698 0.000000 0.000000 0.000000 0.000000 0.000000 0.000000 0.000000 0.000000 0.000000 0.000000 0.000000 0.000000 0.000000 0.000000 0.000000 0.000000 0.000000 0.000000 0.000000 0.000000 0.000000 0.000000 0.000000 0.000000 0.000000 0.000000 0.000000 0.000000 0.000000 0.000000 0.000000 0.000000 0.000000 0.000000 0.000000 0.000000 0.000000 0.000000 0.000000 0.000000 0.000000 0.000000 0.000000 0.000000 0.000000 0.000000 0.000000 0.000000 0.000000 0.000000 0.000000
51.118126 52.610943 54.154537 55.740818 0.000000 0.000000 0.000000 0.000000 0.000000 0.000000 0.000000 0.000000 0.000000 0.000000 0.000000 0.000000 0.000000 0.000000 0.000000 0.000000 0.000000 0.000000 0.000000 0.000000 0.000000 0.000000 0.000000 0.000000 0.000000 0.000000 0.000000 0.000000 0.000000 0.000000 0.000000 0.000000 0.000000 0.000000 0.000000 0.000000 0.000000 0.000000 0.000000 0.000000 0.000000 0.000000 0.000000 0.000000 0.000000 0.000000 0.000000 0.000000 0.000000 0.000000 0.000000 0.000000
52.138981 53.652840 55.183567 0.000000 0.000000 0.000000 0.000000 0.000000 0.000000 0.000000 0.000000 0.000000 0.000000 0.000000 0.000000 0.000000 0.000000 0.000000 0.000000 0.000000 0.000000 0.000000 0.000000 0.000000 0.000000 0.000000 0.000000 0.000000 0.000000 0.000000 0.000000 0.000000 0.000000 0.000000 0.000000 0.000000 0.000000 0.000000 0.000000 0.000000 0.000000 0.000000 0.000000 0.000000 0.000000 0.000000 0.000000 0.000000 0.000000 0.000000 0.000000 0.000000 0.000000 0.000000 0.000000 0.000000
53.181221 54.682171 0.000000 0.000000 0.000000 0.000000 0.000000 0.000000 0.000000 0.000000 0.000000 0.000000 0.000000 0.000000 0.000000 0.000000 0.000000 0.000000 0.000000 0.000000 0.000000 0.000000 0.000000 0.000000 0.000000 0.000000 0.000000 0.000000 0.000000 0.000000 0.000000 0.000000 0.000000 0.000000 0.000000 0.000000 0.000000 0.000000 0.000000 0.000000 0.000000 0.000000 0.000000 0.000000 0.000000 0.000000 0.000000 0.000000 0.000000 0.000000 0.000000 0.000000 0.000000 0.000000 0.000000 0.000000
54.210411 0.000000 0.000000 0.000000 0.000000 0.000000 0.000000 0.000000 0.000000 0.000000 0.000000 0.000000 0.000000 0.000000 0.000000 0.000000 0.000000 0.000000 0.000000 0.000000 0.000000 0.000000 0.000000 0.000000 0.000000 0.000000 0.000000 0.000000 0.000000 0.000000 0.000000 0.000000 0.000000 0.000000 0.000000 0.000000 0.000000 0.000000 0.000000 0.000000 0.000000 0.000000 0.000000 0.000000 0.000000 0.000000 0.000000 0.000000 0.000000 0.000000 0.000000 0.000000 0.000000 0.000000 0.000000 0.000000
