48.386322 49.276855 50.208401 51.176678 52.162678 53.183956 54.250793 55.355381 56.515015 57.736385 59.031391 60.405125 61.872986 63.491093 65.234291 67.158394 69.281837 71.628761 74.211349 77.050842 80.247330 83.750732 87.585533 91.761719 96.324249 101.387817 107.032196 113.493423 120.847229 129.510422 139.902832 152.461288 168.098022 188.461380 217.769867 267.214081 362.000000
47.538414 48.429462 49.361538 50.330460 51.317032 52.338917 53.406322 54.511566 55.671875 56.893944 58.189709 59.564259 61.032894 62.652004 64.396225 66.321457 68.446175 70.794441 73.378540 76.219597 79.418007 82.923485 86.760483 90.939064 95.504303 100.570862 106.218552 112.683403 120.041573 128.709946 139.108627 151.675369 167.325256 187.717819 217.111206 266.763702 0.000000
46.556862 47.448215 48.380642 49.349888 50.336803 51.359028 52.426830 53.532459 54.693169 55.915668 57.211906 58.586880 60.055946 61.675594 63.420414 65.346344 67.471779 69.820862 72.405838 75.247955 78.447540 81.954224 85.792542 89.972565 94.539200 99.607513 105.257195 111.724434 119.085243 127.756996 138.160660 150.736954 166.413849 186.903198 216.613571 0.000000 0.000000
45.554104 46.445469 47.377949 48.347252 49.334206 50.356483 51.424339 52.530029 53.690773 54.913322 56.209599 57.584644 59.053501 60.673203 62.418091 64.344078 66.469582 68.818748 71.403847 74.246025 77.446045 80.952965 84.791420 88.971634 93.538078 98.606659 104.256485 110.724075 118.085632 126.759041 137.169205 149.768448 165.541504 186.388153 0.000000 0.000000 0.000000
44.540009 45.431126 46.363358 47.332378 48.319099 49.341141 50.408741 51.514221 52.674736 53.896999 55.192902 56.567650 58.036125 59.655334 61.399788 63.325310 65.450294 67.798912 70.383362 73.224861 76.424278 79.930382 83.768051 87.947273 92.512581 97.579987 103.228638 109.695152 117.056389 125.733147 136.163834 148.856476 164.996323 0.000000 0.000000 0.000000 0.000000
43.521812 44.412365 45.344227 46.312851 47.299160 48.320774 49.387951 50.493202 51.653236 52.874992 54.170399 55.544575 57.012314 58.630585 60.374287 62.298973 64.423058 66.770683 69.354034 72.194374 75.392647 78.897728 82.733788 86.911331 91.474640 96.540138 102.186958 108.652405 116.016342 124.712379 135.235016 148.294006 0.000000 0.000000 0.000000 0.000000 0.000000
42.505962 43.396038 44.327541 45.295704 46.281563 47.302696 48.369381 49.474262 50.633766 51.854954 53.149799 54.523327 55.990219 57.607685 59.350544 61.274349 63.397453 65.744011 68.326233 71.165192 74.362198 77.865868 81.700386 85.876137 90.437370 95.501091 101.146912 107.615204 114.998940 123.786324 134.673141 0.000000 0.000000 0.000000 0.000000 0.000000 0.000000
41.495644 42.385273 43.316628 44.284344 45.269833 46.290585 47.356861 48.461506 49.620556 50.841255 52.135609 53.508595 54.974766 56.591377 58.333221 60.256279 62.378563 64.724190 67.305382 70.143402 73.339447 76.841949 80.675369 84.849754 89.409637 94.473213 100.122368 106.611176 114.087212 123.236198 0.000000 0.000000 0.000000 0.000000 0.000000 0.000000 0.000000
40.491562 41.380863 42.312019 43.279381 44.264595 45.285088 46.351070 47.455769 48.614506 49.834911 51.128975 52.501503 53.967094 55.582958 57.324238 59.246792 61.368511 63.713657 66.294182 69.131638 72.327141 75.829071 79.661919 83.835716 88.395889 93.464394 99.135376 105.717163 113.552971 0.000000 0.000000 0.000000 0.000000 0.000000 0.000000 0.000000 0.000000
39.492264 40.381325 41.312424 42.279522 43.264618 44.284962 45.350864 46.455997 47.614624 48.834904 50.128792 51.500935 52.966198 54.581482 56.322449 58.244713 60.366161 62.711304 65.291527 68.128998 71.324409 74.826469 78.659729 82.834724 87.400436 92.491875 98.256752 105.196892 0.000000 0.000000 0.000000 0.000000 0.000000 0.000000 0.000000 0.000000 0.000000
38.496750 39.385723 40.316963 41.283859 42.268974 43.289341 44.355343 45.460960 46.619602 47.839931 49.133854 50.505905 51.971073 53.585949 55.326775 57.249092 59.370609 61.715897 64.296242 67.134102 70.330070 73.833176 77.668579 81.850319 86.439651 91.625702 97.747284 0.000000 0.000000 0.000000 0.000000 0.000000 0.000000 0.000000 0.000000 0.000000 0.000000
37.504433 38.393421 39.324940 40.291809 41.277061 42.297535 43.363918 44.470093 45.628922 46.849442 48.143555 49.515762 50.980862 52.595634 54.336479 56.259029 58.380856 60.726692 63.307468 66.146385 69.343735 72.849426 76.692085 80.897842 85.582146 91.123947 0.000000 0.000000 0.000000 0.000000 0.000000 0.000000 0.000000 0.000000 0.000000 0.000000 0.000000
36.515415 37.404602 38.336472 39.303360 40.288857 41.309540 42.376270 43.483139 44.642254 45.863091 47.157536 48.529900 49.995426 51.610287 53.351372 55.274426 57.396801 59.743465 62.325226 65.165840 68.365868 71.878731 75.745987 80.046570 85.085297 0.000000 0.000000 0.000000 0.000000 0.000000 0.000000 0.000000 0.000000 0.000000 0.000000 0.000000 0.000000
35.530186 36.419724 37.352005 38.319000 39.304817 40.325615 41.392780 42.500385 43.659851 44.881096 46.175976 47.548622 49.014660 50.630054 52.371544 54.295315 56.418491 58.766365 61.349560 64.193260 67.400436 70.937668 74.899696 79.553032 0.000000 0.000000 0.000000 0.000000 0.000000 0.000000 0.000000 0.000000 0.000000 0.000000 0.000000 0.000000 0.000000
34.549664 35.439651 36.372295 37.339478 38.325672 39.346836 40.414520 41.522854 42.682762 43.904446 45.199890 46.572914 48.039528 49.655472 51.397633 53.322189 55.446415 57.795982 60.381966 63.233120 66.464546 70.095741 74.408768 0.000000 0.000000 0.000000 0.000000 0.000000 0.000000 0.000000 0.000000 0.000000 0.000000 0.000000 0.000000 0.000000 0.000000
33.574989 34.465530 35.398434 36.365845 37.352470 38.373970 39.442249 40.551254 41.711639 42.933838 44.230057 45.603554 47.070797 48.687428 50.430431 52.355999 54.481712 56.834187 59.427174 62.302586 65.627373 69.607109 0.000000 0.000000 0.000000 0.000000 0.000000 0.000000 0.000000 0.000000 0.000000 0.000000 0.000000 0.000000 0.000000 0.000000 0.000000
32.607628 33.498772 34.432045 35.399719 36.386803 37.408642 38.477554 39.587196 40.748081 41.970837 43.267666 44.641796 46.109726 47.727196 49.471249 51.398220 53.526539 55.885921 58.502525 61.470512 65.141724 0.000000 0.000000 0.000000 0.000000 0.000000 0.000000 0.000000 0.000000 0.000000 0.000000 0.000000 0.000000 0.000000 0.000000 0.000000 0.000000
31.649380 32.541168 33.474819 34.442627 35.430180 36.452374 37.521908 38.632107 39.793499 41.016819 42.314350 43.689362 45.157986 46.776508 48.521950 50.451351 52.586319 54.968857 57.676682 60.988377 0.000000 0.000000 0.000000 0.000000 0.000000 0.000000 0.000000 0.000000 0.000000 0.000000 0.000000 0.000000 0.000000 0.000000 0.000000 0.000000 0.000000
30.702417 31.594925 32.528954 33.497074 34.485134 35.507648 36.577808 37.688560 38.850395 40.074276 41.372574 42.748367 44.217880 45.837639 47.585430 49.521175 51.678745 54.151218 57.199467 0.000000 0.000000 0.000000 0.000000 0.000000 0.000000 0.000000 0.000000 0.000000 0.000000 0.000000 0.000000 0.000000 0.000000 0.000000 0.000000 0.000000 0.000000
29.769802 30.663082 31.597652 32.566071 33.554646 34.577553 35.648277 36.759613 37.921764 39.146217 40.445320 41.822063 43.292767 44.914627 46.668571 48.626141 50.872292 53.680840 0.000000 0.000000 0.000000 0.000000 0.000000 0.000000 0.000000 0.000000 0.000000 0.000000 0.000000 0.000000 0.000000 0.000000 0.000000 0.000000 0.000000 0.000000 0.000000
28.855124 29.749252 30.684328 31.653002 32.642120 33.665394 34.736698 35.848675 37.011299 38.236359 39.536362 40.914429 42.387188 44.014683 45.789833 47.833866 50.411354 0.000000 0.000000 0.000000 0.000000 0.000000 0.000000 0.000000 0.000000 0.000000 0.000000 0.000000 0.000000 0.000000 0.000000 0.000000 0.000000 0.000000 0.000000 0.000000 0.000000
27.962440 28.857592 29.793255 30.762197 31.751881 32.775509 33.847347 34.960045 36.123116 37.348854 38.649975 40.030342 41.508667 43.156296 45.015839 47.385284 0.000000 0.000000 0.000000 0.000000 0.000000 0.000000 0.000000 0.000000 0.000000 0.000000 0.000000 0.000000 0.000000 0.000000 0.000000 0.000000 0.000000 0.000000 0.000000 0.000000 0.000000
27.096699 27.992920 28.929340 29.898563 30.888865 31.912983 32.985390 34.098930 35.262501 36.489098 37.792076 39.177948 40.675995 42.405251 44.583359 0.000000 0.000000 0.000000 0.000000 0.000000 0.000000 0.000000 0.000000 0.000000 0.000000 0.000000 0.000000 0.000000 0.000000 0.000000 0.000000 0.000000 0.000000 0.000000 0.000000 0.000000 0.000000
26.263186 27.160610 28.097944 29.067463 30.058437 31.083073 32.156021 33.270546 34.434822 35.663082 36.971058 38.375988 39.953510 41.992958 0.000000 0.000000 0.000000 0.000000 0.000000 0.000000 0.000000 0.000000 0.000000 0.000000 0.000000 0.000000 0.000000 0.000000 0.000000 0.000000 0.000000 0.000000 0.000000 0.000000 0.000000 0.000000 0.000000
25.467564 26.366375 27.304787 28.274652 29.266382 30.291586 31.365288 32.481144 33.646797 34.879684 36.205677 37.687538 39.566391 0.000000 0.000000 0.000000 0.000000 0.000000 0.000000 0.000000 0.000000 0.000000 0.000000 0.000000 0.000000 0.000000 0.000000 0.000000 0.000000 0.000000 0.000000 0.000000 0.000000 0.000000 0.000000 0.000000 0.000000
24.715776 25.616192 26.555836 27.526054 28.518599 29.544403 30.619102 31.737015 32.906929 34.156902 35.556519 37.329895 0.000000 0.000000 0.000000 0.000000 0.000000 0.000000 0.000000 0.000000 0.000000 0.000000 0.000000 0.000000 0.000000 0.000000 0.000000 0.000000 0.000000 0.000000 0.000000 0.000000 0.000000 0.000000 0.000000 0.000000 0.000000
24.013754 24.916014 25.857010 26.827757 27.821260 28.847872 29.924223 31.046923 32.232986 33.553303 35.232872 0.000000 0.000000 0.000000 0.000000 0.000000 0.000000 0.000000 0.000000 0.000000 0.000000 0.000000 0.000000 0.000000 0.000000 0.000000 0.000000 0.000000 0.000000 0.000000 0.000000 0.000000 0.000000 0.000000 0.000000 0.000000 0.000000
23.367205 24.271526 25.214001 26.185411 27.180134 28.208132 29.288677 30.427311 31.680414 33.268421 0.000000 0.000000 0.000000 0.000000 0.000000 0.000000 0.000000 0.000000 0.000000 0.000000 0.000000 0.000000 0.000000 0.000000 0.000000 0.000000 0.000000 0.000000 0.000000 0.000000 0.000000 0.000000 0.000000 0.000000 0.000000 0.000000 0.000000
22.781677 23.688354 24.632494 25.604774 26.601332 27.633045 28.728298 29.931055 31.438801 0.000000 0.000000 0.000000 0.000000 0.000000 0.000000 0.000000 0.000000 0.000000 0.000000 0.000000 0.000000 0.000000 0.000000 0.000000 0.000000 0.000000 0.000000 0.000000 0.000000 0.000000 0.000000 0.000000 0.000000 0.000000 0.000000 0.000000 0.000000
22.262051 23.171379 24.117420 25.091135 26.091759 27.136911 28.292368 29.736727 0.000000 0.000000 0.000000 0.000000 0.000000 0.000000 0.000000 0.000000 0.000000 0.000000 0.000000 0.000000 0.000000 0.000000 0.000000 0.000000 0.000000 0.000000 0.000000 0.000000 0.000000 0.000000 0.000000 0.000000 0.000000 0.000000 0.000000 0.000000 0.000000
21.812670 22.725033 23.673592 24.650763 25.664675 26.766066 28.148458 0.000000 0.000000 0.000000 0.000000 0.000000 0.000000 0.000000 0.000000 0.000000 0.000000 0.000000 0.000000 0.000000 0.000000 0.000000 0.000000 0.000000 0.000000 0.000000 0.000000 0.000000 0.000000 0.000000 0.000000 0.000000 0.000000 0.000000 0.000000 0.000000 0.000000
21.437231 22.353302 23.306335 24.295527 25.362684 26.675962 0.000000 0.000000 0.000000 0.000000 0.000000 0.000000 0.000000 0.000000 0.000000 0.000000 0.000000 0.000000 0.000000 0.000000 0.000000 0.000000 0.000000 0.000000 0.000000 0.000000 0.000000 0.000000 0.000000 0.000000 0.000000 0.000000 0.000000 0.000000 0.000000 0.000000 0.000000
21.138941 22.060623 23.026134 24.064505 25.329260 0.000000 0.000000 0.000000 0.000000 0.000000 0.000000 0.000000 0.000000 0.000000 0.000000 0.000000 0.000000 0.000000 0.000000 0.000000 0.000000 0.000000 0.000000 0.000000 0.000000 0.000000 0.000000 0.000000 0.000000 0.000000 0.000000 0.000000 0.000000 0.000000 0.000000 0.000000 0.000000
20.921267 21.855911 22.868404 24.089005 0.000000 0.000000 0.000000 0.000000 0.000000 0.000000 0.000000 0.000000 0.000000 0.000000 0.000000 0.000000 0.000000 0.000000 0.000000 0.000000 0.000000 0.000000 0.000000 0.000000 0.000000 0.000000 0.000000 0.000000 0.000000 0.000000 0.000000 0.000000 0.000000 0.000000 0.000000 0.000000 0.000000
20.791721 21.771389 22.952452 0.000000 0.000000 0.000000 0.000000 0.000000 0.000000 0.000000 0.000000 0.000000 0.000000 0.000000 0.000000 0.000000 0.000000 0.000000 0.000000 0.000000 0.000000 0.000000 0.000000 0.000000 0.000000 0.000000 0.000000 0.000000 0.000000 0.000000 0.000000 0.000000 0.000000 0.000000 0.000000 0.000000 0.000000
20.779213 21.914255 0.000000 0.000000 0.000000 0.000000 0.000000 0.000000 0.000000 0.000000 0.000000 0.000000 0.000000 0.000000 0.000000 0.000000 0.000000 0.000000 0.000000 0.000000 0.000000 0.000000 0.000000 0.000000 0.000000 0.000000 0.000000 0.000000 0.000000 0.000000 0.000000 0.000000 0.000000 0.000000 0.000000 0.000000 0.000000
20.979733 0.000000 0.000000 0.000000 0.000000 0.000000 0.000000 0.000000 0.000000 0.000000 0.000000 0.000000 0.000000 0.000000 0.000000 0.000000 0.000000 0.000000 0.000000 0.000000 0.000000 0.000000 0.000000 0.000000 0.000000 0.000000 0.000000 0.000000 0.000000 0.000000 0.000000 0.000000 0.000000 0.000000 0.000000 0.000000 0.000000
