8.874402 8.874047 8.874098 8.874182 8.874336 8.874714 8.875586 8.875923 8.876488 8.877440 8.878162 8.879278 8.880782 8.882791 8.885561 8.889271 8.894156 8.900525 8.909092 8.920255 8.934703 8.953285 8.977024 9.007131 9.045135 9.092854 9.151953 9.225003 9.314831 9.425176 9.559716 9.723061 9.920569 10.158693 10.444945 10.786728 11.192778 11.678009 12.253219 12.930316 13.721556 14.647290 15.719880 16.957436 18.386366 20.021767 21.905359 24.082521 26.617304 29.592724 33.129879 37.431713 42.876595 50.153603 60.579105 77.015221 106.438087 170.000000
7.991236 7.990882 7.990937 7.991031 7.991199 7.991598 7.992508 7.992884 7.993502 7.994529 7.995346 7.996584 7.998248 8.000463 8.003503 8.007558 8.012882 8.019801 8.029058 8.041072 8.056566 8.076423 8.101697 8.133637 8.173814 8.224085 8.286153 8.362624 8.456370 8.571174 8.710742 8.879719 9.083480 9.328499 9.622312 9.972281 10.387134 10.881660 11.466644 12.153829 12.955338 13.891324 14.974073 16.221569 17.660313 19.305773 21.199808 23.387726 25.933826 28.921318 32.472778 36.795437 42.276371 49.618324 60.145393 76.707771 106.183434 0.000000
7.158175 7.157819 7.157893 7.158010 7.158210 7.158651 7.159631 7.160086 7.160810 7.161991 7.162990 7.164474 7.166459 7.169089 7.172664 7.177404 7.183596 7.191598 7.202211 7.215904 7.233454 7.255805 7.284083 7.319603 7.364016 7.419261 7.487098 7.570216 7.671558 7.795009 7.944319 8.124199 8.340060 8.598427 8.906876 9.272699 9.704612 10.217169 10.821141 11.527975 12.349525 13.305620 14.408379 15.675592 17.133963 18.799643 20.714792 22.924759 25.494270 28.507526 32.090588 36.460270 42.020630 49.497753 60.218857 76.977417 0.000000 0.000000
6.395118 6.394764 6.394863 6.395015 6.395263 6.395770 6.396860 6.397436 6.398327 6.399742 6.401027 6.402889 6.405363 6.408623 6.413013 6.418790 6.426290 6.435925 6.448574 6.464770 6.485372 6.511419 6.544134 6.584921 6.635541 6.698052 6.774295 6.867068 6.979420 7.115357 7.278706 7.474258 7.707465 7.984925 8.314261 8.702657 9.158812 9.696911 10.327720 11.062243 11.911938 12.896204 14.026904 15.321580 16.807205 18.500912 20.445311 22.685825 25.288229 28.338896 31.970697 36.416027 42.101109 49.772636 60.714458 0.000000 0.000000 0.000000
5.696890 5.696547 5.696681 5.696885 5.697201 5.697805 5.699045 5.699796 5.700922 5.702665 5.704359 5.706753 5.709915 5.714054 5.719573 5.726783 5.736083 5.747949 5.763366 5.782953 5.807675 5.838683 5.877322 5.925113 5.983955 6.056047 6.143326 6.248722 6.375410 6.527553 6.709049 6.924796 7.180278 7.482172 7.838152 8.255240 8.742109 9.312433 9.976980 10.746155 11.630893 12.650084 13.815289 15.143682 16.662592 18.390451 20.370420 22.648317 25.291956 28.392303 32.093613 36.648434 42.501995 50.377445 0.000000 0.000000 0.000000 0.000000
5.060338 5.060009 5.060197 5.060474 5.060888 5.061625 5.063066 5.064060 5.065508 5.067699 5.069942 5.073055 5.077144 5.082458 5.089479 5.098584 5.110247 5.125034 5.144047 5.168014 5.198024 5.235370 5.281533 5.338172 5.407343 5.491411 5.592414 5.713431 5.857782 6.029799 6.233452 6.473752 6.756204 7.087559 7.475536 7.926934 8.450372 9.058870 9.763204 10.573044 11.498652 12.558382 13.763403 15.130474 16.687374 18.454126 20.474728 22.796021 25.489880 28.655403 32.452328 37.151669 43.176067 0.000000 0.000000 0.000000 0.000000 0.000000
4.482269 4.481973 4.482233 4.482611 4.483161 4.484079 4.485781 4.487101 4.488983 4.491763 4.494744 4.498806 4.504107 4.510958 4.519920 4.531462 4.546148 4.564641 4.588192 4.617649 4.654246 4.699432 4.754850 4.822305 4.904023 5.002551 5.120034 5.259705 5.425031 5.620528 5.850228 6.119248 6.433090 6.798571 7.223434 7.714178 8.279344 8.931147 9.680360 10.535809 11.506942 12.611569 13.860445 15.269824 16.868095 18.677240 20.742723 23.113779 25.869280 29.120037 33.040531 37.881100 0.000000 0.000000 0.000000 0.000000 0.000000 0.000000
3.959024 3.958782 3.959146 3.959661 3.960393 3.961556 3.963598 3.965355 3.967808 3.971352 3.975295 3.980589 3.987454 3.996268 4.007705 4.022321 4.040794 4.063905 4.093063 4.129257 4.173881 4.228555 4.295096 4.375457 4.472049 4.587608 4.724379 4.885739 5.075320 5.297810 5.557279 5.858943 6.208257 6.612088 7.078165 7.612616 8.223840 8.923136 9.721258 10.626075 11.646124 12.798672 14.094056 15.548038 17.189846 19.043951 21.158695 23.587812 26.420254 29.778299 33.814266 0.000000 0.000000 0.000000 0.000000 0.000000 0.000000 0.000000
3.486764 3.486608 3.487106 3.487807 3.488788 3.490276 3.492753 3.495083 3.498285 3.502815 3.508002 3.514874 3.523730 3.535027 3.549561 3.568003 3.591156 3.619933 3.655913 3.700239 3.754481 3.820440 3.900114 3.995602 4.109502 4.244730 4.403634 4.589716 4.806769 5.059630 5.352382 5.690318 6.078797 6.524695 7.035689 7.617446 8.278168 9.028101 9.878017 10.834719 11.905723 13.107859 14.451079 15.950706 17.637346 19.538876 21.708952 24.207827 27.134560 30.587420 0.000000 0.000000 0.000000 0.000000 0.000000 0.000000 0.000000 0.000000
3.061681 3.061652 3.062335 3.063287 3.064598 3.066516 3.069552 3.072632 3.076801 3.082589 3.089366 3.098238 3.109601 3.124001 3.142375 3.165522 3.194384 3.230023 3.274194 3.328213 3.393824 3.473019 3.567977 3.680938 3.814677 3.972277 4.156176 4.369977 4.617630 4.904080 5.233384 5.610885 6.041775 6.532905 7.091828 7.723676 8.436381 9.239044 10.142461 11.152307 12.275019 13.527099 14.918258 16.463730 18.196459 20.149233 22.383839 24.966322 27.971439 0.000000 0.000000 0.000000 0.000000 0.000000 0.000000 0.000000 0.000000 0.000000
2.680134 2.680293 2.681223 2.682508 2.684256 2.686740 2.690497 2.694547 2.699957 2.707334 2.716128 2.727514 2.741998 2.760238 2.783322 2.812195 2.847948 2.891810 2.945711 3.011147 3.090042 3.184582 3.297117 3.430008 3.586198 3.768916 3.980670 4.225120 4.506377 4.829435 5.198280 5.618257 6.094322 6.633241 7.242373 7.926259 8.692462 9.548882 10.506369 11.569418 12.743382 14.044617 15.483038 17.074440 18.855824 20.866592 23.177212 25.824812 0.000000 0.000000 0.000000 0.000000 0.000000 0.000000 0.000000 0.000000 0.000000 0.000000
2.338708 2.339128 2.340388 2.342113 2.344437 2.347659 2.352345 2.357640 2.364632 2.374008 2.385330 2.399845 2.418188 2.441135 2.469944 2.505719 2.549713 2.603332 2.668672 2.747422 2.841681 2.953818 3.086348 3.241726 3.423038 3.633626 3.876060 4.153992 4.471704 4.834150 5.245193 5.710134 6.233612 6.822237 7.483107 8.220112 9.040354 9.950539 10.961553 12.076771 13.300497 14.649295 16.134211 17.772863 19.608335 21.686464 24.052649 0.000000 0.000000 0.000000 0.000000 0.000000 0.000000 0.000000 0.000000 0.000000 0.000000 0.000000
2.034206 2.034981 2.036679 2.038980 2.042054 2.046233 2.052110 2.058993 2.067986 2.079860 2.094326 2.112705 2.135774 2.164444 2.200148 2.244167 2.297923 2.363010 2.441678 2.535804 2.647657 2.779781 2.934830 3.115322 3.324460 3.565649 3.841508 4.155615 4.512427 4.916750 5.372275 5.884201 6.456750 7.096334 7.809680 8.600027 9.473921 10.436893 11.499923 12.665329 13.936663 15.331293 16.863113 18.553076 20.450686 22.574612 0.000000 0.000000 0.000000 0.000000 0.000000 0.000000 0.000000 0.000000 0.000000 0.000000 0.000000 0.000000
1.763653 1.764901 1.767174 1.770226 1.774269 1.779680 1.787082 1.795970 1.807470 1.822446 1.840792 1.863900 1.892709 1.928273 1.972213 2.025994 2.091211 2.169655 2.263704 2.375426 2.507239 2.661849 2.842022 3.050293 3.289951 3.564407 3.876317 4.229094 4.627389 5.075743 5.577601 6.138006 6.760677 7.451762 8.217540 9.060605 9.986880 11.000800 12.113452 13.326513 14.643247 16.083031 17.664862 19.412830 21.349798 0.000000 0.000000 0.000000 0.000000 0.000000 0.000000 0.000000 0.000000 0.000000 0.000000 0.000000 0.000000 0.000000
1.524284 1.526152 1.529171 1.533196 1.538485 1.545469 1.554810 1.566214 1.580835 1.599637 1.622729 1.651579 1.687298 1.731098 1.784788 1.850026 1.928580 2.022437 2.134082 2.265760 2.420018 2.599694 2.807641 3.046358 3.319175 3.629451 3.979860 4.373544 4.815388 5.309519 5.859078 6.468890 7.142082 7.884503 8.701884 9.596244 10.572827 11.635106 12.794447 14.052634 15.413708 16.900547 18.538162 20.320333 0.000000 0.000000 0.000000 0.000000 0.000000 0.000000 0.000000 0.000000 0.000000 0.000000 0.000000 0.000000 0.000000 0.000000
1.313534 1.316203 1.320192 1.325463 1.332340 1.341316 1.353107 1.367641 1.386116 1.409600 1.438451 1.474215 1.518184 1.571738 1.636869 1.715438 1.809378 1.920865 2.052460 2.206569 2.385839 2.593211 2.831579 3.103354 3.411864 3.760343 4.151460 4.587978 5.075050 5.616257 6.214347 6.873886 7.597330 8.390194 9.257623 10.201100 11.225245 12.332843 13.535912 14.837890 16.244774 17.783436 19.452166 0.000000 0.000000 0.000000 0.000000 0.000000 0.000000 0.000000 0.000000 0.000000 0.000000 0.000000 0.000000 0.000000 0.000000 0.000000
1.129042 1.132736 1.137967 1.144827 1.153710 1.165190 1.180050 1.198447 1.221640 1.250817 1.286594 1.330609 1.384345 1.449351 1.527797 1.621744 1.733277 1.864748 2.018765 2.197867 2.404762 2.642463 2.913853 3.221196 3.567767 3.956604 4.390338 4.871232 5.404763 5.993824 6.640700 7.349645 8.122404 8.964129 9.879346 10.869145 11.937670 13.087647 14.332537 15.679467 17.136438 18.701908 0.000000 0.000000 0.000000 0.000000 0.000000 0.000000 0.000000 0.000000 0.000000 0.000000 0.000000 0.000000 0.000000 0.000000 0.000000 0.000000
0.968633 0.973629 0.980444 0.989313 1.000712 1.015310 1.033978 1.057103 1.086027 1.122065 1.166106 1.219888 1.285086 1.363425 1.457229 1.568762 1.700238 1.854161 2.033158 2.239862 2.477000 2.747617 3.054523 3.399781 3.786548 4.217610 4.695506 5.221869 5.802588 6.439725 7.135038 7.892412 8.712876 9.601229 10.561383 11.594316 12.704164 13.894659 15.181924 16.577774 18.059166 0.000000 0.000000 0.000000 0.000000 0.000000 0.000000 0.000000 0.000000 0.000000 0.000000 0.000000 0.000000 0.000000 0.000000 0.000000 0.000000 0.000000
0.830337 0.836970 0.845788 0.857175 0.871705 0.890158 0.913508 0.942374 0.978199 1.022441 1.076257 1.141500 1.220033 1.313755 1.425128 1.556595 1.710481 1.889406 2.095989 2.332909 2.602861 2.908879 3.253628 3.638915 4.067724 4.542522 5.065695 5.638116 6.266203 6.951055 7.693827 8.498008 9.363943 10.296112 11.298017 12.370983 13.520158 14.751781 16.084908 17.503664 0.000000 0.000000 0.000000 0.000000 0.000000 0.000000 0.000000 0.000000 0.000000 0.000000 0.000000 0.000000 0.000000 0.000000 0.000000 0.000000 0.000000 0.000000
0.712384 0.721070 0.732402 0.746922 0.765315 0.788489 0.817541 0.853316 0.897383 0.951348 1.016633 1.095209 1.189123 1.300440 1.431731 1.585600 1.764449 1.970975 2.207753 2.477455 2.782690 3.126433 3.511117 3.938256 4.410584 4.930222 5.499301 6.117830 6.792883 7.524483 8.313122 9.161871 10.070489 11.043319 12.083876 13.194835 14.383772 15.659922 17.012907 0.000000 0.000000 0.000000 0.000000 0.000000 0.000000 0.000000 0.000000 0.000000 0.000000 0.000000 0.000000 0.000000 0.000000 0.000000 0.000000 0.000000 0.000000 0.000000
0.613223 0.624465 0.638925 0.657311 0.680434 0.709343 0.745274 0.789298 0.843121 0.908509 0.987135 1.081089 1.192590 1.323856 1.477536 1.656359 1.862774 2.099498 2.369035 2.673983 3.016807 3.400369 3.826786 4.297236 4.814138 5.379241 5.994332 6.658433 7.379447 8.156214 8.988537 9.879063 10.827245 11.837668 12.914828 14.064111 15.296044 16.590450 0.000000 0.000000 0.000000 0.000000 0.000000 0.000000 0.000000 0.000000 0.000000 0.000000 0.000000 0.000000 0.000000 0.000000 0.000000 0.000000 0.000000 0.000000 0.000000 0.000000
0.531527 0.545932 0.564255 0.587372 0.616237 0.652053 0.696206 0.749993 0.815267 0.893958 0.987970 1.099507 1.230944 1.384627 1.563254 1.769632 2.006215 2.275689 2.580443 2.922937 3.305424 3.730615 4.200194 4.714987 5.277038 5.887721 6.548366 7.256912 8.022296 8.842076 9.715381 10.644544 11.629238 12.675184 13.789245 14.980013 16.228592 0.000000 0.000000 0.000000 0.000000 0.000000 0.000000 0.000000 0.000000 0.000000 0.000000 0.000000 0.000000 0.000000 0.000000 0.000000 0.000000 0.000000 0.000000 0.000000 0.000000 0.000000
0.466209 0.484506 0.507557 0.536417 0.572196 0.616258 0.670152 0.735396 0.813993 0.908037 1.019644 1.151110 1.304947 1.483601 1.689779 1.926317 2.195627 2.500298 2.842567 3.224677 3.648613 4.116881 4.630622 5.190320 5.797561 6.453382 7.158543 7.909832 8.717413 9.577523 10.488771 11.453513 12.472650 13.554362 14.708426 15.914275 0.000000 0.000000 0.000000 0.000000 0.000000 0.000000 0.000000 0.000000 0.000000 0.000000 0.000000 0.000000 0.000000 0.000000 0.000000 0.000000 0.000000 0.000000 0.000000 0.000000 0.000000 0.000000
0.416438 0.439486 0.468280 0.504053 0.548085 0.601911 0.667239 0.745811 0.839778 0.951385 1.082937 1.236797 1.415583 1.621807 1.858145 2.127398 2.431888 2.774042 3.155891 3.579395 4.046197 4.558571 5.117002 5.721632 6.373555 7.073501 7.821570 8.613322 9.460423 10.357811 11.304066 12.302286 13.356072 14.476583 15.644282 0.000000 0.000000 0.000000 0.000000 0.000000 0.000000 0.000000 0.000000 0.000000 0.000000 0.000000 0.000000 0.000000 0.000000 0.000000 0.000000 0.000000 0.000000 0.000000 0.000000 0.000000 0.000000 0.000000
0.381644 0.410452 0.446160 0.490186 0.543987 0.609272 0.687904 0.781849 0.893390 1.024914 1.178878 1.357682 1.564014 1.800408 2.069466 2.373886 2.715843 3.097541 3.520742 3.987055 4.497724 5.054761 5.657890 6.306926 7.002441 7.744922 8.533737 9.363188 10.246771 11.178419 12.157703 13.189566 14.281015 15.413913 0.000000 0.000000 0.000000 0.000000 0.000000 0.000000 0.000000 0.000000 0.000000 0.000000 0.000000 0.000000 0.000000 0.000000 0.000000 0.000000 0.000000 0.000000 0.000000 0.000000 0.000000 0.000000 0.000000 0.000000
0.361536 0.397270 0.441231 0.495025 0.560290 0.638909 0.732889 0.844411 0.975874 1.129781 1.308714 1.515058 1.751537 2.020653 2.324883 2.666759 3.048241 3.471250 3.937215 4.447329 5.002390 5.604135 6.251415 6.943761 7.681216 8.464073 9.290989 10.155023 11.072086 12.035878 13.048488 14.116963 15.219669 0.000000 0.000000 0.000000 0.000000 0.000000 0.000000 0.000000 0.000000 0.000000 0.000000 0.000000 0.000000 0.000000 0.000000 0.000000 0.000000 0.000000 0.000000 0.000000 0.000000 0.000000 0.000000 0.000000 0.000000 0.000000
0.356102 0.400100 0.453830 0.519087 0.597690 0.691690 0.803219 0.934665 1.088513 1.267357 1.473862 1.710346 1.979522 2.283806 2.625498 3.006884 3.429662 3.895389 4.405108 4.959538 5.559004 6.204952 6.895278 7.629272 8.406454 9.227019 10.089066 10.984630 11.933079 12.929140 13.978124 15.056819 0.000000 0.000000 0.000000 0.000000 0.000000 0.000000 0.000000 0.000000 0.000000 0.000000 0.000000 0.000000 0.000000 0.000000 0.000000 0.000000 0.000000 0.000000 0.000000 0.000000 0.000000 0.000000 0.000000 0.000000 0.000000 0.000000
0.365622 0.419397 0.484591 0.563183 0.657172 0.768760 0.900181 1.054013 1.232796 1.439177 1.675862 1.945038 2.249360 2.591092 2.972302 3.394965 3.860441 4.369874 4.923855 5.522600 6.165943 6.855024 7.586737 8.360173 9.174381 10.029604 10.923890 11.848838 12.828808 13.860123 14.919051 0.000000 0.000000 0.000000 0.000000 0.000000 0.000000 0.000000 0.000000 0.000000 0.000000 0.000000 0.000000 0.000000 0.000000 0.000000 0.000000 0.000000 0.000000 0.000000 0.000000 0.000000 0.000000 0.000000 0.000000 0.000000 0.000000 0.000000
0.390662 0.455908 0.534439 0.628411 0.739992 0.871520 1.025292 1.204060 1.410375 1.646894 1.916317 2.220634 2.562385 2.943617 3.366107 3.831448 4.340605 4.894254 5.492495 6.135004 6.821143 7.551738 8.322626 9.132801 9.981018 10.867834 11.792395 12.746829 13.761345 14.801644 0.000000 0.000000 0.000000 0.000000 0.000000 0.000000 0.000000 0.000000 0.000000 0.000000 0.000000 0.000000 0.000000 0.000000 0.000000 0.000000 0.000000 0.000000 0.000000 0.000000 0.000000 0.000000 0.000000 0.000000 0.000000 0.000000 0.000000 0.000000
0.432075 0.510666 0.604577 0.716137 0.847660 1.001596 1.180264 1.386563 1.623007 1.892219 2.196840 2.538579 2.919814 3.342302 3.807471 4.316473 4.869824 5.467684 6.109628 6.794787 7.522099 8.292035 9.099416 9.943306 10.822538 11.738692 12.693792 13.680790 14.703602 0.000000 0.000000 0.000000 0.000000 0.000000 0.000000 0.000000 0.000000 0.000000 0.000000 0.000000 0.000000 0.000000 0.000000 0.000000 0.000000 0.000000 0.000000 0.000000 0.000000 0.000000 0.000000 0.000000 0.000000 0.000000 0.000000 0.000000 0.000000 0.000000
0.490992 0.584974 0.696470 0.827965 0.981894 1.160793 1.366947 1.603378 1.872504 2.176856 2.518966 2.900182 3.322659 3.787802 4.296626 4.849792 5.447333 6.088850 6.773379 7.499515 8.265836 9.072462 9.913309 10.787915 11.696060 12.641470 13.630177 14.623746 0.000000 0.000000 0.000000 0.000000 0.000000 0.000000 0.000000 0.000000 0.000000 0.000000 0.000000 0.000000 0.000000 0.000000 0.000000 0.000000 0.000000 0.000000 0.000000 0.000000 0.000000 0.000000 0.000000 0.000000 0.000000 0.000000 0.000000 0.000000 0.000000 0.000000
0.568808 0.680388 0.811814 0.965711 1.144598 1.351063 1.587296 1.856408 2.160661 2.502437 2.884103 3.306554 3.771670 4.280443 4.833424 5.430745 6.071928 6.755982 7.481415 8.246313 9.048985 9.889317 10.760632 11.663828 12.600971 13.578483 14.574462 0.000000 0.000000 0.000000 0.000000 0.000000 0.000000 0.000000 0.000000 0.000000 0.000000 0.000000 0.000000 0.000000 0.000000 0.000000 0.000000 0.000000 0.000000 0.000000 0.000000 0.000000 0.000000 0.000000 0.000000 0.000000 0.000000 0.000000 0.000000 0.000000 0.000000 0.000000
0.667159 0.798688 0.952508 1.131358 1.337804 1.574441 1.843297 2.147537 2.489197 2.870449 3.293441 3.758527 4.267259 4.820165 5.417286 6.058203 6.741917 7.466832 8.230946 9.031916 9.867900 10.738995 11.638635 12.570469 13.539525 14.522950 0.000000 0.000000 0.000000 0.000000 0.000000 0.000000 0.000000 0.000000 0.000000 0.000000 0.000000 0.000000 0.000000 0.000000 0.000000 0.000000 0.000000 0.000000 0.000000 0.000000 0.000000 0.000000 0.000000 0.000000 0.000000 0.000000 0.000000 0.000000 0.000000 0.000000 0.000000 0.000000
0.787905 0.941851 1.120612 1.327017 1.563621 1.832989 2.136909 2.478557 2.859676 3.282161 3.747889 4.256586 4.809439 5.406461 6.047159 6.730556 7.455130 8.218687 9.018778 9.852772 10.719009 11.618785 12.546763 13.510122 14.484806 0.000000 0.000000 0.000000 0.000000 0.000000 0.000000 0.000000 0.000000 0.000000 0.000000 0.000000 0.000000 0.000000 0.000000 0.000000 0.000000 0.000000 0.000000 0.000000 0.000000 0.000000 0.000000 0.000000 0.000000 0.000000 0.000000 0.000000 0.000000 0.000000 0.000000 0.000000 0.000000 0.000000
0.933087 1.112005 1.318300 1.554864 1.824184 2.128740 2.470002 2.851111 3.273445 3.738562 4.248011 4.800819 5.397778 6.038357 6.721508 7.445692 8.208932 9.008415 9.841435 10.705444 11.599630 12.528189 13.487363 14.455951 0.000000 0.000000 0.000000 0.000000 0.000000 0.000000 0.000000 0.000000 0.000000 0.000000 0.000000 0.000000 0.000000 0.000000 0.000000 0.000000 0.000000 0.000000 0.000000 0.000000 0.000000 0.000000 0.000000 0.000000 0.000000 0.000000 0.000000 0.000000 0.000000 0.000000 0.000000 0.000000 0.000000 0.000000
1.104893 1.311388 1.547815 1.817095 2.121583 2.463620 2.844275 3.266601 3.731551 4.240273 4.793949 5.390856 6.031356 6.714369 7.438288 8.201052 9.000247 9.832604 10.695526 11.587378 12.509341 13.469583 14.433649 0.000000 0.000000 0.000000 0.000000 0.000000 0.000000 0.000000 0.000000 0.000000 0.000000 0.000000 0.000000 0.000000 0.000000 0.000000 0.000000 0.000000 0.000000 0.000000 0.000000 0.000000 0.000000 0.000000 0.000000 0.000000 0.000000 0.000000 0.000000 0.000000 0.000000 0.000000 0.000000 0.000000 0.000000 0.000000
1.305616 1.542297 1.811404 2.115854 2.457795 2.839380 3.261189 3.726134 4.234676 4.787506 5.385387 6.025828 6.708753 7.432520 8.194986 8.993602 9.825715 10.687910 11.578531 12.498205 13.450698 14.416254 0.000000 0.000000 0.000000 0.000000 0.000000 0.000000 0.000000 0.000000 0.000000 0.000000 0.000000 0.000000 0.000000 0.000000 0.000000 0.000000 0.000000 0.000000 0.000000 0.000000 0.000000 0.000000 0.000000 0.000000 0.000000 0.000000 0.000000 0.000000 0.000000 0.000000 0.000000 0.000000 0.000000 0.000000 0.000000 0.000000
1.537595 1.807024 2.111254 2.453167 2.834625 3.257526 3.721900 4.230439 4.783078 5.379997 6.021509 6.704368 7.428031 8.190331 8.988630 9.820045 10.682041 11.571853 12.490134 13.440465 14.397267 0.000000 0.000000 0.000000 0.000000 0.000000 0.000000 0.000000 0.000000 0.000000 0.000000 0.000000 0.000000 0.000000 0.000000 0.000000 0.000000 0.000000 0.000000 0.000000 0.000000 0.000000 0.000000 0.000000 0.000000 0.000000 0.000000 0.000000 0.000000 0.000000 0.000000 0.000000 0.000000 0.000000 0.000000 0.000000 0.000000 0.000000
1.803170 2.107806 2.449435 2.830875 3.253618 3.719245 4.227177 4.779817 5.376538 6.016986 6.700984 7.424580 8.186769 8.984880 9.815953 10.677112 11.566754 12.484115 13.432864 14.387534 0.000000 0.000000 0.000000 0.000000 0.000000 0.000000 0.000000 0.000000 0.000000 0.000000 0.000000 0.000000 0.000000 0.000000 0.000000 0.000000 0.000000 0.000000 0.000000 0.000000 0.000000 0.000000 0.000000 0.000000 0.000000 0.000000 0.000000 0.000000 0.000000 0.000000 0.000000 0.000000 0.000000 0.000000 0.000000 0.000000 0.000000 0.000000
2.104603 2.446743 2.827815 3.250553 3.715996 4.225333 4.777346 5.374073 6.014321 6.697174 7.421946 8.184053 8.982052 9.812925 10.673704 11.562366 12.479569 13.427271 14.380173 0.000000 0.000000 0.000000 0.000000 0.000000 0.000000 0.000000 0.000000 0.000000 0.000000 0.000000 0.000000 0.000000 0.000000 0.000000 0.000000 0.000000 0.000000 0.000000 0.000000 0.000000 0.000000 0.000000 0.000000 0.000000 0.000000 0.000000 0.000000 0.000000 0.000000 0.000000 0.000000 0.000000 0.000000 0.000000 0.000000 0.000000 0.000000 0.000000
2.444029 2.825744 3.248005 3.713457 4.222591 4.776138 5.372248 6.012502 6.695161 7.418734 8.182019 8.979925 9.810670 10.671241 11.559495 12.475556 13.423070 14.374771 0.000000 0.000000 0.000000 0.000000 0.000000 0.000000 0.000000 0.000000 0.000000 0.000000 0.000000 0.000000 0.000000 0.000000 0.000000 0.000000 0.000000 0.000000 0.000000 0.000000 0.000000 0.000000 0.000000 0.000000 0.000000 0.000000 0.000000 0.000000 0.000000 0.000000 0.000000 0.000000 0.000000 0.000000 0.000000 0.000000 0.000000 0.000000 0.000000 0.000000
2.823382 3.246442 3.711276 4.220441 4.773787 5.371516 6.011177 6.693844 7.417227 8.179305 8.978360 9.809001 10.669430 11.557452 12.473067 13.419290 14.370746 0.000000 0.000000 0.000000 0.000000 0.000000 0.000000 0.000000 0.000000 0.000000 0.000000 0.000000 0.000000 0.000000 0.000000 0.000000 0.000000 0.000000 0.000000 0.000000 0.000000 0.000000 0.000000 0.000000 0.000000 0.000000 0.000000 0.000000 0.000000 0.000000 0.000000 0.000000 0.000000 0.000000 0.000000 0.000000 0.000000 0.000000 0.000000 0.000000 0.000000 0.000000
3.244321 3.710140 4.218504 4.771901 5.369469 6.010798 6.692916 7.416310 8.178207 8.976059 9.807784 10.668099 11.555966 12.471313 13.417031 14.367064 0.000000 0.000000 0.000000 0.000000 0.000000 0.000000 0.000000 0.000000 0.000000 0.000000 0.000000 0.000000 0.000000 0.000000 0.000000 0.000000 0.000000 0.000000 0.000000 0.000000 0.000000 0.000000 0.000000 0.000000 0.000000 0.000000 0.000000 0.000000 0.000000 0.000000 0.000000 0.000000 0.000000 0.000000 0.000000 0.000000 0.000000 0.000000 0.000000 0.000000 0.000000 0.000000
3.708163 4.217722 4.770100 5.367742 6.008990 6.692768 7.415675 8.177581 8.975271 9.805830 10.667138 11.554876 12.470052 13.415462 14.364930 0.000000 0.000000 0.000000 0.000000 0.000000 0.000000 0.000000 0.000000 0.000000 0.000000 0.000000 0.000000 0.000000 0.000000 0.000000 0.000000 0.000000 0.000000 0.000000 0.000000 0.000000 0.000000 0.000000 0.000000 0.000000 0.000000 0.000000 0.000000 0.000000 0.000000 0.000000 0.000000 0.000000 0.000000 0.000000 0.000000 0.000000 0.000000 0.000000 0.000000 0.000000 0.000000 0.000000
4.215822 4.769627 5.365975 6.007326 6.691164 7.415675 8.177159 8.974852 9.805271 10.665472 11.554088 12.469112 13.414330 14.363441 0.000000 0.000000 0.000000 0.000000 0.000000 0.000000 0.000000 0.000000 0.000000 0.000000 0.000000 0.000000 0.000000 0.000000 0.000000 0.000000 0.000000 0.000000 0.000000 0.000000 0.000000 0.000000 0.000000 0.000000 0.000000 0.000000 0.000000 0.000000 0.000000 0.000000 0.000000 0.000000 0.000000 0.000000 0.000000 0.000000 0.000000 0.000000 0.000000 0.000000 0.000000 0.000000 0.000000 0.000000
4.767748 5.365776 6.005507 6.689476 7.414248 8.177230 8.974575 9.804990 10.665064 11.552638 12.468448 13.413489 14.362370 0.000000 0.000000 0.000000 0.000000 0.000000 0.000000 0.000000 0.000000 0.000000 0.000000 0.000000 0.000000 0.000000 0.000000 0.000000 0.000000 0.000000 0.000000 0.000000 0.000000 0.000000 0.000000 0.000000 0.000000 0.000000 0.000000 0.000000 0.000000 0.000000 0.000000 0.000000 0.000000 0.000000 0.000000 0.000000 0.000000 0.000000 0.000000 0.000000 0.000000 0.000000 0.000000 0.000000 0.000000 0.000000
5.363887 6.005557 6.687524 7.412455 8.175973 8.974673 9.804806 10.664871 11.552337 12.467157 13.412886 14.361575 0.000000 0.000000 0.000000 0.000000 0.000000 0.000000 0.000000 0.000000 0.000000 0.000000 0.000000 0.000000 0.000000 0.000000 0.000000 0.000000 0.000000 0.000000 0.000000 0.000000 0.000000 0.000000 0.000000 0.000000 0.000000 0.000000 0.000000 0.000000 0.000000 0.000000 0.000000 0.000000 0.000000 0.000000 0.000000 0.000000 0.000000 0.000000 0.000000 0.000000 0.000000 0.000000 0.000000 0.000000 0.000000 0.000000
6.003652 6.687803 7.410312 8.173997 8.973581 9.804905 10.664744 11.552197 12.466915 13.411696 14.361003 0.000000 0.000000 0.000000 0.000000 0.000000 0.000000 0.000000 0.000000 0.000000 0.000000 0.000000 0.000000 0.000000 0.000000 0.000000 0.000000 0.000000 0.000000 0.000000 0.000000 0.000000 0.000000 0.000000 0.000000 0.000000 0.000000 0.000000 0.000000 0.000000 0.000000 0.000000 0.000000 0.000000 0.000000 0.000000 0.000000 0.000000 0.000000 0.000000 0.000000 0.000000 0.000000 0.000000 0.000000 0.000000 0.000000 0.000000
6.685909 7.410804 8.171627 8.971334 9.803966 10.664829 11.552102 12.466804 13.411501 14.359848 0.000000 0.000000 0.000000 0.000000 0.000000 0.000000 0.000000 0.000000 0.000000 0.000000 0.000000 0.000000 0.000000 0.000000 0.000000 0.000000 0.000000 0.000000 0.000000 0.000000 0.000000 0.000000 0.000000 0.000000 0.000000 0.000000 0.000000 0.000000 0.000000 0.000000 0.000000 0.000000 0.000000 0.000000 0.000000 0.000000 0.000000 0.000000 0.000000 0.000000 0.000000 0.000000 0.000000 0.000000 0.000000 0.000000 0.000000 0.000000
7.408947 8.172315 8.968748 9.801357 10.664025 11.552169 12.466725 13.411393 14.359674 0.000000 0.000000 0.000000 0.000000 0.000000 0.000000 0.000000 0.000000 0.000000 0.000000 0.000000 0.000000 0.000000 0.000000 0.000000 0.000000 0.000000 0.000000 0.000000 0.000000 0.000000 0.000000 0.000000 0.000000 0.000000 0.000000 0.000000 0.000000 0.000000 0.000000 0.000000 0.000000 0.000000 0.000000 0.000000 0.000000 0.000000 0.000000 0.000000 0.000000 0.000000 0.000000 0.000000 0.000000 0.000000 0.000000 0.000000 0.000000 0.000000
8.170575 8.969611 9.798615 10.660933 11.551481 12.466780 13.411324 14.359575 0.000000 0.000000 0.000000 0.000000 0.000000 0.000000 0.000000 0.000000 0.000000 0.000000 0.000000 0.000000 0.000000 0.000000 0.000000 0.000000 0.000000 0.000000 0.000000 0.000000 0.000000 0.000000 0.000000 0.000000 0.000000 0.000000 0.000000 0.000000 0.000000 0.000000 0.000000 0.000000 0.000000 0.000000 0.000000 0.000000 0.000000 0.000000 0.000000 0.000000 0.000000 0.000000 0.000000 0.000000 0.000000 0.000000 0.000000 0.000000 0.000000 0.000000
8.968063 9.799629 10.658146 11.547767 12.466178 13.411365 14.359512 0.000000 0.000000 0.000000 0.000000 0.000000 0.000000 0.000000 0.000000 0.000000 0.000000 0.000000 0.000000 0.000000 0.000000 0.000000 0.000000 0.000000 0.000000 0.000000 0.000000 0.000000 0.000000 0.000000 0.000000 0.000000 0.000000 0.000000 0.000000 0.000000 0.000000 0.000000 0.000000 0.000000 0.000000 0.000000 0.000000 0.000000 0.000000 0.000000 0.000000 0.000000 0.000000 0.000000 0.000000 0.000000 0.000000 0.000000 0.000000 0.000000 0.000000 0.000000
9.798316 10.659307 11.545046 12.461741 13.410818 14.359548 0.000000 0.000000 0.000000 0.000000 0.000000 0.000000 0.000000 0.000000 0.000000 0.000000 0.000000 0.000000 0.000000 0.000000 0.000000 0.000000 0.000000 0.000000 0.000000 0.000000 0.000000 0.000000 0.000000 0.000000 0.000000 0.000000 0.000000 0.000000 0.000000 0.000000 0.000000 0.000000 0.000000 0.000000 0.000000 0.000000 0.000000 0.000000 0.000000 0.000000 0.000000 0.000000 0.000000 0.000000 0.000000 0.000000 0.000000 0.000000 0.000000 0.000000 0.000000 0.000000
10.658169 11.546407 12.459134 13.405704 14.359027 0.000000 0.000000 0.000000 0.000000 0.000000 0.000000 0.000000 0.000000 0.000000 0.000000 0.000000 0.000000 0.000000 0.000000 0.000000 0.000000 0.000000 0.000000 0.000000 0.000000 0.000000 0.000000 0.000000 0.000000 0.000000 0.000000 0.000000 0.000000 0.000000 0.000000 0.000000 0.000000 0.000000 0.000000 0.000000 0.000000 0.000000 0.000000 0.000000 0.000000 0.000000 0.000000 0.000000 0.000000 0.000000 0.000000 0.000000 0.000000 0.000000 0.000000 0.000000 0.000000 0.000000
11.545276 12.460814 13.403164 14.353502 0.000000 0.000000 0.000000 0.000000 0.000000 0.000000 0.000000 0.000000 0.000000 0.000000 0.000000 0.000000 0.000000 0.000000 0.000000 0.000000 0.000000 0.000000 0.000000 0.000000 0.000000 0.000000 0.000000 0.000000 0.000000 0.000000 0.000000 0.000000 0.000000 0.000000 0.000000 0.000000 0.000000 0.000000 0.000000 0.000000 0.000000 0.000000 0.000000 0.000000 0.000000 0.000000 0.000000 0.000000 0.000000 0.000000 0.000000 0.000000 0.000000 0.000000 0.000000 0.000000 0.000000 0.000000
12.459540 13.405273 14.351007 0.000000 0.000000 0.000000 0.000000 0.000000 0.000000 0.000000 0.000000 0.000000 0.000000 0.000000 0.000000 0.000000 0.000000 0.000000 0.000000 0.000000 0.000000 0.000000 0.000000 0.000000 0.000000 0.000000 0.000000 0.000000 0.000000 0.000000 0.000000 0.000000 0.000000 0.000000 0.000000 0.000000 0.000000 0.000000 0.000000 0.000000 0.000000 0.000000 0.000000 0.000000 0.000000 0.000000 0.000000 0.000000 0.000000 0.000000 0.000000 0.000000 0.000000 0.000000 0.000000 0.000000 0.000000 0.000000
13.403794 14.353395 0.000000 0.000000 0.000000 0.000000 0.000000 0.000000 0.000000 0.000000 0.000000 0.000000 0.000000 0.000000 0.000000 0.000000 0.000000 0.000000 0.000000 0.000000 0.000000 0.000000 0.000000 0.000000 0.000000 0.000000 0.000000 0.000000 0.000000 0.000000 0.000000 0.000000 0.000000 0.000000 0.000000 0.000000 0.000000 0.000000 0.000000 0.000000 0.000000 0.000000 0.000000 0.000000 0.000000 0.000000 0.000000 0.000000 0.000000 0.000000 0.000000 0.000000 0.000000 0.000000 0.000000 0.000000 0.000000 0.000000
14.351777 0.000000 0.000000 0.000000 0.000000 0.000000 0.000000 0.000000 0.000000 0.000000 0.000000 0.000000 0.000000 0.000000 0.000000 0.000000 0.000000 0.000000 0.000000 0.000000 0.000000 0.000000 0.000000 0.000000 0.000000 0.000000 0.000000 0.000000 0.000000 0.000000 0.000000 0.000000 0.000000 0.000000 0.000000 0.000000 0.000000 0.000000 0.000000 0.000000 0.000000 0.000000 0.000000 0.000000 0.000000 0.000000 0.000000 0.000000 0.000000 0.000000 0.000000 0.000000 0.000000 0.000000 0.000000 0.000000 0.000000 0.000000
