16.175274 16.781689 17.459185 18.207912 19.031736 19.933218 20.906744 21.956556 23.087362 24.293427 25.569128 26.917658 28.332375 29.814789 31.354422 32.951412 34.604141 36.297081 38.034130 39.804962 41.608475 43.453442 45.332695 47.248562 49.208435 51.209183 53.244915 55.329353 57.469822 59.677422 61.965019 64.327415 66.782791 69.337929 72.040672 74.911690 77.943222 81.149536 84.469994 87.941582 91.558403 95.318306 99.236023 103.376816 107.735413 112.353073 117.378181 122.980186 129.408508 137.077820 146.399673 158.286926 174.201553 198.212601 240.569778 326.000000
15.308088 15.919491 16.602106 17.355995 18.184975 19.091549 20.070038 21.124594 22.259893 23.470161 24.749647 26.101599 27.519321 29.004223 30.545918 32.144497 33.798355 35.491966 37.229321 39.000015 40.803017 42.647186 44.525333 46.439869 48.398315 50.397339 52.431133 54.513485 56.651634 58.856789 61.141750 63.501305 65.953674 68.505417 71.204506 74.071732 77.099121 80.301109 83.616936 87.083710 90.695564 94.450409 98.363052 102.498680 106.852432 111.464981 116.484962 122.081581 128.503799 136.166306 145.479691 157.356125 173.252579 197.228912 239.501175 0.000000
14.586069 15.215259 15.916265 16.688875 17.536745 18.462215 19.459349 20.532112 21.685053 22.912209 24.207485 25.574297 27.005695 28.502949 30.055717 31.664068 33.326450 35.027348 36.770878 38.546532 40.353401 42.200600 44.080997 45.997189 47.957214 49.957062 51.991013 54.073128 56.210724 58.414902 60.698521 63.056419 65.506676 68.055763 70.751633 73.615730 76.639359 79.837692 83.149155 86.611511 90.219093 93.969856 97.878616 102.011299 106.363380 110.974777 115.994644 121.591904 128.014969 135.679855 144.995255 156.872742 172.759140 196.687653 0.000000 0.000000
14.116500 14.777888 15.512154 16.318615 17.200598 18.160181 19.190983 20.296629 21.481472 22.739227 24.063210 25.457067 26.913517 28.433523 30.006899 31.633627 33.312302 35.027348 36.783184 38.569080 40.384403 42.238670 44.124809 46.045822 48.010624 50.013939 52.050274 54.134205 56.272968 58.477814 60.761459 63.118862 65.567986 68.115005 70.808052 73.669662 76.689911 79.885284 83.192772 86.651375 90.255569 94.003670 97.910469 102.043121 106.398300 111.013725 116.040047 121.645660 128.077576 135.754654 145.081802 156.970154 172.841537 0.000000 0.000000 0.000000
13.868773 14.573651 15.352687 16.204576 17.132181 18.137228 19.212774 20.361931 21.588945 22.887072 24.248793 25.678171 27.167446 28.717300 30.317678 31.968513 33.668606 35.402290 37.174530 38.974117 40.800880 42.664837 44.559032 46.487026 48.458702 50.467350 52.507648 54.594749 56.735962 58.942448 61.227020 63.584679 66.033165 68.578339 71.268555 74.127960 77.145187 80.338097 83.642075 87.097755 90.699852 94.447021 98.354080 102.490364 106.853767 111.478889 116.518135 122.138786 128.586014 136.281265 145.624802 157.517212 0.000000 0.000000 0.000000 0.000000
13.785477 14.540789 15.371488 16.275541 17.255283 18.312033 19.438169 20.636263 21.910538 23.253735 24.657389 26.126055 27.651432 29.234158 30.864073 32.541203 34.264637 36.018616 37.808727 39.623264 41.462620 43.337257 45.240398 47.176151 49.155704 51.170513 53.215435 55.306347 57.450420 59.658886 61.944698 64.302666 66.750572 69.293770 71.981018 74.838203 77.852409 81.043442 84.344688 87.798363 91.399864 95.148155 99.058556 103.202538 107.579384 112.219757 117.277252 122.917603 129.383011 137.096909 146.446198 0.000000 0.000000 0.000000 0.000000 0.000000
13.820108 14.629368 15.514983 16.474154 17.508619 18.619291 19.797874 21.046261 22.368954 23.758020 25.204121 26.712275 28.273672 29.889196 31.548319 33.251331 34.997726 36.771595 38.579273 40.408421 42.260181 44.145267 46.057201 48.000683 49.988045 52.009098 54.058628 56.153267 58.300129 60.510403 62.797279 65.155228 67.602142 70.143013 72.827103 75.681931 78.693459 81.883080 85.182526 88.635612 92.238495 95.990715 99.907478 104.063782 108.459488 113.119530 118.198898 123.860825 130.343521 138.063766 0.000000 0.000000 0.000000 0.000000 0.000000 0.000000
13.944962 14.809484 15.750952 16.765789 17.855124 19.019476 20.249826 21.547436 22.917240 24.350700 25.837524 27.383270 28.978617 30.625128 32.311539 34.038570 35.806282 37.598473 39.422451 41.265057 43.128319 45.023003 46.943054 48.893635 50.888206 52.915108 54.968868 57.066769 59.215908 61.427483 63.714962 66.072372 68.517807 71.055885 73.736732 76.589134 79.598351 82.787544 86.086403 89.540825 93.147728 96.907059 100.834221 105.007607 109.426521 114.109390 119.212090 124.894127 131.381424 0.000000 0.000000 0.000000 0.000000 0.000000 0.000000 0.000000
14.145832 15.065613 16.062471 17.132114 18.275045 19.491398 20.771460 22.115868 23.530228 25.005325 26.530069 28.110489 29.736805 31.411610 33.122627 34.871216 36.658070 38.466591 40.305214 42.159809 44.033367 45.936630 47.863861 49.820763 51.821625 53.853687 55.911018 58.011513 60.162212 62.374279 64.661972 67.018227 69.461739 71.996635 74.674538 77.524734 80.532478 83.722481 87.022552 90.480881 94.094948 97.865341 101.806816 106.001205 110.446709 115.153648 120.277687 125.966866 0.000000 0.000000 0.000000 0.000000 0.000000 0.000000 0.000000 0.000000
14.415593 15.389768 16.440702 17.563450 18.757833 20.023718 21.350685 22.738832 24.194527 25.707958 27.267332 28.879101 30.533016 32.233109 33.965908 35.733421 37.537128 39.359940 41.211552 43.076637 44.959274 46.869957 48.803448 50.765739 52.771847 54.808327 56.868446 58.970726 61.122158 63.334034 65.621475 67.975960 70.417328 72.948845 75.624298 78.472900 81.480423 84.673271 87.977028 91.442383 95.067497 98.852959 102.812469 107.030739 111.503601 116.232880 121.365311 0.000000 0.000000 0.000000 0.000000 0.000000 0.000000 0.000000 0.000000 0.000000
14.750124 15.777238 16.880329 18.053892 19.297094 20.609570 21.980198 23.408785 24.902304 26.450535 28.041128 29.680845 31.359020 33.081333 34.833115 36.617023 38.435440 40.270588 42.133621 44.007793 45.898384 47.815487 49.754265 51.721024 53.731297 55.771332 57.833401 59.936626 62.087994 64.298927 66.585800 68.938271 71.377304 73.905594 76.579529 79.427544 82.436630 85.635109 88.945572 92.421730 96.061943 99.866241 103.846550 108.089386 112.587608 117.326012 0.000000 0.000000 0.000000 0.000000 0.000000 0.000000 0.000000 0.000000 0.000000 0.000000
15.146292 16.224424 17.377306 18.599007 19.888027 21.243895 22.654741 24.120386 25.648163 27.227623 28.846050 30.510429 32.209785 33.951294 35.719505 37.517490 39.348534 41.194359 43.067444 44.949459 46.846931 48.769424 50.712570 52.682919 54.696400 56.739109 58.802235 60.905579 63.056187 65.265671 67.551651 69.902000 72.339096 74.864464 77.537979 80.387047 83.400208 86.607628 89.928711 93.419601 97.078674 100.904579 104.906494 109.171776 113.682037 0.000000 0.000000 0.000000 0.000000 0.000000 0.000000 0.000000 0.000000 0.000000 0.000000 0.000000
15.601157 16.727957 17.927919 19.194782 20.526384 21.922281 23.369801 24.869225 26.427702 28.034908 29.677938 31.363907 33.081707 34.839573 36.621872 38.431885 40.273678 42.128620 44.010582 45.899353 47.802650 49.729614 51.676262 53.649307 55.665192 57.709644 59.773003 61.875801 64.025055 66.232750 68.517578 70.866219 73.302002 75.825356 78.499825 81.352150 84.372459 87.593063 90.928513 94.437935 98.118576 101.967094 105.988976 110.263489 0.000000 0.000000 0.000000 0.000000 0.000000 0.000000 0.000000 0.000000 0.000000 0.000000 0.000000 0.000000
16.111559 17.284399 18.528454 19.837297 21.208111 22.640579 24.121210 25.651178 27.236917 28.868536 30.533173 32.237915 33.971882 35.743458 37.537838 39.358116 41.208790 43.071583 44.961327 46.855793 48.763962 50.694500 52.643742 54.618561 56.636303 58.681679 60.744579 62.846184 64.993828 67.199692 69.483269 71.830780 74.266380 76.789177 79.466377 82.324928 85.355980 88.593903 91.947479 95.478035 99.181145 103.050667 107.079796 0.000000 0.000000 0.000000 0.000000 0.000000 0.000000 0.000000 0.000000 0.000000 0.000000 0.000000 0.000000 0.000000
16.674105 17.890102 19.175076 20.522558 21.929121 23.394749 24.905003 26.462360 28.072084 29.725004 31.408442 33.129440 34.877697 36.660725 38.465435 40.294415 42.152206 44.021671 45.918240 47.817463 49.729393 51.662624 53.613564 55.589279 57.608631 59.654175 61.716049 63.816219 65.962166 68.166451 70.448860 72.796341 75.233337 77.757912 80.440117 83.308411 86.353920 89.612930 92.987137 96.539841 100.263802 104.141708 0.000000 0.000000 0.000000 0.000000 0.000000 0.000000 0.000000 0.000000 0.000000 0.000000 0.000000 0.000000 0.000000 0.000000
17.285259 18.541348 19.863947 21.246679 22.685530 24.180937 25.717428 27.299065 28.929733 30.601055 32.300728 34.035759 35.796749 37.589394 39.402931 41.239258 43.102608 44.977688 46.880104 48.783104 50.697758 52.632748 54.584492 56.560326 58.581161 60.626289 62.686844 64.785522 66.930099 69.133408 71.415176 73.764145 76.204651 78.734207 81.424316 84.306114 87.369492 90.652000 94.047760 97.620956 101.353165 0.000000 0.000000 0.000000 0.000000 0.000000 0.000000 0.000000 0.000000 0.000000 0.000000 0.000000 0.000000 0.000000 0.000000 0.000000
17.941381 19.234377 20.591246 22.005852 23.473610 24.995510 26.555048 28.157995 29.806780 31.493887 33.207516 34.954567 36.727013 38.527782 40.348827 42.191296 44.058880 45.938545 47.845913 49.751789 51.667953 53.603851 55.555614 57.530815 59.553173 61.597553 63.656704 65.754181 67.898003 70.101410 72.383736 74.736351 77.183189 79.721535 82.422882 85.321342 88.405098 91.711555 95.127274 98.708237 0.000000 0.000000 0.000000 0.000000 0.000000 0.000000 0.000000 0.000000 0.000000 0.000000 0.000000 0.000000 0.000000 0.000000 0.000000 0.000000
18.638802 19.965469 21.353315 22.796515 24.289898 25.835157 27.414764 29.036205 30.700571 32.401146 34.126640 35.884029 37.666676 39.474422 41.301811 43.149395 45.020153 46.903473 48.814838 50.722641 52.639286 54.575264 56.526340 58.500385 60.524166 62.567772 64.625824 66.722687 68.866837 71.071793 73.356850 75.715752 78.172127 80.723518 83.439247 86.356720 89.461380 92.789627 96.212669 0.000000 0.000000 0.000000 0.000000 0.000000 0.000000 0.000000 0.000000 0.000000 0.000000 0.000000 0.000000 0.000000 0.000000 0.000000 0.000000 0.000000
19.373898 20.731050 22.146675 23.615297 25.131233 26.696827 28.293802 29.931150 31.608837 33.320831 35.056385 36.822632 38.614311 40.428051 42.260746 44.112492 45.985661 47.871708 49.786102 51.694988 53.611038 55.546448 57.496353 59.468933 61.494114 63.537258 65.594826 67.692169 69.837997 72.046623 74.337395 76.705780 79.175209 81.743324 84.475647 87.412766 90.536644 93.873428 0.000000 0.000000 0.000000 0.000000 0.000000 0.000000 0.000000 0.000000 0.000000 0.000000 0.000000 0.000000 0.000000 0.000000 0.000000 0.000000 0.000000 0.000000
20.143085 21.527622 22.967962 24.459059 25.994680 27.577751 29.189653 30.840605 32.529671 34.251347 35.995327 37.769142 39.568756 41.387577 43.224628 45.079651 46.954674 48.842525 50.759064 52.668171 54.582924 56.517277 58.465721 60.436729 62.463356 64.506767 66.564850 68.664047 70.813698 73.028633 75.328514 77.709717 80.195412 82.782867 85.532646 88.487495 91.617882 0.000000 0.000000 0.000000 0.000000 0.000000 0.000000 0.000000 0.000000 0.000000 0.000000 0.000000 0.000000 0.000000 0.000000 0.000000 0.000000 0.000000 0.000000 0.000000
20.942812 22.351732 23.813948 25.324791 26.877472 28.475323 30.100054 31.762562 33.461296 35.191174 36.942127 38.722382 40.528847 42.351917 44.192394 46.049847 47.926247 49.815029 51.732849 53.641552 55.554604 57.487610 59.434624 61.404392 63.432526 65.477310 67.537315 69.640373 71.796410 74.020790 76.333290 78.730522 81.234673 83.842178 86.608040 89.568130 0.000000 0.000000 0.000000 0.000000 0.000000 0.000000 0.000000 0.000000 0.000000 0.000000 0.000000 0.000000 0.000000 0.000000 0.000000 0.000000 0.000000 0.000000 0.000000 0.000000
21.769585 23.200056 24.681509 26.209608 27.776989 29.387232 31.022903 32.695179 34.402138 36.138966 37.895565 39.681206 41.493538 43.319996 45.163021 47.022038 48.899399 50.788342 52.706665 54.614506 56.525883 58.457638 60.403553 62.372536 64.402519 66.450180 68.514145 70.623627 72.789078 75.026123 77.354378 79.769867 82.293297 84.918991 87.688805 0.000000 0.000000 0.000000 0.000000 0.000000 0.000000 0.000000 0.000000 0.000000 0.000000 0.000000 0.000000 0.000000 0.000000 0.000000 0.000000 0.000000 0.000000 0.000000 0.000000 0.000000
22.620016 24.069380 25.567631 27.110758 28.690742 30.311281 31.956318 33.636776 35.350670 37.093384 38.854439 40.644520 42.461704 44.290695 46.135361 47.995152 49.873051 51.761436 53.679695 55.586445 57.496716 59.427460 61.372925 63.342064 65.374443 67.427223 69.497589 71.616493 73.794579 76.047379 78.393478 80.828033 83.369209 86.000481 0.000000 0.000000 0.000000 0.000000 0.000000 0.000000 0.000000 0.000000 0.000000 0.000000 0.000000 0.000000 0.000000 0.000000 0.000000 0.000000 0.000000 0.000000 0.000000 0.000000 0.000000 0.000000
23.490934 24.956734 26.469519 28.025703 29.616447 31.245592 32.898621 34.585804 36.305531 38.053226 39.817684 41.611259 43.432293 45.262943 47.108433 48.968243 50.846222 52.733517 54.651432 56.557041 58.467052 60.397465 62.343426 64.313988 66.350029 68.410515 70.490242 72.621803 74.815559 77.086319 79.451027 81.903046 84.449684 0.000000 0.000000 0.000000 0.000000 0.000000 0.000000 0.000000 0.000000 0.000000 0.000000 0.000000 0.000000 0.000000 0.000000 0.000000 0.000000 0.000000 0.000000 0.000000 0.000000 0.000000 0.000000 0.000000
24.379520 25.859509 27.384710 28.952227 30.552126 32.188534 33.848377 35.541000 37.265556 39.017422 40.784466 42.580616 44.404507 46.235977 48.081532 49.940716 51.818199 53.704155 55.621609 57.526478 59.437233 61.368286 63.316143 65.289909 67.331467 69.402878 71.495155 73.642281 75.853905 78.143257 80.525108 82.982376 0.000000 0.000000 0.000000 0.000000 0.000000 0.000000 0.000000 0.000000 0.000000 0.000000 0.000000 0.000000 0.000000 0.000000 0.000000 0.000000 0.000000 0.000000 0.000000 0.000000 0.000000 0.000000 0.000000 0.000000
25.283335 26.775478 28.311127 29.888487 31.496153 33.138760 34.804348 36.501263 38.229698 39.985027 41.754021 43.551830 45.377609 47.209152 49.054108 50.912212 52.788681 54.673286 56.590553 58.495247 60.407898 62.340931 64.292442 66.271660 68.321587 70.407242 72.514938 74.679855 76.910004 79.216614 81.603310 0.000000 0.000000 0.000000 0.000000 0.000000 0.000000 0.000000 0.000000 0.000000 0.000000 0.000000 0.000000 0.000000 0.000000 0.000000 0.000000 0.000000 0.000000 0.000000 0.000000 0.000000 0.000000 0.000000 0.000000 0.000000
26.200293 27.702770 29.247021 30.832933 32.447178 34.095146 35.765572 37.465767 39.197197 40.955303 42.725742 44.524357 46.351059 48.182060 50.025970 51.882744 53.757809 55.641285 57.559090 59.464493 61.380333 63.317135 65.274658 67.261940 69.323441 71.426468 73.551758 75.735092 77.982414 80.293892 0.000000 0.000000 0.000000 0.000000 0.000000 0.000000 0.000000 0.000000 0.000000 0.000000 0.000000 0.000000 0.000000 0.000000 0.000000 0.000000 0.000000 0.000000 0.000000 0.000000 0.000000 0.000000 0.000000 0.000000 0.000000 0.000000
27.128628 28.639826 30.191010 31.784395 33.404156 35.056770 36.731148 38.433823 40.167370 41.927525 43.698994 45.497643 47.324429 49.154457 50.997108 52.852543 54.726009 56.608990 58.528328 60.435810 62.356380 64.299294 66.265518 68.263763 70.340019 72.462555 74.606163 76.806496 79.058739 0.000000 0.000000 0.000000 0.000000 0.000000 0.000000 0.000000 0.000000 0.000000 0.000000 0.000000 0.000000 0.000000 0.000000 0.000000 0.000000 0.000000 0.000000 0.000000 0.000000 0.000000 0.000000 0.000000 0.000000 0.000000 0.000000 0.000000
28.066807 29.585266 31.141996 32.741871 34.366199 36.022804 37.700333 39.404839 41.139713 42.901024 44.673153 46.471203 48.297352 50.126160 51.967598 53.822044 55.694134 57.577530 59.499939 61.411255 63.338596 65.290321 67.268158 69.280098 71.373322 73.516136 75.676582 77.881729 0.000000 0.000000 0.000000 0.000000 0.000000 0.000000 0.000000 0.000000 0.000000 0.000000 0.000000 0.000000 0.000000 0.000000 0.000000 0.000000 0.000000 0.000000 0.000000 0.000000 0.000000 0.000000 0.000000 0.000000 0.000000 0.000000 0.000000 0.000000
29.013445 30.537882 32.099003 33.704498 35.332535 36.992512 38.672375 40.378258 42.113651 43.875217 45.647530 47.444538 49.269554 51.097221 52.937794 54.791821 56.663307 58.548393 60.475929 62.393345 64.329948 66.293488 68.285652 70.313194 72.424225 74.585632 76.750832 0.000000 0.000000 0.000000 0.000000 0.000000 0.000000 0.000000 0.000000 0.000000 0.000000 0.000000 0.000000 0.000000 0.000000 0.000000 0.000000 0.000000 0.000000 0.000000 0.000000 0.000000 0.000000 0.000000 0.000000 0.000000 0.000000 0.000000 0.000000 0.000000
29.967340 31.496639 33.061234 34.671516 36.302418 37.965126 39.646496 41.353352 43.088600 44.849438 46.621521 48.417217 50.240948 52.067764 53.908066 55.762638 57.634827 59.523399 61.458504 63.384804 65.333405 67.311462 69.320023 71.363831 73.491219 75.658897 0.000000 0.000000 0.000000 0.000000 0.000000 0.000000 0.000000 0.000000 0.000000 0.000000 0.000000 0.000000 0.000000 0.000000 0.000000 0.000000 0.000000 0.000000 0.000000 0.000000 0.000000 0.000000 0.000000 0.000000 0.000000 0.000000 0.000000 0.000000 0.000000 0.000000
30.927382 32.460579 34.027866 35.642120 37.275089 38.939800 40.621872 42.329330 44.063843 45.823154 47.594624 49.389057 51.211716 53.038303 54.879250 56.735641 58.610508 60.504700 62.450253 64.388245 66.351517 68.346161 70.371811 72.430504 74.562096 0.000000 0.000000 0.000000 0.000000 0.000000 0.000000 0.000000 0.000000 0.000000 0.000000 0.000000 0.000000 0.000000 0.000000 0.000000 0.000000 0.000000 0.000000 0.000000 0.000000 0.000000 0.000000 0.000000 0.000000 0.000000 0.000000 0.000000 0.000000 0.000000 0.000000 0.000000
31.892523 33.428825 34.998074 36.615532 38.249752 39.915638 41.597622 43.305267 45.038635 46.795868 48.566586 50.360039 52.182381 54.009613 55.852463 57.712418 59.592438 61.494785 63.453629 65.406113 67.385910 69.397797 71.439255 73.500999 0.000000 0.000000 0.000000 0.000000 0.000000 0.000000 0.000000 0.000000 0.000000 0.000000 0.000000 0.000000 0.000000 0.000000 0.000000 0.000000 0.000000 0.000000 0.000000 0.000000 0.000000 0.000000 0.000000 0.000000 0.000000 0.000000 0.000000 0.000000 0.000000 0.000000 0.000000 0.000000
32.861744 34.400539 35.971073 37.590862 39.225586 40.891701 42.572895 44.280258 46.012280 47.767349 49.537457 51.330471 53.153835 54.982967 56.829430 58.695129 60.583103 62.496399 64.470932 66.439865 68.436996 70.464790 72.510010 0.000000 0.000000 0.000000 0.000000 0.000000 0.000000 0.000000 0.000000 0.000000 0.000000 0.000000 0.000000 0.000000 0.000000 0.000000 0.000000 0.000000 0.000000 0.000000 0.000000 0.000000 0.000000 0.000000 0.000000 0.000000 0.000000 0.000000 0.000000 0.000000 0.000000 0.000000 0.000000 0.000000
33.834061 35.374866 36.945957 38.567303 40.201836 41.867264 43.547035 45.253780 46.984539 48.737789 50.507671 52.301178 54.127419 55.960121 57.812355 59.686405 61.585278 63.512077 65.503830 67.489937 69.502945 71.534721 0.000000 0.000000 0.000000 0.000000 0.000000 0.000000 0.000000 0.000000 0.000000 0.000000 0.000000 0.000000 0.000000 0.000000 0.000000 0.000000 0.000000 0.000000 0.000000 0.000000 0.000000 0.000000 0.000000 0.000000 0.000000 0.000000 0.000000 0.000000 0.000000 0.000000 0.000000 0.000000 0.000000 0.000000
34.808609 36.350956 37.921894 39.544106 41.177868 42.841763 44.519711 46.225681 47.955467 49.707634 51.478115 53.273285 55.104816 56.943211 58.803741 60.688938 62.601414 64.543587 66.552795 68.554718 70.571640 0.000000 0.000000 0.000000 0.000000 0.000000 0.000000 0.000000 0.000000 0.000000 0.000000 0.000000 0.000000 0.000000 0.000000 0.000000 0.000000 0.000000 0.000000 0.000000 0.000000 0.000000 0.000000 0.000000 0.000000 0.000000 0.000000 0.000000 0.000000 0.000000 0.000000 0.000000 0.000000 0.000000 0.000000 0.000000
35.784481 37.327930 38.898090 40.520496 42.153103 43.814972 45.490959 47.196301 48.925697 50.677853 52.450016 54.248512 56.087978 57.934647 59.806232 61.705170 63.633312 65.591423 67.616409 69.622200 0.000000 0.000000 0.000000 0.000000 0.000000 0.000000 0.000000 0.000000 0.000000 0.000000 0.000000 0.000000 0.000000 0.000000 0.000000 0.000000 0.000000 0.000000 0.000000 0.000000 0.000000 0.000000 0.000000 0.000000 0.000000 0.000000 0.000000 0.000000 0.000000 0.000000 0.000000 0.000000 0.000000 0.000000 0.000000 0.000000
36.760986 38.305000 39.873821 41.495968 43.127232 44.787018 46.461285 48.166405 49.896263 51.649765 53.425213 55.228989 57.079231 58.936825 60.822117 62.736717 64.681229 66.654015 68.682625 0.000000 0.000000 0.000000 0.000000 0.000000 0.000000 0.000000 0.000000 0.000000 0.000000 0.000000 0.000000 0.000000 0.000000 0.000000 0.000000 0.000000 0.000000 0.000000 0.000000 0.000000 0.000000 0.000000 0.000000 0.000000 0.000000 0.000000 0.000000 0.000000 0.000000 0.000000 0.000000 0.000000 0.000000 0.000000 0.000000 0.000000
37.737438 39.281479 40.848560 42.470200 44.100189 45.758232 47.431416 49.137119 50.868607 52.625206 54.405930 56.217388 58.080982 59.952126 61.852978 63.783958 65.743546 67.719185 0.000000 0.000000 0.000000 0.000000 0.000000 0.000000 0.000000 0.000000 0.000000 0.000000 0.000000 0.000000 0.000000 0.000000 0.000000 0.000000 0.000000 0.000000 0.000000 0.000000 0.000000 0.000000 0.000000 0.000000 0.000000 0.000000 0.000000 0.000000 0.000000 0.000000 0.000000 0.000000 0.000000 0.000000 0.000000 0.000000 0.000000 0.000000
38.713276 40.256927 41.822014 43.443188 45.072197 46.729256 48.402493 50.109863 51.844604 53.606403 55.394802 57.216507 59.095570 60.982109 62.899235 64.845299 66.808182 0.000000 0.000000 0.000000 0.000000 0.000000 0.000000 0.000000 0.000000 0.000000 0.000000 0.000000 0.000000 0.000000 0.000000 0.000000 0.000000 0.000000 0.000000 0.000000 0.000000 0.000000 0.000000 0.000000 0.000000 0.000000 0.000000 0.000000 0.000000 0.000000 0.000000 0.000000 0.000000 0.000000 0.000000 0.000000 0.000000 0.000000 0.000000 0.000000
39.688171 41.231133 42.794270 44.415230 46.043850 47.700966 49.375862 51.086468 52.826462 54.595921 56.394615 58.228981 60.124695 62.027374 63.959488 65.908821 0.000000 0.000000 0.000000 0.000000 0.000000 0.000000 0.000000 0.000000 0.000000 0.000000 0.000000 0.000000 0.000000 0.000000 0.000000 0.000000 0.000000 0.000000 0.000000 0.000000 0.000000 0.000000 0.000000 0.000000 0.000000 0.000000 0.000000 0.000000 0.000000 0.000000 0.000000 0.000000 0.000000 0.000000 0.000000 0.000000 0.000000 0.000000 0.000000 0.000000
40.661926 42.204224 43.765640 45.386936 47.016010 48.674496 50.353111 52.068920 53.816578 55.596310 57.407818 59.256588 61.168964 63.086483 65.021843 0.000000 0.000000 0.000000 0.000000 0.000000 0.000000 0.000000 0.000000 0.000000 0.000000 0.000000 0.000000 0.000000 0.000000 0.000000 0.000000 0.000000 0.000000 0.000000 0.000000 0.000000 0.000000 0.000000 0.000000 0.000000 0.000000 0.000000 0.000000 0.000000 0.000000 0.000000 0.000000 0.000000 0.000000 0.000000 0.000000 0.000000 0.000000 0.000000 0.000000 0.000000
41.634586 43.176521 44.736675 46.359207 47.989849 49.651432 51.336044 53.059437 54.817314 56.609856 58.435970 60.299778 62.227119 64.147713 0.000000 0.000000 0.000000 0.000000 0.000000 0.000000 0.000000 0.000000 0.000000 0.000000 0.000000 0.000000 0.000000 0.000000 0.000000 0.000000 0.000000 0.000000 0.000000 0.000000 0.000000 0.000000 0.000000 0.000000 0.000000 0.000000 0.000000 0.000000 0.000000 0.000000 0.000000 0.000000 0.000000 0.000000 0.000000 0.000000 0.000000 0.000000 0.000000 0.000000 0.000000 0.000000
42.606457 44.148582 45.708206 47.333179 48.966915 50.633591 52.326721 54.060249 55.830833 57.637993 59.479412 61.357037 63.287247 0.000000 0.000000 0.000000 0.000000 0.000000 0.000000 0.000000 0.000000 0.000000 0.000000 0.000000 0.000000 0.000000 0.000000 0.000000 0.000000 0.000000 0.000000 0.000000 0.000000 0.000000 0.000000 0.000000 0.000000 0.000000 0.000000 0.000000 0.000000 0.000000 0.000000 0.000000 0.000000 0.000000 0.000000 0.000000 0.000000 0.000000 0.000000 0.000000 0.000000 0.000000 0.000000 0.000000
43.578045 45.121220 46.681267 48.310410 49.949127 51.623234 53.327374 55.073475 56.858559 58.681061 60.536613 62.416321 0.000000 0.000000 0.000000 0.000000 0.000000 0.000000 0.000000 0.000000 0.000000 0.000000 0.000000 0.000000 0.000000 0.000000 0.000000 0.000000 0.000000 0.000000 0.000000 0.000000 0.000000 0.000000 0.000000 0.000000 0.000000 0.000000 0.000000 0.000000 0.000000 0.000000 0.000000 0.000000 0.000000 0.000000 0.000000 0.000000 0.000000 0.000000 0.000000 0.000000 0.000000 0.000000 0.000000 0.000000
44.550140 46.095451 47.657330 49.292770 50.938744 52.622799 54.340137 56.100605 57.900921 59.737526 61.595509 0.000000 0.000000 0.000000 0.000000 0.000000 0.000000 0.000000 0.000000 0.000000 0.000000 0.000000 0.000000 0.000000 0.000000 0.000000 0.000000 0.000000 0.000000 0.000000 0.000000 0.000000 0.000000 0.000000 0.000000 0.000000 0.000000 0.000000 0.000000 0.000000 0.000000 0.000000 0.000000 0.000000 0.000000 0.000000 0.000000 0.000000 0.000000 0.000000 0.000000 0.000000 0.000000 0.000000 0.000000 0.000000
45.523857 47.072754 48.638180 50.282448 51.938152 53.634598 55.366692 57.142185 58.956520 60.795578 0.000000 0.000000 0.000000 0.000000 0.000000 0.000000 0.000000 0.000000 0.000000 0.000000 0.000000 0.000000 0.000000 0.000000 0.000000 0.000000 0.000000 0.000000 0.000000 0.000000 0.000000 0.000000 0.000000 0.000000 0.000000 0.000000 0.000000 0.000000 0.000000 0.000000 0.000000 0.000000 0.000000 0.000000 0.000000 0.000000 0.000000 0.000000 0.000000 0.000000 0.000000 0.000000 0.000000 0.000000 0.000000 0.000000
46.500710 48.054989 49.626099 51.281872 52.949677 54.660248 56.407566 58.196922 60.013584 0.000000 0.000000 0.000000 0.000000 0.000000 0.000000 0.000000 0.000000 0.000000 0.000000 0.000000 0.000000 0.000000 0.000000 0.000000 0.000000 0.000000 0.000000 0.000000 0.000000 0.000000 0.000000 0.000000 0.000000 0.000000 0.000000 0.000000 0.000000 0.000000 0.000000 0.000000 0.000000 0.000000 0.000000 0.000000 0.000000 0.000000 0.000000 0.000000 0.000000 0.000000 0.000000 0.000000 0.000000 0.000000 0.000000 0.000000
47.482658 49.044346 50.623573 52.293304 53.974960 55.700321 57.461571 59.253124 0.000000 0.000000 0.000000 0.000000 0.000000 0.000000 0.000000 0.000000 0.000000 0.000000 0.000000 0.000000 0.000000 0.000000 0.000000 0.000000 0.000000 0.000000 0.000000 0.000000 0.000000 0.000000 0.000000 0.000000 0.000000 0.000000 0.000000 0.000000 0.000000 0.000000 0.000000 0.000000 0.000000 0.000000 0.000000 0.000000 0.000000 0.000000 0.000000 0.000000 0.000000 0.000000 0.000000 0.000000 0.000000 0.000000 0.000000 0.000000
48.472061 50.043354 51.633003 53.318390 55.014565 56.753586 58.516987 0.000000 0.000000 0.000000 0.000000 0.000000 0.000000 0.000000 0.000000 0.000000 0.000000 0.000000 0.000000 0.000000 0.000000 0.000000 0.000000 0.000000 0.000000 0.000000 0.000000 0.000000 0.000000 0.000000 0.000000 0.000000 0.000000 0.000000 0.000000 0.000000 0.000000 0.000000 0.000000 0.000000 0.000000 0.000000 0.000000 0.000000 0.000000 0.000000 0.000000 0.000000 0.000000 0.000000 0.000000 0.000000 0.000000 0.000000 0.000000 0.000000
49.471367 51.054394 52.656216 54.357662 56.067295 57.808296 0.000000 0.000000 0.000000 0.000000 0.000000 0.000000 0.000000 0.000000 0.000000 0.000000 0.000000 0.000000 0.000000 0.000000 0.000000 0.000000 0.000000 0.000000 0.000000 0.000000 0.000000 0.000000 0.000000 0.000000 0.000000 0.000000 0.000000 0.000000 0.000000 0.000000 0.000000 0.000000 0.000000 0.000000 0.000000 0.000000 0.000000 0.000000 0.000000 0.000000 0.000000 0.000000 0.000000 0.000000 0.000000 0.000000 0.000000 0.000000 0.000000 0.000000
50.482834 52.079060 53.693893 55.409901 57.121361 0.000000 0.000000 0.000000 0.000000 0.000000 0.000000 0.000000 0.000000 0.000000 0.000000 0.000000 0.000000 0.000000 0.000000 0.000000 0.000000 0.000000 0.000000 0.000000 0.000000 0.000000 0.000000 0.000000 0.000000 0.000000 0.000000 0.000000 0.000000 0.000000 0.000000 0.000000 0.000000 0.000000 0.000000 0.000000 0.000000 0.000000 0.000000 0.000000 0.000000 0.000000 0.000000 0.000000 0.000000 0.000000 0.000000 0.000000 0.000000 0.000000 0.000000 0.000000
51.507961 53.117970 54.744804 56.463448 0.000000 0.000000 0.000000 0.000000 0.000000 0.000000 0.000000 0.000000 0.000000 0.000000 0.000000 0.000000 0.000000 0.000000 0.000000 0.000000 0.000000 0.000000 0.000000 0.000000 0.000000 0.000000 0.000000 0.000000 0.000000 0.000000 0.000000 0.000000 0.000000 0.000000 0.000000 0.000000 0.000000 0.000000 0.000000 0.000000 0.000000 0.000000 0.000000 0.000000 0.000000 0.000000 0.000000 0.000000 0.000000 0.000000 0.000000 0.000000 0.000000 0.000000 0.000000 0.000000
52.547108 54.169800 55.797173 0.000000 0.000000 0.000000 0.000000 0.000000 0.000000 0.000000 0.000000 0.000000 0.000000 0.000000 0.000000 0.000000 0.000000 0.000000 0.000000 0.000000 0.000000 0.000000 0.000000 0.000000 0.000000 0.000000 0.000000 0.000000 0.000000 0.000000 0.000000 0.000000 0.000000 0.000000 0.000000 0.000000 0.000000 0.000000 0.000000 0.000000 0.000000 0.000000 0.000000 0.000000 0.000000 0.000000 0.000000 0.000000 0.000000 0.000000 0.000000 0.000000 0.000000 0.000000 0.000000 0.000000
53.598900 55.222809 0.000000 0.000000 0.000000 0.000000 0.000000 0.000000 0.000000 0.000000 0.000000 0.000000 0.000000 0.000000 0.000000 0.000000 0.000000 0.000000 0.000000 0.000000 0.000000 0.000000 0.000000 0.000000 0.000000 0.000000 0.000000 0.000000 0.000000 0.000000 0.000000 0.000000 0.000000 0.000000 0.000000 0.000000 0.000000 0.000000 0.000000 0.000000 0.000000 0.000000 0.000000 0.000000 0.000000 0.000000 0.000000 0.000000 0.000000 0.000000 0.000000 0.000000 0.000000 0.000000 0.000000 0.000000
54.651550 0.000000 0.000000 0.000000 0.000000 0.000000 0.000000 0.000000 0.000000 0.000000 0.000000 0.000000 0.000000 0.000000 0.000000 0.000000 0.000000 0.000000 0.000000 0.000000 0.000000 0.000000 0.000000 0.000000 0.000000 0.000000 0.000000 0.000000 0.000000 0.000000 0.000000 0.000000 0.000000 0.000000 0.000000 0.000000 0.000000 0.000000 0.000000 0.000000 0.000000 0.000000 0.000000 0.000000 0.000000 0.000000 0.000000 0.000000 0.000000 0.000000 0.000000 0.000000 0.000000 0.000000 0.000000 0.000000
