4.583889 4.584669 4.585392 4.587278 4.589973 4.593642 4.598617 4.605571 4.615814 4.628866 4.646392 4.669852 4.700334 4.739393 4.790776 4.856583 4.940223 5.045905 5.176637 5.338844 5.538289 5.782166 6.078678 6.438045 6.874735 7.403977 8.050633 8.845364 9.829262 11.062620 12.627768 14.634054 17.208555 20.497988 24.679766 30.042547 37.233852 47.810452 65.563721 101.000000
3.876014 3.877105 3.878287 3.880745 3.884217 3.888920 3.895258 3.903999 3.916533 3.932575 3.953890 3.982107 4.018497 4.064822 4.124909 4.201106 4.296985 4.416863 4.564006 4.744897 4.965430 5.232975 5.555941 5.944966 6.415178 6.982801 7.673982 8.521250 9.567731 10.875278 12.526157 14.626158 17.295025 20.668446 24.915274 30.323961 37.563000 48.240795 66.057747 0.000000
3.264861 3.266423 3.268290 3.271607 3.276241 3.282478 3.290829 3.302191 3.318065 3.338431 3.365191 3.400196 3.444963 3.501520 3.573807 3.664478 3.777312 3.916765 4.086413 4.292832 4.542101 4.841877 5.200911 5.630473 6.146615 6.766878 7.518865 8.436996 9.566044 10.968356 12.724459 14.934602 17.709930 21.175306 25.492981 30.954252 38.249275 48.947067 0.000000 0.000000
2.741128 2.743361 2.746184 2.750708 2.756956 2.765317 2.776431 2.791368 2.811760 2.837916 2.871911 2.915857 2.971566 3.041374 3.129357 3.238508 3.372826 3.536937 3.734749 3.972959 4.257921 4.597692 5.001546 5.481597 6.054992 6.740669 7.567440 8.570905 9.796149 11.304099 13.171486 15.491869 18.368591 21.918371 26.299294 31.804575 39.076683 0.000000 0.000000 0.000000
2.291220 2.294375 2.298486 2.304647 2.313063 2.324251 2.339020 2.358635 2.384898 2.418489 2.461682 2.516885 2.586245 2.672412 2.779623 2.911208 3.071396 3.264978 3.496224 3.771997 4.099015 4.485900 4.942606 5.482205 6.122913 6.884741 7.796891 8.894723 10.221740 11.835444 13.807613 16.225758 19.187727 22.804384 27.228441 32.694405 0.000000 0.000000 0.000000 0.000000
1.905315 1.909714 1.915530 1.923867 1.935136 1.950012 1.969506 1.995110 2.028823 2.071732 2.126338 2.195362 2.281302 2.387126 2.517229 2.675274 2.865699 3.093483 3.363277 3.682168 4.057369 4.498192 5.015370 5.622844 6.339507 7.185616 8.189425 9.384277 10.810409 12.520924 14.583225 17.080666 20.106911 23.765429 28.145708 0.000000 0.000000 0.000000 0.000000 0.000000
1.576533 1.582592 1.590647 1.601838 1.616807 1.636424 1.661936 1.695090 1.738109 1.792511 1.861039 1.946739 2.052463 2.181477 2.338337 2.527001 2.752122 3.018878 3.332345 3.699917 4.129407 4.630870 5.215744 5.898386 6.697551 7.632486 8.728905 10.016754 11.532342 13.325164 15.459760 18.016167 21.081369 24.694181 0.000000 0.000000 0.000000 0.000000 0.000000 0.000000
1.299385 1.307640 1.318603 1.333497 1.353213 1.378857 1.411935 1.454481 1.508968 1.577353 1.662631 1.768171 1.897163 2.053145 2.240822 2.464422 2.728814 3.039416 3.401780 3.823681 4.313564 4.882092 5.541039 6.304315 7.189360 8.212960 9.397180 10.768218 12.359402 14.218121 16.406467 18.998215 22.015961 0.000000 0.000000 0.000000 0.000000 0.000000 0.000000 0.000000
1.068915 1.080039 1.094753 1.114398 1.140139 1.173354 1.215839 1.269923 1.338362 1.423550 1.528725 1.657565 1.813567 2.000511 2.223240 2.486238 2.794605 3.154055 3.570652 4.052556 4.608705 5.249952 5.987661 6.834101 7.804122 8.911072 10.173285 11.614334 13.266075 15.173971 17.394335 19.936800 0.000000 0.000000 0.000000 0.000000 0.000000 0.000000 0.000000 0.000000
0.880473 0.895313 0.914820 0.940497 0.973802 1.016420 1.070454 1.138551 1.223756 1.328885 1.457400 1.613267 1.800250 2.022336 2.284505 2.591496 2.948675 3.362087 3.838271 4.385631 5.013180 5.731191 6.549594 7.477757 8.527154 9.707733 11.035365 12.532549 14.229660 16.166710 18.336197 0.000000 0.000000 0.000000 0.000000 0.000000 0.000000 0.000000 0.000000 0.000000
0.729788 0.749390 0.774964 0.808214 0.850913 0.905078 0.973135 1.058042 1.163147 1.291658 1.447224 1.634073 1.856192 2.117753 2.423885 2.779595 3.190530 3.663033 4.203937 4.821481 5.524030 6.320240 7.217543 8.221649 9.340868 10.583053 11.963197 13.502587 15.226463 17.111277 0.000000 0.000000 0.000000 0.000000 0.000000 0.000000 0.000000 0.000000 0.000000 0.000000
0.613111 0.638754 0.671932 0.714588 0.768821 0.837003 0.921880 1.026720 1.155159 1.310761 1.497315 1.719290 1.980857 2.286361 2.641106 3.050360 3.520002 4.056497 4.666543 5.357517 6.136165 7.008493 7.978846 9.049539 10.227091 11.518786 12.938545 14.502694 16.173164 0.000000 0.000000 0.000000 0.000000 0.000000 0.000000 0.000000 0.000000 0.000000 0.000000 0.000000
0.527337 0.560561 0.603169 0.657374 0.725609 0.810608 0.915428 1.043620 1.199095 1.385728 1.607399 1.868797 2.174254 2.528294 2.936394 3.404015 3.937080 4.541759 5.223916 5.989162 6.841662 7.784232 8.818496 9.944755 11.169272 12.498438 13.941293 15.451051 0.000000 0.000000 0.000000 0.000000 0.000000 0.000000 0.000000 0.000000 0.000000 0.000000 0.000000 0.000000
0.470084 0.512721 0.566897 0.635121 0.720156 0.825096 0.953279 1.108516 1.294957 1.516750 1.777819 2.083066 2.436975 2.844228 3.310411 3.840976 4.441478 5.117110 5.872009 6.709157 7.629657 8.633553 9.721137 10.892216 12.152407 13.503297 14.890909 0.000000 0.000000 0.000000 0.000000 0.000000 0.000000 0.000000 0.000000 0.000000 0.000000 0.000000 0.000000 0.000000
0.439735 0.493926 0.562136 0.647181 0.752138 0.880440 1.035679 1.221880 1.443403 1.704638 2.009521 2.363156 2.770150 3.235275 3.764016 4.361398 5.031937 5.779014 6.604194 7.507412 8.487208 9.542259 10.672935 11.878167 13.158934 14.453883 0.000000 0.000000 0.000000 0.000000 0.000000 0.000000 0.000000 0.000000 0.000000 0.000000 0.000000 0.000000 0.000000 0.000000
0.435443 0.503657 0.588698 0.693687 0.821985 0.977342 1.163558 1.384832 1.645705 1.950794 2.304014 2.710645 3.175333 3.702718 4.297783 4.964462 5.705403 6.521387 7.411052 8.371819 9.401084 10.497579 11.661202 12.886024 14.110256 0.000000 0.000000 0.000000 0.000000 0.000000 0.000000 0.000000 0.000000 0.000000 0.000000 0.000000 0.000000 0.000000 0.000000 0.000000
0.457112 0.542149 0.647140 0.775499 0.930829 1.117160 1.338461 1.599068 1.903686 2.257143 2.663296 3.127493 3.654201 4.247531 4.911299 5.647540 6.456292 7.335425 8.281197 9.289993 10.359419 11.487700 12.670144 13.837914 0.000000 0.000000 0.000000 0.000000 0.000000 0.000000 0.000000 0.000000 0.000000 0.000000 0.000000 0.000000 0.000000 0.000000 0.000000 0.000000
0.505362 0.610342 0.738706 0.894132 1.080409 1.301822 1.562466 1.866793 2.219654 2.626054 3.089697 3.615746 4.208093 4.869664 5.602324 6.405488 7.276313 8.210358 9.202965 10.250831 11.351134 12.497498 13.622491 0.000000 0.000000 0.000000 0.000000 0.000000 0.000000 0.000000 0.000000 0.000000 0.000000 0.000000 0.000000 0.000000 0.000000 0.000000 0.000000 0.000000
0.581477 0.709824 0.865251 1.051670 1.272996 1.533748 1.838118 2.190658 2.596315 3.060183 3.585589 4.177054 4.837272 5.567215 6.366093 7.230464 8.155233 9.135120 10.165891 11.243866 12.361680 13.450194 0.000000 0.000000 0.000000 0.000000 0.000000 0.000000 0.000000 0.000000 0.000000 0.000000 0.000000 0.000000 0.000000 0.000000 0.000000 0.000000 0.000000 0.000000
0.687342 0.842746 1.029157 1.250683 1.511313 1.815784 2.168364 2.573663 3.036622 3.562181 4.152904 4.811972 5.540137 6.335743 7.195136 8.112669 9.082476 10.099777 11.160028 12.255024 13.314690 0.000000 0.000000 0.000000 0.000000 0.000000 0.000000 0.000000 0.000000 0.000000 0.000000 0.000000 0.000000 0.000000 0.000000 0.000000 0.000000 0.000000 0.000000 0.000000
0.825371 1.011751 1.233251 1.494152 1.798460 2.151130 2.556461 3.019014 3.543489 4.134227 4.792444 5.519150 6.312535 7.168111 8.080039 9.041960 10.048568 11.094826 12.171697 13.208286 0.000000 0.000000 0.000000 0.000000 0.000000 0.000000 0.000000 0.000000 0.000000 0.000000 0.000000 0.000000 0.000000 0.000000 0.000000 0.000000 0.000000 0.000000 0.000000 0.000000
0.998428 1.219889 1.480734 1.785404 2.137866 2.543271 3.005836 3.529843 4.119313 4.777341 5.503083 6.294674 7.147591 8.055208 9.011005 10.009237 11.044378 12.106916 13.125166 0.000000 0.000000 0.000000 0.000000 0.000000 0.000000 0.000000 0.000000 0.000000 0.000000 0.000000 0.000000 0.000000 0.000000 0.000000 0.000000 0.000000 0.000000 0.000000 0.000000 0.000000
1.209756 1.470552 1.775122 2.128054 2.533203 2.995820 3.519807 4.108737 4.765307 5.490595 6.281106 7.131901 8.036465 8.987542 9.979253 11.005669 12.056818 13.060556 0.000000 0.000000 0.000000 0.000000 0.000000 0.000000 0.000000 0.000000 0.000000 0.000000 0.000000 0.000000 0.000000 0.000000 0.000000 0.000000 0.000000 0.000000 0.000000 0.000000 0.000000 0.000000
1.462911 1.767417 2.120187 2.525931 2.988243 3.512254 4.101115 4.757058 5.480704 6.270452 7.120057 8.022198 8.969898 9.956571 10.976194 12.018394 13.010597 0.000000 0.000000 0.000000 0.000000 0.000000 0.000000 0.000000 0.000000 0.000000 0.000000 0.000000 0.000000 0.000000 0.000000 0.000000 0.000000 0.000000 0.000000 0.000000 0.000000 0.000000 0.000000 0.000000
1.761707 2.114395 2.519894 2.982941 3.506596 4.095443 4.751257 5.474177 6.262113 7.110632 8.011487 8.956508 9.939559 10.953923 11.989153 12.972293 0.000000 0.000000 0.000000 0.000000 0.000000 0.000000 0.000000 0.000000 0.000000 0.000000 0.000000 0.000000 0.000000 0.000000 0.000000 0.000000 0.000000 0.000000 0.000000 0.000000 0.000000 0.000000 0.000000 0.000000
2.110168 2.515565 2.978263 3.502799 4.091242 4.746996 5.469719 6.256822 7.103374 8.002837 8.946497 9.926677 10.937241 11.967071 12.943143 0.000000 0.000000 0.000000 0.000000 0.000000 0.000000 0.000000 0.000000 0.000000 0.000000 0.000000 0.000000 0.000000 0.000000 0.000000 0.000000 0.000000 0.000000 0.000000 0.000000 0.000000 0.000000 0.000000 0.000000 0.000000
2.512468 2.975039 3.499105 4.088578 4.743882 5.466489 6.253314 7.098932 7.996298 8.938302 9.917063 10.924619 11.950541 12.921140 0.000000 0.000000 0.000000 0.000000 0.000000 0.000000 0.000000 0.000000 0.000000 0.000000 0.000000 0.000000 0.000000 0.000000 0.000000 0.000000 0.000000 0.000000 0.000000 0.000000 0.000000 0.000000 0.000000 0.000000 0.000000 0.000000
2.972800 3.496709 4.085573 4.742053 5.464160 6.250817 7.096079 7.992413 8.932217 9.909119 10.915214 11.938037 12.904667 0.000000 0.000000 0.000000 0.000000 0.000000 0.000000 0.000000 0.000000 0.000000 0.000000 0.000000 0.000000 0.000000 0.000000 0.000000 0.000000 0.000000 0.000000 0.000000 0.000000 0.000000 0.000000 0.000000 0.000000 0.000000 0.000000 0.000000
3.495114 4.083789 4.739511 5.462931 6.249041 7.094077 7.989984 8.928678 9.903291 10.907398 11.928724 12.892211 0.000000 0.000000 0.000000 0.000000 0.000000 0.000000 0.000000 0.000000 0.000000 0.000000 0.000000 0.000000 0.000000 0.000000 0.000000 0.000000 0.000000 0.000000 0.000000 0.000000 0.000000 0.000000 0.000000 0.000000 0.000000 0.000000 0.000000 0.000000
4.082676 4.738174 5.460685 6.248230 7.092677 7.988301 8.926509 9.899955 10.901709 11.920962 12.882935 0.000000 0.000000 0.000000 0.000000 0.000000 0.000000 0.000000 0.000000 0.000000 0.000000 0.000000 0.000000 0.000000 0.000000 0.000000 0.000000 0.000000 0.000000 0.000000 0.000000 0.000000 0.000000 0.000000 0.000000 0.000000 0.000000 0.000000 0.000000 0.000000
4.737417 5.459669 6.246155 7.092140 7.987146 8.925026 9.897942 10.898479 11.915335 12.875196 0.000000 0.000000 0.000000 0.000000 0.000000 0.000000 0.000000 0.000000 0.000000 0.000000 0.000000 0.000000 0.000000 0.000000 0.000000 0.000000 0.000000 0.000000 0.000000 0.000000 0.000000 0.000000 0.000000 0.000000 0.000000 0.000000 0.000000 0.000000 0.000000 0.000000
5.459173 6.245367 7.090159 7.986784 8.924007 9.896566 10.896543 11.912163 12.869585 0.000000 0.000000 0.000000 0.000000 0.000000 0.000000 0.000000 0.000000 0.000000 0.000000 0.000000 0.000000 0.000000 0.000000 0.000000 0.000000 0.000000 0.000000 0.000000 0.000000 0.000000 0.000000 0.000000 0.000000 0.000000 0.000000 0.000000 0.000000 0.000000 0.000000 0.000000
6.245059 7.089528 7.984844 8.923755 9.895633 10.895226 11.910263 12.866442 0.000000 0.000000 0.000000 0.000000 0.000000 0.000000 0.000000 0.000000 0.000000 0.000000 0.000000 0.000000 0.000000 0.000000 0.000000 0.000000 0.000000 0.000000 0.000000 0.000000 0.000000 0.000000 0.000000 0.000000 0.000000 0.000000 0.000000 0.000000 0.000000 0.000000 0.000000 0.000000
7.089349 7.984319 8.921828 9.895438 10.894334 11.908972 12.864559 0.000000 0.000000 0.000000 0.000000 0.000000 0.000000 0.000000 0.000000 0.000000 0.000000 0.000000 0.000000 0.000000 0.000000 0.000000 0.000000 0.000000 0.000000 0.000000 0.000000 0.000000 0.000000 0.000000 0.000000 0.000000 0.000000 0.000000 0.000000 0.000000 0.000000 0.000000 0.000000 0.000000
7.984229 8.921374 9.893500 10.894175 11.908096 12.863275 0.000000 0.000000 0.000000 0.000000 0.000000 0.000000 0.000000 0.000000 0.000000 0.000000 0.000000 0.000000 0.000000 0.000000 0.000000 0.000000 0.000000 0.000000 0.000000 0.000000 0.000000 0.000000 0.000000 0.000000 0.000000 0.000000 0.000000 0.000000 0.000000 0.000000 0.000000 0.000000 0.000000 0.000000
8.921334 9.893094 10.892221 11.907956 12.862410 0.000000 0.000000 0.000000 0.000000 0.000000 0.000000 0.000000 0.000000 0.000000 0.000000 0.000000 0.000000 0.000000 0.000000 0.000000 0.000000 0.000000 0.000000 0.000000 0.000000 0.000000 0.000000 0.000000 0.000000 0.000000 0.000000 0.000000 0.000000 0.000000 0.000000 0.000000 0.000000 0.000000 0.000000 0.000000
9.893090 10.891845 11.905984 12.862276 0.000000 0.000000 0.000000 0.000000 0.000000 0.000000 0.000000 0.000000 0.000000 0.000000 0.000000 0.000000 0.000000 0.000000 0.000000 0.000000 0.000000 0.000000 0.000000 0.000000 0.000000 0.000000 0.000000 0.000000 0.000000 0.000000 0.000000 0.000000 0.000000 0.000000 0.000000 0.000000 0.000000 0.000000 0.000000 0.000000
10.891859 11.905627 12.860286 0.000000 0.000000 0.000000 0.000000 0.000000 0.000000 0.000000 0.000000 0.000000 0.000000 0.000000 0.000000 0.000000 0.000000 0.000000 0.000000 0.000000 0.000000 0.000000 0.000000 0.000000 0.000000 0.000000 0.000000 0.000000 0.000000 0.000000 0.000000 0.000000 0.000000 0.000000 0.000000 0.000000 0.000000 0.000000 0.000000 0.000000
11.905649 12.859944 0.000000 0.000000 0.000000 0.000000 0.000000 0.000000 0.000000 0.000000 0.000000 0.000000 0.000000 0.000000 0.000000 0.000000 0.000000 0.000000 0.000000 0.000000 0.000000 0.000000 0.000000 0.000000 0.000000 0.000000 0.000000 0.000000 0.000000 0.000000 0.000000 0.000000 0.000000 0.000000 0.000000 0.000000 0.000000 0.000000 0.000000 0.000000
12.859972 0.000000 0.000000 0.000000 0.000000 0.000000 0.000000 0.000000 0.000000 0.000000 0.000000 0.000000 0.000000 0.000000 0.000000 0.000000 0.000000 0.000000 0.000000 0.000000 0.000000 0.000000 0.000000 0.000000 0.000000 0.000000 0.000000 0.000000 0.000000 0.000000 0.000000 0.000000 0.000000 0.000000 0.000000 0.000000 0.000000 0.000000 0.000000 0.000000
