11.868612 12.238859 12.685835 13.220682 13.850449 14.585390 15.432365 16.393475 17.471622 18.664446 19.969418 21.382473 22.892437 24.486330 26.155327 27.889042 29.673544 31.498247 33.357918 35.238354 37.147106 39.073410 41.017162 42.993538 45.003944 47.079491 49.220490 51.480377 53.960674 56.749039 60.022064 64.066589 69.323044 76.513672 86.838425 102.530716 129.055679 184.000000
10.932858 11.306429 11.756925 12.295420 12.928863 13.667387 14.517751 15.481955 16.562796 17.757830 19.064449 20.478607 21.989038 23.582850 25.251240 26.983881 28.766903 30.589767 32.447369 34.325542 36.231884 38.155693 40.096844 42.070641 44.078407 46.151310 48.289757 50.547188 53.025196 55.811508 59.083618 63.130180 68.394508 75.600601 85.944672 101.644890 128.125000 0.000000
10.077452 10.463244 10.926864 11.479147 12.126777 12.879444 13.743688 14.721126 15.814238 17.020262 18.336433 19.758635 21.275372 22.873974 24.545668 26.280233 28.064066 29.886728 31.743450 33.620274 35.524895 37.446583 39.385494 41.357189 43.362789 45.433800 47.570755 49.827541 52.306084 55.094898 58.375099 62.442616 67.750336 75.027573 85.457848 101.208244 0.000000 0.000000
9.370280 9.779577 10.268376 10.847099 11.521925 12.301761 13.192708 14.195704 15.312630 16.540213 17.875345 19.313803 20.843683 22.452696 24.132141 25.871986 27.659170 29.483362 31.340441 33.216671 35.120117 37.040077 38.977089 40.947166 42.951038 45.021004 47.157818 49.416039 51.898632 54.696053 57.996925 62.110718 67.505394 74.912415 85.475861 0.000000 0.000000 0.000000
8.814974 9.258672 9.784177 10.401294 11.115457 11.934473 12.863813 13.903494 15.054525 16.312950 17.675194 19.136959 20.685745 22.309860 24.000729 25.748499 27.540987 29.368000 31.226274 33.102432 35.005131 36.923534 38.858902 40.827881 42.830566 44.900311 47.038170 49.299908 51.790142 54.603115 57.939159 62.125759 67.644051 75.204651 0.000000 0.000000 0.000000 0.000000
8.401914 8.889456 9.461452 10.126893 10.890282 11.758077 12.734955 13.819866 15.012749 16.308840 17.704077 19.194071 20.765774 22.408144 24.112822 25.870123 27.669107 29.499710 31.359671 33.236012 35.138256 37.055370 38.989491 40.957981 42.960144 45.030594 47.170670 49.437836 51.939350 54.775928 58.163307 62.445580 68.096107 0.000000 0.000000 0.000000 0.000000 0.000000
8.121220 8.660433 9.286775 10.008287 10.828342 11.751926 12.782795 13.918756 15.158540 16.496574 17.928322 19.449396 21.046204 22.708441 24.428141 26.195639 28.001638 29.836214 31.698055 33.574677 35.476856 37.393021 39.326611 41.295490 43.298019 45.370026 47.513332 49.787743 52.305000 55.175396 58.630035 63.011726 0.000000 0.000000 0.000000 0.000000 0.000000 0.000000
7.965031 8.562143 9.248789 10.031958 10.913762 11.897659 12.986379 14.176656 15.465896 16.847790 18.317438 19.870497 21.493000 23.175396 24.910234 26.687815 28.500793 30.339396 32.203197 34.080204 35.982853 37.898724 39.832657 41.803040 43.806763 45.880959 48.028194 50.312267 52.851864 55.767971 59.292217 0.000000 0.000000 0.000000 0.000000 0.000000 0.000000 0.000000
7.926358 8.585959 9.336996 10.185296 11.131644 12.178005 13.326028 14.571476 15.910469 17.336033 18.843037 20.427313 22.074720 23.776405 25.525642 27.312574 29.132133 30.974611 32.840363 34.717911 36.621746 38.538136 40.473579 42.446369 44.451862 46.528454 48.680790 50.978870 53.549820 56.513252 0.000000 0.000000 0.000000 0.000000 0.000000 0.000000 0.000000 0.000000
7.998229 8.723246 9.540857 10.455700 11.467235 12.575994 13.782579 15.081962 16.468990 17.936211 19.478477 21.091856 22.762241 24.481480 26.243717 28.038872 29.864307 31.710440 33.578171 35.456589 37.362541 39.280464 41.218300 43.193977 45.201302 47.280632 49.441078 51.760387 54.363552 0.000000 0.000000 0.000000 0.000000 0.000000 0.000000 0.000000 0.000000 0.000000
8.173583 8.965283 9.849860 10.830761 11.906184 13.075358 14.337915 15.688237 17.120037 18.625511 20.199770 21.839140 23.529827 25.264254 27.037716 28.839788 30.670355 32.519951 34.389790 36.269566 38.178677 40.098911 42.039562 44.017986 46.027103 48.111248 50.285995 52.626911 0.000000 0.000000 0.000000 0.000000 0.000000 0.000000 0.000000 0.000000 0.000000 0.000000
8.445471 9.303572 10.253877 11.298677 12.435069 13.661111 14.975600 16.372564 17.844730 19.384119 20.986340 22.648033 24.355906 26.102938 27.885664 29.693403 31.528416 33.381401 35.253685 37.135471 39.048599 40.971497 42.914677 44.895466 46.907894 49.002338 51.191521 0.000000 0.000000 0.000000 0.000000 0.000000 0.000000 0.000000 0.000000 0.000000 0.000000 0.000000
8.807104 9.729925 10.743303 11.848482 13.041641 14.319839 15.681212 17.119678 18.627153 20.195629 21.821482 23.501640 25.223507 26.980532 28.770714 30.583122 32.422184 34.278698 36.153831 38.038166 39.955685 41.880920 43.826088 45.810257 47.830860 49.935394 0.000000 0.000000 0.000000 0.000000 0.000000 0.000000 0.000000 0.000000 0.000000 0.000000 0.000000 0.000000
9.251820 10.236454 11.309104 12.470087 13.714914 15.039785 16.442419 17.916824 19.454287 21.046946 22.692125 24.387028 26.119886 27.884579 29.680727 31.497189 33.340168 35.200474 37.078773 38.965813 40.887379 42.814327 44.762268 46.754169 48.782379 0.000000 0.000000 0.000000 0.000000 0.000000 0.000000 0.000000 0.000000 0.000000 0.000000 0.000000 0.000000 0.000000
9.772923 10.815461 11.942688 13.154163 14.444999 15.810657 17.248699 18.753431 20.315659 21.927807 23.588327 25.294624 27.035896 28.806374 30.607458 32.427761 34.274811 36.139046 38.020504 39.909794 41.834713 43.764137 45.718895 47.717552 0.000000 0.000000 0.000000 0.000000 0.000000 0.000000 0.000000 0.000000 0.000000 0.000000 0.000000 0.000000 0.000000 0.000000
10.363638 11.459388 12.635872 13.892101 15.223027 16.623503 18.091209 19.620859 21.202980 22.830374 24.502754 26.217667 27.965298 29.740248 31.545710 33.370018 35.221294 37.089291 38.973225 40.864151 42.792915 44.728676 46.689137 0.000000 0.000000 0.000000 0.000000 0.000000 0.000000 0.000000 0.000000 0.000000 0.000000 0.000000 0.000000 0.000000 0.000000 0.000000
11.017078 12.160796 13.380856 14.675925 16.041035 17.470531 18.962458 20.512066 22.109751 23.748741 25.430134 27.151512 28.904127 30.682774 32.492485 34.321018 36.176357 38.047306 39.932903 41.826065 43.762272 45.703125 0.000000 0.000000 0.000000 0.000000 0.000000 0.000000 0.000000 0.000000 0.000000 0.000000 0.000000 0.000000 0.000000 0.000000 0.000000 0.000000
11.726250 12.912374 14.170197 15.498265 16.891880 18.344967 19.856188 21.421347 23.030903 24.678551 26.366804 28.093214 29.849985 31.632082 33.446003 35.278740 37.137421 39.010345 40.898106 42.797192 44.739082 0.000000 0.000000 0.000000 0.000000 0.000000 0.000000 0.000000 0.000000 0.000000 0.000000 0.000000 0.000000 0.000000 0.000000 0.000000 0.000000 0.000000
12.484211 13.707067 14.996909 16.352417 17.769230 19.241009 20.767206 22.344166 23.962658 25.616724 27.310419 29.041054 30.801714 32.587143 34.405090 36.241390 38.102470 39.977684 41.871166 43.774517 0.000000 0.000000 0.000000 0.000000 0.000000 0.000000 0.000000 0.000000 0.000000 0.000000 0.000000 0.000000 0.000000 0.000000 0.000000 0.000000 0.000000 0.000000
13.284173 14.538187 15.854561 17.232336 18.667578 20.153770 21.691299 23.277061 24.902277 26.561264 28.259632 29.994204 31.758678 33.547215 35.368469 37.207439 39.071194 40.951984 42.849438 0.000000 0.000000 0.000000 0.000000 0.000000 0.000000 0.000000 0.000000 0.000000 0.000000 0.000000 0.000000 0.000000 0.000000 0.000000 0.000000 0.000000 0.000000 0.000000
14.119618 15.399466 16.737286 18.132706 19.582211 21.079235 22.625198 24.217455 25.847933 27.511030 29.213842 30.952267 32.720306 34.511246 36.334908 38.176804 40.046368 41.930763 0.000000 0.000000 0.000000 0.000000 0.000000 0.000000 0.000000 0.000000 0.000000 0.000000 0.000000 0.000000 0.000000 0.000000 0.000000 0.000000 0.000000 0.000000 0.000000 0.000000
14.984481 16.285233 17.639933 19.048983 20.509253 22.014259 23.566475 25.163689 26.798664 28.465530 30.172773 31.914814 33.685711 35.478237 37.304459 39.152340 41.025501 0.000000 0.000000 0.000000 0.000000 0.000000 0.000000 0.000000 0.000000 0.000000 0.000000 0.000000 0.000000 0.000000 0.000000 0.000000 0.000000 0.000000 0.000000 0.000000 0.000000 0.000000
15.873199 17.190439 18.558037 19.977375 21.445618 22.956482 24.513493 26.114767 27.753986 29.424530 31.136026 32.880985 34.653877 36.448223 38.280037 40.131474 0.000000 0.000000 0.000000 0.000000 0.000000 0.000000 0.000000 0.000000 0.000000 0.000000 0.000000 0.000000 0.000000 0.000000 0.000000 0.000000 0.000000 0.000000 0.000000 0.000000 0.000000 0.000000
16.780863 18.110760 19.487940 20.914909 22.389042 23.904358 25.465351 27.070358 28.713760 30.387758 32.102863 33.849869 35.624912 37.424091 39.259048 0.000000 0.000000 0.000000 0.000000 0.000000 0.000000 0.000000 0.000000 0.000000 0.000000 0.000000 0.000000 0.000000 0.000000 0.000000 0.000000 0.000000 0.000000 0.000000 0.000000 0.000000 0.000000 0.000000
17.703220 19.042580 20.426704 21.859348 23.338032 24.857027 26.421671 28.030313 29.677723 31.354521 33.072350 34.821495 36.601543 38.403118 0.000000 0.000000 0.000000 0.000000 0.000000 0.000000 0.000000 0.000000 0.000000 0.000000 0.000000 0.000000 0.000000 0.000000 0.000000 0.000000 0.000000 0.000000 0.000000 0.000000 0.000000 0.000000 0.000000 0.000000
18.636745 19.983042 21.372173 22.809214 24.291702 25.814159 27.382347 28.994421 30.645214 32.323929 34.044521 35.798546 37.580975 0.000000 0.000000 0.000000 0.000000 0.000000 0.000000 0.000000 0.000000 0.000000 0.000000 0.000000 0.000000 0.000000 0.000000 0.000000 0.000000 0.000000 0.000000 0.000000 0.000000 0.000000 0.000000 0.000000 0.000000 0.000000
19.578644 20.930037 22.322935 23.763697 25.249805 26.775671 28.347116 29.962059 31.615330 33.296074 35.021999 36.778133 0.000000 0.000000 0.000000 0.000000 0.000000 0.000000 0.000000 0.000000 0.000000 0.000000 0.000000 0.000000 0.000000 0.000000 0.000000 0.000000 0.000000 0.000000 0.000000 0.000000 0.000000 0.000000 0.000000 0.000000 0.000000 0.000000
20.526857 21.882156 23.278179 24.722507 26.212252 27.741356 29.315384 30.932367 32.588169 34.273525 36.001728 0.000000 0.000000 0.000000 0.000000 0.000000 0.000000 0.000000 0.000000 0.000000 0.000000 0.000000 0.000000 0.000000 0.000000 0.000000 0.000000 0.000000 0.000000 0.000000 0.000000 0.000000 0.000000 0.000000 0.000000 0.000000 0.000000 0.000000
21.480013 22.838619 24.237671 25.685572 27.178833 28.710585 30.286291 31.905407 33.566162 35.253143 0.000000 0.000000 0.000000 0.000000 0.000000 0.000000 0.000000 0.000000 0.000000 0.000000 0.000000 0.000000 0.000000 0.000000 0.000000 0.000000 0.000000 0.000000 0.000000 0.000000 0.000000 0.000000 0.000000 0.000000 0.000000 0.000000 0.000000 0.000000
22.437365 23.799181 25.201365 26.652719 28.148939 29.682474 31.259893 32.883602 34.546116 0.000000 0.000000 0.000000 0.000000 0.000000 0.000000 0.000000 0.000000 0.000000 0.000000 0.000000 0.000000 0.000000 0.000000 0.000000 0.000000 0.000000 0.000000 0.000000 0.000000 0.000000 0.000000 0.000000 0.000000 0.000000 0.000000 0.000000 0.000000 0.000000
23.398714 24.763798 26.169069 27.623335 29.121672 30.657005 32.238522 33.863556 0.000000 0.000000 0.000000 0.000000 0.000000 0.000000 0.000000 0.000000 0.000000 0.000000 0.000000 0.000000 0.000000 0.000000 0.000000 0.000000 0.000000 0.000000 0.000000 0.000000 0.000000 0.000000 0.000000 0.000000 0.000000 0.000000 0.000000 0.000000 0.000000 0.000000
24.364035 25.732332 27.140247 28.596573 30.096987 31.636433 33.218731 0.000000 0.000000 0.000000 0.000000 0.000000 0.000000 0.000000 0.000000 0.000000 0.000000 0.000000 0.000000 0.000000 0.000000 0.000000 0.000000 0.000000 0.000000 0.000000 0.000000 0.000000 0.000000 0.000000 0.000000 0.000000 0.000000 0.000000 0.000000 0.000000 0.000000 0.000000
25.333220 26.704205 28.114012 29.572363 31.077045 32.617172 0.000000 0.000000 0.000000 0.000000 0.000000 0.000000 0.000000 0.000000 0.000000 0.000000 0.000000 0.000000 0.000000 0.000000 0.000000 0.000000 0.000000 0.000000 0.000000 0.000000 0.000000 0.000000 0.000000 0.000000 0.000000 0.000000 0.000000 0.000000 0.000000 0.000000 0.000000 0.000000
26.305710 27.678600 29.090286 30.552828 32.058208 0.000000 0.000000 0.000000 0.000000 0.000000 0.000000 0.000000 0.000000 0.000000 0.000000 0.000000 0.000000 0.000000 0.000000 0.000000 0.000000 0.000000 0.000000 0.000000 0.000000 0.000000 0.000000 0.000000 0.000000 0.000000 0.000000 0.000000 0.000000 0.000000 0.000000 0.000000 0.000000 0.000000
27.280733 28.655457 30.071173 31.534241 0.000000 0.000000 0.000000 0.000000 0.000000 0.000000 0.000000 0.000000 0.000000 0.000000 0.000000 0.000000 0.000000 0.000000 0.000000 0.000000 0.000000 0.000000 0.000000 0.000000 0.000000 0.000000 0.000000 0.000000 0.000000 0.000000 0.000000 0.000000 0.000000 0.000000 0.000000 0.000000 0.000000 0.000000
28.258183 29.636841 31.052879 0.000000 0.000000 0.000000 0.000000 0.000000 0.000000 0.000000 0.000000 0.000000 0.000000 0.000000 0.000000 0.000000 0.000000 0.000000 0.000000 0.000000 0.000000 0.000000 0.000000 0.000000 0.000000 0.000000 0.000000 0.000000 0.000000 0.000000 0.000000 0.000000 0.000000 0.000000 0.000000 0.000000 0.000000 0.000000
29.240082 30.618908 0.000000 0.000000 0.000000 0.000000 0.000000 0.000000 0.000000 0.000000 0.000000 0.000000 0.000000 0.000000 0.000000 0.000000 0.000000 0.000000 0.000000 0.000000 0.000000 0.000000 0.000000 0.000000 0.000000 0.000000 0.000000 0.000000 0.000000 0.000000 0.000000 0.000000 0.000000 0.000000 0.000000 0.000000 0.000000 0.000000
30.222521 0.000000 0.000000 0.000000 0.000000 0.000000 0.000000 0.000000 0.000000 0.000000 0.000000 0.000000 0.000000 0.000000 0.000000 0.000000 0.000000 0.000000 0.000000 0.000000 0.000000 0.000000 0.000000 0.000000 0.000000 0.000000 0.000000 0.000000 0.000000 0.000000 0.000000 0.000000 0.000000 0.000000 0.000000 0.000000 0.000000 0.000000
