10.470480 10.481344 10.499812 10.530611 10.577559 10.651491 10.764395 10.935795 11.189171 11.554904 12.067814 12.768604 13.689403 14.859930 16.302706 18.023167 20.037012 22.390835 25.229017 28.936041 34.313877 43.315250 63.000000
9.501743 9.512961 9.531948 9.563465 9.611427 9.686703 9.801349 9.974922 10.230915 10.599633 11.115739 11.819715 12.743394 13.916286 15.360928 17.084267 19.108400 21.500668 24.455410 28.437302 34.290989 43.764591 0.000000
8.538030 8.550024 8.570137 8.603226 8.653397 8.731600 8.850048 9.028378 9.290131 9.665494 10.188855 10.900303 11.831166 13.010690 14.462170 16.197849 18.258446 20.759565 23.978909 28.440596 34.838860 0.000000 0.000000
7.597101 7.610618 7.632929 7.669058 7.723460 7.807242 7.932889 8.120212 8.392806 8.780680 9.317749 10.043441 10.988331 12.181852 13.650876 15.423355 17.583818 20.330246 24.009100 29.014755 0.000000 0.000000 0.000000
6.690532 6.706778 6.732982 6.774453 6.836201 6.929588 7.067525 7.270077 7.560905 7.969712 8.529647 9.279198 10.248293 11.468698 12.979073 14.845046 17.227524 20.399673 24.599358 0.000000 0.000000 0.000000 0.000000
5.832564 5.853351 5.885941 5.936080 6.009556 6.118122 6.275261 6.501352 6.820095 7.260698 7.855246 8.641327 9.649673 10.920975 12.523501 14.589773 17.355591 21.009073 0.000000 0.000000 0.000000 0.000000 0.000000
5.037340 5.065225 5.107622 5.170887 5.261805 5.392644 5.577587 5.837306 6.195466 6.680593 7.323694 8.162721 9.234289 10.602394 12.389080 14.795318 17.991169 0.000000 0.000000 0.000000 0.000000 0.000000 0.000000
4.317093 4.355485 4.412124 4.494132 4.609445 4.770953 4.993550 5.298134 5.708228 6.251768 6.959753 7.874858 9.050903 10.594490 12.682931 15.464087 0.000000 0.000000 0.000000 0.000000 0.000000 0.000000 0.000000
3.681281 3.734526 3.810862 3.918296 4.065970 4.267412 4.538143 4.899170 5.373990 5.991031 6.785043 7.812910 9.160453 10.976702 13.388433 0.000000 0.000000 0.000000 0.000000 0.000000 0.000000 0.000000 0.000000
3.136465 3.209874 3.312319 3.452749 3.641397 3.892359 4.221637 4.650423 5.203166 5.912298 6.824397 8.022285 9.621177 11.717987 0.000000 0.000000 0.000000 0.000000 0.000000 0.000000 0.000000 0.000000 0.000000
2.686775 2.786577 2.922341 3.103914 3.342335 3.652187 4.049925 4.557837 5.204477 6.033614 7.113113 8.547150 10.393448 0.000000 0.000000 0.000000 0.000000 0.000000 0.000000 0.000000 0.000000 0.000000 0.000000
2.334646 2.467853 2.644684 2.875731 3.172476 3.550052 4.026108 4.626991 5.391953 6.384302 7.687199 9.344108 0.000000 0.000000 0.000000 0.000000 0.000000 0.000000 0.000000 0.000000 0.000000 0.000000 0.000000
2.081605 2.255770 2.481597 2.770232 3.133358 3.587471 4.154068 4.869723 5.791594 6.995968 8.502654 0.000000 0.000000 0.000000 0.000000 0.000000 0.000000 0.000000 0.000000 0.000000 0.000000 0.000000 0.000000
1.928836 2.151708 2.434262 2.788161 3.225744 3.767507 4.444445 5.310026 6.432545 7.825372 0.000000 0.000000 0.000000 0.000000 0.000000 0.000000 0.000000 0.000000 0.000000 0.000000 0.000000 0.000000 0.000000
1.877423 2.156576 2.503176 2.930042 3.452378 4.100117 4.919837 5.975331 7.272714 0.000000 0.000000 0.000000 0.000000 0.000000 0.000000 0.000000 0.000000 0.000000 0.000000 0.000000 0.000000 0.000000 0.000000
1.928340 2.270944 2.688936 3.198569 3.822791 4.606755 5.606227 6.824494 0.000000 0.000000 0.000000 0.000000 0.000000 0.000000 0.000000 0.000000 0.000000 0.000000 0.000000 0.000000 0.000000 0.000000 0.000000
2.082418 2.495642 2.994351 3.602971 4.357436 5.312026 6.463204 0.000000 0.000000 0.000000 0.000000 0.000000 0.000000 0.000000 0.000000 0.000000 0.000000 0.000000 0.000000 0.000000 0.000000 0.000000 0.000000
2.340810 2.833665 3.428499 4.162818 5.079646 6.176037 0.000000 0.000000 0.000000 0.000000 0.000000 0.000000 0.000000 0.000000 0.000000 0.000000 0.000000 0.000000 0.000000 0.000000 0.000000 0.000000 0.000000
2.706783 3.294015 4.010268 4.900289 5.949969 0.000000 0.000000 0.000000 0.000000 0.000000 0.000000 0.000000 0.000000 0.000000 0.000000 0.000000 0.000000 0.000000 0.000000 0.000000 0.000000 0.000000 0.000000
3.189379 3.895041 4.760934 5.776310 0.000000 0.000000 0.000000 0.000000 0.000000 0.000000 0.000000 0.000000 0.000000 0.000000 0.000000 0.000000 0.000000 0.000000 0.000000 0.000000 0.000000 0.000000 0.000000
3.806612 4.657287 5.641840 0.000000 0.000000 0.000000 0.000000 0.000000 0.000000 0.000000 0.000000 0.000000 0.000000 0.000000 0.000000 0.000000 0.000000 0.000000 0.000000 0.000000 0.000000 0.000000 0.000000
4.578523 5.542495 0.000000 0.000000 0.000000 0.000000 0.000000 0.000000 0.000000 0.000000 0.000000 0.000000 0.000000 0.000000 0.000000 0.000000 0.000000 0.000000 0.000000 0.000000 0.000000 0.000000 0.000000
5.467280 0.000000 0.000000 0.000000 0.000000 0.000000 0.000000 0.000000 0.000000 0.000000 0.000000 0.000000 0.000000 0.000000 0.000000 0.000000 0.000000 0.000000 0.000000 0.000000 0.000000 0.000000 0.000000
