26.487892 27.899059 29.390375 30.967289 32.613811 34.347195 36.169594 38.089352 40.133053 42.313126 44.678322 47.318111 50.308144 53.833755 58.140820 63.531197 70.530113 79.785042 92.344925 110.358246 138.370773 186.264709 280.000000
25.547466 26.957714 28.447971 30.023643 31.668808 33.400665 35.221344 37.139263 39.180935 41.358749 43.721500 46.358620 49.345737 52.868263 57.171806 62.557972 69.551369 78.798576 91.348038 109.350365 137.354996 185.212860 0.000000
24.628710 26.040741 27.532467 29.109358 30.755426 32.487869 34.308907 36.226864 38.268379 40.445858 42.808174 45.445042 48.432377 51.955997 56.262218 61.652328 68.650627 77.903137 90.463226 108.499718 136.579773 0.000000 0.000000
23.841185 25.258621 26.755239 28.336517 29.986372 31.722075 33.545887 35.466179 37.509644 39.688869 42.052914 44.692272 47.683510 51.213814 55.530548 60.935303 67.952026 77.229561 89.840271 107.990494 0.000000 0.000000 0.000000
23.217003 24.643839 26.149015 27.738014 29.394594 31.136162 32.965157 34.889694 36.936974 39.119717 41.487438 44.131725 47.130543 50.673111 55.008537 60.438644 67.489914 76.824036 89.549736 0.000000 0.000000 0.000000 0.000000
22.773134 24.213387 25.730717 27.330675 28.996767 30.746634 32.582821 34.513405 36.566002 38.753746 41.126720 43.778454 46.788437 50.348640 54.710369 60.177486 67.287476 76.727310 0.000000 0.000000 0.000000 0.000000 0.000000
22.515806 23.973270 25.506163 27.120102 28.798214 30.558500 32.403790 34.341827 36.401100 38.595219 40.975166 43.636734 46.661484 50.244415 54.640671 60.161877 67.367523 0.000000 0.000000 0.000000 0.000000 0.000000 0.000000
22.441227 23.919249 25.470661 27.101177 28.793470 30.565996 32.421883 34.368671 36.435810 38.637619 41.026356 43.700356 46.743237 50.353977 54.797508 60.399231 0.000000 0.000000 0.000000 0.000000 0.000000 0.000000 0.000000
22.536983 24.038208 25.610447 27.259512 28.967602 30.753723 32.621330 34.577858 36.653923 38.864807 41.264172 43.952785 47.017300 50.664371 55.175415 0.000000 0.000000 0.000000 0.000000 0.000000 0.000000 0.000000 0.000000
22.784931 24.311155 25.905724 27.574600 29.299463 31.099936 32.979946 34.946945 37.032906 39.254169 41.665573 44.370720 47.463341 51.161068 0.000000 0.000000 0.000000 0.000000 0.000000 0.000000 0.000000 0.000000 0.000000
23.164495 24.716587 26.334118 28.023325 29.765285 31.580378 33.473122 35.451122 37.547661 39.780041 42.204578 44.930283 48.062454 0.000000 0.000000 0.000000 0.000000 0.000000 0.000000 0.000000 0.000000 0.000000 0.000000
23.655268 25.233215 26.873577 28.582905 30.341692 32.171303 34.076828 36.066063 38.173393 40.416992 42.857662 45.611740 0.000000 0.000000 0.000000 0.000000 0.000000 0.000000 0.000000 0.000000 0.000000 0.000000 0.000000
24.238564 25.841623 27.503973 29.232683 31.007696 32.851391 34.769489 36.769634 38.887394 41.143509 43.606487 0.000000 0.000000 0.000000 0.000000 0.000000 0.000000 0.000000 0.000000 0.000000 0.000000 0.000000 0.000000
24.898048 26.524828 28.207899 29.954948 31.745312 33.602467 35.532410 37.542324 39.671356 41.943619 0.000000 0.000000 0.000000 0.000000 0.000000 0.000000 0.000000 0.000000 0.000000 0.000000 0.000000 0.000000 0.000000
25.619833 27.268608 28.970861 30.734991 32.539680 34.409126 36.349552 38.368858 40.512012 0.000000 0.000000 0.000000 0.000000 0.000000 0.000000 0.000000 0.000000 0.000000 0.000000 0.000000 0.000000 0.000000 0.000000
26.392406 28.061239 29.781096 31.560823 33.378479 35.258282 37.208672 39.238430 0.000000 0.000000 0.000000 0.000000 0.000000 0.000000 0.000000 0.000000 0.000000 0.000000 0.000000 0.000000 0.000000 0.000000 0.000000
27.206261 28.893253 30.629011 32.422596 34.251202 36.139973 38.101086 0.000000 0.000000 0.000000 0.000000 0.000000 0.000000 0.000000 0.000000 0.000000 0.000000 0.000000 0.000000 0.000000 0.000000 0.000000 0.000000
28.053776 29.756964 31.506729 33.311729 35.150002 37.047272 0.000000 0.000000 0.000000 0.000000 0.000000 0.000000 0.000000 0.000000 0.000000 0.000000 0.000000 0.000000 0.000000 0.000000 0.000000 0.000000 0.000000
28.928703 30.645973 32.407326 34.221752 36.069317 0.000000 0.000000 0.000000 0.000000 0.000000 0.000000 0.000000 0.000000 0.000000 0.000000 0.000000 0.000000 0.000000 0.000000 0.000000 0.000000 0.000000 0.000000
29.825838 31.554470 33.325729 35.148178 0.000000 0.000000 0.000000 0.000000 0.000000 0.000000 0.000000 0.000000 0.000000 0.000000 0.000000 0.000000 0.000000 0.000000 0.000000 0.000000 0.000000 0.000000 0.000000
30.740349 32.478142 34.258156 0.000000 0.000000 0.000000 0.000000 0.000000 0.000000 0.000000 0.000000 0.000000 0.000000 0.000000 0.000000 0.000000 0.000000 0.000000 0.000000 0.000000 0.000000 0.000000 0.000000
31.668646 33.413723 0.000000 0.000000 0.000000 0.000000 0.000000 0.000000 0.000000 0.000000 0.000000 0.000000 0.000000 0.000000 0.000000 0.000000 0.000000 0.000000 0.000000 0.000000 0.000000 0.000000 0.000000
32.607864 0.000000 0.000000 0.000000 0.000000 0.000000 0.000000 0.000000 0.000000 0.000000 0.000000 0.000000 0.000000 0.000000 0.000000 0.000000 0.000000 0.000000 0.000000 0.000000 0.000000 0.000000 0.000000
