25.881262 25.882710 25.883867 25.887733 25.893087 25.900101 25.909252 25.922014 25.941000 25.964020 25.994389 26.034349 26.084648 26.147387 26.229977 26.334452 26.466188 26.631596 26.833834 27.085934 27.398428 27.786125 28.268278 28.869789 29.626970 30.580631 31.794994 33.341454 35.305790 37.790970 40.901104 44.736580 49.380795 54.965054 61.763275 70.422287 82.458397 101.460106 135.919525 206.000000
24.953413 24.954918 24.956219 24.960161 24.965641 24.972767 24.982050 24.994953 25.014090 25.037403 25.068132 25.108591 25.159534 25.223150 25.306816 25.412796 25.546673 25.715090 25.921822 26.180449 26.502382 26.903532 27.404587 28.032061 28.823996 29.822941 31.094240 32.709953 34.755196 37.330505 40.536030 44.466743 49.198402 54.855862 61.707737 70.404274 82.485565 101.579002 136.085571 0.000000
23.991493 23.993092 23.994596 23.998653 24.004356 24.011652 24.021095 24.034245 24.053629 24.077358 24.108610 24.149796 24.201675 24.266584 24.351927 24.460255 24.597498 24.770721 24.984619 25.253624 25.590471 26.012737 26.543114 27.210297 28.054611 29.120590 30.474642 32.188847 34.346638 37.044476 40.376305 44.429543 49.269558 55.013443 61.925949 70.672333 82.841721 102.057716 0.000000 0.000000
23.023874 23.025593 23.027342 23.031578 23.037550 23.045080 23.054796 23.068289 23.088037 23.112354 23.144348 23.186525 23.239750 23.306538 23.394346 23.506199 23.648489 23.829016 24.053635 24.338068 24.696829 25.149632 25.721668 26.444172 27.359705 28.514626 29.975616 31.813618 34.108723 36.951416 40.427677 44.615810 49.569786 55.400787 62.379780 71.211044 83.503952 0.000000 0.000000 0.000000
22.055439 22.057316 22.059376 22.063841 22.070141 22.078016 22.088099 22.102089 22.122358 22.147490 22.180523 22.224085 22.279211 22.348642 22.440075 22.557110 22.706873 22.898104 23.138319 23.444866 23.834484 24.329496 24.957771 25.753120 26.759857 28.025278 29.615000 31.596909 34.046017 37.044922 40.670216 44.991116 50.051865 55.966888 63.034542 71.976112 0.000000 0.000000 0.000000 0.000000
21.089411 21.091503 21.093882 21.098633 21.105375 21.113688 21.124271 21.138964 21.160019 21.186255 21.220726 21.266184 21.324005 21.397211 21.493881 21.618431 21.779024 21.985744 22.248081 22.585495 23.017324 23.568712 24.270123 25.157454 26.275747 27.671810 29.408234 31.547750 34.158463 37.313717 41.080677 45.521149 50.678116 56.687908 63.856373 0.000000 0.000000 0.000000 0.000000 0.000000
20.128099 20.130445 20.133247 20.138378 20.145617 20.154512 20.165783 20.181435 20.203575 20.231312 20.267811 20.315931 20.377533 20.456114 20.560354 20.695742 20.871849 21.100471 21.393538 21.772928 22.260881 22.885241 23.678511 24.677706 25.926998 27.470730 29.366350 31.669556 34.440025 37.741596 41.633862 46.178638 51.434673 57.539963 0.000000 0.000000 0.000000 0.000000 0.000000 0.000000
19.173403 19.176092 19.179396 19.185019 19.192886 19.202549 19.214773 19.231688 19.255318 19.285120 19.324387 19.376272 19.443239 19.529490 19.644560 19.795397 19.993311 20.252321 20.587112 21.022207 21.582613 22.298458 23.203178 24.333349 25.730297 27.433735 29.494009 31.958328 34.877533 38.307869 42.308010 46.955101 52.302635 0.000000 0.000000 0.000000 0.000000 0.000000 0.000000 0.000000
18.227112 18.230232 18.234150 18.240393 18.249060 18.259726 18.273268 18.291851 18.317535 18.350185 18.393339 18.450560 18.525124 18.622238 18.752657 18.925135 19.153194 19.453415 19.843462 20.350397 21.001518 21.828279 22.863350 24.140966 25.697439 27.565838 29.787994 32.402290 35.452351 38.993103 43.096474 47.832497 0.000000 0.000000 0.000000 0.000000 0.000000 0.000000 0.000000 0.000000
17.291170 17.294834 17.299490 17.306551 17.316214 17.328163 17.343416 17.364220 17.392757 17.429340 17.477938 17.542746 17.628077 17.740490 17.892365 18.094679 18.363539 18.718287 19.179459 19.776272 20.537258 21.493738 22.675463 24.112289 25.833515 27.864113 30.237099 32.983589 36.145973 39.790833 43.980099 0.000000 0.000000 0.000000 0.000000 0.000000 0.000000 0.000000 0.000000 0.000000
16.367596 16.371950 16.377523 16.385620 16.396576 16.410227 16.427755 16.451530 16.484003 16.526060 16.582294 16.657801 16.758242 16.891945 17.073320 17.315914 17.638651 18.063604 18.613735 19.319334 20.208735 21.311157 22.651182 24.252415 26.135704 28.317583 30.823769 33.683918 36.951069 40.679718 0.000000 0.000000 0.000000 0.000000 0.000000 0.000000 0.000000 0.000000 0.000000 0.000000
15.458559 15.463784 15.470509 15.479950 15.492596 15.508501 15.529009 15.556811 15.594740 15.644423 15.711352 15.801841 15.923322 16.086199 16.307322 16.603086 16.995081 17.507769 18.165497 18.998203 20.032051 21.292051 22.795504 24.558529 26.593163 28.908958 31.529797 34.495117 37.844234 0.000000 0.000000 0.000000 0.000000 0.000000 0.000000 0.000000 0.000000 0.000000 0.000000 0.000000
14.566291 14.572619 14.580772 14.591978 14.606833 14.625745 14.650298 14.683607 14.729129 14.789431 14.871243 14.982502 15.132724 15.334853 15.608344 15.972388 16.450901 17.069708 17.853088 18.828739 20.018511 21.441284 23.105640 25.019861 27.188700 29.619852 32.346138 35.391796 0.000000 0.000000 0.000000 0.000000 0.000000 0.000000 0.000000 0.000000 0.000000 0.000000 0.000000 0.000000
13.693107 13.700848 13.710815 13.724319 13.742156 13.765117 13.795166 13.836035 13.892075 13.967101 14.069421 14.209023 14.397856 14.651580 14.992306 15.441582 16.024696 16.767427 17.692074 18.822033 20.172874 21.755964 23.570789 25.619284 27.903881 30.440519 33.245636 0.000000 0.000000 0.000000 0.000000 0.000000 0.000000 0.000000 0.000000 0.000000 0.000000 0.000000 0.000000 0.000000
12.841374 12.850919 12.863249 12.879784 12.901628 12.930058 12.967647 13.018929 13.089475 13.184734 13.314944 13.492530 13.732074 14.051965 14.476562 15.028846 15.734087 16.616152 17.693289 18.982655 20.492186 22.225359 24.173975 26.338316 28.728216 31.342194 0.000000 0.000000 0.000000 0.000000 0.000000 0.000000 0.000000 0.000000 0.000000 0.000000 0.000000 0.000000 0.000000 0.000000
12.013517 12.025402 12.040784 12.061356 12.088614 12.124523 12.172434 12.238032 12.328477 12.451185 12.618700 12.846119 13.150627 13.552959 14.078852 14.751355 15.593903 16.626385 17.861080 19.307556 20.965748 22.832558 24.896646 27.165937 29.631689 0.000000 0.000000 0.000000 0.000000 0.000000 0.000000 0.000000 0.000000 0.000000 0.000000 0.000000 0.000000 0.000000 0.000000 0.000000
11.211928 11.226871 11.246286 11.272287 11.306927 11.353044 11.415108 11.500273 11.617636 11.776986 11.993370 12.284533 12.669953 13.171816 13.815893 14.623520 15.614292 16.802240 18.192286 19.786034 21.576721 23.558947 25.727213 28.070784 0.000000 0.000000 0.000000 0.000000 0.000000 0.000000 0.000000 0.000000 0.000000 0.000000 0.000000 0.000000 0.000000 0.000000 0.000000 0.000000
10.439115 10.458087 10.482886 10.516212 10.560912 10.620981 10.702330 10.813927 10.967161 11.174438 11.453283 11.823757 12.306796 12.924745 13.701641 14.655145 15.799129 17.140429 18.676189 20.401323 22.306473 24.392441 26.633257 0.000000 0.000000 0.000000 0.000000 0.000000 0.000000 0.000000 0.000000 0.000000 0.000000 0.000000 0.000000 0.000000 0.000000 0.000000 0.000000 0.000000
9.697635 9.721980 9.754044 9.797308 9.855729 9.934739 10.042073 10.188844 10.388945 10.657423 11.013929 11.480052 12.076893 12.825268 13.745547 14.849842 16.144989 17.630230 19.296083 21.134783 23.142477 25.299580 0.000000 0.000000 0.000000 0.000000 0.000000 0.000000 0.000000 0.000000 0.000000 0.000000 0.000000 0.000000 0.000000 0.000000 0.000000 0.000000 0.000000 0.000000
8.990271 9.021829 9.063729 9.120511 9.197527 9.302003 9.443834 9.636497 9.896381 10.240905 10.691013 11.268610 11.993299 12.882461 13.950968 15.204080 16.641188 18.255014 20.033360 21.973515 24.050463 0.000000 0.000000 0.000000 0.000000 0.000000 0.000000 0.000000 0.000000 0.000000 0.000000 0.000000 0.000000 0.000000 0.000000 0.000000 0.000000 0.000000 0.000000 0.000000
8.320120 8.361410 8.416635 8.491688 8.593654 8.731884 8.918636 9.169794 9.503918 9.940055 10.499234 11.202030 12.064713 13.099422 14.314245 15.707187 17.271193 18.996248 20.874794 22.882416 0.000000 0.000000 0.000000 0.000000 0.000000 0.000000 0.000000 0.000000 0.000000 0.000000 0.000000 0.000000 0.000000 0.000000 0.000000 0.000000 0.000000 0.000000 0.000000 0.000000
7.690717 7.745150 7.818347 7.917871 8.052855 8.234984 8.478904 8.802632 9.226165 9.769031 10.450674 11.288583 12.293954 13.472368 14.824728 16.342751 18.016520 19.840395 21.784563 0.000000 0.000000 0.000000 0.000000 0.000000 0.000000 0.000000 0.000000 0.000000 0.000000 0.000000 0.000000 0.000000 0.000000 0.000000 0.000000 0.000000 0.000000 0.000000 0.000000 0.000000
7.106186 7.178293 7.275519 7.407388 7.585288 7.823252 8.138043 8.549119 9.076760 9.739452 10.553235 11.530851 12.677121 13.990649 15.466114 17.092339 18.863419 20.751049 0.000000 0.000000 0.000000 0.000000 0.000000 0.000000 0.000000 0.000000 0.000000 0.000000 0.000000 0.000000 0.000000 0.000000 0.000000 0.000000 0.000000 0.000000 0.000000 0.000000 0.000000 0.000000
6.571530 6.667222 6.796145 6.969997 7.202415 7.509544 7.909584 8.422326 9.066835 9.858821 10.809227 11.924830 13.203629 14.638152 16.220108 17.942030 19.774931 0.000000 0.000000 0.000000 0.000000 0.000000 0.000000 0.000000 0.000000 0.000000 0.000000 0.000000 0.000000 0.000000 0.000000 0.000000 0.000000 0.000000 0.000000 0.000000 0.000000 0.000000 0.000000 0.000000
6.092772 6.219519 6.389528 6.616673 6.916584 7.306861 7.806098 8.432924 9.203521 10.129200 11.214541 12.459967 13.857497 15.396676 17.072628 18.854437 0.000000 0.000000 0.000000 0.000000 0.000000 0.000000 0.000000 0.000000 0.000000 0.000000 0.000000 0.000000 0.000000 0.000000 0.000000 0.000000 0.000000 0.000000 0.000000 0.000000 0.000000 0.000000 0.000000 0.000000
5.677156 5.844108 6.066211 6.359285 6.740299 7.227288 7.837784 8.587665 9.488630 10.546377 11.758692 13.120468 14.620694 16.252075 17.985933 0.000000 0.000000 0.000000 0.000000 0.000000 0.000000 0.000000 0.000000 0.000000 0.000000 0.000000 0.000000 0.000000 0.000000 0.000000 0.000000 0.000000 0.000000 0.000000 0.000000 0.000000 0.000000 0.000000 0.000000 0.000000
5.333185 5.551060 5.837539 6.209789 6.685093 7.280535 8.011024 8.888108 9.917867 11.099938 12.426058 13.888468 15.479015 17.166288 0.000000 0.000000 0.000000 0.000000 0.000000 0.000000 0.000000 0.000000 0.000000 0.000000 0.000000 0.000000 0.000000 0.000000 0.000000 0.000000 0.000000 0.000000 0.000000 0.000000 0.000000 0.000000 0.000000 0.000000 0.000000 0.000000
5.070496 5.351256 5.714986 6.179222 6.760249 7.472644 8.327167 9.329924 10.480927 11.774477 13.198980 14.749753 16.394173 0.000000 0.000000 0.000000 0.000000 0.000000 0.000000 0.000000 0.000000 0.000000 0.000000 0.000000 0.000000 0.000000 0.000000 0.000000 0.000000 0.000000 0.000000 0.000000 0.000000 0.000000 0.000000 0.000000 0.000000 0.000000 0.000000 0.000000
4.899513 5.255688 5.709131 6.276466 6.971472 7.804750 8.781808 9.902883 11.162597 12.552511 14.063267 15.665850 0.000000 0.000000 0.000000 0.000000 0.000000 0.000000 0.000000 0.000000 0.000000 0.000000 0.000000 0.000000 0.000000 0.000000 0.000000 0.000000 0.000000 0.000000 0.000000 0.000000 0.000000 0.000000 0.000000 0.000000 0.000000 0.000000 0.000000 0.000000
4.830795 5.274507 5.828453 6.506897 7.319696 8.272388 9.364806 10.591978 11.945645 13.419916 14.980331 0.000000 0.000000 0.000000 0.000000 0.000000 0.000000 0.000000 0.000000 0.000000 0.000000 0.000000 0.000000 0.000000 0.000000 0.000000 0.000000 0.000000 0.000000 0.000000 0.000000 0.000000 0.000000 0.000000 0.000000 0.000000 0.000000 0.000000 0.000000 0.000000
4.874075 5.415815 6.078032 6.871283 7.800420 8.865536 10.061399 11.380217 12.816031 14.338017 0.000000 0.000000 0.000000 0.000000 0.000000 0.000000 0.000000 0.000000 0.000000 0.000000 0.000000 0.000000 0.000000 0.000000 0.000000 0.000000 0.000000 0.000000 0.000000 0.000000 0.000000 0.000000 0.000000 0.000000 0.000000 0.000000 0.000000 0.000000 0.000000 0.000000
5.037106 5.684424 6.458484 7.365110 8.403771 9.569682 10.854858 12.253691 13.735087 0.000000 0.000000 0.000000 0.000000 0.000000 0.000000 0.000000 0.000000 0.000000 0.000000 0.000000 0.000000 0.000000 0.000000 0.000000 0.000000 0.000000 0.000000 0.000000 0.000000 0.000000 0.000000 0.000000 0.000000 0.000000 0.000000 0.000000 0.000000 0.000000 0.000000 0.000000
5.324466 6.080814 6.965300 7.978640 9.115482 10.368377 11.731431 13.173790 0.000000 0.000000 0.000000 0.000000 0.000000 0.000000 0.000000 0.000000 0.000000 0.000000 0.000000 0.000000 0.000000 0.000000 0.000000 0.000000 0.000000 0.000000 0.000000 0.000000 0.000000 0.000000 0.000000 0.000000 0.000000 0.000000 0.000000 0.000000 0.000000 0.000000 0.000000 0.000000
5.736508 6.600489 7.588891 8.697862 9.919379 11.248017 12.652580 0.000000 0.000000 0.000000 0.000000 0.000000 0.000000 0.000000 0.000000 0.000000 0.000000 0.000000 0.000000 0.000000 0.000000 0.000000 0.000000 0.000000 0.000000 0.000000 0.000000 0.000000 0.000000 0.000000 0.000000 0.000000 0.000000 0.000000 0.000000 0.000000 0.000000 0.000000 0.000000 0.000000
6.268785 7.234026 8.315516 9.506897 10.802057 12.170215 0.000000 0.000000 0.000000 0.000000 0.000000 0.000000 0.000000 0.000000 0.000000 0.000000 0.000000 0.000000 0.000000 0.000000 0.000000 0.000000 0.000000 0.000000 0.000000 0.000000 0.000000 0.000000 0.000000 0.000000 0.000000 0.000000 0.000000 0.000000 0.000000 0.000000 0.000000 0.000000 0.000000 0.000000
6.912031 7.967948 9.129600 10.392560 11.725307 0.000000 0.000000 0.000000 0.000000 0.000000 0.000000 0.000000 0.000000 0.000000 0.000000 0.000000 0.000000 0.000000 0.000000 0.000000 0.000000 0.000000 0.000000 0.000000 0.000000 0.000000 0.000000 0.000000 0.000000 0.000000 0.000000 0.000000 0.000000 0.000000 0.000000 0.000000 0.000000 0.000000 0.000000 0.000000
7.653059 8.786980 10.018182 11.316844 0.000000 0.000000 0.000000 0.000000 0.000000 0.000000 0.000000 0.000000 0.000000 0.000000 0.000000 0.000000 0.000000 0.000000 0.000000 0.000000 0.000000 0.000000 0.000000 0.000000 0.000000 0.000000 0.000000 0.000000 0.000000 0.000000 0.000000 0.000000 0.000000 0.000000 0.000000 0.000000 0.000000 0.000000 0.000000 0.000000
8.476888 9.678418 10.943481 0.000000 0.000000 0.000000 0.000000 0.000000 0.000000 0.000000 0.000000 0.000000 0.000000 0.000000 0.000000 0.000000 0.000000 0.000000 0.000000 0.000000 0.000000 0.000000 0.000000 0.000000 0.000000 0.000000 0.000000 0.000000 0.000000 0.000000 0.000000 0.000000 0.000000 0.000000 0.000000 0.000000 0.000000 0.000000 0.000000 0.000000
9.371080 10.604733 0.000000 0.000000 0.000000 0.000000 0.000000 0.000000 0.000000 0.000000 0.000000 0.000000 0.000000 0.000000 0.000000 0.000000 0.000000 0.000000 0.000000 0.000000 0.000000 0.000000 0.000000 0.000000 0.000000 0.000000 0.000000 0.000000 0.000000 0.000000 0.000000 0.000000 0.000000 0.000000 0.000000 0.000000 0.000000 0.000000 0.000000 0.000000
10.298371 0.000000 0.000000 0.000000 0.000000 0.000000 0.000000 0.000000 0.000000 0.000000 0.000000 0.000000 0.000000 0.000000 0.000000 0.000000 0.000000 0.000000 0.000000 0.000000 0.000000 0.000000 0.000000 0.000000 0.000000 0.000000 0.000000 0.000000 0.000000 0.000000 0.000000 0.000000 0.000000 0.000000 0.000000 0.000000 0.000000 0.000000 0.000000 0.000000
