16.530224 17.595249 18.758337 20.015953 21.365789 22.801235 24.317280 25.907644 27.565212 29.284887 31.062164 32.879536 34.732582 36.635555 38.563942 40.525238 42.518253 44.543514 46.622246 48.771805 51.025715 53.419323 56.037804 58.986835 62.415630 66.454857 71.352638 77.438698 85.163185 95.297676 109.248604 130.090576 165.687439 239.000000
16.765987 17.910601 19.151999 20.485422 21.907391 23.410555 24.988867 26.635326 28.342583 30.105536 31.920013 33.768467 35.646904 37.570286 39.514488 41.487434 43.488285 45.517471 47.597656 49.744854 51.995098 54.383644 56.997234 59.943012 63.371086 67.410431 72.305962 78.382835 86.085175 96.178154 110.053543 130.728317 165.765778 0.000000
17.086653 18.308651 19.625042 21.029934 22.518753 24.083717 25.717892 27.413809 29.164106 30.963871 32.809570 34.683388 36.582161 38.521343 40.477219 42.458027 44.463200 46.493294 48.572510 50.715870 52.962334 55.347298 57.959091 60.905468 64.336037 68.376236 73.266891 79.329277 87.004440 97.053406 110.842056 131.193756 0.000000 0.000000
17.489588 18.785645 20.172665 21.643873 23.193676 24.814087 26.497620 28.236355 30.023262 31.853704 33.725037 35.619118 37.533661 39.484425 41.448189 43.433472 45.440041 47.468643 49.545315 51.684731 53.928799 56.313110 58.926945 61.877026 65.310791 69.349274 74.229866 80.272850 87.918297 97.911621 111.456306 0.000000 0.000000 0.000000
17.970926 19.336849 20.789459 22.321220 23.925678 25.594957 27.321249 29.096365 30.913761 32.769287 34.661175 36.570892 38.497208 40.455715 42.424007 44.410778 46.416321 48.442013 50.515900 52.652885 54.897423 57.284889 59.903801 62.858208 66.292511 70.324158 75.189850 81.210922 88.814934 98.594879 0.000000 0.000000 0.000000 0.000000
18.526030 19.956814 21.469269 23.055370 24.707945 26.419537 28.182198 29.987650 31.829971 33.705547 35.613441 37.534660 39.469006 41.431839 43.401630 45.387482 47.390560 49.413231 51.485691 53.623222 55.871788 58.265385 60.890026 63.846062 67.275925 71.295883 76.144302 82.131783 89.536331 0.000000 0.000000 0.000000 0.000000 0.000000
19.149420 20.639416 22.205551 23.839497 25.533712 27.281250 29.074299 30.904556 32.766781 34.657848 36.577557 38.506596 40.445587 42.409817 44.378788 46.362282 48.362762 50.383831 52.457588 54.599308 56.854866 59.255112 61.882797 64.835480 68.256050 72.262192 77.081528 82.877335 0.000000 0.000000 0.000000 0.000000 0.000000 0.000000
19.834951 21.378086 22.991550 24.666916 26.396494 28.174038 29.991934 31.841993 33.719620 35.622082 37.549835 39.483307 41.424057 43.387314 45.354008 47.335052 49.334305 51.356564 53.435123 55.583927 57.846966 60.251240 62.877037 65.821739 69.230865 73.211212 77.843422 0.000000 0.000000 0.000000 0.000000 0.000000 0.000000 0.000000
20.576185 22.166132 23.820511 25.531054 27.290121 29.092205 30.929983 32.795349 34.684303 36.594490 38.526844 40.461933 42.402084 44.363014 46.327297 48.307175 50.307995 52.334957 54.421139 56.577538 58.845371 61.248714 63.867981 66.802544 70.188446 73.984940 0.000000 0.000000 0.000000 0.000000 0.000000 0.000000 0.000000 0.000000
21.366383 22.996836 24.685940 26.425795 28.208986 30.030676 31.883858 33.760525 35.657169 37.571766 39.505764 41.440186 43.378300 45.336739 47.299908 49.281372 51.287228 53.321728 55.415936 57.577328 59.845024 62.242912 64.853539 67.766144 70.970680 0.000000 0.000000 0.000000 0.000000 0.000000 0.000000 0.000000 0.000000 0.000000
22.198935 23.863747 25.581779 27.345541 29.147987 30.984869 32.849384 34.733788 36.634918 38.551025 40.484314 42.416683 44.352539 46.309856 48.274612 50.261101 52.274715 54.317287 56.416843 58.578445 60.841480 63.231800 65.821945 68.554359 0.000000 0.000000 0.000000 0.000000 0.000000 0.000000 0.000000 0.000000 0.000000 0.000000
23.067377 24.760780 26.502436 28.285252 30.102613 31.950710 33.822948 35.711800 37.614582 39.529976 41.461151 43.391342 45.326214 47.285088 49.254856 51.249020 53.270878 55.318817 57.418949 59.576153 61.832584 64.203468 66.614983 0.000000 0.000000 0.000000 0.000000 0.000000 0.000000 0.000000 0.000000 0.000000 0.000000 0.000000
23.965693 25.682405 27.442852 29.240383 31.068810 32.924572 34.801262 36.691814 38.594006 40.507317 42.436161 44.365402 46.301846 48.265736 50.243149 52.245476 54.272972 56.321548 58.417763 60.568581 62.806465 64.999786 0.000000 0.000000 0.000000 0.000000 0.000000 0.000000 0.000000 0.000000 0.000000 0.000000 0.000000 0.000000
24.888380 26.623646 28.398590 30.207003 32.042980 33.903187 35.781494 37.671509 39.571747 41.482792 43.410637 45.341553 47.282845 49.254398 51.239906 53.247807 55.276173 57.320915 59.411228 61.543842 63.605015 0.000000 0.000000 0.000000 0.000000 0.000000 0.000000 0.000000 0.000000 0.000000 0.000000 0.000000 0.000000 0.000000
25.830507 27.580076 29.365705 31.181465 33.021820 34.883713 36.761425 38.649601 40.547710 42.457718 44.387138 46.323006 48.271786 50.251415 52.242428 54.251186 56.276066 58.315010 60.387573 62.343750 0.000000 0.000000 0.000000 0.000000 0.000000 0.000000 0.000000 0.000000 0.000000 0.000000 0.000000 0.000000 0.000000 0.000000
26.787617 28.547720 30.340599 32.160610 34.002663 35.864059 37.739815 39.625931 41.523129 43.434643 45.368912 47.312325 49.268982 51.254143 53.245998 55.251270 57.270691 59.291981 61.188560 0.000000 0.000000 0.000000 0.000000 0.000000 0.000000 0.000000 0.000000 0.000000 0.000000 0.000000 0.000000 0.000000 0.000000 0.000000
27.755819 29.523052 31.320120 33.141766 34.983326 36.842861 38.716476 40.601727 42.500511 44.416756 46.358456 48.309822 50.271767 52.257866 54.246281 56.246075 58.248158 60.093563 0.000000 0.000000 0.000000 0.000000 0.000000 0.000000 0.000000 0.000000 0.000000 0.000000 0.000000 0.000000 0.000000 0.000000 0.000000 0.000000
28.731627 30.503010 32.301651 34.122780 35.962528 37.819965 39.692673 41.579521 43.483040 45.406544 47.356125 49.312889 51.275547 53.258274 55.241268 57.223751 59.050282 0.000000 0.000000 0.000000 0.000000 0.000000 0.000000 0.000000 0.000000 0.000000 0.000000 0.000000 0.000000 0.000000 0.000000 0.000000 0.000000 0.000000
29.711996 31.484890 33.283020 35.102371 36.940090 38.796589 40.670830 42.562408 44.473175 46.404324 48.359253 50.316887 52.276020 54.253437 56.219162 58.026085 0.000000 0.000000 0.000000 0.000000 0.000000 0.000000 0.000000 0.000000 0.000000 0.000000 0.000000 0.000000 0.000000 0.000000 0.000000 0.000000 0.000000 0.000000
30.694275 32.466660 34.262985 36.080349 37.917217 39.775230 41.654099 43.552830 45.471218 47.407505 49.363293 51.317554 53.271210 55.231503 57.021702 0.000000 0.000000 0.000000 0.000000 0.000000 0.000000 0.000000 0.000000 0.000000 0.000000 0.000000 0.000000 0.000000 0.000000 0.000000 0.000000 0.000000 0.000000 0.000000
31.676477 33.447048 35.241413 37.057903 38.896286 40.758842 42.644806 44.551098 46.474617 48.411552 50.363956 52.312984 54.249336 56.034222 0.000000 0.000000 0.000000 0.000000 0.000000 0.000000 0.000000 0.000000 0.000000 0.000000 0.000000 0.000000 0.000000 0.000000 0.000000 0.000000 0.000000 0.000000 0.000000 0.000000
32.657337 34.425945 36.219448 38.037449 39.880333 41.749859 43.643261 45.554634 47.478806 49.412216 51.359425 53.291374 55.052158 0.000000 0.000000 0.000000 0.000000 0.000000 0.000000 0.000000 0.000000 0.000000 0.000000 0.000000 0.000000 0.000000 0.000000 0.000000 0.000000 0.000000 0.000000 0.000000 0.000000 0.000000
33.636734 35.404476 37.199448 39.021912 40.871693 42.748569 44.646957 46.558952 48.479687 50.407715 52.337868 54.094425 0.000000 0.000000 0.000000 0.000000 0.000000 0.000000 0.000000 0.000000 0.000000 0.000000 0.000000 0.000000 0.000000 0.000000 0.000000 0.000000 0.000000 0.000000 0.000000 0.000000 0.000000 0.000000
34.615757 36.384941 38.184341 40.013618 41.870663 43.752399 45.651375 47.559940 49.475357 51.386169 53.140987 0.000000 0.000000 0.000000 0.000000 0.000000 0.000000 0.000000 0.000000 0.000000 0.000000 0.000000 0.000000 0.000000 0.000000 0.000000 0.000000 0.000000 0.000000 0.000000 0.000000 0.000000 0.000000 0.000000
35.596764 37.370281 39.176418 41.012852 42.874657 44.756924 46.652447 48.555733 50.454018 52.189320 0.000000 0.000000 0.000000 0.000000 0.000000 0.000000 0.000000 0.000000 0.000000 0.000000 0.000000 0.000000 0.000000 0.000000 0.000000 0.000000 0.000000 0.000000 0.000000 0.000000 0.000000 0.000000 0.000000 0.000000
36.582561 38.362743 40.175938 42.017109 43.879368 45.758129 47.648365 49.534512 51.257416 0.000000 0.000000 0.000000 0.000000 0.000000 0.000000 0.000000 0.000000 0.000000 0.000000 0.000000 0.000000 0.000000 0.000000 0.000000 0.000000 0.000000 0.000000 0.000000 0.000000 0.000000 0.000000 0.000000 0.000000 0.000000
37.575447 39.362576 41.180393 43.021976 44.880703 46.754162 48.627300 50.338043 0.000000 0.000000 0.000000 0.000000 0.000000 0.000000 0.000000 0.000000 0.000000 0.000000 0.000000 0.000000 0.000000 0.000000 0.000000 0.000000 0.000000 0.000000 0.000000 0.000000 0.000000 0.000000 0.000000 0.000000 0.000000 0.000000
38.575607 40.367283 42.185448 44.023506 45.876919 47.733242 49.430958 0.000000 0.000000 0.000000 0.000000 0.000000 0.000000 0.000000 0.000000 0.000000 0.000000 0.000000 0.000000 0.000000 0.000000 0.000000 0.000000 0.000000 0.000000 0.000000 0.000000 0.000000 0.000000 0.000000 0.000000 0.000000 0.000000 0.000000
39.580597 41.372574 43.187172 45.019913 46.856155 48.537045 0.000000 0.000000 0.000000 0.000000 0.000000 0.000000 0.000000 0.000000 0.000000 0.000000 0.000000 0.000000 0.000000 0.000000 0.000000 0.000000 0.000000 0.000000 0.000000 0.000000 0.000000 0.000000 0.000000 0.000000 0.000000 0.000000 0.000000 0.000000
40.586143 42.374519 44.183788 45.999359 47.660141 0.000000 0.000000 0.000000 0.000000 0.000000 0.000000 0.000000 0.000000 0.000000 0.000000 0.000000 0.000000 0.000000 0.000000 0.000000 0.000000 0.000000 0.000000 0.000000 0.000000 0.000000 0.000000 0.000000 0.000000 0.000000 0.000000 0.000000 0.000000 0.000000
41.588322 43.371357 45.163456 46.803577 0.000000 0.000000 0.000000 0.000000 0.000000 0.000000 0.000000 0.000000 0.000000 0.000000 0.000000 0.000000 0.000000 0.000000 0.000000 0.000000 0.000000 0.000000 0.000000 0.000000 0.000000 0.000000 0.000000 0.000000 0.000000 0.000000 0.000000 0.000000 0.000000 0.000000
42.585457 44.351295 45.967918 0.000000 0.000000 0.000000 0.000000 0.000000 0.000000 0.000000 0.000000 0.000000 0.000000 0.000000 0.000000 0.000000 0.000000 0.000000 0.000000 0.000000 0.000000 0.000000 0.000000 0.000000 0.000000 0.000000 0.000000 0.000000 0.000000 0.000000 0.000000 0.000000 0.000000 0.000000
43.565655 45.155968 0.000000 0.000000 0.000000 0.000000 0.000000 0.000000 0.000000 0.000000 0.000000 0.000000 0.000000 0.000000 0.000000 0.000000 0.000000 0.000000 0.000000 0.000000 0.000000 0.000000 0.000000 0.000000 0.000000 0.000000 0.000000 0.000000 0.000000 0.000000 0.000000 0.000000 0.000000 0.000000
44.370602 0.000000 0.000000 0.000000 0.000000 0.000000 0.000000 0.000000 0.000000 0.000000 0.000000 0.000000 0.000000 0.000000 0.000000 0.000000 0.000000 0.000000 0.000000 0.000000 0.000000 0.000000 0.000000 0.000000 0.000000 0.000000 0.000000 0.000000 0.000000 0.000000 0.000000 0.000000 0.000000 0.000000
