25.818655 26.220167 26.677940 27.193457 27.766777 28.396011 29.079397 29.812738 30.590538 31.408148 32.259518 33.140873 34.047382 34.978458 35.940388 36.951340 38.051437 39.312923 40.853405 42.846954 45.606525 49.814892 57.133709 71.536812 103.000000
24.800310 25.201279 25.658436 26.173256 26.745800 27.374184 28.056646 28.788994 29.565742 30.382244 31.232466 32.112625 33.017906 33.947731 34.908394 35.918190 37.017651 38.280956 39.832001 41.863213 44.729519 49.182606 56.927925 71.782593 0.000000
23.774069 24.174538 24.631113 25.145288 25.717117 26.344713 27.026318 27.757757 28.533525 29.349009 30.198158 31.077219 31.981365 32.910046 33.869701 34.879078 35.980629 37.255043 38.844563 40.984734 44.106030 49.029869 57.346394 0.000000 0.000000
22.754322 23.154348 23.610416 24.124020 24.695211 25.322105 26.002954 26.733576 27.508486 28.323053 29.171259 30.049341 30.952515 31.880346 32.839779 33.851463 34.964489 36.277824 37.976704 40.372658 43.972187 49.503536 0.000000 0.000000 0.000000
21.743404 22.143057 22.598694 23.111816 23.682478 24.308781 24.988987 25.718914 26.493095 27.306896 28.154295 29.031578 29.934063 30.861855 31.823841 32.847279 33.999626 35.422523 37.376823 40.250565 44.465511 0.000000 0.000000 0.000000 0.000000
20.741699 21.141056 21.596352 22.109087 22.679314 23.305138 23.984816 24.714188 25.487766 26.300920 27.147694 28.024475 28.927113 29.857634 30.831535 31.894508 33.156719 34.834881 37.265438 40.753864 0.000000 0.000000 0.000000 0.000000 0.000000
19.747499 20.146635 20.601660 21.114098 21.683985 22.309429 22.988699 23.717619 24.490725 25.303400 26.149817 27.026880 27.932327 28.874886 29.888414 31.061453 32.579010 34.732483 37.775330 0.000000 0.000000 0.000000 0.000000 0.000000 0.000000
18.758173 19.157164 19.612011 20.124228 20.693851 21.318996 21.997938 22.726500 23.499233 24.311649 25.158419 26.038378 26.955839 27.938017 29.061590 30.490013 32.482601 35.246601 0.000000 0.000000 0.000000 0.000000 0.000000 0.000000 0.000000
17.771564 18.170475 18.625206 19.137278 19.706713 20.331627 21.010290 21.738594 22.511131 23.323961 24.173641 25.065529 26.022367 27.114208 28.492901 30.396254 32.998680 0.000000 0.000000 0.000000 0.000000 0.000000 0.000000 0.000000 0.000000
16.786966 17.185915 17.640642 18.152658 18.721987 19.346739 20.025206 20.753408 21.526403 22.342163 23.203606 24.134466 25.200258 26.546333 28.399374 30.912273 0.000000 0.000000 0.000000 0.000000 0.000000 0.000000 0.000000 0.000000 0.000000
15.805663 16.204809 16.659689 17.171789 17.741125 18.365847 19.044348 19.773088 20.549006 21.376347 22.276211 23.314907 24.633299 26.452200 28.914093 0.000000 0.000000 0.000000 0.000000 0.000000 0.000000 0.000000 0.000000 0.000000 0.000000
14.830758 15.230380 15.685651 16.198074 16.767662 17.392628 18.071848 18.803604 19.590952 20.456057 21.462248 22.751045 24.539413 26.965267 0.000000 0.000000 0.000000 0.000000 0.000000 0.000000 0.000000 0.000000 0.000000 0.000000 0.000000
13.867019 14.267496 14.723560 15.236664 15.806930 16.432980 17.115425 17.858541 18.682936 19.652472 20.905294 22.659576 25.051342 0.000000 0.000000 0.000000 0.000000 0.000000 0.000000 0.000000 0.000000 0.000000 0.000000 0.000000 0.000000
12.920525 13.322453 13.779870 14.294291 14.866206 15.495899 16.189804 16.969250 17.895813 19.107540 20.819571 23.171545 0.000000 0.000000 0.000000 0.000000 0.000000 0.000000 0.000000 0.000000 0.000000 0.000000 0.000000 0.000000 0.000000
11.998534 12.402721 12.862347 13.379268 13.955540 14.596981 15.326556 16.205633 17.368900 19.031643 21.333225 0.000000 0.000000 0.000000 0.000000 0.000000 0.000000 0.000000 0.000000 0.000000 0.000000 0.000000 0.000000 0.000000 0.000000
11.109306 11.516878 11.980157 12.502432 13.091049 13.767675 14.594127 15.703483 17.307508 19.548925 0.000000 0.000000 0.000000 0.000000 0.000000 0.000000 0.000000 0.000000 0.000000 0.000000 0.000000 0.000000 0.000000 0.000000 0.000000
10.261961 10.674629 11.144598 11.680136 12.303714 13.074344 14.123780 15.661632 17.830647 0.000000 0.000000 0.000000 0.000000 0.000000 0.000000 0.000000 0.000000 0.000000 0.000000 0.000000 0.000000 0.000000 0.000000 0.000000 0.000000
9.466531 9.887551 10.372052 10.942589 11.657375 12.643019 14.106784 16.193018 0.000000 0.000000 0.000000 0.000000 0.000000 0.000000 0.000000 0.000000 0.000000 0.000000 0.000000 0.000000 0.000000 0.000000 0.000000 0.000000 0.000000
8.734467 9.171588 9.691463 10.350561 11.271949 12.656099 14.648892 0.000000 0.000000 0.000000 0.000000 0.000000 0.000000 0.000000 0.000000 0.000000 0.000000 0.000000 0.000000 0.000000 0.000000 0.000000 0.000000 0.000000 0.000000
8.080970 8.554150 9.160158 10.017238 11.320051 13.211350 0.000000 0.000000 0.000000 0.000000 0.000000 0.000000 0.000000 0.000000 0.000000 0.000000 0.000000 0.000000 0.000000 0.000000 0.000000 0.000000 0.000000 0.000000 0.000000
7.531511 8.088676 8.884043 10.104630 11.890696 0.000000 0.000000 0.000000 0.000000 0.000000 0.000000 0.000000 0.000000 0.000000 0.000000 0.000000 0.000000 0.000000 0.000000 0.000000 0.000000 0.000000 0.000000 0.000000 0.000000
7.135389 7.873527 9.014105 10.692584 0.000000 0.000000 0.000000 0.000000 0.000000 0.000000 0.000000 0.000000 0.000000 0.000000 0.000000 0.000000 0.000000 0.000000 0.000000 0.000000 0.000000 0.000000 0.000000 0.000000 0.000000
6.983389 8.048522 9.620837 0.000000 0.000000 0.000000 0.000000 0.000000 0.000000 0.000000 0.000000 0.000000 0.000000 0.000000 0.000000 0.000000 0.000000 0.000000 0.000000 0.000000 0.000000 0.000000 0.000000 0.000000 0.000000
7.204392 8.674984 0.000000 0.000000 0.000000 0.000000 0.000000 0.000000 0.000000 0.000000 0.000000 0.000000 0.000000 0.000000 0.000000 0.000000 0.000000 0.000000 0.000000 0.000000 0.000000 0.000000 0.000000 0.000000 0.000000
7.850973 0.000000 0.000000 0.000000 0.000000 0.000000 0.000000 0.000000 0.000000 0.000000 0.000000 0.000000 0.000000 0.000000 0.000000 0.000000 0.000000 0.000000 0.000000 0.000000 0.000000 0.000000 0.000000 0.000000 0.000000
