18.474613 19.743921 21.099560 22.538103 24.051262 25.631832 27.270464 28.964266 30.712776 32.502937 34.317844 36.164825 38.030010 39.902130 41.787907 43.681210 45.579613 47.482784 49.379875 51.282520 53.188587 55.105171 57.004726 58.909756 60.837692 62.777351 64.768600 66.840347 69.018120 71.367287 73.969215 76.952202 80.399994 84.534828 89.717690 96.644661 106.859222 124.080986 157.769958 232.000000
18.099312 19.391996 20.769323 22.227385 23.757828 25.353296 27.004410 28.708418 30.465033 32.261593 34.080959 35.931149 37.798370 39.671612 41.557423 43.450100 45.347355 47.248665 49.143757 51.044178 52.947739 54.861973 56.758781 58.660877 60.586063 62.523251 64.511650 66.580894 68.756538 71.104294 73.705994 76.690834 80.144958 84.289345 89.487503 96.436867 106.673721 123.888641 157.487213 0.000000
18.139643 19.472206 20.886551 22.378019 23.938148 25.559378 27.232239 28.954275 30.725582 32.534092 34.362301 36.219398 38.091553 39.968307 41.855881 43.749298 45.646404 47.546406 49.440010 51.338531 53.239754 55.151844 57.046127 58.945370 60.867996 62.803196 64.789230 66.856766 69.031990 71.381210 73.986855 76.980057 80.450256 84.615936 89.843910 96.831940 107.104507 124.295197 0.000000 0.000000
18.452873 19.832695 21.290751 22.821405 24.416203 26.067421 27.765476 29.508427 31.296663 33.119049 34.957561 36.822704 38.700863 40.581856 42.471764 44.366325 46.263565 48.162441 50.054626 51.951305 53.850155 55.760235 57.652073 59.548759 61.469101 63.402916 65.387459 67.454773 69.632416 71.986862 74.601791 77.609856 81.103363 85.296326 90.557495 97.582771 107.859863 0.000000 0.000000 0.000000
18.931580 20.360195 21.863064 23.433495 25.063221 26.744425 28.467443 30.230993 32.035686 33.871632 35.720074 37.592941 39.476845 41.361832 43.253857 45.149364 47.046608 48.944221 50.834919 52.729622 54.625946 56.533966 58.423748 60.318378 62.236835 64.170181 66.154892 68.224457 70.408394 72.773300 75.403297 78.432236 81.952255 86.172043 91.461067 98.487732 0.000000 0.000000 0.000000 0.000000
19.519049 20.994730 22.540375 24.148346 25.810720 27.519634 29.265474 31.047695 32.867123 34.715168 36.572254 38.451710 40.340473 42.228668 44.122253 46.018246 47.915073 49.811226 51.700344 53.592903 55.486584 57.392525 59.280701 61.173969 63.091446 65.025864 67.013428 69.088898 71.284164 73.665291 76.315704 79.368431 82.913185 87.153755 92.435349 0.000000 0.000000 0.000000 0.000000 0.000000
20.184601 21.703825 23.288601 24.930441 26.621897 28.355202 30.120905 31.919241 33.751072 35.609333 37.473419 39.358025 41.250519 43.140942 45.035339 46.931229 48.827175 50.721649 52.609177 54.499393 56.390388 58.294353 60.181755 62.074795 63.992680 65.930702 67.924973 70.011078 72.223595 74.625854 77.299179 80.374069 83.937103 88.164001 0.000000 0.000000 0.000000 0.000000 0.000000 0.000000
20.909946 22.468306 24.087751 25.759178 27.475672 29.229694 31.012033 32.823734 34.665623 36.532043 38.401474 40.289719 42.184719 44.076393 45.970917 47.866100 49.760757 51.653343 53.539234 55.427116 57.315517 59.217892 61.105675 63.000248 64.920929 66.866264 68.872208 70.974548 73.209244 75.634895 78.329308 81.420334 84.966782 0.000000 0.000000 0.000000 0.000000 0.000000 0.000000 0.000000
21.683025 23.275724 24.925133 26.621702 28.359093 30.130211 31.926132 33.748512 35.598217 37.470997 39.344215 41.234726 43.131020 45.023010 46.916965 48.810982 50.703911 52.594475 54.478870 56.364532 58.250713 60.152271 62.042381 63.940998 65.868179 67.825630 69.848755 71.972336 74.231277 76.678246 79.387444 82.460571 0.000000 0.000000 0.000000 0.000000 0.000000 0.000000 0.000000 0.000000
22.495131 24.117332 25.792084 27.509537 29.263903 31.048704 32.855400 34.686012 36.541573 38.419094 40.294724 42.186363 44.082867 45.974426 47.867264 49.759655 51.650703 53.539215 55.422176 57.306049 59.190903 61.093136 62.988335 64.894661 66.833099 68.808098 70.853317 73.000275 75.281120 77.743187 80.432892 0.000000 0.000000 0.000000 0.000000 0.000000 0.000000 0.000000 0.000000 0.000000
23.339436 24.986515 26.682257 28.416683 30.184443 31.979961 33.794987 35.631695 37.491352 39.372181 41.249065 43.140900 45.036716 46.927242 48.818485 50.708996 52.597973 54.484509 56.366550 58.249504 60.134449 62.039898 63.944012 65.862724 67.817993 69.815208 71.884552 74.052696 76.349174 78.792046 0.000000 0.000000 0.000000 0.000000 0.000000 0.000000 0.000000 0.000000 0.000000 0.000000
24.210306 25.877953 27.590782 29.338699 31.116693 32.920361 34.741524 36.582432 38.444752 40.327713 42.204861 44.096169 45.990692 47.879658 49.769054 51.657566 53.544594 55.429653 57.311417 59.194927 61.082382 62.994766 64.912605 66.848938 68.825905 70.847397 72.938522 75.121948 77.399406 0.000000 0.000000 0.000000 0.000000 0.000000 0.000000 0.000000 0.000000 0.000000 0.000000 0.000000
25.102955 26.787283 28.513691 30.272104 32.057652 33.867271 35.692734 37.536282 39.399998 41.284107 43.160755 45.050972 46.943752 48.830883 50.718292 52.604881 54.490406 56.374775 58.257618 60.144173 62.037766 63.961857 65.898720 67.857277 69.858101 71.901459 74.008141 76.172455 0.000000 0.000000 0.000000 0.000000 0.000000 0.000000 0.000000 0.000000 0.000000 0.000000 0.000000 0.000000
26.013163 27.710752 29.447725 31.214066 33.004978 34.818756 36.646957 38.491798 40.355877 42.240330 44.115875 46.004635 47.895451 49.780594 51.666088 53.551121 55.435982 57.321167 59.207420 61.100487 63.004894 64.946121 66.906525 68.889168 70.911636 72.970703 75.058525 0.000000 0.000000 0.000000 0.000000 0.000000 0.000000 0.000000 0.000000 0.000000 0.000000 0.000000 0.000000 0.000000
26.937399 28.645287 30.390224 32.162430 33.956890 35.773323 37.602962 39.448009 41.311592 43.195717 45.069763 46.956844 48.845638 50.728886 52.612873 54.497223 56.382809 58.271198 60.164219 62.068447 63.988899 65.952065 67.937775 69.942085 71.980118 74.020424 0.000000 0.000000 0.000000 0.000000 0.000000 0.000000 0.000000 0.000000 0.000000 0.000000 0.000000 0.000000 0.000000 0.000000
27.872686 29.588341 31.339003 33.115337 34.911926 36.729786 38.559822 40.404251 42.266617 44.149864 46.022243 47.907539 49.794498 51.676224 53.559467 55.444565 57.333313 59.228382 61.132668 63.053177 64.994240 66.981422 68.989700 71.009666 73.028976 0.000000 0.000000 0.000000 0.000000 0.000000 0.000000 0.000000 0.000000 0.000000 0.000000 0.000000 0.000000 0.000000 0.000000 0.000000
28.816483 30.537794 32.292305 34.071358 35.868931 37.687244 39.516884 41.360004 43.220665 45.102722 46.973446 48.857010 50.742405 52.623428 54.507370 56.395584 58.290932 60.197205 62.117867 64.059151 66.022942 68.031769 70.056259 72.057365 0.000000 0.000000 0.000000 0.000000 0.000000 0.000000 0.000000 0.000000 0.000000 0.000000 0.000000 0.000000 0.000000 0.000000 0.000000 0.000000
29.766701 31.491924 33.248672 35.029282 36.826912 38.644875 40.473629 42.314999 44.173595 46.054195 47.923454 49.805676 51.690216 53.571896 55.458904 57.353630 59.260105 61.182598 63.123997 65.087990 67.072227 69.096756 71.102798 0.000000 0.000000 0.000000 0.000000 0.000000 0.000000 0.000000 0.000000 0.000000 0.000000 0.000000 0.000000 0.000000 0.000000 0.000000 0.000000 0.000000
30.721546 32.449230 34.206966 35.988163 37.785114 39.602127 41.429630 43.269051 45.125359 47.004459 48.872883 50.754364 52.639282 54.523956 56.417427 58.323097 60.245636 62.188789 64.152786 66.137169 68.136002 70.141960 0.000000 0.000000 0.000000 0.000000 0.000000 0.000000 0.000000 0.000000 0.000000 0.000000 0.000000 0.000000 0.000000 0.000000 0.000000 0.000000 0.000000 0.000000
31.679495 33.408463 35.166161 36.947121 38.742809 40.558418 42.384552 44.221970 46.075958 47.953815 49.822296 51.704288 53.591667 55.482677 57.386959 59.308590 61.251602 63.217197 65.201454 67.200439 69.179657 0.000000 0.000000 0.000000 0.000000 0.000000 0.000000 0.000000 0.000000 0.000000 0.000000 0.000000 0.000000 0.000000 0.000000 0.000000 0.000000 0.000000 0.000000 0.000000
32.639259 34.368546 36.125408 37.905514 39.699497 41.513378 43.338116 45.173759 47.025726 48.902920 50.773041 52.657566 54.550552 56.452213 58.372242 60.314152 62.279469 64.265213 66.263840 68.243233 0.000000 0.000000 0.000000 0.000000 0.000000 0.000000 0.000000 0.000000 0.000000 0.000000 0.000000 0.000000 0.000000 0.000000 0.000000 0.000000 0.000000 0.000000 0.000000 0.000000
33.599804 35.328606 37.084091 38.862946 40.654934 42.466934 44.290306 46.124649 47.975212 49.852997 51.727119 53.617237 55.520168 57.437325 59.377392 61.341335 63.326599 65.326637 67.305473 0.000000 0.000000 0.000000 0.000000 0.000000 0.000000 0.000000 0.000000 0.000000 0.000000 0.000000 0.000000 0.000000 0.000000 0.000000 0.000000 0.000000 0.000000 0.000000 0.000000 0.000000
34.560295 36.288013 38.041683 39.819118 41.608955 43.419128 45.241440 47.075260 48.925690 50.806080 52.687531 54.587345 56.505001 58.441948 60.403873 62.387527 64.386879 66.367050 0.000000 0.000000 0.000000 0.000000 0.000000 0.000000 0.000000 0.000000 0.000000 0.000000 0.000000 0.000000 0.000000 0.000000 0.000000 0.000000 0.000000 0.000000 0.000000 0.000000 0.000000 0.000000
35.520164 37.246307 38.997932 40.773975 42.561707 44.370369 46.192188 48.026798 49.879097 51.765152 53.658211 55.572468 57.509159 59.467693 61.449074 63.446640 65.425980 0.000000 0.000000 0.000000 0.000000 0.000000 0.000000 0.000000 0.000000 0.000000 0.000000 0.000000 0.000000 0.000000 0.000000 0.000000 0.000000 0.000000 0.000000 0.000000 0.000000 0.000000 0.000000 0.000000
36.479012 38.203285 39.952709 41.727646 43.513607 45.321400 47.143890 48.981281 50.838596 52.734325 54.643608 56.576550 58.534225 60.511990 62.507008 64.484436 0.000000 0.000000 0.000000 0.000000 0.000000 0.000000 0.000000 0.000000 0.000000 0.000000 0.000000 0.000000 0.000000 0.000000 0.000000 0.000000 0.000000 0.000000 0.000000 0.000000 0.000000 0.000000 0.000000 0.000000
37.436577 39.158779 40.906078 42.680470 44.465340 46.273525 48.098637 49.941788 51.808140 53.718128 55.647686 57.601151 59.577595 61.568798 63.543522 0.000000 0.000000 0.000000 0.000000 0.000000 0.000000 0.000000 0.000000 0.000000 0.000000 0.000000 0.000000 0.000000 0.000000 0.000000 0.000000 0.000000 0.000000 0.000000 0.000000 0.000000 0.000000 0.000000 0.000000 0.000000
38.392750 40.112946 41.858349 43.633049 45.418171 47.228783 49.059441 50.912254 52.792267 54.720570 56.671925 58.643745 60.633339 62.604023 0.000000 0.000000 0.000000 0.000000 0.000000 0.000000 0.000000 0.000000 0.000000 0.000000 0.000000 0.000000 0.000000 0.000000 0.000000 0.000000 0.000000 0.000000 0.000000 0.000000 0.000000 0.000000 0.000000 0.000000 0.000000 0.000000
39.347645 41.066055 42.810192 44.586514 46.374062 48.190086 50.030209 51.897099 53.794807 55.743229 57.713871 59.698452 61.667305 0.000000 0.000000 0.000000 0.000000 0.000000 0.000000 0.000000 0.000000 0.000000 0.000000 0.000000 0.000000 0.000000 0.000000 0.000000 0.000000 0.000000 0.000000 0.000000 0.000000 0.000000 0.000000 0.000000 0.000000 0.000000 0.000000 0.000000
40.301514 42.018772 43.762768 45.542774 47.335899 49.161259 51.015282 52.900131 54.817265 56.783642 58.767628 60.731216 0.000000 0.000000 0.000000 0.000000 0.000000 0.000000 0.000000 0.000000 0.000000 0.000000 0.000000 0.000000 0.000000 0.000000 0.000000 0.000000 0.000000 0.000000 0.000000 0.000000 0.000000 0.000000 0.000000 0.000000 0.000000 0.000000 0.000000 0.000000
41.255035 42.972298 44.718075 46.504688 48.307392 50.146538 52.018360 53.922695 55.857117 57.835976 59.799171 0.000000 0.000000 0.000000 0.000000 0.000000 0.000000 0.000000 0.000000 0.000000 0.000000 0.000000 0.000000 0.000000 0.000000 0.000000 0.000000 0.000000 0.000000 0.000000 0.000000 0.000000 0.000000 0.000000 0.000000 0.000000 0.000000 0.000000 0.000000 0.000000
42.209354 43.928505 45.678925 47.475960 49.292835 51.149620 53.040787 54.962402 56.908550 58.866341 0.000000 0.000000 0.000000 0.000000 0.000000 0.000000 0.000000 0.000000 0.000000 0.000000 0.000000 0.000000 0.000000 0.000000 0.000000 0.000000 0.000000 0.000000 0.000000 0.000000 0.000000 0.000000 0.000000 0.000000 0.000000 0.000000 0.000000 0.000000 0.000000 0.000000
43.166389 44.890297 46.649090 48.460838 50.295692 52.171711 54.079967 56.013309 57.937538 0.000000 0.000000 0.000000 0.000000 0.000000 0.000000 0.000000 0.000000 0.000000 0.000000 0.000000 0.000000 0.000000 0.000000 0.000000 0.000000 0.000000 0.000000 0.000000 0.000000 0.000000 0.000000 0.000000 0.000000 0.000000 0.000000 0.000000 0.000000 0.000000 0.000000 0.000000
44.128986 45.861351 47.632816 49.463009 51.317364 53.210278 55.130066 57.041515 0.000000 0.000000 0.000000 0.000000 0.000000 0.000000 0.000000 0.000000 0.000000 0.000000 0.000000 0.000000 0.000000 0.000000 0.000000 0.000000 0.000000 0.000000 0.000000 0.000000 0.000000 0.000000 0.000000 0.000000 0.000000 0.000000 0.000000 0.000000 0.000000 0.000000 0.000000 0.000000
45.100773 46.845852 48.633808 50.483837 52.355247 54.259533 56.157257 0.000000 0.000000 0.000000 0.000000 0.000000 0.000000 0.000000 0.000000 0.000000 0.000000 0.000000 0.000000 0.000000 0.000000 0.000000 0.000000 0.000000 0.000000 0.000000 0.000000 0.000000 0.000000 0.000000 0.000000 0.000000 0.000000 0.000000 0.000000 0.000000 0.000000 0.000000 0.000000 0.000000
46.085926 47.847435 49.653366 51.520748 53.403603 55.285702 0.000000 0.000000 0.000000 0.000000 0.000000 0.000000 0.000000 0.000000 0.000000 0.000000 0.000000 0.000000 0.000000 0.000000 0.000000 0.000000 0.000000 0.000000 0.000000 0.000000 0.000000 0.000000 0.000000 0.000000 0.000000 0.000000 0.000000 0.000000 0.000000 0.000000 0.000000 0.000000 0.000000 0.000000
47.087940 48.867382 50.689095 52.568138 54.428753 0.000000 0.000000 0.000000 0.000000 0.000000 0.000000 0.000000 0.000000 0.000000 0.000000 0.000000 0.000000 0.000000 0.000000 0.000000 0.000000 0.000000 0.000000 0.000000 0.000000 0.000000 0.000000 0.000000 0.000000 0.000000 0.000000 0.000000 0.000000 0.000000 0.000000 0.000000 0.000000 0.000000 0.000000 0.000000
48.108063 49.903133 51.735291 53.592274 0.000000 0.000000 0.000000 0.000000 0.000000 0.000000 0.000000 0.000000 0.000000 0.000000 0.000000 0.000000 0.000000 0.000000 0.000000 0.000000 0.000000 0.000000 0.000000 0.000000 0.000000 0.000000 0.000000 0.000000 0.000000 0.000000 0.000000 0.000000 0.000000 0.000000 0.000000 0.000000 0.000000 0.000000 0.000000 0.000000
49.143684 50.949108 52.758179 0.000000 0.000000 0.000000 0.000000 0.000000 0.000000 0.000000 0.000000 0.000000 0.000000 0.000000 0.000000 0.000000 0.000000 0.000000 0.000000 0.000000 0.000000 0.000000 0.000000 0.000000 0.000000 0.000000 0.000000 0.000000 0.000000 0.000000 0.000000 0.000000 0.000000 0.000000 0.000000 0.000000 0.000000 0.000000 0.000000 0.000000
50.189194 51.971531 0.000000 0.000000 0.000000 0.000000 0.000000 0.000000 0.000000 0.000000 0.000000 0.000000 0.000000 0.000000 0.000000 0.000000 0.000000 0.000000 0.000000 0.000000 0.000000 0.000000 0.000000 0.000000 0.000000 0.000000 0.000000 0.000000 0.000000 0.000000 0.000000 0.000000 0.000000 0.000000 0.000000 0.000000 0.000000 0.000000 0.000000 0.000000
51.210949 0.000000 0.000000 0.000000 0.000000 0.000000 0.000000 0.000000 0.000000 0.000000 0.000000 0.000000 0.000000 0.000000 0.000000 0.000000 0.000000 0.000000 0.000000 0.000000 0.000000 0.000000 0.000000 0.000000 0.000000 0.000000 0.000000 0.000000 0.000000 0.000000 0.000000 0.000000 0.000000 0.000000 0.000000 0.000000 0.000000 0.000000 0.000000 0.000000
