11.150275 12.149866 13.277552 14.528441 15.900484 17.378523 18.958920 20.627110 22.375479 24.181530 26.045935 27.940865 29.864470 31.809685 33.770935 35.747189 37.775303 39.843746 42.045563 44.416111 47.125309 50.284626 54.116852 58.909924 65.257515 74.587822 90.938446 127.000000
11.364125 12.464817 13.691939 15.038182 16.498995 18.057470 19.708452 21.436596 23.235722 25.081493 26.977964 28.896088 30.835808 32.791191 34.757683 36.735168 38.762604 40.827534 43.024754 45.387955 48.087601 51.233639 55.048359 59.817005 66.125389 75.368652 91.382492 0.000000
11.687772 12.885894 14.206526 15.640207 17.180336 18.808868 20.519569 22.296942 24.136721 26.012945 27.933277 29.867495 31.817442 33.778297 35.746593 37.723011 39.748260 41.808861 44.000660 46.355572 49.044521 52.176449 55.973709 60.719204 66.984497 76.027748 0.000000 0.000000
12.116476 13.406271 14.812646 16.324499 17.933615 19.621519 21.381321 23.197853 25.069105 26.967630 28.904728 30.849188 32.804688 34.767540 36.735344 38.709328 40.731445 42.786972 44.972355 47.317924 49.995388 53.113373 56.894337 61.612564 67.720818 0.000000 0.000000 0.000000
12.643415 14.017307 15.500311 17.080200 18.747677 20.484478 22.283409 24.129999 26.024632 27.938509 29.886486 31.836527 33.794147 35.756660 37.722572 39.693230 41.711369 43.760887 45.938808 48.274246 50.940472 54.045753 57.806297 62.382824 0.000000 0.000000 0.000000 0.000000
13.259958 14.709058 16.258715 17.896183 19.611660 21.387516 23.216553 25.085192 26.996271 28.919788 30.873976 32.826183 34.783562 36.744320 38.707401 40.673962 42.687130 44.729572 46.899292 49.224926 51.881187 54.969570 58.595104 0.000000 0.000000 0.000000 0.000000 0.000000
13.956223 15.470787 17.076818 18.761629 20.515377 22.321360 24.172590 26.056505 27.978256 29.906940 31.863846 33.815842 35.771564 37.729588 39.689037 41.650482 43.657669 45.692345 47.854267 50.171391 52.813438 55.770226 0.000000 0.000000 0.000000 0.000000 0.000000 0.000000
14.721536 16.291512 17.943874 19.666418 21.449635 23.277922 25.144629 27.038221 28.966097 30.896643 32.853802 34.804176 36.757233 38.711666 40.666523 42.621853 44.622387 46.649704 48.805084 51.109470 53.622601 0.000000 0.000000 0.000000 0.000000 0.000000 0.000000 0.000000
15.545070 17.160614 18.849876 20.601463 22.406450 24.250355 26.127001 28.025888 29.956453 31.886635 33.842491 35.790230 37.739738 39.689625 41.638840 43.587418 45.581715 47.603012 49.747635 51.924496 0.000000 0.000000 0.000000 0.000000 0.000000 0.000000 0.000000 0.000000
16.416283 18.068161 19.785789 21.558840 23.379053 25.233065 27.115301 29.016230 30.947113 32.875481 34.828964 36.773182 38.718136 40.662445 42.605473 44.547729 46.537113 48.548069 50.567135 0.000000 0.000000 0.000000 0.000000 0.000000 0.000000 0.000000 0.000000 0.000000
17.325392 19.005251 20.743818 22.531860 24.361925 26.221693 28.106260 30.006992 31.936623 33.862175 35.812340 37.752029 39.691452 41.629635 43.566887 45.504177 47.484371 49.370144 0.000000 0.000000 0.000000 0.000000 0.000000 0.000000 0.000000 0.000000 0.000000 0.000000
18.263617 19.964155 21.717358 23.515100 25.350761 27.213013 29.097664 30.996716 32.924007 34.845837 36.791649 38.725842 40.659191 42.591682 44.524536 46.452518 48.308643 0.000000 0.000000 0.000000 0.000000 0.000000 0.000000 0.000000 0.000000 0.000000 0.000000 0.000000
19.223377 20.938379 22.701044 24.504292 26.342377 28.204817 30.088053 31.984362 33.908363 35.825493 37.765923 39.694111 41.621876 43.550056 45.474167 47.277935 0.000000 0.000000 0.000000 0.000000 0.000000 0.000000 0.000000 0.000000 0.000000 0.000000 0.000000 0.000000
20.198252 21.922640 23.690687 25.496307 27.334566 29.195646 31.076399 32.969040 34.888691 36.800148 38.734756 40.657425 42.580963 44.500473 46.300880 0.000000 0.000000 0.000000 0.000000 0.000000 0.000000 0.000000 0.000000 0.000000 0.000000 0.000000 0.000000 0.000000
21.183071 22.912832 24.683193 26.488953 28.325872 30.184483 32.061771 33.949726 35.864056 37.769390 39.698715 41.617241 43.532169 45.328018 0.000000 0.000000 0.000000 0.000000 0.000000 0.000000 0.000000 0.000000 0.000000 0.000000 0.000000 0.000000 0.000000 0.000000
22.173796 23.905878 25.676382 27.480778 29.315226 31.170357 33.043156 34.925499 36.834084 38.733864 40.659233 42.569233 44.360538 0.000000 0.000000 0.000000 0.000000 0.000000 0.000000 0.000000 0.000000 0.000000 0.000000 0.000000 0.000000 0.000000 0.000000 0.000000
23.167406 24.899656 26.668789 28.470682 30.301661 32.152283 34.019661 35.895981 37.799416 39.694981 41.612003 43.398438 0.000000 0.000000 0.000000 0.000000 0.000000 0.000000 0.000000 0.000000 0.000000 0.000000 0.000000 0.000000 0.000000 0.000000 0.000000 0.000000
24.161776 25.892675 27.659321 29.457689 31.284157 33.129322 34.990936 36.861828 38.761501 40.648434 42.442028 0.000000 0.000000 0.000000 0.000000 0.000000 0.000000 0.000000 0.000000 0.000000 0.000000 0.000000 0.000000 0.000000 0.000000 0.000000 0.000000 0.000000
25.155428 26.883850 28.646976 30.440779 32.261822 34.101215 35.957664 37.824520 39.715965 41.479149 0.000000 0.000000 0.000000 0.000000 0.000000 0.000000 0.000000 0.000000 0.000000 0.000000 0.000000 0.000000 0.000000 0.000000 0.000000 0.000000 0.000000 0.000000
26.147266 27.872166 29.630737 31.419079 33.234375 35.068619 36.921314 38.779659 40.547745 0.000000 0.000000 0.000000 0.000000 0.000000 0.000000 0.000000 0.000000 0.000000 0.000000 0.000000 0.000000 0.000000 0.000000 0.000000 0.000000 0.000000 0.000000 0.000000
27.136261 28.856606 30.609720 32.392300 34.202530 36.033031 37.877483 39.612144 0.000000 0.000000 0.000000 0.000000 0.000000 0.000000 0.000000 0.000000 0.000000 0.000000 0.000000 0.000000 0.000000 0.000000 0.000000 0.000000 0.000000 0.000000 0.000000 0.000000
28.121397 29.836308 31.583694 33.361206 35.167767 36.990028 38.711033 0.000000 0.000000 0.000000 0.000000 0.000000 0.000000 0.000000 0.000000 0.000000 0.000000 0.000000 0.000000 0.000000 0.000000 0.000000 0.000000 0.000000 0.000000 0.000000 0.000000 0.000000
29.101810 30.811031 32.553417 34.327271 36.125656 37.824425 0.000000 0.000000 0.000000 0.000000 0.000000 0.000000 0.000000 0.000000 0.000000 0.000000 0.000000 0.000000 0.000000 0.000000 0.000000 0.000000 0.000000 0.000000 0.000000 0.000000 0.000000 0.000000
30.077301 31.781576 33.520374 35.286041 36.960987 0.000000 0.000000 0.000000 0.000000 0.000000 0.000000 0.000000 0.000000 0.000000 0.000000 0.000000 0.000000 0.000000 0.000000 0.000000 0.000000 0.000000 0.000000 0.000000 0.000000 0.000000 0.000000 0.000000
31.048666 32.749420 34.480103 36.122292 0.000000 0.000000 0.000000 0.000000 0.000000 0.000000 0.000000 0.000000 0.000000 0.000000 0.000000 0.000000 0.000000 0.000000 0.000000 0.000000 0.000000 0.000000 0.000000 0.000000 0.000000 0.000000 0.000000 0.000000
32.017410 33.710091 35.317318 0.000000 0.000000 0.000000 0.000000 0.000000 0.000000 0.000000 0.000000 0.000000 0.000000 0.000000 0.000000 0.000000 0.000000 0.000000 0.000000 0.000000 0.000000 0.000000 0.000000 0.000000 0.000000 0.000000 0.000000 0.000000
32.979027 34.548279 0.000000 0.000000 0.000000 0.000000 0.000000 0.000000 0.000000 0.000000 0.000000 0.000000 0.000000 0.000000 0.000000 0.000000 0.000000 0.000000 0.000000 0.000000 0.000000 0.000000 0.000000 0.000000 0.000000 0.000000 0.000000 0.000000
33.818192 0.000000 0.000000 0.000000 0.000000 0.000000 0.000000 0.000000 0.000000 0.000000 0.000000 0.000000 0.000000 0.000000 0.000000 0.000000 0.000000 0.000000 0.000000 0.000000 0.000000 0.000000 0.000000 0.000000 0.000000 0.000000 0.000000 0.000000
