7.195234 7.213136 7.237321 7.264335 7.302398 7.349070 7.406774 7.481856 7.576980 7.700022 7.849724 8.040792 8.281399 8.585646 8.969847 9.453746 10.069118 10.842224 11.818470 13.048283 14.586191 16.502220 18.879782 21.815365 25.417936 29.852470 35.363766 42.375462 51.813435 65.726448 89.290894 138.000000
6.482778 6.504718 6.533718 6.567167 6.612780 6.668877 6.738194 6.827260 6.939375 7.082964 7.258547 7.480976 7.759589 8.109666 8.548641 9.097305 9.787433 10.645996 11.717454 13.050532 14.697746 16.726469 19.215422 22.255669 25.951914 30.467976 36.049309 43.121071 52.600464 66.501045 89.866241 0.000000
5.823880 5.850992 5.886182 5.927758 5.982928 6.050968 6.134919 6.241657 6.375182 6.544608 6.752367 7.013504 7.338557 7.743846 8.247842 8.872071 9.647886 10.602619 11.779106 13.223785 14.986679 17.132351 19.734266 22.877804 26.663084 31.251795 36.887863 43.993732 53.478008 67.303482 0.000000 0.000000
5.218162 5.251772 5.294779 5.346446 5.413524 5.496401 5.598456 5.727030 5.886934 6.088051 6.334753 6.642296 7.022319 7.491968 8.070412 8.779517 9.649734 10.708175 11.995499 13.555237 15.434463 17.694824 20.404015 23.641413 27.501991 32.144123 37.809185 44.920464 54.362068 0.000000 0.000000 0.000000
4.665680 4.707380 4.760110 4.824183 4.905952 5.007038 5.131170 5.286334 5.478170 5.717390 6.010196 6.372046 6.815486 7.358035 8.019232 8.820766 9.791609 10.958080 12.358138 14.031875 16.023108 18.390209 21.194555 24.508987 28.422876 33.091805 38.761036 45.839142 0.000000 0.000000 0.000000 0.000000
4.167287 4.218968 4.283720 4.362939 4.462681 4.585874 4.736628 4.923728 5.153624 5.437817 5.784143 6.208153 6.722964 7.346024 8.096742 8.996106 10.071128 11.346677 12.857711 14.640344 16.734789 19.195473 22.076693 25.444593 29.384466 34.056763 39.696190 0.000000 0.000000 0.000000 0.000000 0.000000
3.724231 3.788156 3.867653 3.965239 4.086795 4.236590 4.419119 4.644054 4.918589 5.254888 5.662115 6.155694 6.748974 7.458749 8.303840 9.304027 10.483891 11.866346 13.483055 15.365658 17.550156 20.085970 23.020016 26.413687 30.356676 35.000446 0.000000 0.000000 0.000000 0.000000 0.000000 0.000000
3.337929 3.416778 3.514245 3.633938 3.781743 3.963183 4.183181 4.452286 4.778294 5.173810 5.648918 6.218667 6.896195 7.697094 8.639169 9.740506 11.022952 12.506923 14.220502 16.190170 18.446800 21.033995 23.993261 27.390142 31.305403 0.000000 0.000000 0.000000 0.000000 0.000000 0.000000 0.000000
3.009826 3.106772 3.225972 3.372060 3.551101 3.769755 4.033348 4.353176 4.737450 5.198893 5.748050 6.399320 7.165133 8.059458 9.098654 10.298748 11.678555 13.255469 15.053339 17.092669 19.398499 22.010000 24.972311 28.342066 0.000000 0.000000 0.000000 0.000000 0.000000 0.000000 0.000000 0.000000
2.741423 2.860146 3.005395 3.182709 3.398481 3.660304 3.973838 4.350903 4.799843 5.333139 5.961298 6.697791 7.553906 8.541623 9.675525 10.969198 12.438139 14.095871 15.961115 18.047836 20.376654 22.990889 25.926298 0.000000 0.000000 0.000000 0.000000 0.000000 0.000000 0.000000 0.000000 0.000000
2.534340 2.679071 2.855230 3.069081 3.327460 3.638588 4.008351 4.448766 4.967976 5.577855 6.288384 7.111904 8.058115 9.136786 10.360390 11.739665 13.286133 15.008419 16.919352 19.028006 21.358978 23.946417 0.000000 0.000000 0.000000 0.000000 0.000000 0.000000 0.000000 0.000000 0.000000 0.000000
2.390406 2.565887 2.778282 3.034346 3.341381 3.707887 4.139765 4.648888 5.242827 5.932489 6.726923 7.637180 8.670998 9.835751 11.141391 12.595085 14.203441 15.969357 17.901148 20.011545 22.315676 0.000000 0.000000 0.000000 0.000000 0.000000 0.000000 0.000000 0.000000 0.000000 0.000000 0.000000
2.311699 2.523146 2.777448 3.081565 3.443220 3.870759 4.369899 4.951962 5.623618 6.394499 7.272369 8.266930 9.383545 10.627001 12.003951 13.516989 15.167051 16.952538 18.885580 20.969194 0.000000 0.000000 0.000000 0.000000 0.000000 0.000000 0.000000 0.000000 0.000000 0.000000 0.000000 0.000000
2.300572 2.553546 2.855574 3.213505 3.635338 4.128826 4.699252 5.357064 6.107707 6.959323 7.918136 8.992393 10.184649 11.496497 12.930282 14.483111 16.151554 17.937674 19.843861 0.000000 0.000000 0.000000 0.000000 0.000000 0.000000 0.000000 0.000000 0.000000 0.000000 0.000000 0.000000 0.000000
2.359619 2.659824 3.015290 3.432399 3.919204 4.482468 5.126801 5.861526 6.690629 7.620541 8.655771 9.802844 11.060785 12.427076 13.898803 15.468796 17.137310 18.896408 0.000000 0.000000 0.000000 0.000000 0.000000 0.000000 0.000000 0.000000 0.000000 0.000000 0.000000 0.000000 0.000000 0.000000
2.491528 2.844571 3.258759 3.739685 4.295193 4.930696 5.649961 6.460997 7.366146 8.369969 9.474967 10.685286 11.995431 13.397897 14.885591 16.455042 18.096407 0.000000 0.000000 0.000000 0.000000 0.000000 0.000000 0.000000 0.000000 0.000000 0.000000 0.000000 0.000000 0.000000 0.000000 0.000000
2.698903 3.109985 3.587444 4.135786 4.762387 5.471029 6.264515 7.149459 8.126387 9.197693 10.363256 11.623791 12.968438 14.385725 15.872283 17.414379 0.000000 0.000000 0.000000 0.000000 0.000000 0.000000 0.000000 0.000000 0.000000 0.000000 0.000000 0.000000 0.000000 0.000000 0.000000 0.000000
2.984022 3.457623 4.001844 4.619895 5.318435 6.099462 6.964734 7.919394 8.961849 10.091729 11.305321 12.598858 13.957250 15.372808 16.831816 0.000000 0.000000 0.000000 0.000000 0.000000 0.000000 0.000000 0.000000 0.000000 0.000000 0.000000 0.000000 0.000000 0.000000 0.000000 0.000000 0.000000
3.348549 3.888112 4.501284 5.189847 5.959552 6.810538 7.743446 8.761730 9.861050 11.037320 12.282289 13.588591 14.944695 16.332495 0.000000 0.000000 0.000000 0.000000 0.000000 0.000000 0.000000 0.000000 0.000000 0.000000 0.000000 0.000000 0.000000 0.000000 0.000000 0.000000 0.000000 0.000000
3.793280 4.400962 5.083780 5.842076 6.680538 7.597419 8.591994 9.665474 10.809776 12.016199 13.272860 14.576353 15.904517 0.000000 0.000000 0.000000 0.000000 0.000000 0.000000 0.000000 0.000000 0.000000 0.000000 0.000000 0.000000 0.000000 0.000000 0.000000 0.000000 0.000000 0.000000 0.000000
4.317894 4.994398 5.746006 6.571668 7.474852 8.451813 9.499848 10.616936 11.790331 13.007659 14.260936 15.536287 0.000000 0.000000 0.000000 0.000000 0.000000 0.000000 0.000000 0.000000 0.000000 0.000000 0.000000 0.000000 0.000000 0.000000 0.000000 0.000000 0.000000 0.000000 0.000000 0.000000
4.920822 5.665309 6.483297 7.372385 8.334549 9.363588 10.453791 11.598944 12.782537 13.996083 15.220971 0.000000 0.000000 0.000000 0.000000 0.000000 0.000000 0.000000 0.000000 0.000000 0.000000 0.000000 0.000000 0.000000 0.000000 0.000000 0.000000 0.000000 0.000000 0.000000 0.000000 0.000000
5.599188 6.409279 7.289715 8.236604 9.249851 10.319933 11.437118 12.591803 13.771243 14.956285 0.000000 0.000000 0.000000 0.000000 0.000000 0.000000 0.000000 0.000000 0.000000 0.000000 0.000000 0.000000 0.000000 0.000000 0.000000 0.000000 0.000000 0.000000 0.000000 0.000000 0.000000 0.000000
6.348828 7.220630 8.157945 9.154892 10.208334 11.304564 12.430567 13.580756 14.731551 0.000000 0.000000 0.000000 0.000000 0.000000 0.000000 0.000000 0.000000 0.000000 0.000000 0.000000 0.000000 0.000000 0.000000 0.000000 0.000000 0.000000 0.000000 0.000000 0.000000 0.000000 0.000000 0.000000
7.164312 8.092327 9.078884 10.115186 11.194116 12.298635 13.419738 14.541160 0.000000 0.000000 0.000000 0.000000 0.000000 0.000000 0.000000 0.000000 0.000000 0.000000 0.000000 0.000000 0.000000 0.000000 0.000000 0.000000 0.000000 0.000000 0.000000 0.000000 0.000000 0.000000 0.000000 0.000000
8.038876 9.015534 10.040774 11.101924 12.188704 13.288062 14.380228 0.000000 0.000000 0.000000 0.000000 0.000000 0.000000 0.000000 0.000000 0.000000 0.000000 0.000000 0.000000 0.000000 0.000000 0.000000 0.000000 0.000000 0.000000 0.000000 0.000000 0.000000 0.000000 0.000000 0.000000 0.000000
8.963946 9.978795 11.028384 12.096952 13.178330 14.248684 0.000000 0.000000 0.000000 0.000000 0.000000 0.000000 0.000000 0.000000 0.000000 0.000000 0.000000 0.000000 0.000000 0.000000 0.000000 0.000000 0.000000 0.000000 0.000000 0.000000 0.000000 0.000000 0.000000 0.000000 0.000000 0.000000
9.928314 10.967123 12.023822 13.086742 14.139033 0.000000 0.000000 0.000000 0.000000 0.000000 0.000000 0.000000 0.000000 0.000000 0.000000 0.000000 0.000000 0.000000 0.000000 0.000000 0.000000 0.000000 0.000000 0.000000 0.000000 0.000000 0.000000 0.000000 0.000000 0.000000 0.000000 0.000000
10.917233 11.962878 13.013793 14.047514 0.000000 0.000000 0.000000 0.000000 0.000000 0.000000 0.000000 0.000000 0.000000 0.000000 0.000000 0.000000 0.000000 0.000000 0.000000 0.000000 0.000000 0.000000 0.000000 0.000000 0.000000 0.000000 0.000000 0.000000 0.000000 0.000000 0.000000 0.000000
11.913259 12.952976 13.974663 0.000000 0.000000 0.000000 0.000000 0.000000 0.000000 0.000000 0.000000 0.000000 0.000000 0.000000 0.000000 0.000000 0.000000 0.000000 0.000000 0.000000 0.000000 0.000000 0.000000 0.000000 0.000000 0.000000 0.000000 0.000000 0.000000 0.000000 0.000000 0.000000
12.903462 13.913892 0.000000 0.000000 0.000000 0.000000 0.000000 0.000000 0.000000 0.000000 0.000000 0.000000 0.000000 0.000000 0.000000 0.000000 0.000000 0.000000 0.000000 0.000000 0.000000 0.000000 0.000000 0.000000 0.000000 0.000000 0.000000 0.000000 0.000000 0.000000 0.000000 0.000000
13.864429 0.000000 0.000000 0.000000 0.000000 0.000000 0.000000 0.000000 0.000000 0.000000 0.000000 0.000000 0.000000 0.000000 0.000000 0.000000 0.000000 0.000000 0.000000 0.000000 0.000000 0.000000 0.000000 0.000000 0.000000 0.000000 0.000000 0.000000 0.000000 0.000000 0.000000 0.000000
