0,0,-0.6754340000000001,0.03306100000000001,4.259959,0.0
0,1,-0.6754340000000001,0.03306100000000001,4.259959,0.0
0,2,-0.6635110000000002,0.05058600000000002,4.242434,0.0
0,3,-0.6467100000000001,0.07582299999999975,4.191960000000001,0.0
0,4,-0.6234450000000002,0.11171500000000023,4.084283999999999,0.0
0,5,-0.5918270000000003,0.1625350000000001,3.881004,0.0
0,6,-0.5498940000000001,0.2324969999999995,3.531194000000003,0.0
0,7,-0.49575499999999995,0.3271120000000005,2.963503999999997,0.0
0,8,-0.42814200000000024,0.449827,2.1044990000000006,0.0
0,9,-0.34688300000000005,0.6023929999999993,0.8839710000000061,0.0
0,10,-0.25361999999999973,0.7829730000000001,-0.7412490000000016,0.0
0,11,-0.15226999999999968,0.986758,-2.7790990000000004,0.0
0,12,-0.048809000000000324,1.1996070000000003,-5.120438000000004,0.0
0,13,0.049481000000001885,1.4107210000000006,-7.653806000000008,0.0
0,14,0.13541500000000006,1.6084029999999991,-10.223671999999988,0.0
0,15,0.2033320000000014,1.7883259999999996,-12.742593999999997,0.0
0,16,0.2503720000000005,1.971737000000001,-15.493759000000015,0.0
0,17,0.27682499999999877,2.2096540000000005,-19.300431000000007,0.0
0,18,0.280424,2.6090219999999995,-26.08968699999999,0.0
0,19,0.2668090000000021,3.378243000000001,-39.93566500000003,0.0
0,20,0.26680899999999497,4.9929159999999975,-70.61445199999994,0.0
0,21,0.2705360000000212,8.909734999999998,-148.95083199999996,0.0
0,22,0.37314200000002984,19.846397000000003,-378.6207340000001,0.0
1,0,-0.6754340000000001,0.03306100000000001,4.259959,0.0
1,1,-0.6635110000000002,0.04498399999999947,4.248036000000001,0.0
1,2,-0.6467100000000001,0.06738700000000009,4.208832,0.0
1,3,-0.6234449999999998,0.09908799999999962,4.122165000000001,0.0
1,4,-0.5918270000000003,0.14333300000000015,3.9578119999999997,0.0
1,5,-0.5498940000000001,0.20446800000000032,3.671338999999999,0.0
1,6,-0.49575499999999995,0.28663599999999967,3.206360000000002,0.0
1,7,-0.26605900000000027,0.3947250000000002,2.328129999999999,0.0
1,8,-0.16901900000000047,0.5310860000000002,1.2765629999999994,0.0
1,9,-0.05550000000000033,0.6956559999999996,-0.1535159999999962,0.0
1,10,0.07104200000000027,0.8843230000000002,-1.978061000000002,0.0
1,11,0.20429500000000012,1.0902189999999994,-4.170273999999994,0.0
1,12,0.3357550000000007,1.2978970000000007,-6.586192000000009,0.0
1,13,0.4560639999999996,1.4966550000000005,-9.091597000000005,0.0
1,14,0.5568909999999985,1.6763199999999987,-11.52806899999998,0.0
1,15,0.6326330000000002,1.8353660000000005,-13.830455000000008,0.0
1,16,0.6816460000000006,1.9981899999999992,-16.32182799999999,0.0
1,17,0.7061270000000022,2.2183729999999997,-19.869237,0.0
1,18,0.7024429999999988,2.6039020000000015,-26.419546000000025,0.0
1,19,0.6943720000000013,3.3646279999999997,-40.104543,0.0
1,20,0.7051850000000002,5.007455999999998,-71.33990099999995,0.0
1,21,0.7051850000000002,9.012341,-151.43760099999997,0.0
2,0,-0.5402100000000001,0.04498400000000036,4.124735,0.0
2,1,-0.5208210000000002,0.06437299999999979,4.0859570000000005,0.0
2,2,-0.49396600000000035,0.09424199999999994,4.002378,0.0
2,3,-0.45745599999999964,0.13559800000000033,3.8466459999999985,0.0
2,4,-0.408836,0.19195299999999982,3.5803410000000007,0.0
2,5,-0.3457100000000004,0.2675939999999999,3.1515250000000012,0.0
2,6,-0.1676289999999998,0.3662869999999998,2.3018980000000004,0.0
2,7,-0.0686770000000001,0.491765,1.3511259999999998,0.0
2,8,-0.05550000000000033,0.6446050000000003,0.2548919999999981,0.0
2,9,0.07104200000000027,0.8221980000000002,-1.4189360000000022,0.0
2,10,0.20429500000000012,1.017576,-3.4438440000000003,0.0
2,11,0.45974000000000004,1.221679,-5.995763999999999,0.0
2,12,0.5917820000000003,1.4182059999999996,-8.421644999999996,0.0
2,13,0.5568909999999985,1.5974819999999994,-10.50317499999999,0.0
2,14,0.7950379999999999,1.7520620000000005,-12.989009000000006,0.0
2,15,0.8563670000000005,1.884379000000001,-14.964105000000012,0.0
2,16,0.8910539999999987,2.0226710000000008,-17.10785900000001,0.0
2,17,0.9012189999999975,2.22316,-20.336012999999994,0.0
2,18,0.8945709999999991,2.595430999999998,-26.65132399999996,0.0
2,19,0.8760399999999997,3.3565570000000022,-40.31453000000004,0.0
2,20,0.8760399999999997,5.007455999999998,-71.68161099999995,0.0
3,0,-0.4273720000000001,0.06437299999999979,3.8990590000000003,0.0
3,1,-0.3997519999999999,0.09199299999999999,3.8161989999999997,0.0
3,2,-0.362374,0.13161999999999985,3.664438,0.0
3,3,-0.31281000000000025,0.18516200000000005,3.4086620000000005,0.0
3,4,-0.24859799999999987,0.2561650000000002,3.003016999999999,0.0
3,5,-0.1676289999999998,0.34856299999999996,2.3905179999999997,0.0
3,6,-0.0686770000000001,0.4652389999999995,1.5102820000000028,0.0
3,7,0.047738999999999976,0.6081810000000001,0.30338199999999915,0.0
3,8,0.178801,0.7756670000000003,-1.2622060000000026,0.0
3,9,0.31888199999999944,0.9622789999999997,-3.1753449999999956,0.0
3,10,0.5054530000000002,1.1584340000000006,-5.5004530000000065,0.0
3,11,0.6367569999999994,1.3537210000000002,-7.8472349999999995,0.0
3,12,0.7518649999999987,1.5322389999999988,-10.156256999999982,0.0
3,13,0.8436409999999999,1.686705,-12.285177,0.0
3,14,0.9084960000000013,1.813391000000001,-14.126660000000019,0.0
3,15,0.9470030000000005,1.919065999999999,-15.721630999999986,0.0
3,16,0.9633420000000008,2.035313000000002,-17.514353000000035,0.0
3,17,0.903696,2.2206829999999975,-20.30133499999996,0.0
3,18,0.9012189999999975,2.5887829999999994,-26.551603999999983,0.0
3,19,0.9373700000000014,3.338026000000003,-40.146431000000064,0.0
4,0,-0.3328030000000002,0.09199299999999999,3.6153520000000006,0.0
4,1,-0.295763,0.12903300000000018,3.467192,0.0
4,2,-0.24698399999999987,0.18039899999999998,3.2207099999999995,0.0
4,3,-0.18416999999999994,0.2561650000000002,2.809732999999999,0.0
4,4,-0.10539000000000032,0.3349449999999998,2.2582730000000018,0.0
4,5,-0.009468000000000032,0.44448500000000024,1.436424999999999,0.0
4,6,0.1032990000000007,0.5780060000000002,0.31775199999999604,0.0
4,7,0.23044300000000018,0.7353249999999996,-1.1347379999999978,0.0
4,8,0.39654900000000026,0.9122000000000003,-3.0372870000000036,0.0
4,9,0.5054530000000002,1.1007559999999996,-4.981350999999997,0.0
4,10,0.6555330000000001,1.2897379999999998,-7.282508999999999,0.0
4,11,0.7672030000000003,1.4688289999999995,-9.520098999999997,0.0
4,12,0.857132,1.624015,-11.586861,0.0
4,13,0.9214770000000012,1.7515600000000013,-13.374781000000022,0.0
4,14,0.9604459999999992,1.8518980000000003,-14.835051,0.0
4,15,0.9633420000000008,1.9354049999999994,-16.015732999999994,0.0
4,16,0.9696505000000002,2.0364070000000005,-17.55599700000001,0.0
4,17,0.9582355000000007,2.2206829999999975,-20.46495349999996,0.0025355000000040206
4,18,0.9582355000000007,2.5679175,-26.367940000000004,0.0
5,0,-0.24051999999999962,0.12903300000000018,3.2462199999999983,0.0
5,1,-0.1926610000000002,0.1768919999999996,3.006925000000001,0.0
5,2,-0.13149500000000014,0.24156500000000003,2.6364220000000005,0.0
5,3,-0.055280999999999914,0.3241900000000002,2.090101999999999,0.0
5,4,0.03691000000000022,0.42713599999999996,1.320308999999999,0.0
5,5,0.14480199999999988,0.5523769999999999,0.27988500000000105,0.0
5,6,0.2661939999999996,0.699398,-1.062179999999998,0.0
5,7,0.39654900000000026,0.8656800000000002,-2.711647000000003,0.0
5,8,0.529109,1.0447600000000001,-4.628007000000001,0.0
5,9,0.6695009999999995,1.2271799999999997,-6.789326999999995,0.0
5,10,0.7765000000000004,1.401408,-8.892374000000002,0.0
5,11,0.857132,1.5587579999999992,-10.869033999999994,0.0
5,12,0.9214770000000012,1.6883600000000012,-12.61638100000002,0.0
5,13,0.9638460000000002,1.7905289999999994,-14.054253999999993,0.0
5,14,0.9771062499999994,1.8685582500000004,-15.134935500000005,0.0007477499999986037
5,15,0.9751433333333329,1.9354049999999994,-16.06293833333332,0.005256666666664245
5,16,0.9696505000000002,2.0364070000000005,-17.55599700000001,0.008828499999999906
5,17,0.9696505000000002,2.2030674999999995,-20.222564999999992,0.0
6,0,-0.14310400000000012,0.1768919999999996,2.759140000000001,0.0
6,1,-0.08327699999999982,0.2367189999999999,2.400177999999999,0.0
6,2,-0.009293999999999691,0.31554800000000016,1.877450999999998,0.0
6,3,0.07962900000000017,0.41311300000000006,1.148782999999999,0.0
6,4,0.1830029999999998,0.5523769999999999,0.0888800000000014,0.0
6,5,0.2987810000000004,0.6681550000000005,-1.0689000000000046,0.0
6,6,0.42283200000000054,0.8234490000000001,-2.5896760000000034,0.0
6,7,0.548959,0.9918069999999997,-4.356585999999997,0.0
6,8,0.6695009999999995,1.1653019999999996,-6.294302999999993,0.0
6,9,0.7854910000000004,1.3341790000000007,-8.341259000000008,0.0
6,10,0.8631770000000003,1.4880849999999999,-10.192529,0.0
6,11,0.9256740000000008,1.6212549999999997,-11.899211000000003,0.0
6,12,0.9638460000000002,1.7265320000000006,-13.286290000000008,0.0
6,13,0.978332,1.8050149999999991,-14.315001999999987,0.0028410000000000935
6,14,0.9771062499999994,1.8685582500000004,-15.134935500000005,0.007729500000001721
6,15,0.9751433333333329,1.9354049999999994,-16.06293833333332,0.012950333333332509
6,16,0.9751433333333328,2.0254213333333353,-17.41318333333336,0.0
7,0,-0.03821500000000011,0.2367189999999999,2.1298060000000008,0.0
7,1,0.03403299999999998,0.31554800000000016,1.617489,0.0
7,2,0.12022299999999975,0.40173799999999993,0.9279690000000018,0.0
7,3,0.21979999999999977,0.5126900000000001,0.00902600000000131,0.0
7,4,0.33061300000000005,0.6413229999999999,-1.152564,0.0
7,5,0.4745409999999999,0.7863820000000001,-2.740296,0.0
7,6,0.5688059999999995,0.9434149999999999,-4.185315999999996,0.0
7,7,0.683484,1.1064850000000002,-5.966482000000001,0.0
7,8,0.7950540000000004,1.267309,-7.873240000000002,0.0
7,9,0.8742269999999994,1.4171859999999992,-9.62646699999999,0.0
7,10,0.9318240000000007,1.5482230000000001,-11.208979000000006,0.0
7,11,0.9672900000000002,1.6581980000000005,-12.556991000000009,0.0
7,12,0.9789275000000002,1.7398805000000008,-13.53696100000001,0.0034824999999987227
7,13,0.978332,1.8050149999999991,-14.315001999999987,0.009719000000000477
7,14,0.9771062499999994,1.8685582500000004,-15.134935500000005,0.014671249999999247
7,15,0.9771062499999994,1.9295162499999996,-15.988347499999993,0.0
8,0,0.0743450000000001,0.308967,1.3418859999999992,0.0
8,1,0.15840299999999985,0.39302499999999974,0.6694220000000013,0.0
8,2,0.25481,0.49814500000000006,-0.20695400000000008,0.0
8,3,0.361453,0.6193330000000001,-1.3024740000000006,0.0
8,4,0.4745409999999999,0.7544109999999997,-2.612411999999998,0.0
8,5,0.5888609999999996,0.9007019999999999,-4.112135999999997,0.0
8,6,0.6979620000000004,1.0525160000000007,-5.744014000000007,0.0
8,7,0.7950540000000004,1.2035770000000001,-7.427116000000004,0.0
8,8,0.8742269999999994,1.346481999999999,-9.060834999999988,0.0
8,9,0.9318240000000007,1.4747830000000004,-10.548019000000009,0.0
8,10,0.9672900000000002,1.5836889999999997,-11.811900999999999,0.0
8,11,0.9795142500000003,1.6704222500000006,-12.777027500000006,0.003929749999999288
8,12,0.9789275000000002,1.7398805000000008,-13.53696100000001,0.010526999999999731
8,13,0.978332,1.8050149999999991,-14.315001999999987,0.015957999999999473
8,14,0.978332,1.8648809999999985,-15.09325999999998,0.0
9,0,0.19351899999999977,0.39302499999999974,0.3884940000000019,0.0
9,1,0.2874300000000001,0.48693600000000004,-0.4567050000000008,0.0
9,2,0.3905730000000003,0.6012880000000003,-1.499344000000003,0.0
9,3,0.49932299999999996,0.7280829999999998,-2.731683999999999,0.0
9,4,0.6086360000000006,0.8637240000000004,-4.122424000000007,0.0
9,5,0.7126130000000002,1.0525160000000007,-5.861222000000005,0.0
9,6,0.805021,1.1449240000000005,-7.154934000000003,0.0
9,7,0.8804220000000003,1.2789780000000004,-8.637867000000004,0.0
9,8,0.9353480000000012,1.401408,-9.98921100000001,0.0
9,9,0.969246,1.5086809999999993,-11.152476999999994,0.0
9,10,0.980197,1.5946399999999996,-12.024666999999997,0.004386000000000223
9,11,0.9795142500000003,1.6704222500000006,-12.777027500000006,0.011160499999997242
9,12,0.9789275000000002,1.7398805000000008,-13.53696100000001,0.016613499999996506
9,13,0.9789275000000002,1.8032284999999986,-14.297136999999985,0.0
10,0,0.3170740000000003,0.48693600000000004,-0.7235010000000028,0.0
10,1,0.41743700000000006,0.5872989999999998,-1.7271310000000004,0.0
10,2,0.5225279999999999,0.7280829999999998,-2.9405289999999984,0.0
10,3,0.6275870000000001,0.833142,-4.201237000000001,0.0
10,4,0.7269959999999998,1.0046789999999994,-5.751483999999995,0.0
10,5,0.8150870000000001,1.1449240000000005,-7.245528000000004,0.0
10,6,0.8933600000000004,1.21671,-8.387188000000004,0.0
10,7,0.9391669999999994,1.3312720000000002,-9.532629999999996,0.0
10,8,0.9737259999999992,1.4336509999999993,-10.594872999999987,0.0
10,9,0.9810085000000002,1.5182795000000007,-11.344726000000007,0.0048875000000006
10,10,0.980197,1.5946399999999996,-12.024666999999997,0.011794999999999334
10,11,0.9795142500000003,1.6704222500000006,-12.777027500000006,0.01716124999999913
10,12,0.9795142500000003,1.7381202500000006,-13.521705500000008,0.0
11,0,0.44157599999999997,0.5872990000000002,-1.968521,0.0
11,1,0.5437379999999998,0.6894609999999997,-3.0923029999999985,0.0
11,2,0.6451920000000002,0.833142,-4.377287000000003,0.0
11,3,0.7406939999999995,0.963133,-5.722279999999995,0.0
11,4,0.8249180000000003,1.0927699999999998,-7.083068000000002,0.0
11,5,0.8933600000000004,1.161212,-8.109698000000002,0.0
11,6,0.9431220000000007,1.2664720000000003,-9.183380000000009,0.0
11,7,0.9737259999999992,1.3618759999999988,-10.092447999999983,0.0
11,8,0.9818832500000001,1.4418082500000002,-10.741703500000003,0.005419749999999723
11,9,0.9810085000000002,1.5182795000000007,-11.344726000000007,0.012453999999998189
11,10,0.980197,1.5946399999999996,-12.024666999999997,0.017701000000000633
11,11,0.9801970000000001,1.6683740000000011,-12.762007000000011,0.0
12,0,0.5626069999999999,0.6894609999999997,-3.2998619999999983,0.0
12,1,0.6611549999999999,0.8078330000000005,-4.502262,0.0
12,2,0.7533370000000001,0.9286439999999994,-5.757886,0.0
12,3,0.8342340000000004,1.0095409999999996,-6.890444000000003,0.0
12,4,0.8996649999999997,1.112788,-7.985356999999997,0.0
12,5,0.947082,1.2086290000000002,-8.937725,0.0
12,6,0.976106999999999,1.2954969999999992,-9.720364999999983,0.0
12,7,0.9828100000000002,1.368579,-10.239293000000002,0.0059749999999993975
12,8,0.9818832500000001,1.4418082500000002,-10.741703500000003,0.013126500000000263
12,9,0.9810085000000002,1.5182795000000007,-11.344726000000007,0.018232499999999874
12,10,0.9810085000000002,1.592205499999999,-12.010059999999992,0.0
13,0,0.6752279999999997,0.7880090000000006,-4.6513139999999975,0.0
13,1,0.7647170000000001,0.8774980000000001,-5.814671000000002,0.0
13,2,0.8427739999999995,0.978072,-6.929985999999992,0.0
13,3,0.9056110000000004,1.0723780000000005,-7.935479000000006,0.0
13,4,0.9509050000000006,1.1580820000000003,-8.781413000000008,0.0
13,5,0.9784579999999998,1.2361819999999994,-9.452001999999995,0.0
13,6,0.9837420000000003,1.3007809999999997,-9.843689000000003,0.006536000000000541
13,7,0.9828100000000002,1.368579,-10.239293000000002,0.013802999999999344
13,8,0.9818832500000001,1.4418082500000002,-10.741703500000003,0.018755250000001666
13,9,0.9818832500000001,1.5156552500000007,-11.332479500000005,0.0
14,0,0.7746720000000007,0.8774980000000001,-5.944086000000009,0.0
14,1,0.8504200000000006,0.953246,-7.004558000000008,0.0
14,2,0.9110300000000002,1.0386819999999997,-7.938534000000002,0.0
14,3,0.9544859999999993,1.1158339999999995,-8.701221999999989,0.0
14,4,0.9807089999999992,1.1843050000000002,-9.27375699999999,0.0
14,5,0.9846427499999999,1.2401157500000002,-9.5520725,0.0070902499999991875
14,6,0.9837420000000003,1.3007809999999997,-9.843689000000003,0.014469000000000065
14,7,0.9828100000000002,1.368579,-10.239293000000002,0.019263000000000474
14,8,0.9828100000000002,1.439028,-10.732436000000002,0.0
15,0,0.8570589999999996,0.953246,-7.097503999999994,0.0
15,1,0.915851,1.0386819999999997,-8.006027999999999,0.0
15,2,0.9577270000000002,1.080558,-8.676044000000003,0.0
15,3,0.982799,1.1409059999999993,-9.172819999999998,0.0
15,4,0.9854825000000003,1.1869885000000004,-9.351320000000007,0.007614500000000746
15,5,0.9846427499999999,1.2401157500000002,-9.5520725,0.015109499999999443
15,6,0.9837420000000003,1.3007809999999997,-9.843689000000003,0.01974499999999857
15,7,0.9837420000000003,1.3657829999999995,-10.233701000000002,0.0
16,0,0.9200100000000004,1.0120380000000004,-8.041769000000006,0.0
16,1,0.9605929999999994,1.080558,-8.71903399999999,0.0
16,2,0.9846710000000005,1.1409059999999993,-9.200900000000006,0.0
16,3,0.9862442499999999,1.1424792499999987,-9.229218499999995,0.008102750000000825
16,4,0.9854825000000003,1.237596499999999,-9.553752000000001,0.015707000000000804
16,5,0.9846427499999999,1.2401157500000002,-9.5520725,0.02019674999999843
16,6,0.9837420000000003,1.3007809999999997,-9.843689000000003,0.0
17,0,0.9630489999999998,1.0526209999999985,-8.730392999999996,0.0
17,1,0.9863119999999999,1.0758839999999985,-9.125863999999996,0.0
17,2,0.9869072499999998,1.105231250000001,-9.165330499999998,0.008537749999996791
17,3,0.9862442499999999,1.1424792499999987,-9.229218499999995,0.016252500000002
17,4,0.9854825000000003,1.237596499999999,-9.553752000000001,0.020607500000000556
17,5,0.9854825000000003,1.237596499999999,-9.553752000000001,0.0
18,0,0.9877039999999999,1.0749790000000008,-9.149528,0.0
18,1,0.98747775,1.0758840000000003,-9.145681750000001,0.008926250000000024
18,2,0.9869072499999998,1.1404902499999992,-9.235848499999994,0.016736500000000376
18,3,0.9862442499999999,1.1424792499999987,-9.229218499999995,0.020981249999998397
18,4,0.9854825000000003,1.1869885000000004,-9.351320000000007,0.0
19,0,0.9879474999999998,1.0742484999999977,-9.153910999999994,0.009248499999999993
19,1,0.98747775,1.1035197500000002,-9.173317500000001,0.017155499999999435
19,2,0.9869072499999998,1.105231250000001,-9.165330499999998,0.0212922500000019
19,3,0.9862442499999999,1.1424792499999987,-9.229218499999995,0.0
20,0,0.9879474999999998,1.0742484999999977,-9.153910999999994,0.017506999999998385
20,1,0.98747775,1.0758840000000003,-9.145681750000001,0.021573749999999947
20,2,0.9869072499999998,1.1404902499999992,-9.235848499999994,0.0
21,0,0.9879474999999998,1.0742484999999977,-9.153910999999994,0.021794499999998607
21,1,0.98747775,1.1035197500000002,-9.173317500000001,0.0
22,0,0.9879474999999998,1.0742484999999977,-9.153910999999994,0.0
