0,0,-0.3996999999999993,0.9458370000000009,17.331905,0.0
0,1,-0.3996999999999993,0.9458370000000009,17.331905,0.0
0,2,-0.3752229999999983,1.0194310000000009,17.258311,0.0
0,3,-0.3509720000000023,1.094932,17.107309,0.0
0,4,-0.3270420000000023,1.1679139999999997,16.888363000000002,0.0
0,5,-0.3035090000000018,1.2357399999999998,16.617059,0.0
0,6,-0.2810670000000002,1.3062439999999995,16.264539000000003,0.0
0,7,-0.25955000000000084,1.3707220000000007,15.877670999999996,0.0
0,8,-0.2392240000000001,1.438122,15.405871000000001,0.0
0,9,-0.2200400000000009,1.4974920000000012,14.930910999999991,0.0
0,10,-0.20220200000000332,1.552510999999999,14.43574000000001,0.0
0,11,-0.18574500000000072,1.6037919999999986,13.922930000000015,0.0
0,12,-0.1707989999999988,1.651837999999998,13.394424000000022,0.0
0,13,-0.1560699999999997,1.686634000000005,12.976871999999936,0.0
0,14,-0.14370699999999914,1.7313619999999972,12.395408000000039,0.0
0,15,-0.13278599999999585,1.7532149999999973,12.089466000000037,0.0
0,16,-0.12338199999999944,1.7893070000000009,11.548085999999984,0.0
0,17,-0.1151309999999981,1.8157350000000037,11.12523799999994,0.0
0,18,-0.10817300000000074,1.838237999999997,10.742687000000053,0.0
0,19,-0.10248199999999485,1.8631630000000001,10.294036999999996,0.0
0,20,-0.0986559999999983,1.8748930000000001,10.071166999999996,0.0
0,21,-0.09434100000000001,1.8841129999999993,9.886767000000013,0.0
0,22,-0.09158699999999698,1.8985520000000022,9.58354799999995,0.0
0,23,-0.09054499999999877,1.9022560000000013,9.502059999999972,0.0
0,24,-0.0897900000000007,1.9163399999999982,9.178128000000044,0.0
0,25,-0.09026700000000432,1.923180000000002,9.013967999999949,0.0
0,26,-0.0932770000000005,1.9565084999999982,8.180755500000046,0.008354500000002929
0,27,-0.0932770000000005,1.9565084999999982,8.180755500000046,0.0
0,28,-0.09451699999999619,1.9877320000000012,7.337720999999966,0.0
0,29,-0.09669499999999687,2.009666000000003,6.7235689999999195,0.0
0,30,-0.09776300000000049,2.072936999999996,4.888710000000117,0.0
0,31,-0.10050999999999988,2.160911999999996,2.249460000000113,0.0
0,32,-0.10340099999999097,2.3115310000000022,-2.419729000000075,0.0
0,33,-0.10652899999999477,2.5438079999999985,-9.852592999999956,0.0
0,34,-0.1100009999999969,2.8924260000000004,-21.356987000000018,0.0
0,35,-0.1143950000000018,3.4012290000000007,-38.65628900000003,0.0
0,36,-0.12052899999999056,4.123497,-63.93566900000002,0.0
0,37,-0.1305240000000083,5.13079900000001,-100.19854100000039,0.0
0,38,-0.143258000000003,6.61316699999999,-155.04615699999962,0.0
0,39,-0.15901199999996152,8.618521999999999,-231.24964699999998,0.0
0,40,-0.1759569999999826,11.765647999999999,-353.98756099999997,0.0
0,41,-0.18786599999998543,16.955237999999994,-561.5711609999998,0.0
0,42,-0.18786599999998543,27.09079,-977.1287929999999,0.0
0,43,-0.16258199999970202,48.642731000000026,-1882.3103150000013,0.0
0,44,-0.10790999999971973,92.67288199999999,-3775.6068079999995,0.0
1,0,-0.3996999999999993,0.9458370000000009,17.331905,0.0
1,1,-0.3752229999999983,0.9703140000000019,17.307427999999998,0.0
1,2,-0.3509720000000023,1.043681999999997,17.209809000000007,0.0
1,3,-0.3270420000000023,1.118862,17.035519,0.0
1,4,-0.3035090000000018,1.1914470000000001,16.794231,0.0
1,5,-0.2810670000000002,1.2581820000000015,16.504848999999993,0.0
1,6,-0.25955000000000084,1.3277609999999989,16.135437000000007,0.0
1,7,-0.2392240000000001,1.3910480000000014,15.73538899999999,0.0
1,8,-0.2200400000000009,1.457305999999999,15.252399000000008,0.0
1,9,-0.20220200000000332,1.5153299999999987,14.770369000000013,0.0
1,10,-0.18574500000000072,1.5689680000000017,14.271169999999984,0.0
1,11,-0.1707989999999988,1.6187380000000005,13.758523999999994,0.0
1,12,-0.1560699999999997,1.666566999999997,13.217676000000033,0.0
1,13,-0.14370699999999914,1.6989970000000056,12.816152999999929,0.0
1,14,-0.13278599999999585,1.7422830000000005,12.242513999999993,0.0
1,15,-0.12338199999999944,1.7626189999999937,11.948406000000091,0.0
1,16,-0.1151309999999981,1.7975580000000022,11.416069999999962,0.0
1,17,-0.10817300000000074,1.822693000000001,11.006951999999984,0.0
1,18,-0.10248199999999485,1.8439290000000028,10.640248999999947,0.0
1,19,-0.0986559999999983,1.8669889999999967,10.221343000000061,0.0
1,20,-0.09434100000000001,1.8792079999999984,9.98486700000003,0.0
1,21,0.35835200000000356,1.8868670000000023,9.378993999999949,0.0
1,22,-0.09054499999999877,1.8995940000000004,9.56062399999999,0.0
1,23,-0.0897900000000007,1.9030109999999993,9.484695000000016,0.0
1,24,0.3687439999999995,1.916446999999998,8.717133000000047,0.0
1,25,-0.08968300000000085,1.9225959999999986,9.027984000000032,0.0
1,26,0.36722200000000527,1.9550035000000001,7.7608914999999925,0.008382499999996185
1,27,-0.09026699999999721,1.9550035000000001,8.218380499999995,0.0
1,28,-0.0932770000000005,1.9864920000000055,7.37120099999985,0.0
1,29,0.36462399999999207,2.007488000000002,6.32541199999995,0.0
1,30,-0.09669499999999687,2.0718689999999924,4.919682000000222,0.0
1,31,0.36093200000000536,2.158164999999997,1.8731750000000886,0.0
1,32,0.3578109999999981,2.308640000000011,-2.788429000000349,0.0
1,33,0.3545380000000051,2.5406799999999947,-10.21043599999983,0.0
1,34,-0.10652899999999477,2.8889539999999982,-21.242410999999947,0.0
1,35,-0.1100009999999969,3.396834999999996,-38.50689299999986,0.0
1,36,-0.1143950000000018,4.117363000000012,-63.72097900000041,0.0
1,37,0.32781200000000865,5.120803999999993,-100.28706199999974,0.0
1,38,-0.1305240000000083,6.600432999999995,-154.57499899999982,0.0
1,39,0.30533599999999694,8.602768000000012,-231.09958900000044,0.0
1,40,0.30229200000000844,11.748702999999992,-353.7880099999997,0.0
1,41,0.3235479999999882,16.964584999999985,-562.4658019999994,0.0
1,42,0.3235479999999882,27.116073999999998,-978.6768509999999,0.0
1,43,0.3711089999999899,48.69740300000001,-1885.1402300000002,0.0
2,0,-0.10327699999999851,0.9703140000000019,17.035482,0.0
2,1,-0.06671300000000002,1.0068780000000004,16.962354,0.0
2,2,-0.030514999999997627,1.0798799999999993,16.816955999999998,0.0
2,3,0.005176999999999765,1.1545539999999974,16.596224000000007,0.0
2,4,0.04001000000000232,1.2262800000000027,16.311379999999986,0.0
2,5,0.07351299999999839,1.2916849999999975,15.982754000000014,0.0
2,6,0.33013200000000253,1.3598940000000006,15.12847099999999,0.0
2,7,0.13602900000000062,1.4214310000000019,15.147454999999987,0.0
2,8,0.16472500000000068,1.4860019999999992,14.638066000000006,0.0
2,9,0.1914820000000006,1.5420869999999987,14.13587200000001,0.0
2,10,0.21618399999999838,1.5936699999999995,13.622221000000007,0.0
2,11,0.23876200000000125,1.6413160000000033,13.100604999999963,0.0
2,12,0.2617910000000023,1.689595999999998,12.523467000000018,0.0
2,13,0.2806359999999941,1.7178419999999974,12.146825000000042,0.0
2,14,0.2973439999999954,1.7589910000000017,11.578471999999984,0.0
2,15,0.31195400000000006,1.7772289999999984,11.293920000000021,0.0
2,16,0.324817000000003,1.8104210000000052,10.770313999999914,0.0
2,17,0.33588000000000306,1.833756000000001,10.37482799999998,0.0
2,18,0.3450429999999969,1.8530919999999966,10.027790000000067,0.0
2,19,0.3506929999999997,1.8726389999999995,9.66464400000001,0.0
2,20,0.359259999999999,1.887321,9.368552000000001,0.0
2,21,0.36375799999999714,1.8918189999999981,9.269596000000043,0.0
2,22,0.3666720000000012,1.9025080000000045,9.0392989999999,0.0
2,23,0.3687439999999995,1.9050829999999976,8.978505000000055,0.0
2,24,0.37004800000000415,1.9177510000000026,8.68453299999993,0.0
2,25,0.37031100000000094,1.9228589999999954,8.56141500000011,0.0
2,26,0.37031100000000094,1.9534590000000023,7.796414999999939,0.007936999999998307
2,27,0.37031100000000094,1.9534590000000023,7.796414999999939,0.0
2,28,0.36722200000000527,1.9858699999999985,6.927496000000033,0.0
2,29,0.36659999999999826,2.005511999999996,6.378764000000118,0.0
2,30,0.36462399999999207,2.0709460000000064,4.4851299999998275,0.0
2,31,0.36370100000000605,2.155395999999996,1.9534760000001086,0.0
2,32,0.36093200000000536,2.305519000000004,-2.694799000000131,0.0
2,33,0.3578109999999981,2.5374070000000017,-10.108973000000049,0.0
2,34,0.6587750000000057,2.8851469999999892,-22.18632099999965,0.0
2,35,0.6528249999999929,3.391990000000007,-39.40708300000023,0.0
2,36,0.34588600000000724,4.110458999999992,-63.93961999999972,0.0
2,37,0.33898199999998724,5.109634000000014,-99.8961120000005,0.0
2,38,0.6301119999999969,6.588561999999996,-155.19870799999984,0.0
2,39,0.31594100000000935,8.592163,-230.70720399999996,0.0
2,40,0.30533599999999694,11.745659000000003,-353.6723380000001,0.0
2,41,0.3235479999999882,16.964584999999985,-562.4658019999993,0.0
2,42,0.3711089999999899,27.163635,-980.7219739999999,0.0
3,0,0.11922500000000014,1.0068780000000004,16.590478,0.0
3,1,0.16320599999999885,1.0798799999999993,16.429514000000005,0.0
3,2,0.20662799999999848,1.123301999999999,16.255826000000006,0.0
3,3,0.24933400000000105,1.19726,15.979791999999996,0.0
3,4,0.2902400000000007,1.2671860000000024,15.64729599999999,0.0
3,5,0.4419189999999986,1.3315769999999993,14.934695000000008,0.0
3,6,0.4839839999999995,1.3980560000000004,14.476105,0.0
3,7,0.5240459999999985,1.4575119999999977,13.99918300000002,0.0
3,8,0.5618210000000019,1.5199510000000025,13.448784999999976,0.0
3,9,0.5971979999999988,1.5736599999999967,12.912982000000031,0.0
3,10,0.49904800000000193,1.6228210000000018,12.764982999999976,0.0
3,11,0.5256059999999998,1.6678740000000012,12.234778999999989,0.0
3,12,0.5527950000000033,1.7167850000000016,11.615190999999975,0.0
3,13,0.574936000000001,1.7399829999999952,11.270392000000058,0.0
3,14,0.5958600000000089,1.778572000000004,10.705962999999919,0.0
3,15,0.6117180000000033,1.7944299999999984,10.436377000000014,0.0
3,16,0.6268239999999992,1.825527000000001,9.924603999999988,0.0
3,17,0.639758999999998,1.8466909999999999,9.54717500000001,0.0
3,18,0.6505089999999996,1.8638419999999982,9.223358000000033,0.0
3,19,0.6573259999999976,1.8794559999999976,8.92185500000005,0.0
3,20,0.6714820000000117,1.896648000000006,8.552738999999846,0.0
3,21,0.6723100000000031,1.8974759999999975,8.533695000000044,0.0
3,22,0.6792869999999951,1.907283999999997,8.306796000000077,0.0
3,23,0.6793710000000033,1.9073680000000053,8.304695999999872,0.0
3,24,0.6810419999999979,1.9194219999999973,8.022441000000072,0.0
3,25,0.6816680000000019,1.9234849999999994,7.923051000000008,0.0
3,26,0.6816680000000019,1.9522130000000004,7.204850999999984,0.007564000000002125
3,27,0.6816680000000019,1.9522130000000004,7.204850999999984,0.0
3,28,0.6791759999999982,1.9853629999999995,6.3172770000000185,0.0
3,29,0.6786689999999993,2.003403000000006,5.81367799999984,0.0
3,30,0.6765600000000092,2.0685809999999947,3.929843000000133,0.0
3,31,0.6741949999999974,2.1522819999999996,1.425908000000021,0.0
3,32,0.8267359999999968,2.301995000000005,-3.6728180000001487,0.0
3,33,0.8217690000000033,2.5333709999999883,-11.061948999999629,0.0
3,34,0.6635209999999887,2.880401000000006,-22.039195000000177,0.0
3,35,0.8096390000000042,3.386039999999994,-39.669274999999814,0.0
3,36,0.6528249999999929,4.103172000000001,-64.29845300000001,0.0
3,37,0.6455380000000019,5.099297000000007,-100.13709200000027,0.0
3,38,0.8008039999999994,6.583472999999998,-155.51740199999992,0.0
3,39,0.6348799999999954,8.596930999999998,-231.53103399999992,0.0
3,40,0.6605529999999931,11.771332000000001,-355.409692,0.0
3,41,0.6899410000000046,16.993972999999997,-564.4034959999999,0.0
4,0,0.26066399999999845,1.050858999999999,16.166161000000006,0.0
4,1,0.3077219999999983,1.123301999999999,15.952544000000007,0.0
4,2,0.35402500000000003,1.1696050000000007,15.721028999999998,0.0
4,3,0.3993670000000016,1.2426020000000015,15.39366699999999,0.0
4,4,0.4419189999999986,1.3097379999999994,15.022051000000008,0.0
4,5,0.4839839999999995,1.3736420000000003,14.598175000000001,0.0
4,6,0.5240459999999985,1.4381179999999993,14.11554700000001,0.0
4,7,0.5618210000000019,1.4952870000000011,13.621432999999985,0.0
4,8,0.5971979999999988,1.5553279999999994,13.05963800000001,0.0
4,9,0.6300080000000001,1.606469999999998,12.519262000000015,0.0
4,10,0.6601360000000014,1.652949000000003,11.980438999999965,0.0
4,11,0.6874880000000019,1.6952260000000017,11.448260999999977,0.0
4,12,0.7744939999999971,1.7442939999999965,10.560489000000054,0.0
4,13,0.7375910000000019,1.7625770000000003,10.488704999999989,0.0
4,14,0.7613210000000024,1.7983660000000015,9.928527999999972,0.0
4,15,0.7749170000000021,1.8119620000000012,9.683799999999977,0.0
4,16,0.790110999999996,1.840720999999995,9.191639000000094,0.0
4,17,0.8030469999999994,1.8596270000000032,8.837398999999948,0.0
4,18,0.8136939999999981,1.874488999999997,8.54215700000006,0.0
4,19,0.8208960000000047,1.8866580000000042,8.294306999999904,0.0
4,20,0.834702,1.9039649999999995,7.910250000000012,0.0013269999999963034
4,21,0.834702,1.9039649999999995,7.910250000000012,0.0
4,22,0.8424979999999991,1.9112240000000007,7.7266269999999935,0.0024219999999957054
4,23,0.8424979999999991,1.9112240000000007,7.7266269999999935,0.0
4,24,0.8439709999999963,1.9208949999999945,7.498302000000145,0.0
4,25,0.8444250000000011,1.9239390000000043,7.42342999999989,0.0
4,26,0.8444250000000011,1.9514844999999994,6.734792500000012,0.007801499999999351
4,27,0.8444250000000011,1.9514844999999994,6.734792500000012,0.0
4,28,0.842967999999999,1.9846729999999937,5.844531000000174,0.0
4,29,0.8422779999999932,2.000969000000012,5.391002999999685,0.0
4,30,0.8398439999999994,2.063521999999992,3.586702000000244,0.0
4,31,0.8347849999999966,2.1485899999999987,1.0548980000000512,0.0
4,32,0.8310929999999956,2.2976380000000063,-3.5508220000001813,0.0
4,33,0.8267359999999968,2.5284039999999948,-10.917905999999817,0.0
4,34,0.8217690000000033,2.874588000000003,-22.32211000000011,0.0
4,35,0.8159559999999999,3.3797229999999985,-39.47344799999995,0.0
4,36,0.8096390000000042,4.097542000000004,-64.57184500000017,0.0
4,37,0.8008039999999994,5.099297000000007,-100.60289000000026,0.0
4,38,0.8940049999999928,6.593192999999999,-156.24984599999993,0.0
4,39,0.8395919999999961,8.625998999999993,-233.27882199999974,0.0
4,40,0.8609849999999994,11.792725000000004,-356.8667080000002,0.0
5,0,0.3528190000000002,1.097916999999999,15.797540999999999,0.0
5,1,0.40024800000000127,1.1696050000000007,15.536136999999993,0.0
5,2,0.4466789999999996,1.216035999999999,15.257551000000003,0.0
5,3,0.4919279999999979,1.2878509999999999,14.88767600000001,0.0
5,4,0.5344869999999986,1.352297,14.481543000000006,0.0
5,5,0.5761369999999992,1.4152920000000009,14.021313,0.0
5,6,0.6156000000000006,1.4775810000000007,13.512552999999993,0.0
5,7,0.6527269999999987,1.5324139999999993,12.997920000000011,0.0
5,8,0.6872329999999991,1.5898339999999997,12.423450000000006,0.0
5,9,0.7191030000000005,1.6383399999999995,11.876052000000001,0.0
5,10,0.7482279999999975,1.682074,11.336821000000011,0.0
5,11,0.8006360000000008,1.7214920000000014,10.680600999999982,0.0
5,12,0.8248940000000005,1.7696159999999992,10.029947000000007,0.0
5,13,0.8547969999999978,1.7916910000000001,9.607704000000012,0.0
5,14,0.8659549999999996,1.8169129999999996,9.224028000000011,0.0
5,15,0.8878479999999911,1.8336259999999953,8.875401000000117,0.0
5,16,0.8701709999999991,1.8547589999999943,8.646791000000093,0.0
5,17,0.8819960000000009,1.871452000000005,8.320577999999912,0.0
5,18,0.8915940000000049,1.884087000000001,8.057792999999961,0.0
5,19,0.8983489999999961,1.8934129999999953,7.856150000000106,0.0
5,20,0.9096070000000012,1.909594000000002,7.492420999999958,0.0031449999999964007
5,21,0.9096070000000012,1.909594000000002,7.492420999999958,0.0
5,22,0.9157489999999981,1.9142949999999992,7.362990000000025,0.005333000000000254
5,23,0.9157489999999981,1.9142949999999992,7.362990000000025,0.0
5,24,0.9165880000000044,1.9217340000000007,7.187697999999962,0.0
5,25,0.9165950000000009,1.9239460000000002,7.134574999999995,0.0
5,26,0.9165950000000009,1.9510939999999977,6.455875000000056,0.008420999999998457
5,27,0.9165950000000009,1.9510939999999977,6.455875000000056,0.0
5,28,0.9158139999999975,1.9834169999999958,5.587059000000124,0.0
5,29,0.9145579999999995,1.9979550000000046,5.186274999999867,0.0
5,30,0.9115439999999921,2.057511000000005,3.4742209999998863,0.0
5,31,0.9055330000000055,2.1441569999999928,0.9048960000001927,0.0
5,32,0.9228439999999978,2.2924270000000035,-3.778029000000103,0.0
5,33,0.9173129999999929,2.5224840000000057,-11.112198000000149,0.0
5,34,0.8899690000000078,2.8687520000000006,-22.402322000000055,0.0
5,35,0.8841330000000056,3.375372999999996,-39.59825599999989,0.0
5,36,0.8809660000000008,4.098725000000002,-64.89974100000006,0.0
5,37,0.8940049999999928,5.109130999999991,-101.33955199999963,0.0
5,38,0.9254300000000057,6.624618000000012,-157.56969600000048,0.0
5,39,0.9823079999999891,8.642081999999988,-234.5177179999995,0.0
6,0,0.4209859999999992,1.145346,15.456706000000004,0.0
6,1,0.4673589999999983,1.191718999999999,15.17846800000001,0.0
6,2,0.5125209999999996,1.2611980000000003,14.838017,0.0
6,3,0.5562970000000007,1.331627000000001,14.434502999999992,0.0
6,4,0.5982280000000024,1.3942280000000018,13.99511399999998,0.0
6,5,0.6480469999999983,1.4552479999999974,13.452120000000022,0.0
6,6,0.675813999999999,1.5152110000000008,12.985703,0.0
6,7,0.7110270000000014,1.5676270000000017,12.459928999999981,0.0
6,8,0.7435739999999988,1.6223809999999972,11.881369000000028,0.0
6,9,0.7734970000000025,1.6682630000000032,11.334774999999958,0.0
6,10,0.8111379999999997,1.7092129999999983,10.740379000000019,0.0
6,11,0.8358500000000006,1.745750000000001,10.226736999999986,0.0
6,12,0.8577919999999963,1.7916910000000001,9.589734000000021,0.0
6,13,0.882435000000001,1.8095915000000034,9.220327499999954,0.0
6,14,0.8937799999999996,1.8336259999999953,8.839809000000066,0.0
6,15,0.9138440000000045,1.8484300000000005,8.506908999999965,0.0
6,16,0.9212070000000026,1.8671110000000013,8.182515999999964,0.0
6,17,0.9317589999999996,1.8817260000000005,7.885363999999996,0.0
6,18,0.9402800000000013,1.8922570000000007,7.65521099999998,0.0
6,19,0.9338990000000038,1.8991240000000005,7.56989099999997,0.0
6,20,0.9425880000000006,1.9139385000000004,7.23628149999999,0.0052974999999975125
6,21,0.9425880000000006,1.9139385000000004,7.23628149999999,0.0
6,22,0.9461590000000015,1.9160804999999996,7.169873500000001,0.00798849999999618
6,23,0.9461590000000015,1.9160804999999996,7.169873500000001,0.0
6,24,0.9462089999999961,1.9217839999999953,7.038393000000134,0.0
6,25,0.9462089999999961,1.923328000000005,7.0013369999999,0.0
6,26,0.9455910000000003,1.9509299999999996,6.31499500000001,0.009251999999996485
6,27,0.9455910000000003,1.9509299999999996,6.31499500000001,0.0
6,28,0.9452630000000042,1.9814070000000044,5.494083999999859,0.0
6,29,0.9506459999999919,1.9943839999999966,5.09843000000015,0.0
6,30,0.9450149999999979,2.0515829999999937,3.473445000000197,0.0
6,31,0.9395070000000061,2.138992000000002,0.8842229999999063,0.0
6,32,0.9343649999999997,2.286681999999999,-3.663314999999969,0.0
6,33,0.9316249999999968,2.516953000000001,-11.015547000000012,0.0
6,34,0.9173129999999929,2.8652720000000045,-22.424202000000108,0.0
6,35,0.9165199999999913,3.3780599999999907,-39.85423599999963,0.0
6,36,0.9312510000000032,4.1134560000000135,-65.6814820000005,0.0
6,37,0.9671320000000065,5.145011999999994,-103.03278399999984,0.0
6,38,1.0025639999999925,6.639793999999995,-158.55230999999978,0.0
7,0,0.47845900000000086,1.191718999999999,15.111867999999994,0.0
7,1,0.5230960000000024,1.2611980000000003,14.774566999999983,0.0
7,2,0.5663300000000007,1.3044319999999985,14.428694999999998,0.0
7,3,0.6079870000000014,1.3732840000000017,13.999391999999986,0.0
7,4,0.6480469999999983,1.4342879999999987,13.535960000000017,0.0
7,5,0.6856570000000026,1.4928580000000018,13.038409999999974,0.0
7,6,0.7208560000000013,1.5504099999999994,12.504256999999996,0.0
7,7,0.7535360000000004,1.6003070000000008,11.976114999999993,0.0
7,8,0.783648000000003,1.6524929999999998,11.400028999999982,0.0
7,9,0.8111379999999997,1.6957529999999998,10.861519000000005,0.0
7,10,0.8407709999999966,1.7339249999999993,10.310540000000032,0.0
7,11,0.8629719999999992,1.7676919999999967,9.81746300000004,0.0
7,12,0.882435000000001,1.8095915000000034,9.220327499999954,0.001661499999997318
7,13,0.8937799999999996,1.820936500000002,9.00477249999998,0.0
7,14,0.914244999999994,1.8484300000000005,8.504102000000039,0.0
7,15,0.9312140000000042,1.8605960000000046,8.210191999999903,0.0
7,16,0.937782999999996,1.8776629999999983,7.908204000000055,0.0
7,17,0.9465179999999975,1.8902470000000022,7.645714999999981,0.0
7,18,0.9535300000000007,1.8988999999999976,7.449530000000038,0.0
7,19,0.9583690000000047,1.9037390000000016,7.3285549999999375,0.0
7,20,0.9600200000000001,1.9171300000000002,7.062568999999996,0.007815999999998269
7,21,0.9623419999999996,1.9171300000000002,7.046315,0.0
7,22,0.9602019999999953,1.9172209999999978,7.05938400000008,0.00979600000000147
7,23,0.9602019999999953,1.9172209999999978,7.05938400000008,0.0
7,24,0.9602019999999953,1.921085000000005,6.970511999999914,0.0
7,25,0.9595030000000051,1.9221339999999998,6.950228999999972,0.0
7,26,0.9583089999999999,1.9505695000000003,6.247699499999996,0.009819499999998982
7,27,0.9583089999999999,1.9505695000000003,6.247699499999996,0.0
7,28,0.9556273333333347,1.980674666666663,5.451671000000094,0.0
7,29,0.9532622500000016,1.9917677499999868,5.155987500000364,0.0
7,30,0.9495920000000098,2.047005999999982,3.578716000000469,0.0
7,31,0.9448849999999993,2.1336140000000086,1.0132949999997436,0.0
7,32,0.9427710000000076,2.2815399999999926,-3.5576129999998187,0.0
7,33,0.9427710000000076,2.514212999999998,-11.003148999999993,0.0
7,34,0.9475480000000118,2.869080000000011,-22.74719900000045,0.0
7,35,0.9651489999999967,3.3944240000000008,-40.732102,0.0
7,36,0.9853899999999953,4.1470489999999955,-67.2156639999998,0.0
7,37,1.0025639999999925,5.162185999999991,-103.88081399999963,0.0
8,0,0.5307940000000002,1.2363560000000007,14.745522999999999,0.0
8,1,0.5733280000000001,1.3044319999999985,14.379709000000002,0.0
8,2,0.6143250000000009,1.3454289999999993,14.010735999999994,0.0
8,3,0.6535559999999982,1.412514999999999,13.562716000000016,0.0
8,4,0.6910260000000008,1.4717580000000012,13.085226999999989,0.0
8,5,0.7260080000000002,1.5278400000000012,12.581042999999994,0.0
8,6,0.7585750000000004,1.5829769999999996,12.044822,0.0
8,7,0.7883689999999994,1.6301009999999998,11.523726000000007,0.0
8,8,0.8186280000000004,1.6799689999999998,10.932578,0.0
8,9,0.8434579999999983,1.720678999999997,10.408258000000039,0.0
8,10,0.865825000000001,1.7561260000000019,9.910298999999974,0.0
8,11,0.8855130000000031,1.7871549999999985,9.44250499999999,0.0
8,12,0.9025770000000009,1.8253350000000026,8.886012999999963,0.0036559999999994375
8,13,0.914244999999994,1.8370029999999957,8.6526530000001,0.0
8,14,0.9312140000000042,1.8605960000000046,8.210191999999903,0.0009350000000019065
8,15,0.9445300000000003,1.8705384999999985,7.961095500000017,0.0
8,16,0.9511220000000051,1.8863979999999998,7.6704669999999595,0.0
8,17,0.9582940000000022,1.8972590000000054,7.439314999999894,0.0
8,18,0.963832999999994,1.904162999999997,7.277635000000103,0.0
8,19,0.9692368571428561,1.908674857142859,7.151803857142835,0.0
8,20,0.9635166315789484,1.9174691578947363,7.030473947368423,0.012229842105262456
8,21,0.9635166315789484,1.9174691578947363,7.030473947368423,0.0040466842105280065
8,22,0.9635166315789484,1.9174691578947363,7.030473947368423,0.01536152631579224
8,23,0.9635166315789484,1.9174691578947363,7.030473947368423,0.005832368421052614
8,24,0.9627131111111109,1.921085000000005,6.952934222222105,0.005304888888890247
8,25,0.9625965555555559,1.9221339999999998,6.928574111111118,0.0036624444444441906
8,26,0.958321833333334,1.9505695000000003,6.247609666666655,0.01611966666666831
8,27,0.958321833333334,1.9505695000000003,6.247609666666655,0.004896166666668478
8,28,0.9556273333333347,1.980674666666663,5.451671000000092,0.004127666666668972
8,29,0.9532622500000016,1.9917677499999868,5.155987500000364,0.0017017500000022778
8,30,0.9499209999999891,2.046348000000023,3.5958239999993964,0.0
8,31,0.9483409999999992,2.13002800000001,1.096812999999699,0.0
8,32,0.9448849999999993,2.279426000000001,-3.506877000000017,0.0
8,33,0.9475480000000118,2.5189900000000023,-11.194229000000163,0.0
8,34,0.9722139999999939,2.886680999999996,-23.525359999999807,0.0
8,35,1.0001449999999892,3.4294199999999933,-42.20193399999968,0.0
8,36,1.0144200000000012,4.161324000000008,-67.93277400000028,0.0
9,0,0.5796729999999997,1.2788900000000005,14.354491000000003,0.0
9,1,0.6199340000000007,1.3454289999999993,13.965863999999996,0.0
9,2,0.6584970000000006,1.3839919999999992,13.580233999999997,0.0
9,3,0.6951570000000018,1.4491750000000003,13.119927999999984,0.0
9,4,0.7298240000000007,1.5064250000000001,12.636174999999994,0.0
9,5,0.7619569999999989,1.5599729999999994,12.132786000000014,0.0
9,6,0.7935739999999996,1.6128219999999978,11.583988000000016,0.0
9,7,0.8186280000000004,1.6569270000000031,11.093871999999976,0.0
9,8,0.8434579999999983,1.7047989999999977,10.535298000000033,0.0
9,9,0.865825000000001,1.7430459999999997,10.028018999999993,0.0
9,10,0.8866769999999988,1.775814000000004,9.545438999999973,0.0
9,11,0.9038809999999984,1.8042189999999962,9.106553000000055,0.0
9,12,0.9185750000000041,1.8391680000000008,8.589867999999953,0.005927999999997269
9,13,0.9318619999999953,1.8521309999999964,8.31440500000009,0.0
9,14,0.9445300000000003,1.8705384999999985,7.961095500000017,0.0027335000000014986
9,15,0.9511220000000051,1.8771305000000034,7.809479499999906,0.0
9,16,0.9610330000000005,1.8935699999999969,7.473688000000045,0.0
9,17,0.963832999999994,1.902797999999997,7.3008400000001,0.0
9,18,0.9695881111111109,1.9081800000000015,7.157549999999972,0.0
9,19,0.9692368571428561,1.908674857142859,7.151803857142838,0.0015231428571400585
9,20,0.9635166315789484,1.9174691578947363,7.030473947368423,0.022265210526311918
9,21,0.9635166315789484,1.9174691578947363,7.030473947368423,0.014827052631579463
9,22,0.9635166315789484,1.9174691578947363,7.030473947368423,0.027010894736838154
9,23,0.9635166315789484,1.9174691578947363,7.030473947368423,0.017759736842107188
9,24,0.9627131111111109,1.921085000000005,6.952934222222105,0.016101777777777215
9,25,0.9625965555555559,1.9221339999999998,6.928574111111118,0.012261888888886574
9,26,0.958321833333334,1.9505695000000003,6.247609666666655,0.024617833333330452
9,27,0.958321833333334,1.9505695000000003,6.247609666666655,0.009961333333329492
9,28,0.9563685714285718,1.9788215714285704,5.497257142857169,0.007464714285708496
9,29,0.9532622500000016,1.9917677499999868,5.155987500000364,0.0028225000000077216
9,30,0.9506380000000106,2.0441969999999614,3.6539010000010563,0.0
9,31,0.9499209999999891,2.1271970000000096,1.1703539999998043,0.0
9,32,0.9537589999999909,2.2848439999999925,-3.7512449999996846,0.0
9,33,0.9722139999999939,2.5374450000000053,-12.000572000000119,0.0
9,34,1.0120079999999945,2.922652999999997,-25.070581999999845,0.0
9,35,1.0232700000000108,3.444504000000009,-42.91487400000041,0.0
10,0,0.6248630000000013,1.3191510000000015,13.947780999999988,0.0
10,1,0.6626019999999997,1.3839919999999992,13.543289000000005,0.0
10,2,0.698599999999999,1.4199899999999985,13.147311000000013,0.0
10,3,0.732523999999998,1.4830989999999993,12.681853000000022,0.0
10,4,0.7644349999999989,1.538336000000001,12.197032000000007,0.0
10,5,0.7935739999999996,1.589112,11.702538000000004,0.0
10,6,0.820642000000003,1.6398900000000012,11.177967999999964,0.0
10,7,0.8446309999999997,1.6809159999999999,10.691922000000005,0.0
10,8,0.8668180000000021,1.7269860000000001,10.14756199999998,0.0
10,9,0.8866769999999988,1.7629049999999964,9.661620000000042,0.0
10,10,0.9038809999999984,1.7930180000000036,9.218562999999982,0.0
10,11,0.9194230000000019,1.818913000000002,8.804192999999962,0.0
10,12,0.9435610000000025,1.8638300000000037,8.05702699999993,0.0074080000000016355
10,13,0.9445300000000003,1.8652835000000003,8.029410499999994,0.0
10,14,0.9610330000000005,1.8855460000000015,7.594047999999976,0.004781999999995179
10,15,0.9615939999999981,1.8858265000000003,7.584230500000018,0.0
10,16,0.9674949999999995,1.8992609999999956,7.323703000000073,0.0
10,17,0.9702119333333342,1.9062859333333322,7.184134733333341,0.0007310666666704435
10,18,0.9695881111111109,1.9081800000000015,7.157549999999972,0.004288888888890341
10,19,0.9692368571428561,1.908674857142859,7.151803857142838,0.008608285714286623
10,20,0.9692368571428561,1.908674857142859,7.151803857142838,0.03258942857141811
10,21,0.9635166315789484,1.9174691578947363,7.030473947368423,0.029795421052631
10,22,0.9635166315789484,1.9174691578947363,7.030473947368423,0.04211326315789243
10,23,0.9635166315789484,1.9174691578947363,7.030473947368423,0.03182110526316073
10,24,0.9627131111111109,1.921085000000005,6.952934222222105,0.02841066666666947
10,25,0.9625965555555559,1.9221339999999998,6.928574111111118,0.021733333333322946
10,26,0.9597169999999977,1.946384000000009,6.342480999999793,0.03288700000000233
10,27,0.958321833333334,1.9505695000000003,6.247609666666655,0.012081499999993639
10,28,0.9563685714285718,1.9788215714285704,5.497257142857169,0.007120142857136358
10,29,0.9532622500000016,1.9917677499999868,5.155987500000364,0.0014342499999955294
10,30,0.9532622500000016,2.036316250000006,3.864080999999814,0.0
10,31,0.9564439999999905,2.133002999999988,0.9316610000004601,0.0
10,32,0.9754860000000036,2.3038860000000057,-4.556132000000218,0.0
10,33,1.0120079999999945,2.573966999999996,-13.563943999999822,0.0
10,34,1.0279689999999988,2.938614000000001,-25.75690500000003,0.0
11,0,0.666604999999997,1.35689,13.530361000000031,0.0
11,1,0.7017319999999998,1.3920170000000027,13.143964,0.0
11,2,0.7350579999999987,1.4533159999999974,12.716079000000018,0.0
11,3,0.7662340000000007,1.5142750000000014,12.251224999999987,0.0
11,4,0.7954310000000007,1.567533000000001,11.77028399999999,0.0
11,5,0.82151,1.6151909999999994,11.292783000000004,0.0
11,6,0.8457889999999999,1.6641690000000011,10.780823999999996,0.0
11,7,0.8675350000000002,1.7026620000000001,10.310659999999999,0.0
11,8,0.8871499999999983,1.7466009999999983,9.787322000000032,0.0
11,9,0.9053949999999986,1.7803299999999993,9.31679500000002,0.0
11,10,0.9194230000000019,1.8078660000000042,8.91466299999994,0.0
11,11,0.9318619999999953,1.8313519999999954,8.5429740000001,0.0
11,12,0.9445300000000003,1.8652835000000003,8.029410499999994,0.00803449999999728
11,13,0.9541129999999995,1.875421499999998,7.801786500000031,0.0
11,14,0.9615939999999981,1.8858265000000003,7.584230500000018,0.005470500000001266
11,15,0.9674949999999995,1.8918630000000007,7.4346729999999965,0.0
11,16,0.970605,1.9023709999999958,7.2428430000000645,0.0011360000000024684
11,17,0.9702119333333342,1.9062859333333322,7.184134733333341,0.00524313333333204
11,18,0.9700202666666674,1.9075317666666671,7.164680566666647,0.011050699999998415
11,19,0.9695881111111109,1.9081800000000015,7.157549999999972,0.017923777777776095
11,20,0.9692368571428561,1.908674857142859,7.151803857142838,0.0411015714285643
11,21,0.9667354285714269,1.9131774285714316,7.086266428571388,0.04367985714284828
11,22,0.9635166315789484,1.9174691578947363,7.030473947368423,0.056314631578946006
11,23,0.9635166315789484,1.9174691578947363,7.030473947368423,0.043729473684205544
11,24,0.9627131111111109,1.921085000000005,6.952934222222105,0.03795655555555122
11,25,0.9625965555555559,1.9221339999999998,6.928574111111118,0.0277497777777711
11,26,0.9625965555555559,1.9363055555555553,6.57428522222223,0.03504822222220838
11,27,0.958321833333334,1.9505695000000003,6.247609666666655,0.010256666666656145
11,28,0.9563685714285718,1.9788215714285704,5.497257142857169,0.003617571428565114
11,29,0.9563685714285718,1.9788215714285704,5.497257142857171,0.0
11,30,0.959023000000002,2.0409779999999955,3.6655220000001094,0.0
11,31,0.9772720000000135,2.15235100000001,0.12359299999954487,0.0
11,32,1.0156479999999988,2.3407899999999984,-6.1401519999999294,0.0
11,33,1.0322570000000013,2.5903929999999917,-14.310146999999745,0.0
12,0,0.7053530000000023,1.3920170000000027,13.104132999999972,0.0
12,1,0.7378159999999987,1.424479999999999,12.714577000000016,0.0
12,2,0.7684440000000023,1.483944000000001,12.28757699999997,0.0
12,3,0.796831000000001,1.542662,11.82949699999999,0.0
12,4,0.823402999999999,1.594104999999999,11.356304000000016,0.0
12,5,0.8467120000000001,1.6385000000000005,10.899015999999996,0.0
12,6,0.8683230000000002,1.6857800000000012,10.403283999999992,0.0
12,7,0.8882289999999955,1.7225679999999954,9.943684000000083,0.0
12,8,0.9053949999999986,1.7637670000000014,9.449299000000003,0.0
12,9,0.9210130000000021,1.7954790000000003,9.008186999999971,0.0
12,10,0.9331779999999981,1.8205000000000027,8.637017999999998,0.0
12,11,0.9435610000000025,1.841735,8.300071999999972,0.0
12,12,0.9541129999999995,1.875421499999998,7.801786500000031,0.008901499999996787
12,13,0.961593999999998,1.8832799999999954,7.617335000000084,0.0
12,14,0.9674949999999995,1.8918630000000007,7.4346729999999965,0.005167000000000144
12,15,0.9709706666666666,1.8965671666666672,7.325878166666659,0.0011133333333290807
12,16,0.970605,1.902473999999998,7.241195000000033,0.005632999999996002
12,17,0.9702119333333342,1.9062859333333322,7.184134733333341,0.012021199999997734
12,18,0.9700202666666674,1.9075317666666671,7.164680566666647,0.01889343333333038
12,19,0.9700202666666674,1.9075317666666671,7.164680566666647,0.027724666666669506
12,20,0.9695312857142875,1.9082822857142836,7.156220285714305,0.04994257142856995
12,21,0.9692368571428561,1.908674857142859,7.151803857142838,0.052154857142852507
12,22,0.9667354285714269,1.9131774285714316,7.086266428571388,0.06744199999999267
12,23,0.9635166315789484,1.9174691578947363,7.030473947368423,0.05157584210526167
12,24,0.9635166315789484,1.9174691578947363,7.030473947368423,0.04234868421051985
12,25,0.9625965555555559,1.9221339999999998,6.928574111111118,0.028425222222217883
12,26,0.9625965555555559,1.9363055555555553,6.57428522222223,0.030848666666656754
12,27,0.958321833333334,1.9505695000000003,6.247609666666655,0.0052498333333304
12,28,0.9583218333333339,1.96783583333333,5.7814186666667595,0.0
12,29,0.959023000000002,1.9814760000000007,5.39107999999996,0.0
12,30,0.9794610000000006,2.0605469999999997,2.852765000000005,0.0
12,31,1.0156479999999988,2.1894070000000028,-1.4472790000000657,0.0
12,32,1.0331800000000015,2.357399000000001,-6.865415000000041,0.0
13,0,0.7411819999999985,1.424479999999999,12.67418500000002,0.0
13,1,0.7709560000000018,1.483944000000001,12.257432999999978,0.0
13,2,0.7989069999999998,1.511894999999999,11.866119000000005,0.0
13,3,0.824584999999999,1.594104999999999,11.342120000000016,0.0
13,4,0.8485699999999987,1.6180899999999987,10.95836000000002,0.0
13,5,0.8698370000000004,1.6597670000000022,10.515180999999984,0.0
13,6,0.8888469999999984,1.7047899999999991,10.042936000000026,0.0
13,7,0.9061470000000043,1.7398680000000013,9.607567999999937,0.0
13,8,0.9210130000000021,1.7786329999999992,9.14295499999998,0.0
13,9,0.9340170000000043,1.8084830000000025,8.735102999999924,0.0
13,10,0.9446140000000014,1.8310969999999998,8.393815999999987,0.0
13,11,0.9530030000000025,1.850124000000001,8.09448899999996,0.0
13,12,0.961593999999998,1.8832799999999954,7.617335000000084,0.008894000000001512
13,13,0.9672240000000016,1.8890685000000005,7.474524499999973,0.0
13,14,0.9708068666666667,1.895174866666668,7.348564466666652,0.005864133333329136
13,15,0.9709706666666666,1.8965671666666672,7.325878166666659,0.005266666666663866
13,16,0.970605,1.902473999999998,7.241195000000033,0.01203999999999894
13,17,0.9702119333333342,1.9062859333333322,7.184134733333341,0.019676266666667885
13,18,0.9700202666666674,1.9075317666666671,7.164680566666647,0.026729166666665805
13,19,0.9700202666666674,1.9075317666666671,7.164680566666647,0.035228399999997606
13,20,0.9695881111111109,1.9081800000000015,7.157549999999972,0.056542555555553875
13,21,0.9695312857142875,1.9082822857142836,7.156220285714305,0.05605500000000596
13,22,0.9667354285714269,1.9131774285714316,7.086266428571388,0.07148157142856881
13,23,0.9635166315789484,1.9174691578947363,7.030473947368423,0.05473421052631444
13,24,0.9635166315789484,1.9174691578947363,7.030473947368423,0.04108905263157858
13,25,0.9625965555555559,1.9221339999999998,6.928574111111118,0.02363866666665615
13,26,0.9625965555555559,1.9363055555555553,6.57428522222223,0.022391111111097928
13,27,0.9597169999999977,1.946384000000009,6.342480999999793,0.0
13,28,0.9599000000000046,1.9695970000000074,5.71316799999974,0.0
13,29,0.9794610000000006,2.0010369999999966,4.578555000000094,0.0
13,30,1.0165329999999955,2.0976189999999946,1.2957410000002199,0.0
13,31,1.0334390000000013,2.206054000000009,-2.1770870000002844,0.0
14,0,0.7740709999999993,1.4542540000000024,12.246628000000008,0.0
14,1,0.801168999999998,1.511894999999999,11.836713000000028,0.0
14,2,0.8264800000000001,1.5683399999999992,11.39478,0.0
14,3,0.8494810000000008,1.591341,11.02676399999999,0.0
14,4,0.8709960000000017,1.6396049999999995,10.580761999999979,0.0
14,5,0.8907260000000008,1.6794970000000013,10.144973999999984,0.0
14,6,0.9072800000000001,1.7213439999999984,9.703983000000008,0.0
14,7,0.9218479999999971,1.7544359999999983,9.30147900000005,0.0
14,8,0.9345319999999973,1.7913169999999994,8.865736000000041,0.0
14,9,0.9455649999999949,1.8195160000000001,8.485682000000068,0.0
14,10,0.9542730000000006,1.8398050000000055,8.18116899999994,0.0
14,11,0.960839,1.8566900000000004,7.920394999999999,0.0
14,12,0.9708068666666667,1.8926513666666658,7.3813699666666786,0.007774499999996465
14,13,0.9708068666666667,1.8926513666666658,7.3813699666666786,0.0009721333333310156
14,14,0.9708068666666667,1.895174866666668,7.348564466666652,0.010643266666665596
14,15,0.9709706666666666,1.8965671666666672,7.325878166666659,0.011728999999995438
14,16,0.970605,1.902473999999998,7.241195000000033,0.019763999999995008
14,17,0.9703333333333319,1.9058003333333413,7.190690333333219,0.027754333333332326
14,18,0.9700202666666674,1.9075317666666671,7.164680566666647,0.034194899999997475
14,19,0.9700202666666674,1.9075317666666671,7.164680566666647,0.03984413333333414
14,20,0.9700202666666674,1.9075317666666671,7.164680566666647,0.05950936666666884
14,21,0.9695312857142875,1.9082822857142836,7.156220285714305,0.056116714285721514
14,22,0.9692368571428561,1.908674857142859,7.151803857142838,0.0697062857142754
14,23,0.9667354285714269,1.9131774285714316,7.086266428571388,0.0507267142857053
14,24,0.9635166315789484,1.9174691578947363,7.030473947368423,0.03467242105262791
14,25,0.9625965555555559,1.9221339999999998,6.928574111111118,0.01452511111111221
14,26,0.9625965555555559,1.9363055555555553,6.57428522222223,0.012728555555547416
14,27,0.9625965555555558,1.9363055555555557,6.574285222222221,0.0
14,28,0.980017999999987,1.9905839999999841,4.86399800000062,0.0
14,29,1.0169530000000009,2.0379720000000106,3.020043999999686,0.0
14,30,1.0334390000000013,2.1143100000000032,0.5752329999998835,0.0
15,0,0.8040080000000032,1.4813520000000011,11.827509999999954,0.0
15,1,0.828479999999999,1.505823999999997,11.460430000000017,0.0
15,2,0.8511819999999979,1.559908,11.06581600000003,0.0
15,3,0.8716439999999999,1.6118030000000019,10.655095999999997,0.0
15,4,0.8907300000000014,1.658691000000001,10.228141999999977,0.0
15,5,0.9082049999999988,1.6973149999999997,9.81117800000002,0.0
15,6,0.922386000000003,1.7355250000000026,9.407412999999941,0.0
15,7,0.9350590000000025,1.7675600000000031,9.02465699999994,0.0
15,8,0.9456980000000001,1.801955999999997,8.62430000000002,0.0
15,9,0.954937000000001,1.8286970000000053,8.27178699999994,0.0
15,10,0.9618569999999949,1.846782999999995,8.005213000000126,0.0
15,11,0.9669069999999991,1.8617400000000046,7.779892999999966,0.0
15,12,0.9708068666666667,1.8926513666666658,7.3813699666666786,0.007243633333334998
15,13,0.9708068666666667,1.8926513666666658,7.3813699666666786,0.005221266666666224
15,14,0.9708068666666667,1.895174866666668,7.348564466666652,0.017226399999994868
15,15,0.9709706666666666,1.8965671666666672,7.325878166666659,0.019391333333331318
15,16,0.970605,1.9023709999999958,7.2428430000000645,0.027789000000002062
15,17,0.9703333333333319,1.9058003333333413,7.190690333333219,0.03520500000000126
15,18,0.9700202666666674,1.9075317666666671,7.164680566666647,0.040408633333328225
15,19,0.9700202666666674,1.9075317666666671,7.164680566666647,0.042186866666668266
15,20,0.9700202666666674,1.9075317666666671,7.164680566666647,0.05941710000000455
15,21,0.9700202666666674,1.9075317666666671,7.164680566666647,0.05210433333333242
15,22,0.9695312857142875,1.9082822857142836,7.156220285714305,0.062046142857143494
15,23,0.9667354285714269,1.9131774285714316,7.086266428571388,0.04051928571428398
15,24,0.9667354285714269,1.9131774285714316,7.086266428571388,0.02277285714285604
15,25,0.9625965555555559,1.9221339999999998,6.928574111111118,0.004153555555554078
15,26,0.9625965555555559,1.9363055555555553,6.57428522222223,0.008979999999993993
15,27,0.9791489999999925,1.9531214999999875,5.888520500000446,0.0
15,28,1.0170980000000043,2.0293810000000008,3.2585619999999125,0.0
15,29,1.033233999999993,2.0545589999999976,2.311087000000171,0.0
16,0,0.8310420000000001,1.505823999999997,11.422,0.0
16,1,0.852964,1.527745999999997,11.071248,0.0
16,2,0.873147000000003,1.6118030000000019,10.63255099999995,0.0
16,3,0.8911739999999995,1.6298299999999983,10.308065000000013,0.0
16,4,0.907861999999998,1.6753789999999995,9.904410000000034,0.0
16,5,0.9226659999999995,1.7117760000000004,9.521958000000005,0.0
16,6,0.9346079999999972,1.7474670000000003,9.152431000000043,0.0
16,7,0.9461590000000015,1.7797650000000047,8.772721999999945,0.0
16,8,0.954937000000001,1.810844000000003,8.414610999999958,0.0
16,9,0.9623989999999978,1.836700999999998,8.087821000000055,0.0
16,10,0.967876000000004,1.8523820000000057,7.858937999999881,0.0
16,11,0.9712511999999999,1.8651152000000004,7.677602799999999,0.0007298000000020011
16,12,0.9708068666666667,1.8926513666666658,7.3813699666666786,0.011118766666662339
16,13,0.9708068666666667,1.8926513666666658,7.3813699666666786,0.012178399999999812
16,14,0.9708068666666667,1.895174866666668,7.348564466666652,0.024355533333324075
16,15,0.9709706666666666,1.8965671666666672,7.325878166666659,0.028042666666664218
16,16,0.970605,1.9023709999999958,7.2428430000000645,0.03602000000000238
16,17,0.9703333333333319,1.9058003333333413,7.190690333333219,0.042127666666665675
16,18,0.9702119333333342,1.9062859333333322,7.184134733333341,0.04534853333333366
16,19,0.9700202666666674,1.9075317666666671,7.164680566666647,0.043391599999997865
16,20,0.9700202666666674,1.9075317666666671,7.164680566666647,0.05758283333333303
16,21,0.9700202666666674,1.9075317666666671,7.164680566666647,0.0438000666666607
16,22,0.9695312857142875,1.9082822857142836,7.156220285714305,0.05015685714285567
16,23,0.9695312857142875,1.9082822857142836,7.156220285714305,0.024290571428576158
16,24,0.9667354285714269,1.9131774285714316,7.086266428571388,0.007796428571424485
16,25,0.9667354285714269,1.9131774285714316,7.086266428571388,0.0
16,26,0.9791489999999925,1.9531214999999875,5.888520500000446,0.008106500000003791
16,27,1.015381000000005,1.9893535,4.366776499999922,0.0
16,28,1.032782999999995,2.046904999999981,2.532615000000604,0.0
17,0,0.8554909999999971,1.527745999999997,11.030816000000048,0.0
17,1,0.8749830000000003,1.580091000000003,10.66659899999999,0.0
17,2,0.8927559999999986,1.6298299999999983,10.282753000000028,0.0
17,3,0.9085500000000017,1.6753789999999995,9.893401999999973,0.0
17,4,0.9229079999999996,1.6897369999999974,9.606242000000016,0.0
17,5,0.935181,1.7240490000000008,9.260352999999995,0.0
17,6,0.945053999999999,1.7573399999999992,8.926057000000021,0.0
17,7,0.9548269999999945,1.7887959999999907,8.570817000000154,0.0
17,8,0.961857000000002,1.817764000000004,8.248530999999936,0.0
17,9,0.9677539999999993,1.8422389999999993,7.952299000000018,0.0
17,10,0.9714129333333332,1.855918933333335,7.76697773333332,0.00040406666666825686
17,11,0.9712511999999999,1.8651152000000004,7.677602799999999,0.0051525999999988414
17,12,0.9708068666666667,1.8926513666666658,7.3813699666666786,0.01826289999999986
17,13,0.9708068666666667,1.895174866666668,7.348564466666652,0.020905533333333892
17,14,0.9708068666666667,1.895174866666668,7.348564466666652,0.03221366666666725
17,15,0.9709706666666666,1.8965671666666672,7.325878166666659,0.036800999999996975
17,16,0.970605,1.9023709999999958,7.2428430000000645,0.043644999999997935
17,17,0.9703969333333333,1.9053869333333324,7.196668733333347,0.04781053333333318
17,18,0.9702119333333342,1.9062859333333322,7.184134733333341,0.048364599999999314
17,19,0.9700202666666674,1.9075317666666671,7.164680566666647,0.042797333333329135
17,20,0.9700202666666674,1.9075317666666671,7.164680566666647,0.053409566666669406
17,21,0.9700202666666674,1.9075317666666671,7.164680566666647,0.03280279999999536
17,22,0.9700202666666674,1.9075317666666671,7.164680566666647,0.03607503333333639
17,23,0.9695312857142875,1.9082822857142836,7.156220285714305,0.007777285714290372
17,24,0.9695312857142875,1.9082822857142838,7.156220285714305,0.0
17,25,0.9786220000000014,1.925064000000006,6.59891699999983,0.0
17,26,1.01606799999999,1.9896969999999925,4.3465100000003645,0.00735000000000241
17,27,1.0309440000000052,2.004847500000011,3.6994304999996217,0.0
18,0,0.8778160000000028,1.5472380000000001,10.65129099999995,0.0
18,1,0.894991000000001,1.5978640000000013,10.30868999999998,0.0
18,2,0.9104899999999994,1.6456240000000015,9.949687000000008,0.0
18,3,0.9242559999999997,1.6897369999999974,9.583326000000014,0.0
18,4,0.936314000000003,1.7240490000000008,9.241091999999945,0.0
18,5,0.9464650000000034,1.7342000000000013,9.017769999999935,0.0
18,6,0.9544640000000015,1.7653389999999973,8.718092999999989,0.0
18,7,0.9621080000000006,1.7960769999999968,8.396073000000008,0.0
18,8,0.9675709999999995,1.8232270000000028,8.107688999999986,0.0
18,9,0.9718729999999999,1.8463579999999986,7.845205000000014,0.00016900000000319437
18,10,0.9714129333333332,1.855918933333335,7.76697773333332,0.0038721333333313623
18,11,0.9712511999999999,1.8651152000000004,7.677602799999999,0.012134400000000767
18,12,0.9708068666666667,1.8926513666666658,7.3813699666666786,0.027642033333329152
18,13,0.9708068666666667,1.895174866666668,7.348564466666652,0.030689666666667392
18,14,0.9708068666666667,1.895174866666668,7.348564466666652,0.04095979999999955
18,15,0.9709706666666666,1.8965671666666672,7.325878166666659,0.045074333333332106
18,16,0.970605,1.9023709999999958,7.2428430000000645,0.05013999999999896
18,17,0.9703969333333333,1.9053869333333324,7.196668733333347,0.05172160000000048
18,18,0.9703333333333319,1.9058003333333413,7.190690333333219,0.049100666666660686
18,19,0.9700202666666674,1.9075317666666671,7.164680566666647,0.03980606666666375
18,20,0.9700202666666674,1.9075317666666671,7.164680566666647,0.04660029999999438
18,21,0.9700202666666674,1.9075317666666671,7.164680566666647,0.0207515333333248
18,22,0.9700202666666674,1.9075317666666671,7.164680566666647,0.02371976666665887
18,23,0.9700202666666673,1.907531766666667,7.164680566666657,0.0
18,24,0.9799500000000023,1.9187009999999987,6.729052999999993,0.0
18,25,1.016379999999998,1.9611819999999938,5.053769000000187,0.0
18,26,1.030944000000005,2.0048475000000106,3.6994304999996395,0.007892499999996971
19,0,0.8977979999999981,1.5644129999999983,10.291615000000036,0.0
19,1,0.9128380000000007,1.6133629999999997,9.971944999999987,0.0
19,2,0.9262070000000016,1.659390000000002,9.639248999999968,0.0
19,3,0.9381689999999985,1.6713519999999988,9.388047000000032,0.0
19,4,0.9481129999999993,1.7117390000000015,9.077950000000008,0.0
19,5,0.9563859999999949,1.7653389999999973,8.68349700000011,0.0
19,6,0.9627490000000023,1.7717020000000048,8.53078499999993,0.0
19,7,0.9684530000000038,1.8017809999999983,8.241934999999941,0.0
19,8,0.9721982666666668,1.826972266666666,7.994436066666669,0.00036273333333269875
19,9,0.9718729999999999,1.8463579999999986,7.845205000000014,0.00404999999999589
19,10,0.9714129333333332,1.855918933333335,7.76697773333332,0.009914199999997209
19,11,0.9712511999999999,1.8651152000000004,7.677602799999999,0.01955920000000333
19,12,0.9708068666666667,1.8926513666666658,7.3813699666666786,0.037121166666661765
19,13,0.9708068666666667,1.895174866666668,7.348564466666652,0.03956879999999785
19,14,0.9708068666666667,1.895174866666668,7.348564466666652,0.048622933333330565
19,15,0.9709706666666666,1.8965671666666672,7.325878166666659,0.05096366666666796
19,16,0.970605,1.9023709999999958,7.2428430000000645,0.05361000000000615
19,17,0.9703969333333333,1.9053869333333324,7.196668733333347,0.05197766666666581
19,18,0.9703333333333319,1.9058003333333413,7.190690333333219,0.04551033333333265
19,19,0.9700202666666674,1.9075317666666671,7.164680566666647,0.03248980000000046
19,20,0.9700202666666674,1.9075317666666671,7.164680566666647,0.03620503333333147
19,21,0.9700202666666674,1.9075317666666671,7.164680566666647,0.008602266666656533
19,22,0.9700202666666674,1.9075317666666671,7.164680566666647,0.01816949999999906
19,23,0.9808499999999981,1.9187009999999987,6.71285300000007,0.001319999999996213
19,24,1.016379999999998,1.955031999999997,5.201369000000113,0.0
19,25,1.0303949999999986,1.9752949999999885,4.4486740000003095,0.0
20,0,0.9144119999999987,1.5794530000000009,9.975949000000025,0.0
20,1,0.9274099999999983,1.6267320000000005,9.681708000000032,0.0
20,2,0.9387069999999973,1.6380289999999995,9.444471000000053,0.0
20,3,0.949154,1.7117390000000015,9.058170999999994,0.0
20,4,0.9573439999999991,1.7199290000000005,8.869801000000017,0.0
20,5,0.9640010000000032,1.7717020000000048,8.506996999999913,0.0
20,6,0.9689219999999992,1.8017809999999983,8.233024000000029,0.0
20,7,0.9728782666666664,1.8057372666666658,8.13016106666668,0.00016273333333316486
20,8,0.9721982666666668,1.826972266666666,7.994436066666669,0.004025466666668365
20,9,0.9718729999999999,1.8463579999999986,7.845205000000014,0.010071000000003494
20,10,0.9714129333333332,1.855918933333335,7.76697773333332,0.017142266666667183
20,11,0.9712511999999999,1.8651152000000004,7.677602799999999,0.026286000000002474
20,12,0.9708068666666667,1.8926513666666658,7.3813699666666786,0.04529929999999638
20,13,0.9708068666666667,1.8926513666666658,7.3813699666666786,0.04622493333333111
20,14,0.9709706666666666,1.8965671666666672,7.325878166666659,0.05344516666666621
20,15,0.9709706666666666,1.8965671666666672,7.325878166666659,0.05311499999999825
20,16,0.970605,1.902473999999998,7.241195000000033,0.05268599999999424
20,17,0.9703969333333333,1.9053869333333324,7.196668733333347,0.047294733333338
20,18,0.9703333333333319,1.9058003333333413,7.190690333333219,0.03679700000000352
20,19,0.9700202666666674,1.9075317666666671,7.164680566666647,0.020870533333326335
20,20,0.9700202666666674,1.9075317666666671,7.164680566666647,0.024268766666668995
20,21,0.9700202666666674,1.9075317666666671,7.164680566666647,0.0015869999999971185
20,22,1.0123750000000058,1.9502260000000065,5.388802999999747,0.01987499999999187
20,23,1.0163799999999983,1.9550319999999974,5.201369000000092,0.003921999999999315
20,24,1.0302970000000045,1.9702706000000063,4.571219599999765,0.0
21,0,0.9281480000000002,1.5924510000000005,9.701228999999994,0.0
21,1,0.9392220000000009,1.6035250000000012,9.46867499999998,0.0
21,2,0.948595000000001,1.6812400000000025,9.160288999999974,0.0
21,3,0.9575579999999988,1.7199290000000005,8.865521000000022,0.0
21,4,0.9649459999999976,1.7281639999999925,8.684821000000078,0.0
21,5,0.9701189999999968,1.7543030000000002,8.471632000000064,0.0
21,6,0.9734893333333332,1.7971823333333319,8.169269333333347,0.0002846666666656006
21,7,0.9728782666666664,1.8057372666666658,8.13016106666668,0.0038734666666613293
21,8,0.9721982666666668,1.826972266666666,7.994436066666669,0.01015920000000392
21,9,0.9718729999999999,1.8463579999999986,7.845205000000014,0.01747299999999896
21,10,0.9714129333333332,1.855918933333335,7.76697773333332,0.024874333333329446
21,11,0.9712511999999999,1.8651152000000004,7.677602799999999,0.03264180000000039
21,12,0.9708068666666667,1.8926513666666658,7.3813699666666786,0.05152743333333021
21,13,0.9708068666666667,1.895174866666668,7.348564466666652,0.050050066666663895
21,14,0.9709706666666666,1.8965671666666672,7.325878166666659,0.054765500000005574
21,15,0.9709706666666666,1.8965671666666672,7.325878166666659,0.05106933333333785
21,16,0.970605,1.9023709999999958,7.2428430000000645,0.04703900000000161
21,17,0.9703969333333333,1.9053869333333324,7.196668733333347,0.03771280000000132
21,18,0.9703333333333319,1.9058003333333413,7.190690333333219,0.023819666666668127
21,19,0.9700202666666674,1.9075317666666671,7.164680566666647,0.007778266666665701
21,20,0.9700202666666674,1.9075317666666671,7.164680566666647,0.01758149999999503
21,21,0.9808499999999981,1.9187009999999987,6.71285300000007,0.0015410000000031232
21,22,1.0163799999999983,1.9550319999999974,5.201369000000092,0.020919999999993166
21,23,1.0302970000000051,1.970270600000007,4.571219599999733,0.005128599999995487
22,0,0.9398560000000025,1.6035250000000012,9.455360999999947,0.0
22,1,0.9492060000000002,1.6474019999999996,9.215133999999995,0.0
22,2,0.9567869999999985,1.6899909999999991,8.970755000000032,0.0
22,3,0.9640990000000045,1.6981650000000101,8.793451999999874,0.0
22,4,0.9712870000000038,1.7368390000000034,8.516959999999905,0.0
22,5,0.9739555333333333,1.7569715333333298,8.37772213333335,0.0012564666666641244
22,6,0.9734893333333332,1.779993333333337,8.272403333333315,0.004563333333329922
22,7,0.9728782666666664,1.8057372666666658,8.13016106666668,0.010511199999992726
22,8,0.9721982666666668,1.826972266666666,7.994436066666669,0.01823893333333615
22,9,0.9718729999999999,1.8463579999999986,7.845205000000014,0.025904000000000593
22,10,0.9714129333333332,1.855918933333335,7.76697773333332,0.032847400000001414
22,11,0.9712511999999999,1.8651152000000004,7.677602799999999,0.038453600000003973
22,12,0.9712511999999999,1.8897632,7.406474800000005,0.05511939999999882
22,13,0.9708068666666667,1.895174866666668,7.348564466666652,0.05062620000000351
22,14,0.9709706666666666,1.8965671666666672,7.325878166666659,0.05215883333332627
22,15,0.9709706666666666,1.8965671666666672,7.325878166666659,0.044511666666672056
22,16,0.970605,1.9023709999999958,7.2428430000000645,0.03670800000000085
22,17,0.9703969333333333,1.9053869333333324,7.196668733333347,0.024076866666668195
22,18,0.9703333333333319,1.9058003333333413,7.190690333333219,0.009369333333335561
22,19,0.9703333333333319,1.9058003333333413,7.190690333333219,0.0
22,20,0.9808499999999981,1.9187009999999987,6.71285300000007,0.01867700000000383
22,21,1.0163799999999983,1.9550319999999974,5.201369000000092,0.0010530000000024131
22,22,1.0302970000000051,1.970270600000007,4.571219599999733,0.0212052000000007
23,0,0.9502330000000008,1.612874999999999,9.227066999999984,0.0
23,1,0.9580110000000026,1.6206530000000008,9.048172999999942,0.0
23,2,0.9640079999999998,1.6979830000000007,8.795909000000002,0.0
23,3,0.9689529999999991,1.732170999999994,8.584646000000042,0.0
23,4,0.9741971333333335,1.7535891333333282,8.385936533333354,0.0009008666666616705
23,5,0.9739555333333333,1.7569715333333298,8.37772213333335,0.005145933333334796
23,6,0.9734893333333332,1.779993333333337,8.272403333333315,0.010528000000000759
23,7,0.9728782666666664,1.8057372666666658,8.13016106666668,0.01782693333333185
23,8,0.9721982666666668,1.841804266666664,7.875780066666689,0.026089666666663902
23,9,0.9718729999999999,1.8463579999999986,7.845205000000014,0.03322599999999909
23,10,0.9714129333333332,1.862850933333334,7.69765773333333,0.038988466666666
23,11,0.9712511999999999,1.8651152000000004,7.677602799999999,0.04168139999999809
23,12,0.9712511999999999,1.8897632,7.406474800000005,0.05545620000000184
23,13,0.9708068666666667,1.895174866666668,7.348564466666652,0.04742433333333196
23,14,0.9709706666666666,1.8965671666666672,7.325878166666659,0.045273166666664366
23,15,0.9709706666666666,1.8965671666666672,7.325878166666659,0.033491000000005045
23,16,0.970605,1.9023709999999958,7.2428430000000645,0.022539000000005416
23,17,0.9703969333333333,1.9053869333333324,7.196668733333347,0.00919293333333826
23,18,0.9703969333333333,1.9053869333333324,7.196668733333347,0.0
23,19,0.9794919999999934,1.9162899999999894,6.789896000000354,0.0
23,20,1.0236889999999903,1.9623409999999892,4.88708200000044,0.019897999999990645
23,21,1.0302970000000051,1.970270600000007,4.571219599999733,0.00040880000000598216
24,0,0.9591889999999985,1.6206530000000008,9.021079000000036,0.0
24,1,0.9656149999999997,1.660979999999995,8.832954000000015,0.0
24,2,0.9701500000000038,1.7030190000000047,8.6445709999999,0.0
24,3,0.9723009999999945,1.737852999999994,8.490596000000146,0.0
24,4,0.9741971333333335,1.7535891333333282,8.385936533333354,0.003548733333332166
24,5,0.9739555333333333,1.7734665333333357,8.295247133333321,0.009732399999997199
24,6,0.9734893333333332,1.779993333333337,8.272403333333315,0.016255666666666002
24,7,0.9728782666666664,1.8057372666666658,8.13016106666668,0.0239826666666616
24,8,0.9721982666666668,1.826972266666666,7.994436066666669,0.03193440000000081
24,9,0.9718729999999999,1.8463579999999986,7.845205000000014,0.037683000000004796
24,10,0.9714129333333332,1.862850933333334,7.69765773333333,0.04158253333333306
24,11,0.9712511999999999,1.8651152000000004,7.677602799999999,0.041191200000000094
24,12,0.9712511999999999,1.8897632,7.406474800000005,0.05208499999999461
24,13,0.9708068666666667,1.8926513666666658,7.3813699666666786,0.04050346666666371
24,14,0.9709706666666666,1.8965671666666672,7.325878166666659,0.034515500000001254
24,15,0.9709706666666666,1.8965671666666672,7.325878166666659,0.019276333333330342
24,16,0.970605,1.9023709999999958,7.2428430000000645,0.00779399999999697
24,17,0.970605,1.902473999999998,7.241195000000033,0.0
24,18,0.9781610000000072,1.9131510000000063,6.878341999999719,0.0
24,19,1.0123750000000058,1.9498140000000177,5.39663099999953,0.0
24,20,1.0302970000000051,1.970270600000007,4.571219599999733,0.020758400000008947
25,0,0.9659270000000006,1.627079000000002,8.859366999999985,0.0
25,1,0.9710609999999988,1.6655149999999992,8.69771500000003,0.0
25,2,0.9743470000000016,1.6958619999999769,8.558157000000008,0.0
25,3,0.9736821428571432,1.7051699999999954,8.555497571428575,0.0009538571428606701
25,4,0.9741971333333335,1.7488551333333362,8.404872533333322,0.007058599999993476
25,5,0.9739555333333333,1.7569715333333298,8.37772213333335,0.014219866666667969
25,6,0.9734893333333332,1.779993333333337,8.272403333333315,0.02108333333332979
25,7,0.9728782666666664,1.8057372666666658,8.13016106666668,0.028403399999998413
25,8,0.9721982666666668,1.826972266666666,7.994436066666669,0.03526513333333625
25,9,0.9718729999999999,1.8463579999999986,7.845205000000014,0.03899600000000092
25,10,0.9714129333333332,1.862850933333334,7.69765773333333,0.04038760000000252
25,11,0.9712511999999999,1.8651152000000004,7.677602799999999,0.03785799999999995
25,12,0.9712511999999999,1.8897632,7.406474800000005,0.044895800000002595
25,13,0.9708068666666667,1.8926513666666658,7.3813699666666786,0.03078360000000302
25,14,0.9709706666666666,1.8965671666666672,7.325878166666659,0.021906833333336095
25,15,0.9709706666666666,1.8965671666666672,7.325878166666659,0.005764666666671303
25,16,0.9709706666666666,1.8972516666666621,7.3156106666667355,0.0
25,17,0.9797370000000001,1.911605999999999,6.866783000000012,0.0
25,18,1.01173399999999,1.948531999999986,5.435732000000499,0.0
25,19,1.0236889999999903,1.961211999999989,4.908533000000446,0.0
26,0,0.9712249999999969,1.6322130000000001,8.726917000000078,0.0
26,1,0.9751440000000002,1.6588099999999955,8.602345,0.0
26,2,0.9744303571428569,1.6947783571428587,8.558240357142864,0.0028756428571412584
26,3,0.9736821428571432,1.7406152857142914,8.449161714285687,0.0042157142857135455
26,4,0.9741971333333335,1.7488551333333362,8.404872533333322,0.011700466666660247
26,5,0.9739555333333333,1.7569715333333298,8.37772213333335,0.019035333333327742
26,6,0.9734893333333332,1.779993333333337,8.272403333333315,0.02553400000000039
26,7,0.9728782666666664,1.8057372666666658,8.13016106666668,0.03177113333332926
26,8,0.9721982666666668,1.826972266666666,7.994436066666669,0.03692486666666994
26,9,0.9718729999999999,1.8463579999999986,7.845205000000014,0.03812400000000338
26,10,0.9714129333333332,1.862850933333334,7.69765773333333,0.03654266666666928
26,11,0.9712511999999999,1.8897632,7.406474800000005,0.033189799999998826
26,12,0.9712511999999999,1.8897632,7.406474800000005,0.03476959999999707
26,13,0.9708068666666667,1.8926513666666658,7.3813699666666786,0.019460733333335867
26,14,0.9709706666666666,1.8965671666666672,7.325878166666659,0.010825166666666775
26,15,0.9709706666666666,1.8965671666666672,7.325878166666659,0.0
26,16,0.9820059999999984,1.9084319999999977,6.860842000000076,0.0
26,17,1.014240000000001,1.9435650000000066,5.460629999999867,0.0
26,18,1.0238119999999924,1.9547879999999935,5.0209670000003115,0.0
27,0,0.975063866666667,1.6360518666666692,8.627106466666657,0.0006141333333324894
27,1,0.9753134285714283,1.65660742857143,8.600142428571434,0.003129571428569733
27,2,0.9744303571428569,1.6947783571428587,8.558240357142864,0.008097285714285363
27,3,0.9736821428571432,1.7406152857142914,8.449161714285687,0.010086571428573166
27,4,0.9741971333333335,1.7535891333333282,8.385936533333354,0.018048333333325672
27,5,0.9739555333333333,1.7569715333333298,8.37772213333335,0.024888799999999378
27,6,0.9734893333333332,1.779993333333337,8.272403333333315,0.03039666666666818
27,7,0.9728782666666664,1.8057372666666658,8.13016106666668,0.0349858666666627
27,8,0.9721982666666668,1.841804266666664,7.875780066666689,0.03791659999999197
27,9,0.9718729999999999,1.8463579999999986,7.845205000000014,0.036428000000004346
27,10,0.9714129333333332,1.862850933333334,7.69765773333333,0.03146073333333277
27,11,0.9712511999999999,1.8651152000000004,7.677602799999999,0.026393599999998685
27,12,0.9712511999999999,1.8897632,7.406474800000005,0.02292939999999888
27,13,0.9708068666666667,1.8926513666666658,7.3813699666666786,0.0074508666666730505
27,14,0.9709706666666666,1.8965671666666672,7.325878166666659,0.005601500000000925
27,15,0.9820059999999984,1.9084319999999977,6.860842000000076,0.0004810000000006198
27,16,1.014240000000001,1.9413016666666678,5.496843333333288,0.0
27,17,1.0238119999999924,1.9543009999999867,5.029246000000427,0.0
28,0,0.975063866666667,1.6360518666666692,8.627106466666657,0.004092266666663846
28,1,0.9753134285714283,1.65660742857143,8.600142428571434,0.007899142857141328
28,2,0.9744303571428569,1.6947783571428587,8.558240357142864,0.014127928571426196
28,3,0.9736821428571432,1.7051699999999954,8.555497571428575,0.01746442857142938
28,4,0.9741971333333335,1.7488551333333362,8.404872533333322,0.025091199999994984
28,5,0.9739555333333333,1.7569715333333298,8.37772213333335,0.030826266666668545
28,6,0.9734893333333332,1.779993333333337,8.272403333333315,0.03465233333333373
28,7,0.9728782666666664,1.8057372666666658,8.13016106666668,0.03706060000000022
28,8,0.9721982666666668,1.826972266666666,7.994436066666669,0.037295333333336345
28,9,0.9718729999999999,1.8463579999999986,7.845205000000014,0.03319399999999817
28,10,0.9714129333333332,1.862850933333334,7.69765773333333,0.024685800000000313
28,11,0.9712511999999999,1.8651152000000004,7.677602799999999,0.016144400000001724
28,12,0.9712511999999999,1.8897632,7.406474800000005,0.010800200000002036
28,13,0.9712511999999999,1.8897632,7.406474800000005,0.0
28,14,0.9820059999999984,1.9084319999999977,6.860842000000076,0.006205999999998824
28,15,1.014240000000001,1.9413016666666678,5.496843333333288,6.366666666934861e-05
28,16,1.0226480000000038,1.9510080000000016,5.11452599999987,0.0
29,0,0.975063866666667,1.6360518666666692,8.627106466666657,0.009775399999998768
29,1,0.9753134285714283,1.65660742857143,8.600142428571434,0.013661714285717608
29,2,0.9744303571428569,1.6947783571428587,8.558240357142864,0.020380571428571415
29,3,0.9736821428571432,1.7406152857142914,8.449161714285687,0.02467828571428754
29,4,0.9741971333333335,1.7535891333333282,8.385936533333354,0.031134066666663074
29,5,0.9739555333333333,1.7734665333333357,8.295247133333321,0.03514573333333715
29,6,0.9734893333333332,1.779993333333337,8.272403333333315,0.03649300000000011
29,7,0.9728782666666664,1.8057372666666658,8.13016106666668,0.03618633333333321
29,8,0.9721982666666668,1.841804266666664,7.875780066666689,0.03327806666666788
29,9,0.9718729999999999,1.8463579999999986,7.845205000000014,0.02692800000000517
29,10,0.9714129333333332,1.855918933333335,7.76697773333332,0.015476866666666922
29,11,0.9712511999999999,1.8651152000000004,7.677602799999999,0.00512120000000138
29,12,0.9712511999999999,1.8897632,7.406474800000005,0.004514999999997826
29,13,0.9802019999999985,1.8987139999999982,7.039492000000067,0.0
29,14,1.014240000000001,1.9413016666666678,5.496843333333288,0.005345333333337976
29,15,1.0220720000000085,1.9498560000000111,5.14850999999959,0.0
30,0,0.975063866666667,1.6360518666666692,8.627106466666657,0.017313533333332742
30,1,0.9753134285714283,1.65660742857143,8.600142428571434,0.020560285714285698
30,2,0.9744303571428569,1.6947783571428587,8.558240357142864,0.027136214285715
30,3,0.9736821428571432,1.7406152857142914,8.449161714285687,0.03126314285714216
30,4,0.9741971333333335,1.7535891333333282,8.385936533333354,0.03586793333333205
30,5,0.9739555333333333,1.7569715333333298,8.37772213333335,0.037593200000003435
30,6,0.9734893333333332,1.779993333333337,8.272403333333315,0.03545766666666594
30,7,0.9728782666666664,1.8057372666666658,8.13016106666668,0.03198106666666334
30,8,0.9721982666666668,1.826972266666666,7.994436066666669,0.025774800000000653
30,9,0.9718729999999999,1.8463579999999986,7.845205000000014,0.017823000000003475
30,10,0.9714129333333332,1.855918933333335,7.76697773333332,0.005779933333336373
30,11,0.9714129333333332,1.862850933333334,7.69765773333333,0.0
30,12,0.9815520000000006,1.8993889999999993,6.991566999999989,0.0060560000000009495
30,13,1.0123329999999982,1.9311639999999954,5.685843000000112,0.0
30,14,1.0220720000000085,1.9498560000000111,5.14850999999959,0.004851999999999634
31,0,0.975063866666667,1.6360518666666692,8.627106466666657,0.025155666666663024
31,1,0.9753134285714283,1.65660742857143,8.600142428571434,0.02785485714285585
31,2,0.9744303571428569,1.6947783571428587,8.558240357142864,0.033692857142856525
31,3,0.9736821428571432,1.7406152857142914,8.449161714285687,0.03662299999999874
31,4,0.9741971333333335,1.7488551333333362,8.404872533333322,0.038736799999998794
31,5,0.9739555333333333,1.7569715333333298,8.37772213333335,0.0376326666666742
31,6,0.9734893333333332,1.779993333333337,8.272403333333315,0.031077333333335844
31,7,0.9728782666666664,1.8057372666666658,8.13016106666668,0.024270800000000037
31,8,0.9721982666666668,1.826972266666666,7.994436066666669,0.015315533333328801
31,9,0.9718729999999999,1.8463579999999986,7.845205000000014,0.007002000000003505
31,10,0.9718729999999998,1.8494780000000026,7.8171249999999795,0.0
31,11,0.9815520000000006,1.8747100000000003,7.263035999999978,0.0
31,12,1.012332999999998,1.9311639999999952,5.685843000000126,0.007412000000002195
31,13,1.0199050000000014,1.9403074999999994,5.339817499999963,0.0
32,0,0.975063866666667,1.6360518666666692,8.627106466666657,0.03197579999999789
32,1,0.9753134285714283,1.65660742857143,8.600142428571434,0.0348034285714256
32,2,0.9744303571428569,1.6947783571428587,8.558240357142864,0.03937649999999948
32,3,0.9736821428571432,1.7406152857142914,8.449161714285687,0.040342857142860566
32,4,0.9741971333333335,1.7535891333333282,8.385936533333354,0.039461666666664286
32,5,0.9739555333333333,1.7569715333333298,8.37772213333335,0.03509313333332997
32,6,0.9734893333333332,1.779993333333337,8.272403333333315,0.02386200000000116
32,7,0.9728782666666664,1.8057372666666658,8.13016106666668,0.014291533333334883
32,8,0.9721982666666668,1.826972266666666,7.994436066666669,0.00485526666666658
32,9,0.9721982666666668,1.841804266666664,7.875780066666689,0.0
32,10,0.9798320000000018,1.8574370000000044,7.4908059999999,0.0
32,11,1.010345000000001,1.9045780000000008,6.041904999999964,0.0
32,12,1.0199050000000014,1.9403074999999994,5.339817499999963,0.008064499999999697
33,0,0.975063866666667,1.6360518666666692,8.627106466666657,0.037082933333326906
33,1,0.9753134285714283,1.65660742857143,8.600142428571434,0.03963499999999698
33,2,0.9744303571428569,1.6947783571428587,8.558240357142864,0.042424142857143465
33,3,0.9736821428571432,1.7051699999999954,8.555497571428575,0.040808714285716974
33,4,0.9741971333333335,1.7488551333333362,8.404872533333322,0.036608533333325255
33,5,0.9739555333333333,1.7569715333333298,8.37772213333335,0.0287625999999932
33,6,0.9734893333333332,1.779993333333337,8.272403333333315,0.014392666666665832
33,7,0.9728782666666664,1.8057372666666658,8.13016106666668,0.004315266666665707
33,8,0.9728782666666665,1.8174522666666668,8.048156066666667,0.0
33,9,0.980556,1.8501619999999974,7.5331130000000215,0.0
33,10,1.0092700000000008,1.8861510000000052,6.261649999999925,0.0
33,11,1.016762,1.9112320000000054,5.7633669999999455,0.0
34,0,0.975063866666667,1.6360518666666692,8.627106466666657,0.03996606666666125
34,1,0.9753134285714283,1.65660742857143,8.600142428571434,0.04110857142857327
34,2,0.9744303571428569,1.6947783571428587,8.558240357142864,0.041577785714288495
34,3,0.9736821428571432,1.7051699999999954,8.555497571428575,0.03689457142856867
34,4,0.9741971333333335,1.7488551333333362,8.404872533333322,0.02950939999999136
34,5,0.9739555333333333,1.7734665333333357,8.295247133333321,0.018670066666668816
34,6,0.9734893333333332,1.779993333333337,8.272403333333315,0.00501433333333523
34,7,0.9734893333333332,1.7971823333333319,8.169269333333347,0.0
34,8,0.98339,1.828234000000002,7.615014999999985,0.0
34,9,1.0109980000000007,1.8777699999999982,6.28005499999999,0.0
34,10,1.0165249999999943,1.8916779999999989,5.966965000000201,0.0
35,0,0.975063866666667,1.6360518666666692,8.627106466666657,0.04024420000000006
35,1,0.9753134285714283,1.65660742857143,8.600142428571434,0.038875142857143885
35,2,0.9744303571428569,1.6947783571428587,8.558240357142864,0.036495428571427624
35,3,0.9736821428571432,1.7406152857142914,8.449161714285687,0.028548428571426143
35,4,0.9741971333333335,1.7535891333333282,8.385936533333354,0.018871266666661057
35,5,0.9739555333333333,1.7569715333333298,8.37772213333335,0.007208533333340483
35,6,0.9739555333333333,1.7734665333333357,8.295247133333321,0.0
35,7,0.9831199999999995,1.8076519999999974,7.7685390000000325,0.0
35,8,1.011605000000003,1.8575410000000048,6.421248999999861,0.0
35,9,1.0166280000000043,1.8836550000000045,6.035669999999811,0.0
36,0,0.975063866666667,1.6360518666666692,8.627106466666657,0.037844333333328706
36,1,0.9753134285714283,1.65660742857143,8.600142428571434,0.033196714285715245
36,2,0.9744303571428569,1.6947783571428587,8.558240357142864,0.027695071428574636
36,3,0.9736821428571432,1.7406152857142914,8.449161714285687,0.017005285714283502
36,4,0.9741971333333335,1.7488551333333362,8.404872533333322,0.007221133333327856
36,5,0.9741971333333335,1.7535891333333282,8.385936533333354,0.0
36,6,0.9822810000000004,1.7828909999999993,7.94730899999999,0.0
36,7,1.010513000000003,1.8360250000000065,6.6111729999998445,0.0
36,8,1.0157659999999993,1.8628539999999987,6.233110000000039,0.0
37,0,0.975063866666667,1.6360518666666692,8.627106466666657,0.03332346666666908
37,1,0.9753134285714283,1.65660742857143,8.600142428571434,0.025096285714283795
37,2,0.9744303571428569,1.6947783571428587,8.558240357142864,0.01679671428571794
37,3,0.9736821428571432,1.7051699999999954,8.555497571428575,0.005569142857140719
37,4,0.9741971333333335,1.7488551333333362,8.404872533333322,0.0
37,5,0.981182000000004,1.7605739999999983,8.099556999999862,0.0
37,6,1.0095329999999976,1.810779999999994,6.798903000000124,0.0
37,7,1.0146140000000017,1.8410340000000076,6.428473999999888,0.0
38,0,0.975063866666667,1.6360518666666692,8.627106466666657,0.02707059999999828
38,1,0.9753134285714283,1.65660742857143,8.600142428571434,0.015777857142857954
38,2,0.9744303571428569,1.6947783571428587,8.558240357142864,0.006343357142860384
38,3,0.9736821428571432,1.7051699999999954,8.555497571428575,0.0
38,4,0.9813039999999944,1.7559619999999967,8.113491000000224,0.0
38,5,1.008896,1.809505999999999,6.829479000000006,0.0
38,6,1.013705999999999,1.8156729999999968,6.6151440000000505,0.0
39,0,0.975063866666667,1.6360518666666692,8.627106466666657,0.01812873333333087
39,1,0.9753134285714283,1.65660742857143,8.600142428571434,0.006029428571430628
39,2,0.9744303571428569,1.6947783571428587,8.558240357142864,0.0
39,3,0.9822849999999974,1.7039609999999925,8.232216000000122,0.0
39,4,1.008735999999999,1.7826769999999925,6.964215000000067,0.0
39,5,1.012985999999998,1.7930199999999985,6.756489000000087,0.0
40,0,0.975063866666667,1.6360518666666692,8.627106466666657,0.007492866666662934
40,1,0.9753134285714283,1.65660742857143,8.600142428571434,0.0
40,2,0.9809570000000036,1.701305000000005,8.290647999999848,0.0
40,3,1.0084720000000047,1.7312850000000068,7.128950999999795,0.0
40,4,1.0123820000000023,1.7873300000000043,6.803408999999888,0.0
41,0,0.975063866666667,1.6360518666666692,8.627106466666657,0.0
41,1,0.9825820000000007,1.6622510000000048,8.303755999999964,0.0
41,2,1.0073349999999976,1.7290109999999927,7.180116000000112,0.0
41,3,1.011374999999994,1.7346759999999932,7.002658000000267,0.0
42,0,0.9806859999999986,1.6452479999999952,8.396599000000059,0.0
42,1,1.0087970000000013,1.6870040000000017,7.204187999999945,0.0
42,2,1.0108869999999968,1.733699999999999,7.025106000000136,0.0
43,0,1.0073429999999988,1.6738009999999974,7.277005000000052,0.0
43,1,1.011139,1.6890939999999972,7.103734000000003,0.0
44,0,1.0104529999999983,1.6783649999999994,7.143275000000074,0.0
