0,0,-0.8023099999999994,0.14425800000000066,4.861743,0.0
0,1,-0.8023099999999994,0.14425800000000066,4.861743,0.0
0,2,-0.7948750000000002,0.1777299999999995,4.828271000000001,0.0
0,3,-0.7864789999999999,0.21692400000000056,4.749882999999999,0.0
0,4,-0.7771320000000008,0.2624619999999993,4.6132690000000025,0.0
0,5,-0.7668539999999995,0.3149980000000001,4.403124999999999,0.0
0,6,-0.7556880000000001,0.37555400000000017,4.100344999999999,0.0
0,7,-0.7436999999999996,0.4453630000000004,3.6814909999999976,0.0
0,8,-0.7309520000000003,0.5262929999999999,3.114981000000001,0.0
0,9,-0.7175220000000007,0.621543,2.3529810000000007,0.0
0,10,-0.7034390000000004,0.7360589999999991,1.322337000000008,0.0
0,11,-0.688693999999999,0.8777670000000004,-0.09474300000000468,0.0
0,12,-0.6731990000000003,1.056946,-2.0657119999999995,0.0
0,13,-0.656899000000001,1.2885030000000004,-4.844396000000003,0.0
0,14,-0.6396769999999989,1.586684,-8.720749,0.0
0,15,-0.6217470000000009,1.964542999999999,-14.010774999999986,0.0
0,16,-0.6035800000000009,2.4327720000000017,-21.034210000000026,0.0
0,17,-0.5855500000000013,3.0136380000000003,-30.328066000000003,0.0
0,18,-0.5667129999999929,3.779195999999999,-43.34255199999998,0.0
0,19,-0.5436689999999942,4.921970000000002,-63.912484000000035,0.0
0,20,-0.5121040000000079,6.716968999999995,-98.0174649999999,0.0
0,21,-0.4751320000000021,9.570522000000004,-155.0885250000001,0.0
0,22,-0.4471470000000295,14.541720999999995,-259.4837039999999,0.0
0,23,-0.44714699999997265,27.565842000000004,-546.0143660000001,0.0
1,0,-0.8023099999999994,0.14425800000000066,4.861743,0.0
1,1,-0.7948750000000002,0.15169299999999986,4.8543080000000005,0.0
1,2,-0.7864789999999999,0.1861259999999998,4.811479,0.0
1,3,-0.7771320000000008,0.22627099999999967,4.721842000000001,0.0
1,4,-0.7668539999999995,0.27274000000000065,4.572156999999997,0.0
1,5,-0.7556880000000001,0.32616399999999945,4.347295000000003,0.0
1,6,-0.7436999999999996,0.3875420000000007,4.028416999999996,0.0
1,7,-0.7309520000000003,0.4581109999999997,3.5922550000000024,0.0
1,8,-0.44117300000000004,0.5397229999999995,2.7311920000000036,0.0
1,9,-0.4102989999999993,0.6356260000000002,1.933093999999997,0.0
1,10,-0.688693999999999,0.7508040000000005,1.1748869999999947,0.0
1,11,-0.6731990000000003,0.8932619999999991,-0.26518799999998954,0.0
1,12,-0.3088619999999995,1.073246000000001,-2.6093490000000124,0.0
1,13,-0.27169800000000066,1.305724999999999,-5.436260999999986,0.0
1,14,-0.6217470000000009,1.6046139999999998,-8.971768999999997,0.0
1,15,-0.6035799999999991,1.9827100000000009,-14.283280000000014,0.0
1,16,-0.14984899999999968,2.4508019999999995,-21.758390999999992,0.0
1,17,-0.10793500000000122,3.0324750000000016,-31.107073000000025,0.0
1,18,-0.06377300000000119,3.8022399999999976,-44.23723999999996,0.0
1,19,-0.5121039999999937,4.953535000000002,-64.51221900000004,0.0
1,20,-0.4751319999999879,6.753941000000001,-98.75690500000002,0.0
1,21,0.13601999999999492,9.601000999999997,-156.30925699999992,0.0
1,22,-0.4446529999999598,14.539227000000004,-259.4313300000001,0.0
2,0,-0.6066680000000004,0.15169299999999986,4.666101000000001,0.0
2,1,-0.589283,0.1861259999999998,4.614283,0.0
2,2,-0.5697130000000001,0.20569599999999966,4.555573000000001,0.0
2,3,-0.5479619999999992,0.24802200000000063,4.427418999999997,0.0
2,4,-0.5241040000000003,0.2965979999999995,4.233975000000003,0.0
2,5,-0.49825300000000006,0.35201499999999974,3.960605000000001,0.0
2,6,-0.4705590000000006,0.41523600000000016,3.589112,0.0
2,7,-0.44117300000000004,0.4874970000000003,3.096773999999998,0.0
2,8,-0.4102989999999993,0.5705970000000002,2.453325999999997,0.0
2,9,-0.3780000000000001,0.6679249999999994,1.610104000000005,0.0
2,10,-0.344252,0.7845520000000006,0.49296499999999455,0.0
2,11,-0.3088619999999995,0.9286519999999996,-1.0188149999999965,0.0
2,12,-0.27169800000000066,1.11041,-3.0924809999999976,0.0
2,13,-0.23244899999999902,1.3449740000000006,-5.985747000000009,0.0
2,14,0.10643400000000014,1.6455219999999997,-10.570636999999996,0.0
2,15,-0.14984899999999968,2.0244020000000003,-15.362391000000002,0.0
2,16,0.21630199999999888,2.492715999999998,-23.119402999999966,0.0
2,17,0.27128800000000197,3.0766370000000016,-32.572111000000035,0.0
2,18,0.3284589999999987,3.8551959999999994,-45.92195599999999,0.0
2,19,0.3942130000000006,5.022145000000002,-67.05854600000005,0.0
2,20,0.5548900000000003,6.912106999999999,-103.36911699999999,0.0
2,21,0.5548900000000003,9.660637000000001,-158.33971700000004,0.0
3,0,-0.42016399999999976,0.16907800000000073,4.293092999999999,0.0
3,1,-0.3945780000000001,0.1946639999999995,4.216335000000001,0.0
3,2,-0.3659279999999998,0.23434599999999994,4.0907029999999995,0.0
3,3,-0.33425600000000033,0.2796940000000001,3.9049910000000008,0.0
3,4,-0.2997139999999998,0.33114,3.6470269999999996,0.0
3,5,-0.2624979999999999,0.38923099999999966,3.303015000000001,0.0
3,6,-0.22289199999999987,0.4548420000000002,2.8561419999999984,0.0
3,7,-0.18116399999999988,0.5292250000000003,2.284659999999998,0.0
3,8,-0.1376590000000002,0.6141019999999999,1.5600060000000013,0.0
3,9,-0.09250399999999992,0.7130799999999997,0.6327170000000022,0.0
3,10,-0.045722000000000484,0.831334,-0.5719149999999988,0.0
3,11,0.1723410000000003,0.977278000000001,-2.68554400000001,0.0
3,12,0.22768499999999925,1.1610119999999995,-4.872649999999991,0.0
3,13,0.10643400000000014,1.3979020000000002,-7.351577000000004,0.0
3,14,0.34314599999999906,1.700175999999999,-11.991274999999984,0.0
3,15,0.40271800000000013,2.0796159999999997,-17.482150999999995,0.0
3,16,0.46176500000000154,2.547702000000001,-24.680582000000022,0.0
3,17,0.3284589999999987,3.1338079999999984,-33.65835999999997,0.0
3,18,0.5766740000000006,3.9209500000000013,-47.78441900000003,0.0
3,19,0.7081390000000027,5.1702600000000025,-70.73377100000006,0.0
3,20,0.7081390000000027,6.912106999999999,-103.828864,0.0
4,0,-0.27731700000000004,0.19466399999999995,3.864552,0.0
4,1,-0.24522900000000014,0.23434599999999994,3.7286060000000005,0.0
4,2,-0.209565,0.2700100000000001,3.550286,0.0
4,3,-0.1704380000000003,0.33114,3.259199000000001,0.0
4,4,-0.12811100000000009,0.3734670000000002,2.9629099999999995,0.0
4,5,-0.08288799999999963,0.4344540000000001,2.538069999999998,0.0
4,6,-0.03522099999999995,0.5025089999999999,2.0071270000000005,0.0
4,7,0.014511999999999858,0.5789580000000001,1.349501,0.0
4,8,0.06580500000000011,0.6653950000000002,0.5392699999999984,0.0
4,9,0.11844300000000008,0.7657179999999997,-0.47386599999999746,0.0
4,10,0.1723410000000003,0.8852320000000002,-1.7650840000000034,0.0
4,11,0.22768499999999925,1.032622,-3.460359999999996,0.0
4,12,0.28451800000000027,1.2178450000000005,-5.725145000000007,0.0
4,13,0.4596529999999994,1.456529999999999,-9.289904999999987,0.0
4,14,0.40271800000000013,1.759748,-13.003999000000002,0.0
4,15,0.46176500000000154,2.138663000000001,-18.544997000000023,0.0
4,16,0.6327009999999991,2.60506,-26.224695999999994,0.0
4,17,0.5766740000000006,3.1913589999999985,-35.38137199999998,0.0
4,18,0.7840050000000005,4.033984,-50.58426700000001,0.0
4,19,0.7840050000000005,5.1702600000000025,-71.03723500000005,0.0
5,0,-0.1575359999999999,0.22675199999999984,3.3854279999999997,0.0
5,1,-0.11980600000000008,0.26448199999999966,3.1967780000000006,0.0
5,2,-0.07826500000000003,0.31155100000000013,2.942004,0.0
5,3,-0.03311699999999984,0.363969,2.611427999999999,0.0
5,4,0.015222000000000069,0.4218060000000001,2.1962219999999992,0.0
5,5,0.06631699999999974,0.4855489999999998,1.6857750000000022,0.0
5,6,0.11953100000000028,0.5557230000000004,1.0688349999999964,0.0
5,7,0.1743800000000002,0.633807,0.3260859999999992,0.0
5,8,0.23018499999999964,0.7211999999999996,-0.5646899999999953,0.0
5,9,0.28668400000000016,0.8222170000000002,-1.6553210000000025,0.0
5,10,0.3437000000000001,0.9422480000000002,-3.0206800000000023,0.0
5,11,0.4013869999999997,1.0903089999999995,-4.789724999999994,0.0
5,12,0.5439710000000009,1.2761110000000002,-7.546467000000007,0.0
5,13,0.5185960000000005,1.515473,-10.291936000000003,0.0
5,14,0.6555029999999995,1.818109999999999,-14.910751999999984,0.0
5,15,0.7077730000000013,2.1944060000000007,-20.440246000000016,0.0
5,16,0.6842749999999995,2.6566340000000004,-27.256176000000004,0.0
5,17,0.8322339999999997,3.2778069999999992,-37.97040299999999,0.0
5,18,0.8322339999999997,4.033984,-50.825412000000014,0.0
6,0,-0.04869700000000021,0.26448199999999966,2.8412330000000012,0.0
6,1,-0.0057989999999996655,0.3073800000000002,2.583844999999998,0.0
6,2,0.040922000000000125,0.3582719999999999,2.2526269999999995,0.0
6,3,0.09111800000000025,0.4141650000000001,1.8396649999999983,0.0
6,4,0.14419800000000027,0.4855489999999998,1.2963699999999996,0.0
6,5,0.1995849999999999,0.5409359999999994,0.7425000000000033,0.0
6,6,0.25645700000000016,0.6125950000000007,0.04297299999999549,0.0
6,7,0.31423999999999985,0.6915899999999997,-0.7776949999999969,0.0
6,8,0.3721209999999999,0.7790809999999997,-1.7374179999999972,0.0
6,9,0.4297930000000001,0.8798890000000004,-2.8899140000000036,0.0
6,10,0.48705200000000026,0.9995070000000004,-4.310030000000005,0.0
6,11,0.6084759999999996,1.1472280000000001,-6.515783999999998,0.0
6,12,0.6002290000000006,1.332369,-8.502853000000002,0.0
6,13,0.6555029999999995,1.570746999999999,-11.695032999999983,0.0
6,14,0.7077730000000013,1.8703800000000008,-15.903882000000019,0.0
6,15,0.7545460000000013,2.2411790000000007,-21.375706000000015,0.0
6,16,0.7965699999999991,2.6986579999999982,-28.490034999999967,0.0
6,17,0.8322339999999997,3.2778069999999992,-37.97040299999999,0.0
7,0,0.05352300000000021,0.3073800000000002,2.2279129999999987,0.0
7,1,0.10114199999999984,0.3582719999999999,1.8913070000000012,0.0
7,2,0.15235599999999971,0.4094859999999998,1.4815950000000022,0.0
7,3,0.20665299999999975,0.46846200000000016,0.9835640000000012,0.0
7,4,0.2632469999999998,0.5314800000000002,0.3983520000000009,0.0
7,5,0.32142099999999996,0.5991099999999996,-0.2793859999999979,0.0
7,6,0.3801919999999992,0.6713659999999999,-1.0520629999999942,0.0
7,7,0.4389409999999998,0.7503390000000003,-1.9371440000000009,0.0
7,8,0.496753,0.8368929999999999,-2.9477059999999993,0.0
7,9,0.5533539999999997,0.93649,-4.140688999999998,0.0
7,10,0.6084759999999996,1.0546290000000003,-5.5897939999999995,0.0
7,11,0.7097429999999996,1.2008279999999996,-7.7606529999999925,0.0
7,12,0.757658000000001,1.3836680000000001,-10.107298000000009,0.0
7,13,0.7612810000000003,1.6186530000000001,-12.952479000000006,0.0
7,14,0.803196999999999,1.9122959999999996,-17.06324999999999,0.0
7,15,0.8389719999999983,2.276954,-22.418886999999984,0.0
7,16,0.8890570000000011,2.7252940000000017,-29.494582000000033,0.0
8,0,0.15057399999999976,0.35499899999999984,1.5485560000000018,0.0
8,1,0.20235199999999987,0.40677699999999994,1.134332000000001,0.0
8,2,0.25724500000000017,0.4643790000000001,0.6375859999999984,0.0
8,3,0.3145610000000003,0.5257780000000003,0.05625999999999687,0.0
8,4,0.3733240000000002,0.5902430000000001,-0.6072390000000016,0.0
8,5,0.4327260000000006,0.658512,-1.3555310000000045,0.0
8,6,0.4916500000000008,0.7302900000000001,-2.1858130000000067,0.0
8,7,0.5495000000000001,0.8081889999999996,-3.116006999999998,0.0
8,8,0.605302,0.8926949999999998,-4.153964999999999,0.0
8,9,0.6588360000000009,0.9900240000000009,-5.360869000000014,0.0
8,10,0.7097429999999996,1.105535999999999,-6.8077329999999865,0.0
8,11,0.757658000000001,1.248743000000001,-8.62312300000002,0.0
8,12,0.8010560000000009,1.427066,-10.931860000000006,0.0
8,13,0.8381959999999999,1.6557929999999992,-13.973703999999989,0.0
8,14,0.8687320000000014,1.942832000000001,-17.949499000000024,0.0
8,15,0.8890570000000011,2.2972789999999996,-23.074357,0.0
9,0,0.24317900000000003,0.40677699999999994,0.8077159999999997,0.0
9,1,0.29837099999999994,0.4643790000000001,0.30857800000000024,0.0
9,2,0.35594400000000004,0.5219520000000002,-0.2671520000000007,0.0
9,3,0.41505599999999987,0.5848900000000001,-0.9250359999999991,0.0
9,4,0.47454599999999925,0.6497329999999994,-1.6549749999999914,0.0
9,5,0.5335789999999996,0.7175450000000003,-2.457519999999998,0.0
9,6,0.5909579999999997,0.7876690000000002,-3.324550999999998,0.0
9,7,0.6461790000000001,0.86341,-4.2759860000000005,0.0
9,8,0.6982489999999997,0.9447649999999994,-5.314100999999993,0.0
9,9,0.7469619999999999,1.0387370000000011,-6.504294000000009,0.0
9,10,0.7916920000000012,1.1502660000000002,-7.910625000000012,0.0
9,11,0.8314419999999991,1.288492999999999,-9.650644999999981,0.0
9,12,0.8641419999999993,1.4597660000000001,-11.828947999999995,0.0
9,13,0.8901620000000001,1.681813,-14.727692,0.0
9,14,0.9056529999999974,1.9583229999999983,-18.461740999999954,0.0
10,0,0.3317700000000001,0.46196899999999985,0.01039699999999888,0.0
10,1,0.38943700000000003,0.5196359999999998,-0.5662730000000002,0.0
10,2,0.4485370000000004,0.5810520000000006,-1.2186890000000048,0.0
10,3,0.5080859999999996,0.6444389999999993,-1.9409529999999942,0.0
10,4,0.5668150000000001,0.7084619999999999,-2.7203120000000007,0.0
10,5,0.6239280000000003,0.7746580000000005,-3.556226000000005,0.0
10,6,0.6782050000000002,0.8419460000000001,-4.435436000000002,0.0
10,7,0.7292449999999997,0.9144499999999995,-5.380859999999994,0.0
10,8,0.7760610000000003,0.991581,-6.388937000000004,0.0
10,9,0.818268999999999,1.0809449999999998,-7.525928999999989,0.0
10,10,0.8547209999999996,1.1867180000000008,-8.842406000000004,0.0
10,11,0.8839179999999995,1.317689999999999,-10.444095999999984,0.0
10,12,0.9060330000000008,1.4818810000000013,-12.471347000000023,0.0
10,13,0.9266259999999988,1.6934649999999998,-15.216284999999985,0.0
11,0,0.41650199999999993,0.5196360000000002,-0.8369229999999996,0.0
11,1,0.47553599999999996,0.5810520000000006,-1.4886790000000003,0.0
11,2,0.5348709999999999,0.6403870000000005,-2.2006989999999993,0.0
11,3,0.5934379999999999,0.7030059999999994,-2.9701739999999974,0.0
11,4,0.6499490000000003,0.7649730000000003,-3.777696000000005,0.0
11,5,0.7036949999999997,0.8284039999999999,-4.622625999999997,0.0
11,6,0.753476,0.8917270000000004,-5.486832000000003,0.0
11,7,0.7989750000000004,0.9599489999999999,-6.396653000000004,0.0
11,8,0.839061000000001,1.0316670000000006,-7.339625000000014,0.0
11,9,0.8729329999999997,1.1148169999999986,-8.377416999999985,0.0
11,10,0.8990460000000002,1.2128310000000013,-9.546786000000015,0.0
11,11,0.9181070000000009,1.3367509999999996,-10.995657000000005,0.0
11,12,0.9266259999999988,1.4903999999999993,-12.779504999999979,0.0
12,0,0.4972430000000001,0.5786699999999998,-1.725074000000001,0.0
12,1,0.5563910000000005,0.6378180000000002,-2.434850000000006,0.0
12,2,0.6145959999999997,0.7030059999999994,-3.202911999999995,0.0
12,3,0.6707890000000001,0.7591989999999997,-3.9896140000000004,0.0
12,4,0.7237159999999996,0.8178999999999998,-4.800840999999995,0.0
12,5,0.7727809999999993,0.8774689999999996,-5.62789699999999,0.0
12,6,0.8168319999999998,0.9357780000000009,-6.448054000000003,0.0
12,7,0.8554680000000001,0.9985850000000003,-7.288528000000003,0.0
12,8,0.8871789999999997,1.0633780000000002,-8.122610999999997,0.0
12,9,0.9108910000000012,1.1385290000000001,-9.008363000000015,0.0
12,10,0.9273299999999995,1.2292699999999996,-10.02229999999999,0.0
12,11,0.9334530000000001,1.3428740000000001,-11.231816000000002,0.0
13,0,0.5735960000000002,0.6378180000000002,-2.6413100000000025,0.0
13,1,0.6315239999999998,0.6985919999999997,-3.3972199999999955,0.0
13,2,0.6872499999999997,0.7591989999999997,-4.187145999999995,0.0
13,3,0.7397520000000002,0.8117010000000002,-4.974676000000002,0.0
13,4,0.7878660000000002,0.8660139999999998,-5.763097000000003,0.0
13,5,0.8310890000000004,0.9206919999999998,-6.543708000000005,0.0
13,6,0.8682040000000004,0.9728930000000009,-7.28720800000001,0.0
13,7,0.898441,1.028822,-8.015863,0.0
13,8,0.9201409999999992,1.0850779999999993,-8.691754999999985,0.0
13,9,0.9345459999999992,1.1529340000000001,-9.421867999999991,0.0
13,10,0.9386569999999992,1.2333809999999996,-10.199333999999986,0.0
14,0,0.6449720000000001,0.6957460000000006,-3.569198000000001,0.0
14,1,0.7003589999999997,0.7511329999999994,-4.344615999999996,0.0
14,2,0.7523240000000007,0.8062830000000005,-5.12727600000001,0.0
14,3,0.7999530000000004,0.8660139999999998,-5.920228000000004,0.0
14,4,0.8421500000000011,0.9082110000000005,-6.637577000000016,0.0
14,5,0.8783880000000011,0.9569299999999998,-7.339785000000013,0.0
14,6,0.9140979999999992,1.00164,-8.063274999999988,0.0
14,7,0.9274529999999999,1.0491399999999995,-8.535244999999994,0.0
14,8,0.9401460000000004,1.0977709999999998,-9.053364000000004,0.0
14,9,0.9457889999999995,1.1554760000000002,-9.594005999999995,0.0
15,0,0.7106999999999992,0.7511329999999994,-4.489389999999989,0.0
15,1,0.7622960000000001,0.8027290000000002,-5.2633300000000025,0.0
15,2,0.8093409999999999,0.8533280000000003,-6.019603999999998,0.0
15,3,0.8510300000000006,0.9010190000000007,-6.7403210000000096,0.0
15,4,0.886220999999999,0.943401999999999,-7.395334999999982,0.0
15,5,0.9140979999999992,0.984807,-7.979109999999988,0.0
15,6,0.9330449999999999,1.0205870000000008,-8.442215000000003,0.0
15,7,0.9445579999999989,1.0606529999999985,-8.855305999999974,0.0
15,8,0.9457889999999995,1.0990020000000005,-9.142213999999997,0.0
16,0,0.770098,0.8027290000000011,-5.38036,0.0
16,1,0.816751,0.8533280000000003,-6.1307540000000005,0.0
16,2,0.8578359999999998,0.9010190000000007,-6.8424109999999985,0.0
16,3,0.8925189999999983,0.9357019999999991,-7.466704999999971,0.0
16,4,0.9193960000000008,0.9702790000000014,-8.000468000000017,0.0
16,5,0.9375409999999995,1.0029519999999987,-8.421479999999987,0.0
16,6,0.9478919999999995,1.0309380000000008,-8.727025999999997,0.0
16,7,0.9482030000000012,1.0609640000000002,-8.912158000000021,0.0
17,0,0.8225210000000001,0.8493820000000003,-6.219128000000001,0.0
17,1,0.8632010000000001,0.8944130000000001,-6.915039000000002,0.0
17,2,0.8972879999999996,0.9357019999999991,-7.5430089999999925,0.0
17,3,0.9236690000000003,0.9620829999999998,-8.044248000000005,0.0
17,4,0.9409079999999985,1.0029519999999987,-8.47535199999997,0.0
17,5,0.9505759999999999,1.01262,-8.678379999999999,0.0
17,6,0.9505759999999999,1.0303740000000001,-8.767149999999999,0.0
18,0,0.8673560000000009,0.8900620000000004,-6.981323000000016,0.0
18,1,0.9010379999999998,0.9284999999999997,-7.592354999999996,0.0
18,2,0.9268440000000009,0.9543060000000008,-8.082669000000017,0.0
18,3,0.9436480000000014,0.9875179999999997,-8.460196000000023,0.0
18,4,0.9525320000000006,0.9964019999999989,-8.646760000000006,2.1999999997746045e-05
18,5,0.9514620000000011,1.01262,-8.69344200000002,0.0
19,0,0.9039380000000001,0.9237439999999992,-7.639799000000002,0.0
19,1,0.9293510000000005,0.9543060000000008,-8.12779500000001,0.0
19,2,0.945627,0.9705820000000003,-8.453314999999998,0.0
19,3,0.9537719999999998,0.9951619999999997,-8.665359999999996,0.0004010000000000957
19,4,0.9525320000000006,0.9964019999999989,-8.646760000000006,0.0
20,0,0.9312879999999986,0.9491569999999996,-8.159448999999972,0.0
20,1,0.9472229999999993,0.9705820000000003,-8.483638999999986,0.0
20,2,0.954644,0.9861599999999999,-8.655794000000002,0.0006710000000005323
20,3,0.9537719999999998,0.9870320000000001,-8.640969999999996,0.0
21,0,0.9484349999999999,0.9650920000000003,-8.502388999999999,0.0
21,1,0.9553650000000005,0.9720220000000008,-8.64791900000001,0.000892000000000337
21,2,0.954644,0.9861599999999999,-8.655794000000002,0.0
22,0,0.9558870000000006,0.9715000000000007,-8.658881000000013,0.0010609999999999786
22,1,0.9553650000000005,0.9772820000000007,-8.65317900000001,0.0
23,0,0.9558870000000006,0.9715000000000007,-8.658881000000013,0.0
