0,0,-0.49448500000000006,0.10435300000000058,5.534571,0.0
0,1,-0.49448500000000006,0.10435300000000058,5.534571,0.0
0,2,-0.4837550000000004,0.11937199999999937,5.519552000000001,0.0
0,3,-0.4718359999999997,0.13690800000000003,5.48448,0.0
0,4,-0.45861099999999944,0.15546900000000008,5.428796999999999,0.0
0,5,-0.4439719999999996,0.17706400000000055,5.3424169999999975,0.0
0,6,-0.42787600000000037,0.20052999999999965,5.225087000000002,0.0
0,7,-0.41007499999999997,0.22619699999999998,5.071085,0.0
0,8,-0.3905120000000002,0.25461199999999984,4.872180000000001,0.0
0,9,-0.3690239999999996,0.2885150000000003,4.600955999999997,0.0
0,10,-0.34553299999999965,0.32534499999999955,4.269486000000004,0.0
0,11,-0.3198759999999998,0.3663190000000007,3.8597459999999923,0.0
0,12,-0.2920050000000005,0.4132269999999991,3.34375800000001,0.0
0,13,-0.26182399999999895,0.4633780000000005,2.7419459999999933,0.0
0,14,-0.22951300000000074,0.5202980000000004,2.001985999999995,0.0
0,15,-0.19516699999999965,0.583081,1.123024000000001,0.0
0,16,-0.1587019999999999,0.6503440000000005,0.11407899999999316,0.0
0,17,-0.12082700000000024,0.7289769999999987,-1.1440489999999777,0.0
0,18,-0.08137999999999934,0.8119120000000013,-2.5539440000000226,0.0
0,19,-0.04108700000000276,0.9039389999999994,-4.210429999999986,0.0
0,20,-0.00047400000000052955,1.0051039999999993,-6.132564999999987,0.0
0,21,0.04008600000000051,1.1134529999999998,-8.299544999999997,0.0
0,22,0.07975400000000299,1.2317830000000018,-10.78447500000004,0.0
0,23,0.11752699999999905,1.361495999999999,-13.638160999999975,0.0
0,24,0.15283499999999606,1.5028889999999997,-16.890199999999993,0.0
0,25,0.18544999999999945,1.6580280000000016,-20.61353600000004,0.0
0,26,0.21473699999999596,1.8280009999999969,-24.86286099999992,0.0
0,27,0.24044199999999805,2.009026000000002,-29.569511000000055,0.0
0,28,0.2620009999999908,2.2168150000000004,-35.17981400000001,0.0
0,29,0.27972299999999706,2.444347999999998,-41.55073799999994,0.0
0,30,0.2942680000000095,2.7049559999999992,-49.10836999999999,0.0
0,31,0.3048860000000033,2.9780310000000014,-57.300620000000045,0.0
0,32,0.31180599999999004,3.2983860000000007,-67.23162500000002,0.0
0,33,0.31573099999999954,3.669784,-79.116361,0.0
0,34,0.3153310000000147,4.066840999999997,-92.2192419999999,0.0
0,35,0.3107299999999924,4.496582000000004,-106.83043600000013,0.0
0,36,0.3030959999999965,4.963990000000003,-123.18971600000009,0.0
0,37,0.2930109999999786,5.486407999999997,-141.99676399999987,0.0
0,38,0.28073100000000295,6.013508000000002,-161.49946400000005,0.0
0,39,0.26776100000000724,6.571601999999999,-182.70703599999996,0.0
0,40,0.2595680000000016,7.239669000000006,-208.76164900000026,0.0
0,41,0.2592470000000162,8.181693999999993,-246.44264899999973,0.0
0,42,0.25924699999995937,9.603463000000005,-304.7351780000002,0.0
0,43,0.2761070000000245,12.113005999999999,-410.13598399999995,0.0
0,44,0.31314100000008693,17.026123,-621.4000149999999,0.0
0,45,0.36490699999990284,27.021827999999985,-1061.2110349999994,0.0
0,46,0.16647400000010748,47.95962500000002,-2003.411900000001,0.0
0,47,0.16647400000010748,92.26915,-4041.65005,0.0
1,0,-0.49448500000000006,0.10435300000000058,5.534571,0.0
1,1,-0.4837550000000004,0.11508300000000027,5.523841,0.0
1,2,-0.4718359999999997,0.13129100000000005,5.4957139999999995,0.0
1,3,-0.45861099999999944,0.1501330000000003,5.444804999999999,0.0
1,4,-0.4439719999999996,0.17010799999999993,5.370241,0.0
1,5,-0.42787600000000037,0.19315999999999978,5.261937000000001,0.0
1,6,-0.41007499999999997,0.21833100000000005,5.118281,0.0
1,7,-0.3905120000000002,0.24575999999999976,4.934144000000002,0.0
1,8,-0.3690239999999996,0.27610000000000046,4.700275999999996,0.0
1,9,-0.34553299999999965,0.3120060000000002,4.389536999999998,0.0
1,10,-0.3198759999999998,0.35100199999999937,4.012916000000006,0.0
1,11,-0.2920050000000005,0.39419000000000004,3.553165,0.0
1,12,-0.26182399999999895,0.4434080000000007,2.981585999999991,0.0
1,13,-0.07922700000000038,0.4956889999999987,2.1716170000000155,0.0
1,14,-0.19516699999999965,0.5546440000000015,1.5211419999999798,0.0
1,15,-0.1587019999999999,0.6195459999999997,0.5760490000000047,0.0
1,16,-0.12082700000000024,0.6882190000000001,-0.4919210000000014,0.0
1,17,-0.08137999999999934,0.7684239999999996,-1.814647999999993,0.0
1,18,0.14116100000000031,0.8522049999999997,-3.4614659999999944,0.0
1,19,0.1894019999999994,0.9445519999999998,-5.171952999999995,0.0
1,20,0.04008600000000051,1.0456640000000004,-6.943765000000008,0.0
1,21,0.07975400000000121,1.1531210000000005,-9.13257300000001,0.0
1,22,0.11752699999999905,1.2695559999999997,-11.615480999999992,0.0
1,23,0.37582199999999943,1.3968039999999995,-14.673231999999985,0.0
1,24,0.4167179999999995,1.5355039999999995,-17.90422799999999,0.0
1,25,0.4541220000000017,1.6873150000000017,-21.58509600000004,0.0
1,26,0.48748199999999997,1.853705999999999,-25.778230999999973,0.0
1,27,0.5165749999999996,2.0305849999999985,-30.406177999999958,0.0
1,28,0.5408240000000006,2.234537000000003,-35.937131000000086,0.0
1,29,0.5606689999999972,2.4588929999999998,-42.238944,0.0
1,30,0.5771610000000003,2.715574,-49.699185,0.0
1,31,0.5964280000000031,2.9924279999999968,-58.03154899999991,0.0
1,32,0.5964280000000031,3.302311000000003,-67.6379220000001,0.0
1,33,0.6004900000000006,3.6711230000000015,-79.44396800000004,0.0
1,34,0.5981670000000037,4.065101999999996,-92.44295199999986,0.0
1,35,0.5922279999999986,4.491981000000003,-106.95089900000008,0.0
1,36,0.5837250000000012,4.9563559999999995,-123.19552099999999,0.0
1,37,0.5718609999999984,5.476323000000001,-141.90246900000005,0.0
1,38,0.5586619999999982,6.001228000000005,-161.31075500000017,0.0
1,39,0.5467220000000026,6.558631999999989,-182.48016699999954,0.0
1,40,0.5448830000000129,7.231476000000001,-208.71924400000006,0.0
1,41,0.2595680000000016,8.181373000000008,-246.42980900000032,0.0
1,42,0.5571060000000045,9.620322999999999,-305.724297,0.0
1,43,0.3131410000000301,12.150040000000004,-411.72844600000013,0.0
1,44,0.6935269999999889,17.125541999999996,-626.1030709999998,0.0
1,45,0.5959320000000048,27.038757000000004,-1062.186936,0.0
1,46,0.5959320000000048,47.74426299999999,-1993.9347059999993,0.0
2,0,-0.3725259999999997,0.11508300000000027,5.412611999999999,0.0
2,1,-0.35880699999999965,0.1288020000000003,5.385173999999999,0.0
2,2,-0.3436029999999999,0.1501330000000003,5.329796999999999,0.0
2,3,-0.3267470000000001,0.16698900000000005,5.262373,0.0
2,4,-0.3081199999999997,0.18873500000000032,5.159880999999999,0.0
2,5,-0.2876500000000002,0.21362999999999932,5.0193610000000035,0.0
2,6,-0.2650769999999998,0.24090400000000045,4.837844999999997,0.0
2,7,-0.2403309999999994,0.27050600000000014,4.610740999999998,0.0
2,8,-0.21322799999999997,0.3032029999999999,4.327656000000001,0.0
2,9,-0.18370100000000011,0.3415330000000001,3.9619619999999998,0.0
2,10,-0.15153999999999979,0.3831629999999997,3.5229700000000026,0.0
2,11,-0.1167530000000001,0.4289769999999997,2.995256000000003,0.0
2,12,-0.07922700000000038,0.4809340000000004,2.348676999999996,0.0
2,13,0.058058999999999195,0.5356320000000006,1.4177289999999951,0.0
2,14,0.10302499999999881,0.5968559999999989,0.5318850000000168,0.0
2,15,0.1502030000000012,0.6641440000000003,-0.5045030000000068,0.0
2,16,0.19966100000000075,0.734273,-1.6553540000000009,0.0
2,17,0.2503919999999997,0.8160050000000005,-3.064528000000008,0.0
2,18,0.30217899999999887,0.9004459999999987,-4.603598999999976,0.0
2,19,0.35415600000000147,0.9928260000000009,-6.3703930000000195,0.0
2,20,0.4056499999999996,1.0935690000000005,-8.387498000000008,0.0
2,21,0.45621699999999876,1.1994550000000004,-10.606352000000005,0.0
2,22,0.5043949999999988,1.3134629999999987,-13.09687599999997,0.0
2,23,0.5497610000000002,1.4376999999999995,-15.92082199999999,0.0
2,24,0.5918309999999991,1.5729080000000017,-19.11474600000004,0.0
2,25,0.6296809999999979,1.720675,-22.736853999999994,0.0
2,26,0.6630879999999983,1.8827989999999986,-26.85676799999996,0.0
2,27,0.691942000000001,2.0548339999999996,-31.387385999999992,0.0
2,28,0.7156130000000012,2.2543819999999997,-36.822523999999994,0.0
2,29,0.7347290000000015,2.475385000000003,-43.048840000000084,0.0
2,30,0.7505339999999983,2.7273640000000015,-50.38784100000004,0.0
2,31,0.761378999999998,2.9924279999999968,-58.3614509999999,0.0
2,32,0.7705309999999983,3.3091889999999964,-68.20216199999987,0.0
2,33,0.7700200000000024,3.672126999999996,-79.81515599999989,0.0
2,34,0.7640839999999969,4.061775000000004,-92.66166800000016,0.0
2,35,0.7561499999999981,4.486041999999998,-107.07087799999992,0.0
2,36,0.7466969999999975,4.947853000000002,-123.21535700000007,0.0
2,37,0.7339699999999993,5.464458999999998,-141.78771899999992,0.0
2,38,0.7219699999999989,5.9880290000000045,-161.13580900000017,0.0
2,39,0.715477000000007,6.546691999999993,-182.35201699999973,0.0
2,40,0.715477000000007,7.229637000000011,-208.98687200000043,0.0
2,41,0.7253959999999893,8.193596,-247.56506999999996,0.0
2,42,0.8042909999999921,9.704269999999994,-309.70994799999977,0.0
2,43,0.8568800000000039,12.256904000000006,-417.07834300000025,0.0
2,44,0.8058320000000094,17.125541999999996,-626.3276809999999,0.0
2,45,0.8058320000000094,26.94116200000002,-1058.214961000001,0.0
3,0,-0.2812039999999998,0.1288020000000003,5.2299679999999995,0.0
3,1,-0.26502600000000065,0.14497999999999944,5.181434000000002,0.0
3,2,-0.24713600000000024,0.16438500000000023,5.108359,0.0
3,3,-0.2273360000000002,0.18873500000000032,4.998313,0.0
3,4,-0.20551200000000058,0.21362999999999932,4.855085000000004,0.0
3,5,-0.18155499999999947,0.23758700000000044,4.6873859999999965,0.0
3,6,-0.15521700000000038,0.26724199999999954,4.460097000000004,0.0
3,7,-0.12644000000000055,0.29928299999999997,4.181520000000002,0.0
3,8,-0.095078,0.33456500000000045,3.8404599999999967,0.0
3,9,-0.061061000000000476,0.3755499999999996,3.410529000000005,0.0
3,10,-0.024169999999999803,0.42005400000000037,2.899319999999996,0.0
3,11,0.015513000000000332,0.46865999999999985,2.2942110000000007,0.0
3,12,0.058058999999999195,0.5234799999999993,1.5635530000000104,0.0
3,13,0.10302499999999881,0.5805980000000002,0.7432390000000009,0.0
3,14,0.21137900000000087,0.6440340000000013,-0.40649100000002036,0.0
3,15,0.26147600000000004,0.7136019999999998,-1.5307339999999972,0.0
3,16,0.3134479999999993,0.7850039999999989,-2.757679999999981,0.0
3,17,0.3663160000000012,0.8677919999999997,-4.240891999999999,0.0
3,18,0.41949700000000156,0.9524230000000014,-5.839162000000028,0.0
3,19,0.4722249999999999,1.044319999999999,-7.6514919999999815,0.0
3,20,0.5238080000000007,1.1441359999999996,-9.702744999999995,0.0
3,21,0.5737800000000011,1.2476330000000004,-11.922601000000013,0.0
3,22,0.620477000000001,1.358829,-14.397808000000005,0.0
3,23,0.6641800000000018,1.4797699999999985,-17.18961899999997,0.0
3,24,0.7045520000000032,1.6107580000000006,-20.323459000000025,0.0
3,25,0.740082000000001,1.7540820000000004,-23.86982500000001,0.0
3,26,0.7709960000000002,1.9116530000000012,-27.90184200000003,0.0
3,27,0.7156130000000012,2.078505,-32.073845,0.0
3,28,0.7347290000000015,2.273498,-37.396004000000005,0.0
3,29,0.8485030000000009,2.5044280000000008,-44.21660400000003,0.0
3,30,0.8485030000000009,2.7382090000000012,-50.996253000000046,0.0
3,31,0.8614159999999984,3.0029639999999986,-58.98184199999996,0.0
3,32,0.8621899999999982,3.309962999999996,-68.50190699999987,0.0
3,33,0.8595230000000029,3.671616,-80.06680200000002,0.0
3,34,0.8510589999999993,4.055838999999999,-92.72076899999996,0.0
3,35,0.8412510000000069,4.478107999999999,-107.04849099999998,0.0
3,36,0.8313670000000002,4.9384000000000015,-123.12905900000005,0.0
3,37,0.7466969999999975,5.451732,-141.35500099999996,0.0
3,38,0.8133770000000027,5.976029000000004,-160.95403000000016,0.0
3,39,0.8133770000000027,6.540199000000001,-182.39249000000007,0.0
3,40,0.8179020000000037,7.239555999999993,-209.68098799999973,0.0
3,41,0.8886799999999937,8.26782999999999,-251.06907499999954,0.0
3,42,0.8042909999999921,9.704269999999994,-309.70994799999977,0.0
3,43,0.9022140000000007,12.256904000000006,-417.2143450000002,0.0
3,44,0.8568800000000039,17.074494,-624.234713,0.0
4,0,-0.21247799999999994,0.14497999999999944,5.02379,0.0
4,1,-0.1941309999999996,0.16332699999999978,4.950401999999999,0.0
4,2,-0.17388599999999954,0.1846300000000003,4.848118999999998,0.0
4,3,-0.15152499999999947,0.20915000000000017,4.709634999999998,0.0
4,4,-0.12696099999999966,0.23512299999999975,4.53346,0.0
4,5,-0.10002900000000015,0.26451899999999995,4.308148000000001,0.0
4,6,-0.07055299999999942,0.29671800000000026,4.0292489999999965,0.0
4,7,-0.038440999999999725,0.33139499999999966,3.6927390000000013,0.0
4,8,-0.003699000000000119,0.36930700000000005,3.288387,0.0
4,9,0.033793000000000184,0.4130419999999999,2.788539,0.0
4,10,0.07420799999999961,0.4604689999999998,2.2000360000000034,0.0
4,11,0.11737700000000029,0.5118290000000005,1.5137599999999933,0.0
4,12,0.1632560000000005,0.5693589999999995,0.6974140000000038,0.0
4,13,0.21137900000000087,0.6287210000000005,-0.20742200000001,0.0
4,14,0.26147600000000004,0.6941310000000005,-1.2581400000000063,0.0
4,15,0.352822999999999,0.7655739999999991,-2.6237299999999824,0.0
4,16,0.4056499999999996,0.8378720000000008,-3.919508000000011,0.0
4,17,0.45888699999999893,0.920973,-5.462071999999996,0.0
4,18,0.511614999999999,1.0051509999999997,-7.10400999999999,0.0
4,19,0.5631329999999988,1.0959029999999998,-8.943617999999992,0.0
4,20,0.6128289999999996,1.194108,-11.008296999999997,0.0
4,21,0.6600719999999995,1.2943300000000004,-13.201709000000008,0.0
4,22,0.6641800000000018,1.4025320000000008,-15.490383000000023,0.0
4,23,0.7045520000000032,1.5201419999999999,-18.23929100000001,0.0
4,24,0.740082000000001,1.6462879999999984,-21.282768999999966,0.0
4,25,0.8124059999999993,1.7849959999999996,-24.901056999999987,0.0
4,26,0.8395669999999988,1.9380260000000007,-28.835451000000013,0.0
4,27,0.8623410000000007,2.0996479999999984,-33.12871899999996,0.0
4,28,0.8800850000000011,2.2902510000000014,-38.34597600000004,0.0
4,29,0.8936630000000001,2.5044280000000008,-44.39724400000003,0.0
4,30,0.9034089999999999,2.7469220000000014,-51.46855400000005,0.0
4,31,0.911094999999996,3.0046429999999944,-59.23260699999982,0.0
4,32,0.9095270000000042,3.309962999999996,-68.6912549999999,0.0
4,33,0.9046329999999969,3.668949000000005,-80.15923100000015,0.0
4,34,0.8943520000000049,4.047374999999995,-92.60616499999985,0.0
4,35,0.8835869999999986,4.468300000000006,-106.87455500000021,0.0
4,36,0.8412510000000069,4.928515999999995,-122.81277099999984,0.0
4,37,0.8686140000000009,5.440304000000005,-141.34659100000016,0.0
4,38,0.8728490000000022,5.973702000000003,-161.10349200000013,0.0
4,39,0.8728490000000022,6.544724000000002,-182.8023280000001,0.0
4,40,0.9328309999999931,7.305588,-212.75599899999997,0.0
4,41,0.9328309999999931,8.26782999999999,-251.24567899999954,0.0
4,42,0.9459149999999994,9.753143000000009,-312.19584800000035,0.0
4,43,0.9375530000000083,12.221564999999998,-415.8361239999999,0.0
5,0,-0.15551700000000057,0.16332699999999978,4.7959460000000025,0.0
5,1,-0.13508299999999984,0.1837610000000005,4.693775999999999,0.0
5,2,-0.11258999999999997,0.20712300000000017,4.557949,0.0
5,3,-0.08782100000000082,0.23391899999999932,4.380512000000006,0.0
5,4,-0.060716000000000214,0.26222800000000035,4.16006,0.0
5,5,-0.03107199999999999,0.2941630000000002,3.884099999999999,0.0
5,6,0.0012339999999992912,0.32902399999999954,3.548265000000006,0.0
5,7,0.03629999999999978,0.36646100000000015,3.148313,0.0
5,8,0.0738979999999998,0.40690500000000007,2.6772150000000003,0.0
5,9,0.11424900000000004,0.45339300000000016,2.1035559999999984,0.0
5,10,0.1574220000000004,0.5036420000000001,1.4354499999999968,0.0
5,11,0.20312199999999958,0.5575289999999997,0.6680800000000051,0.0
5,12,0.25115899999999947,0.6173959999999994,-0.2306419999999907,0.0
5,13,0.3011499999999998,0.6787120000000009,-1.2163890000000102,0.0
5,14,0.3805479999999992,0.7458039999999997,-2.485574999999992,0.0
5,15,0.43274100000000004,0.8184009999999997,-3.7628979999999963,0.0
5,16,0.4851360000000007,0.8911090000000002,-5.115493000000006,0.0
5,17,0.5373459999999994,0.9737010000000001,-6.698015,0.0
5,18,0.5883000000000003,1.0566689999999994,-8.363240999999991,0.0
5,19,0.6372990000000005,1.1455990000000007,-10.208976000000016,0.0
5,20,0.6838110000000004,1.2413509999999999,-12.260824,0.0
5,21,0.727034999999999,1.3376779999999986,-14.403483999999965,0.0
5,22,0.7436790000000002,1.4427910000000033,-16.69407700000007,0.0
5,23,0.8019449999999999,1.5571449999999984,-19.501194999999964,0.0
5,24,0.8346499999999999,1.678011999999999,-22.444660999999975,0.0
5,25,0.8395669999999988,1.8121569999999991,-25.688725999999974,0.0
5,26,0.8847920000000009,1.9608000000000025,-29.63092600000007,0.0
5,27,0.8800850000000011,2.117391999999999,-33.67878299999998,0.0
5,28,0.8936630000000001,2.3038290000000003,-38.78047200000002,0.0
5,29,0.9277860000000011,2.5141740000000006,-44.84074700000002,0.0
5,30,0.937069000000001,2.756050000000002,-51.90468700000006,0.0
5,31,0.9359740000000016,3.0046429999999944,-59.357001999999845,0.0
5,32,0.9321289999999962,3.3083950000000044,-68.75408900000014,0.0
5,33,0.9252740000000017,3.6640549999999976,-80.10093399999994,0.0
5,34,0.9145010000000013,4.037094000000003,-92.3573560000001,0.0
5,35,0.904792999999998,4.457535,-106.60380999999998,0.0
5,36,0.9003560000000022,4.919799999999995,-122.76089999999984,0.0
5,37,0.8748709999999988,5.434047000000007,-141.14636700000023,0.0
5,38,0.9043509999999912,5.973702000000003,-161.26100200000005,0.0
5,39,0.9572220000000016,6.598633000000007,-185.30670900000027,0.0
5,40,0.9572220000000016,7.305588,-212.87795400000002,0.0
5,41,0.9717024999999992,8.306701499999996,-252.9948964999998,0.006545500000015636
5,42,0.9717024999999992,9.727355500000009,-311.2417105000004,0.0
6,0,-0.10418099999999964,0.1837610000000005,4.539265999999998,0.0
6,1,-0.08164900000000053,0.20629299999999962,4.404074000000003,0.0
6,2,-0.056880000000000486,0.2318920000000002,4.229861000000002,0.0
6,3,-0.029739999999999434,0.2610590000000004,4.008686999999996,0.0
6,4,-0.00018399999999996197,0.2917839999999998,3.7391760000000005,0.0
6,5,0.03200700000000012,0.32635400000000025,3.4077499999999983,0.0
6,6,0.06695100000000043,0.36396799999999985,3.0100159999999985,0.0
6,7,0.10469500000000043,0.40690500000000007,2.523229999999997,0.0
6,8,0.14478100000000005,0.4469909999999997,2.002112000000002,0.0
6,9,0.1875840000000002,0.4961960000000003,1.3516539999999964,0.0
6,10,0.23291199999999979,0.5489699999999997,0.6047200000000039,0.0
6,11,0.2804020000000005,0.6050190000000004,-0.24071000000000708,0.0
6,12,0.3296810000000008,0.6666749999999997,-1.2146000000000008,0.0
6,13,0.3805479999999992,0.7295789999999993,-2.274649999999987,0.0
6,14,0.43274100000000004,0.7979970000000005,-3.4772420000000075,0.0
6,15,0.4851360000000007,0.8707960000000003,-4.810798000000009,0.0
6,16,0.5373459999999994,0.9433189999999989,-6.21190299999998,0.0
6,17,0.5883000000000003,1.024655000000001,-7.819003000000018,0.0
6,18,0.6372990000000005,1.1056679999999997,-9.490217999999997,0.0
6,19,0.6996940000000009,1.1921110000000006,-11.420562000000016,0.0
6,20,0.7422090000000008,1.2845749999999985,-13.432467999999975,0.0
6,21,0.7807390000000005,1.3767260000000014,-15.506668000000033,0.0
6,22,0.8151109999999981,1.4786530000000013,-17.853367000000016,0.0
6,23,0.8346499999999999,1.5898499999999984,-20.416934999999963,0.0
6,24,0.8619389999999996,1.7053009999999986,-23.236041999999966,0.0
6,25,0.896797000000003,1.8350100000000005,-26.558206000000027,0.0
6,26,0.9036159999999995,1.9796240000000012,-30.214470000000027,0.0
6,27,0.9176120000000019,2.131388000000001,-34.24431000000004,0.0
6,28,0.9404089999999989,2.3140029999999996,-39.31169699999998,0.0
6,29,0.9500919999999979,2.523243000000001,-45.231422000000016,0.0
6,30,0.9503439999999941,2.756301999999998,-51.9918969999999,0.0
6,31,0.9467120000000051,3.003547999999995,-59.38748499999988,0.0
6,32,0.9359740000000016,3.304549999999999,-68.65411899999998,0.0
6,33,0.933014,3.657200000000003,-79.9211590000001,0.0
6,34,0.9235539999999958,4.028041000000009,-92.10387200000025,0.0
6,35,0.904792999999998,4.457535,-106.60380999999998,0.0
6,36,0.923016000000004,4.9199760000000055,-122.90319600000022,0.0
6,37,0.923016000000004,5.438041999999996,-141.5535719999999,0.0
6,38,0.9729080000000039,6.024619999999999,-163.58833099999998,0.0
6,39,0.9921034999999989,6.617828500000002,-186.2646225000001,0.0
6,40,0.9853439999999978,7.333709999999996,-214.14344399999985,0.012580999999983078
6,41,0.9853439999999978,8.293059999999997,-252.51744399999984,0.0
7,0,-0.055301000000000045,0.20629299999999962,4.245986,0.0
7,1,-0.03060999999999936,0.2309840000000003,4.0731489999999955,0.0
7,2,-0.0035039999999995075,0.25899800000000006,3.8553929999999967,0.0
7,3,0.02600900000000017,0.29057200000000005,3.585653999999999,0.0
7,4,0.05797000000000008,0.3237449999999997,3.2624080000000006,0.0
7,5,0.09257500000000007,0.36095900000000025,2.8713169999999986,0.0
7,6,0.12996699999999972,0.4013599999999995,2.407568000000005,0.0
7,7,0.17009199999999947,0.4469909999999997,1.8502460000000056,0.0
7,8,0.21234200000000047,0.4892410000000007,1.2587459999999915,0.0
7,9,0.25721099999999986,0.5410649999999997,0.530071000000004,0.0
7,10,0.30413400000000035,0.5958930000000002,-0.2918420000000044,0.0
7,11,0.3527319999999996,0.6536169999999997,-1.2092679999999936,0.0
7,12,0.4024730000000005,0.7164160000000006,-2.2482440000000103,0.0
7,13,0.45334500000000055,0.7804509999999993,-3.3727679999999953,0.0
7,14,0.5050600000000003,0.8497120000000002,-4.635166000000005,0.0
7,15,0.5713499999999989,0.9216280000000001,-6.106019999999994,0.0
7,16,0.6197049999999997,0.9933759999999996,-7.520724999999992,0.0
7,17,0.666696,1.0728670000000005,-9.121518000000007,0.0
7,18,0.6996940000000009,1.1512010000000004,-10.684182000000012,0.0
7,19,0.7528649999999999,1.2346260000000004,-12.558029000000008,0.0
7,20,0.7908759999999972,1.3231049999999982,-14.505206999999945,0.0
7,21,0.8151109999999981,1.411097999999999,-16.43471199999997,0.0
7,22,0.8541260000000008,1.5097340000000017,-18.779173000000043,0.0
7,23,0.8740839999999999,1.6177419999999998,-21.295054999999994,0.0
7,24,0.9034039999999983,1.7280140000000017,-24.036551000000028,0.0
7,25,0.9152950000000004,1.853507999999998,-27.13164399999995,0.0
7,26,0.930136000000001,1.9944650000000017,-30.75945600000005,0.0
7,27,0.9404089999999989,2.141660999999999,-34.65846299999997,0.0
7,28,0.9537690000000012,2.320778999999998,-39.58816899999996,0.0
7,29,0.956607833333333,2.523243000000001,-45.277032833333365,0.0
7,30,0.9527574000000001,2.756301999999998,-52.00879079999994,0.0
7,31,0.9470424999999985,3.0032175000000016,-59.37955300000003,0.0
7,32,0.9418830000000007,3.303562000000003,-68.6589450000001,0.0
7,33,0.935260999999997,3.654953000000006,-79.86273700000018,0.0
7,34,0.9302899999999994,4.019584999999999,-91.86352,0.0
7,35,0.9302899999999994,4.442675999999999,-106.24861399999995,0.0
7,36,0.923016000000004,4.9199760000000055,-122.90319600000022,0.0
7,37,0.9813610000000068,5.4858970000000085,-143.71475100000038,0.0
7,38,0.9955484999999982,6.03880749999999,-164.2859394999996,0.0
7,39,0.9921034999999989,6.617828500000002,-186.2646225000001,0.016296500000009928
7,40,0.9921034999999989,7.326950499999995,-213.9203804999998,0.0
8,0,-0.007238000000000078,0.2309840000000003,3.9095450000000005,0.0
8,1,0.019699000000000133,0.2579210000000005,3.694048999999999,0.0
8,2,0.04920100000000005,0.2885,3.427454,0.0
8,3,0.08108299999999957,0.3237449999999997,3.100617000000004,0.0
8,4,0.11539400000000022,0.3580560000000004,2.723195999999997,0.0
8,5,0.15228299999999972,0.39784799999999976,2.2689160000000035,0.0
8,6,0.19188500000000008,0.44096199999999985,1.7365300000000001,0.0
8,7,0.23401600000000045,0.4892410000000007,1.1070279999999917,0.0
8,8,0.2780869999999993,0.5333119999999996,0.44596300000000877,0.0
8,9,0.324592,0.5875700000000004,-0.36014100000000315,0.0
8,10,0.37253399999999903,0.6438349999999993,-1.2500619999999856,0.0
8,11,0.42154999999999987,0.7026330000000005,-2.2301700000000046,0.0
8,12,0.4710819999999991,0.7659479999999999,-3.3228909999999914,0.0
8,13,0.5211199999999998,0.830489,-4.497686999999999,0.0
8,14,0.5713499999999989,0.8999419999999994,-5.802415999999983,0.0
8,15,0.6197049999999997,0.9699830000000009,-7.169830000000012,0.0
8,16,0.666696,1.0403669999999998,-8.601517999999997,0.0
8,17,0.7114329999999995,1.117604,-10.195205999999997,0.0
8,18,0.7613409999999998,1.1926330000000007,-11.869963000000011,0.0
8,19,0.7982969999999998,1.2726369999999978,-13.60568299999996,0.0
8,20,0.8315680000000008,1.356732000000001,-15.469656000000025,0.0
8,21,0.8604260000000004,1.440721,-17.380300000000002,0.0
8,22,0.8853340000000003,1.535971,-19.579814000000002,0.0
8,23,0.9069520000000004,1.640782999999999,-22.058621999999982,0.0
8,24,0.921676999999999,1.7462870000000024,-24.603014000000048,0.0
8,25,0.9359989999999989,1.8678299999999979,-27.63462199999994,0.0
8,26,0.9470980000000004,2.0055640000000032,-31.166764000000086,0.0
8,27,0.9577839999999966,2.148332,-34.96421999999997,0.0
8,28,0.9595819999999998,2.3243469999999995,-39.731008999999986,0.0
8,29,0.956607833333333,2.523243000000001,-45.277032833333365,0.0008551666666747337
8,30,0.9527574000000001,2.756301999999998,-52.00879079999994,0.002286599999997918
8,31,0.9470424999999985,3.0032175000000016,-59.37955300000003,0.002065499999993392
8,32,0.9418830000000007,3.303562000000003,-68.6589450000001,0.00042400000000952787
8,33,0.9384569999999995,3.6485610000000013,-79.67736900000004,0.0
8,34,0.935260999999997,4.011890000000001,-91.641658,0.0
8,35,0.958241000000001,4.462615999999997,-107.16629199999991,0.0
8,36,0.958241000000001,4.937232999999999,-123.77788699999998,0.0
8,37,0.9966854999999981,5.496002500000003,-144.2112505000001,0.0
8,38,0.9955484999999982,6.03880749999999,-164.2859394999996,0.018802500000020927
8,39,0.9955484999999982,6.614383500000002,-186.15782750000005,0.0
9,0,0.0409010000000003,0.2579210000000005,3.5244329999999975,0.0
9,1,0.07015599999999989,0.2885,3.2598140000000013,0.0
9,2,0.102055,0.3224539999999996,2.936714000000001,0.0
9,3,0.13626900000000042,0.356668,2.5603599999999966,0.0
9,4,0.1728449999999997,0.39463199999999965,2.117284000000004,0.0
9,5,0.21187999999999985,0.4368829999999999,1.5969650000000017,0.0
9,6,0.25339000000000045,0.48247200000000046,0.9954299999999936,0.0
9,7,0.29712599999999956,0.5301969999999994,0.3154560000000082,0.0
9,8,0.3426340000000003,0.5788200000000003,-0.43447700000000555,0.0
9,9,0.3902089999999996,0.6351449999999996,-1.3132519999999932,0.0
9,10,0.4385349999999999,0.6921609999999996,-2.2613299999999956,0.0
9,11,0.4873200000000004,0.751418000000001,-3.292965000000015,0.0
9,12,0.5359780000000001,0.8146059999999995,-4.425954999999995,0.0
9,13,0.5844310000000004,0.8789420000000003,-5.6340640000000075,0.0
9,14,0.632200000000001,0.947711,-6.957982000000008,0.0
9,15,0.6773670000000003,1.0151500000000002,-8.308631000000005,0.0
9,16,0.720663,1.0836629999999996,-9.725989999999992,0.0
9,17,0.7684929999999994,1.1582819999999998,-11.350363999999992,0.0
9,18,0.7982969999999998,1.2295890000000007,-12.83081900000001,0.0
9,19,0.8370069999999998,1.3059079999999987,-14.552950999999975,0.0
9,20,0.8655590000000011,1.3855900000000005,-16.32387700000002,0.0
9,21,0.8898639999999993,1.4656289999999998,-18.14340199999999,0.0
9,22,0.9102750000000022,1.5575890000000001,-20.258261000000022,0.0
9,23,0.9254080000000009,1.6592389999999995,-22.630757999999997,0.0
9,24,0.9419229999999992,1.7604390000000016,-25.10699300000003,0.0
9,25,0.9523539999999997,1.8783639999999977,-28.03107199999994,0.0
9,26,0.9577839999999966,2.013254,-31.452191999999968,0.0
9,27,0.962972,2.151652000000002,-35.09723200000006,0.0
9,28,0.9595819999999998,2.3243469999999995,-39.731008999999986,0.0021070000000023015
9,29,0.956607833333333,2.523243000000001,-45.277032833333365,0.0036283333333386736
9,30,0.9527574000000001,2.756301999999998,-52.00879079999994,0.0042712000000051376
9,31,0.9470424999999985,3.0032175000000016,-59.37955300000003,0.0024449999999944794
9,32,0.9431149999999988,3.2998660000000086,-68.55176100000025,0.0
9,33,0.9418830000000007,3.6392709999999937,-79.4016329999998,0.0
9,34,0.9482350000000039,4.015564000000005,-91.87647000000021,0.0
9,35,0.958241000000001,4.462615999999997,-107.1662919999999,0.0
9,36,0.9973930000000024,4.972570000000005,-125.37404800000019,0.0
9,37,0.9966854999999981,5.496002500000003,-144.2112505000001,0.02041249999999195
9,38,0.9966854999999981,6.03767049999999,-164.25296649999962,0.0
10,0,0.08958399999999989,0.2871760000000001,3.086286000000001,0.0
10,1,0.1211979999999997,0.3203990000000001,2.768537000000003,0.0
10,2,0.1554259999999994,0.3546269999999998,2.392029000000006,0.0
10,3,0.19187899999999924,0.39463199999999965,1.9459780000000082,0.0
10,4,0.230607,0.4333600000000004,1.4425139999999983,0.0
10,5,0.2715860000000001,0.477862,0.8547159999999989,0.0
10,6,0.3146319999999996,0.5255179999999999,0.18597600000000458,0.0
10,7,0.35956800000000033,0.5751330000000001,-0.5610740000000041,0.0
10,8,0.40605400000000014,0.6351449999999996,-1.4558569999999982,0.0
10,9,0.453983,0.6830739999999995,-2.318578999999996,0.0
10,10,0.5020430000000005,0.740221,-3.313502000000005,0.0
10,11,0.5499390000000002,0.7993140000000007,-4.3833920000000095,0.0
10,12,0.5970870000000001,0.8617539999999995,-5.541711999999995,0.0
10,13,0.6432479999999998,0.925103,-6.763509999999998,0.0
10,14,0.6877709999999997,0.9922339999999998,-8.081442999999995,0.0
10,15,0.7380960000000005,1.056673,-9.486839000000005,0.0
10,16,0.7757170000000002,1.1228619999999996,-10.855883999999998,0.0
10,17,0.8105590000000014,1.1944800000000022,-12.35019200000005,0.0
10,18,0.8420559999999995,1.2619049999999987,-13.811386999999971,0.0
10,19,0.8655590000000011,1.33446,-15.35240700000001,0.0
10,20,0.8898639999999993,1.4098949999999988,-17.02872199999997,0.0
10,21,0.9299999999999997,1.502205,-19.292446999999996,0.0
10,22,0.9299999999999997,1.5749299999999984,-20.81967199999996,0.0
10,23,0.9419229999999992,1.6735459999999982,-23.10845399999995,0.0
10,24,0.9523539999999997,1.7708700000000022,-25.45121600000005,0.0
10,25,0.9612599999999993,1.8855509999999995,-28.29261999999998,0.0
10,26,0.9655899999999988,2.0179329999999993,-31.64546999999997,0.0
10,27,0.962972,2.151652000000002,-35.09723200000006,0.0014710000000022205
10,28,0.9595819999999998,2.3243469999999995,-39.731008999999986,0.004851000000002159
10,29,0.956607833333333,2.523243000000001,-45.277032833333365,0.005165500000003931
10,30,0.9527574000000001,2.756301999999998,-52.00879079999994,0.0037158000000019342
10,31,0.9470424999999985,3.0032175000000016,-59.37955300000003,0.0006424999999978809
10,32,0.9470424999999985,3.2844865000000034,-68.09889200000009,0.0
10,33,0.9482350000000039,3.644390999999999,-79.627761,0.0
10,34,0.9636420000000001,4.030971000000001,-92.53897100000002,0.0
10,35,0.9982199999999999,4.493849000000001,-108.62708300000003,0.0
10,36,0.9973930000000024,4.972570000000005,-125.37404800000019,0.021401999999994814
10,37,0.9973930000000024,5.495294999999999,-144.19214799999997,0.0
11,0,0.1390640000000003,0.3187899999999999,2.591485999999997,0.0
11,1,0.1729940000000001,0.3546269999999998,2.2163489999999992,0.0
11,2,0.20941600000000005,0.39104899999999976,1.7792849999999998,0.0
11,3,0.24795700000000043,0.4316620000000002,1.2741079999999947,0.0
11,4,0.2886540000000002,0.4740570000000002,0.6992559999999974,0.0
11,5,0.3312710000000001,0.5204789999999999,0.044780999999999516,0.0
11,6,0.3754660000000003,0.5697130000000001,-0.6875340000000039,0.0
11,7,0.4211809999999998,0.6208479999999996,-1.4972089999999953,0.0
11,8,0.4680599999999995,0.6721849999999998,-2.372236999999993,0.0
11,9,0.5155580000000004,0.7305720000000004,-3.3618110000000083,0.0
11,10,0.5626630000000006,0.7873260000000002,-4.390752000000008,0.0
11,11,0.6090979999999995,0.8457489999999996,-5.48576699999999,0.0
11,12,0.6540610000000004,0.9067170000000004,-6.65100800000001,0.0
11,13,0.6973149999999997,0.9683569999999992,-7.866481999999987,0.0
11,14,0.7380960000000005,1.0330150000000007,-9.155627000000015,0.0
11,15,0.7831650000000003,1.0942939999999997,-10.509291999999999,0.0
11,16,0.8167299999999997,1.1577040000000007,-11.829657000000006,0.0
11,17,0.8471829999999976,1.2259770000000003,-13.257007999999978,0.0
11,18,0.8739050000000006,1.2896079999999976,-14.632676999999966,0.0
11,19,0.8972090000000001,1.358469000000003,-16.128519000000058,0.0
11,20,0.9169619999999981,1.4299619999999997,-17.704168999999972,0.0
11,21,0.9331129999999987,1.502205,-19.326689999999985,0.0
11,22,0.9434809999999985,1.5884109999999971,-21.25106399999992,0.0
11,23,0.9629210000000015,1.6916140000000013,-23.742791000000047,0.0
11,24,0.9629210000000015,1.7780020000000007,-25.729715000000034,0.0
11,25,0.9685545000000003,1.8913334999999987,-28.513091999999972,0.0
11,26,0.9668071666666673,2.019150166666668,-31.68928800000004,0.0007968333333323585
11,27,0.962972,2.151652000000002,-35.09723200000006,0.0035560000000032232
11,28,0.9595819999999998,2.3243469999999995,-39.731008999999986,0.00599300000000369
11,29,0.956607833333333,2.523243000000001,-45.277032833333365,0.0041046666666773035
11,30,0.9527574000000001,2.756301999999998,-52.00879079999994,0.0010704000000032465
11,31,0.9527574000000001,2.9770563999999995,-58.631422799999996,0.0
11,32,0.955052000000002,3.2893340000000038,-68.33726900000013,0.0
11,33,0.9681769999999972,3.660677999999997,-80.36465199999988,0.0
11,34,0.9937399999999954,4.056533999999999,-93.70909299999991,0.0
11,35,0.9982199999999999,4.493849000000001,-108.62708300000003,0.022172999999995113
11,36,0.9982199999999999,4.971743000000007,-125.35337300000023,0.0
12,0,0.1894259999999992,0.3527199999999997,2.037504000000009,0.0
12,1,0.22555800000000037,0.38885200000000086,1.6039199999999951,0.0
12,2,0.26399099999999986,0.42948199999999925,1.1020940000000028,0.0
12,3,0.3043899999999997,0.47206100000000006,0.532148000000003,0.0
12,4,0.34676499999999955,0.516432,-0.10946499999999482,0.0
12,5,0.3906390000000002,0.5643530000000005,-0.8276370000000046,0.0
12,6,0.4355500000000001,0.6146240000000001,-1.6179240000000013,0.0
12,7,0.48155000000000037,0.6668479999999999,-2.4832680000000034,0.0
12,8,0.5281500000000001,0.7187849999999996,-3.406026999999998,0.0
12,9,0.5744489999999995,0.7768709999999999,-4.426302999999994,0.0
12,10,0.619940999999999,0.8328179999999996,-5.475729999999984,0.0
12,11,0.6643179999999997,0.8901260000000004,-6.581334000000002,0.0
12,12,0.7064959999999996,0.9488950000000003,-7.733928999999998,0.0
12,13,0.7463689999999996,1.0082299999999993,-8.924424999999987,0.0
12,14,0.7831650000000003,1.0698110000000014,-10.166530000000023,0.0
12,15,0.8167299999999997,1.127858999999999,-11.381981999999983,0.0
12,16,0.8524030000000007,1.1881569999999986,-12.714527999999989,0.0
12,17,0.8739050000000006,1.2526990000000033,-14.005224000000062,0.0
12,18,0.900699999999997,1.3129119999999972,-15.350384999999914,0.0
12,19,0.9169619999999981,1.378222000000001,-16.721108999999995,0.0
12,20,0.9357770000000016,1.4461130000000004,-18.236818000000028,0.0
12,21,0.9454379999999993,1.5145300000000006,-19.721090000000004,0.0
12,22,0.9643940000000022,1.6055360000000007,-21.866751000000043,0.0
12,23,0.9643940000000022,1.6916140000000013,-23.760467000000055,0.0
12,24,0.9689680000000003,1.7821829999999999,-25.898442,0.0
12,25,0.9685545000000003,1.8913334999999991,-28.513091999999986,0.00039750000000182695
12,26,0.9668071666666673,2.019150166666668,-31.68928800000004,0.0027336666666641918
12,27,0.962972,2.151652000000002,-35.09723200000006,0.004425000000004786
12,28,0.9595819999999998,2.3243469999999995,-39.731008999999986,0.004617000000003202
12,29,0.956607833333333,2.523243000000001,-45.277032833333365,0.0012288333333358992
12,30,0.956607833333333,2.7370498333333337,-51.47743100000002,0.0
12,31,0.955052000000002,2.979351000000001,-58.727796000000055,0.0
12,32,0.9984549999999999,3.3297990000000013,-70.13708300000005,0.0
12,33,0.9967540000000028,3.686478000000001,-81.53039900000007,0.0
12,34,0.9991225000000021,4.0589024999999985,-93.84882949999998,0.022804499999992345
12,35,0.9991225000000021,4.492946499999999,-108.60632549999998,0.0
13,0,0.24065400000000015,0.38885200000000086,1.4227679999999978,0.0
13,1,0.27878699999999945,0.42698500000000017,0.9270390000000068,0.0
13,2,0.31899999999999995,0.46969499999999975,0.36156000000000077,0.0
13,3,0.36094399999999993,0.514005,-0.2723319999999996,0.0
13,4,0.40461100000000005,0.5600990000000001,-0.9782850000000014,0.0
13,5,0.4492509999999994,0.6089929999999999,-1.754180999999992,0.0
13,6,0.49440799999999996,0.6597810000000006,-2.595162000000003,0.0
13,7,0.5401180000000005,0.7125580000000005,-3.5060540000000096,0.0
13,8,0.5857050000000008,0.7643719999999998,-4.4613830000000085,0.0
13,9,0.630173000000001,0.821339,-5.4952030000000125,0.0
13,10,0.673432,0.8760769999999987,-6.550211999999988,0.0
13,11,0.7151820000000004,0.9318760000000008,-7.650952000000014,0.0
13,12,0.7540720000000007,0.9877850000000006,-8.771521000000016,0.0
13,13,0.7902010000000015,1.044359,-9.920086000000019,0.0
13,14,0.8229600000000001,1.10257,-11.102696000000002,0.0
13,15,0.8524030000000007,1.1573019999999996,-12.251703000000003,0.0
13,16,0.8827630000000006,1.2142869999999988,-13.50115799999999,0.0
13,17,0.900699999999997,1.2748659999999994,-14.703602999999951,0.0
13,18,0.9198990000000009,1.3321110000000012,-15.926355000000033,0.0
13,19,0.9357770000000016,1.3941000000000017,-17.24857100000005,0.0
13,20,0.9506759999999979,1.458715999999999,-18.669961999999952,0.0
13,21,0.9573309999999999,1.5234810000000003,-20.051777000000005,0.0
13,22,0.9643940000000022,1.6055360000000007,-21.866751000000043,0.0
13,23,0.9689680000000003,1.6961879999999994,-23.920556999999988,0.0
13,24,0.9706423999999998,1.7837619999999994,-25.956526199999985,0.0
13,25,0.9685545000000003,1.8913334999999991,-28.513091999999986,0.0020500000000005514
13,26,0.9668071666666673,2.019150166666668,-31.68928800000004,0.004013499999999226
13,27,0.962972,2.151652000000002,-35.09723200000006,0.0033019999999979177
13,28,0.9595819999999998,2.3243469999999995,-39.731008999999986,0.0015360000000015361
13,29,0.9595819999999998,2.507642999999997,-44.86329699999992,0.0
13,30,0.9604070000000036,2.7408490000000043,-51.636996000000174,0.0
13,31,0.9738919999999993,2.992835999999997,-59.3719109999999,0.0
13,32,1.0004655000000007,3.3297990000000013,-70.16321950000005,0.0
13,33,1.0000305000000012,3.6880535000000023,-81.6217085000001,0.023334500000004255
13,34,1.0000305000000012,4.0579944999999995,-93.82976150000002,0.0
14,0,0.2926190000000002,0.42698500000000017,0.7472229999999973,0.0
14,1,0.33249499999999976,0.46969499999999975,0.1861250000000032,0.0
14,2,0.3741880000000002,0.514005,-0.4445040000000029,0.0
14,3,0.4172830000000003,0.5600990000000001,-1.1430210000000045,0.0
14,4,0.461716,0.6045319999999998,-1.8983819999999998,0.0
14,5,0.5065730000000004,0.6597810000000006,-2.7533070000000084,0.0
14,6,0.5514249999999992,0.7125580000000005,-3.6530449999999917,0.0
14,7,0.5962069999999997,0.757340000000001,-4.5486850000000025,0.0
14,8,0.6401050000000001,0.8082700000000003,-5.519767000000003,0.0
14,9,0.6822229999999987,0.8634569999999986,-6.55091499999997,0.0
14,10,0.7226940000000006,0.9165480000000006,-7.5953280000000145,0.0
14,11,0.7612620000000003,0.9704440000000005,-8.67424000000001,0.0
14,12,0.796505999999999,1.0230289999999993,-9.746090999999979,0.0
14,13,0.8286709999999999,1.076524000000001,-10.83834100000001,0.0
14,14,0.8574129999999993,1.1313119999999994,-11.952972999999982,0.0
14,15,0.8827630000000006,1.182652000000001,-13.026633000000022,0.0
14,16,0.9047769999999993,1.2363009999999974,-14.13956399999995,0.0
14,17,0.9228250000000031,1.2929140000000032,-15.298044000000097,0.0
14,18,0.9382760000000019,1.347562,-16.443374000000023,0.0
14,19,0.9527119999999982,1.4064999999999976,-17.70636199999993,0.0
14,20,0.9620040000000003,1.4681719999999991,-19.00821799999999,0.0
14,21,0.9662669999999984,1.5296160000000008,-20.29678,0.0
14,22,0.9706549999999972,1.6099239999999995,-22.04467999999995,0.0
14,23,0.9725219999999997,1.6980550000000019,-24.009700000000038,0.000204000000000093
14,24,0.9706423999999998,1.7837619999999994,-25.95652619999998,0.0013685999999957232
14,25,0.9685545000000003,1.8913334999999991,-28.513091999999986,0.00318650000000531
14,26,0.9668071666666673,2.019150166666668,-31.68928800000004,0.003522333333332739
14,27,0.962972,2.151652000000002,-35.09723200000006,0.0008169999999978472
14,28,0.9629719999999999,2.305875,-39.261252999999996,0.0
14,29,0.9637950000000046,2.5118560000000016,-45.0402430000001,0.0
14,30,1.003384999999999,2.777981999999999,-53.334351999999946,0.0
14,31,1.001567999999999,3.014938000000001,-60.41759400000001,0.0
14,32,1.0004655000000007,3.3297990000000013,-70.16321950000005,0.02368950000000325
14,33,1.0000305000000012,3.6880535000000023,-81.6217085000001,0.0
15,0,0.34508399999999995,0.46686099999999975,0.01271300000000064,0.0
15,1,0.38639500000000027,0.5113880000000002,-0.6101680000000043,0.0
15,2,0.4291740000000006,0.5571000000000002,-1.300498000000009,0.0
15,3,0.4729549999999998,0.6045319999999998,-2.0557279999999967,0.0
15,4,0.517544,0.6491210000000001,-2.8583300000000005,0.0
15,5,0.5620229999999999,0.6983290000000002,-3.722347,0.0
15,6,0.6059420000000006,0.7485520000000001,-4.63224700000001,0.0
15,7,0.6491790000000002,0.8005770000000005,-5.592952000000006,0.0
15,8,0.6907629999999987,0.8498539999999988,-6.561650999999971,0.0
15,9,0.730125000000001,0.9028190000000009,-7.575801000000023,0.0
15,10,0.7673539999999992,0.9537769999999988,-8.592857999999977,0.0
15,11,0.802287999999999,1.0053780000000003,-9.63287799999999,0.0
15,12,0.8336410000000001,1.0543820000000004,-10.642217000000006,0.0
15,13,0.8617599999999985,1.1046429999999994,-11.66713399999997,0.0
15,14,0.8865860000000012,1.156138000000002,-12.708959000000046,0.0
15,15,0.907978,1.2040439999999997,-13.700522999999993,0.0
15,16,0.9261380000000017,1.2544609999999992,-14.729178000000012,0.0
15,17,0.9406089999999985,1.307385,-15.793026999999977,0.0
15,18,0.9527119999999982,1.3596649999999997,-16.863331999999968,0.0
15,19,0.9634530000000012,1.4157919999999997,-18.034733000000013,0.0
15,20,0.9686470000000007,1.4748149999999995,-19.234080000000002,0.0
15,21,0.9736503333333335,1.533455,-20.481930000000006,0.0
15,22,0.9734103333333337,1.6108483333333332,-22.103590000000004,0.0011326666666668928
15,23,0.9725219999999997,1.6980550000000019,-24.009700000000038,0.0021050000000002456
15,24,0.9706423999999998,1.7837619999999994,-25.95652619999998,0.0025471999999986394
15,25,0.9685545000000003,1.8913334999999991,-28.513091999999986,0.002698999999999785
15,26,0.9668071666666673,2.019150166666668,-31.68928800000004,0.001333166666668717
15,27,0.9668071666666673,2.131228166666665,-34.603315999999964,0.0
15,28,0.9661479999999969,2.3090509999999966,-39.39464499999986,0.0
15,29,0.9830670000000055,2.5268980000000028,-45.74814600000016,0.0
15,30,1.003384999999999,2.7779819999999993,-53.33435199999996,0.0009870000000020696
15,31,1.001567999999999,3.014938000000001,-60.41759400000001,0.024127999999997485
15,32,1.001567999999999,3.3283270000000016,-70.13265300000003,0.0
16,0,0.39773700000000023,0.5081720000000001,-0.7770820000000036,0.0
16,1,0.44010399999999983,0.5541670000000005,-1.458581999999998,0.0
16,2,0.4835059999999993,0.6008809999999993,-2.203039999999988,0.0
16,3,0.5274239999999999,0.6491210000000001,-3.006529999999999,0.0
16,4,0.5715519999999996,0.6932489999999998,-3.8449619999999927,0.0
16,5,0.6150280000000006,0.7418050000000012,-4.734802000000014,0.0
16,6,0.6573840000000004,0.8005770000000005,-5.716027000000009,0.0
16,7,0.6984969999999997,0.8498539999999988,-6.677660999999986,0.0
16,8,0.7372350000000001,0.8885919999999992,-7.568634999999995,0.0
16,9,0.7734659999999991,0.9390499999999999,-8.551994999999986,0.0
16,10,0.8071390000000012,0.9874500000000008,-9.526363000000027,0.0
16,11,0.8381420000000013,1.0363810000000004,-10.511721000000025,0.0
16,12,0.8655279999999994,1.0817679999999985,-11.449153999999973,0.0
16,13,0.8896450000000016,1.1287600000000015,-12.398930000000044,0.0
16,14,0.9107069999999986,1.1771999999999991,-13.365641999999966,0.0
16,15,0.9283709999999985,1.2217079999999996,-14.27137799999997,0.0
16,16,0.943009,1.2690990000000006,-15.21645100000001,0.0
16,17,0.9543719999999993,1.3187479999999994,-16.19264299999998,0.0
16,18,0.9634530000000012,1.3687460000000016,-17.187905000000047,0.0
16,19,0.9699670000000005,1.422305999999999,-18.256208999999988,0.0
16,20,0.9740097142857144,1.4788577142857129,-19.395374999999973,3.728571428496252e-05
16,21,0.9736503333333335,1.533455,-20.481930000000006,0.0023936666666664053
16,22,0.9734103333333337,1.6108483333333332,-22.103590000000004,0.0037673333333323455
16,23,0.9725219999999997,1.6980550000000019,-24.009700000000038,0.003748000000001639
16,24,0.9706423999999998,1.7837619999999994,-25.95652619999998,0.002384800000001519
16,25,0.9685545000000003,1.8913334999999991,-28.513091999999986,0.0007615000000029681
16,26,0.9685545000000003,2.010413500000003,-31.490092000000075,0.0
16,27,0.970011999999997,2.1344329999999943,-34.7379189999998,0.0
16,28,0.9830670000000055,2.322106000000005,-40.01397000000023,0.0
16,29,1.003964666666666,2.5477956666666635,-46.66764333333323,0.0017683333333309292
16,30,1.003384999999999,2.7779819999999993,-53.33435199999996,0.025212000000003343
16,31,1.003384999999999,3.0113040000000004,-60.334012,0.0
17,0,0.4502220000000001,0.5505389999999997,-1.6168420000000019,0.0
17,1,0.4931870000000007,0.597569,-2.3513120000000116,0.0
17,2,0.5366660000000003,0.6447989999999999,-3.141436000000005,0.0
17,3,0.5801490000000005,0.6932489999999998,-3.982514000000007,0.0
17,4,0.6232040000000012,0.7363040000000005,-4.843614000000022,0.0
17,5,0.6650599999999987,0.7909079999999999,-5.780828999999978,0.0
17,6,0.7052680000000002,0.8311160000000015,-6.665405000000012,0.0
17,7,0.74376,0.8885919999999992,-7.673034999999993,0.0
17,8,0.7792030000000008,0.9240349999999999,-8.523667000000012,0.0
17,9,0.812005000000001,0.9718520000000002,-9.463837000000018,0.0
17,10,0.8419019999999993,1.0173469999999991,-10.381540999999979,0.0
17,11,0.8689249999999991,1.0634040000000002,-11.301501999999987,0.0
17,12,0.8923930000000002,1.1052359999999997,-12.16061,0.0
17,13,0.9126759999999976,1.149042999999999,-13.031104999999947,0.0
17,14,0.9302290000000006,1.1947530000000022,-13.92373600000004,0.0
17,15,0.944466000000002,1.235945000000001,-14.742453000000047,0.0
17,16,0.9559089999999983,1.280541999999997,-15.605938999999925,0.0
17,17,0.9645080000000021,1.3273470000000032,-16.50100200000009,0.0
17,18,0.9708709999999989,1.3751089999999984,-17.421126999999952,0.0
17,19,0.9750266666666665,1.4263270000000006,-18.41369733333334,0.0
17,20,0.9740097142857144,1.4788577142857129,-19.395374999999973,0.002677571428570502
17,21,0.9736503333333335,1.533455,-20.481930000000006,0.005727333333332751
17,22,0.9734103333333337,1.6108483333333332,-22.103590000000004,0.0056949999999993395
17,23,0.9725219999999997,1.6980550000000019,-24.009700000000038,0.0036400000000043065
17,24,0.9706423999999998,1.7837619999999994,-25.95652619999998,0.0007634000000003027
17,25,0.9706423999999998,1.8809894000000014,-28.28998380000003,0.0
17,26,0.9746699999999962,2.0141300000000015,-31.686967999999972,0.0
17,27,0.9876249999999942,2.1484939999999995,-35.400666999999885,0.0
17,28,1.0048103333333316,2.3405843333333323,-40.879256666666606,0.002303666666662707
17,29,1.003964666666666,2.5477956666666635,-46.66764333333323,0.02582666666666711
17,30,1.003964666666666,2.7768226666666656,-53.309426333333285,0.0
18,0,0.502148,0.5935040000000003,-2.4995840000000005,0.0
18,1,0.5451959999999998,0.6410479999999996,-3.2789439999999956,0.0
18,2,0.5881860000000003,0.6882820000000001,-4.1042420000000055,0.0
18,3,0.6306410000000007,0.7363040000000005,-4.970043000000013,0.0
18,4,0.6720489999999995,0.7777119999999993,-5.839610999999987,0.0
18,5,0.7117320000000014,0.8311160000000015,-6.7752930000000315,0.0
18,6,0.749274999999999,0.8686589999999992,-7.638781999999978,0.0
18,7,0.7847239999999989,0.9240349999999999,-8.61752399999998,0.0
18,8,0.8165999999999993,0.9559110000000004,-9.414423999999991,0.0
18,9,0.8457619999999988,1.0010139999999996,-10.300163999999976,0.0
18,10,0.871830000000001,1.0434150000000013,-11.15099700000003,0.0
18,11,0.8949610000000003,1.0865349999999996,-11.998555000000001,0.0
18,12,0.9146850000000022,1.1249600000000015,-12.776262000000056,0.0
18,13,0.9313810000000018,1.1657389999999985,-13.566138000000013,0.0
18,14,0.945726999999998,1.2090989999999984,-14.388045999999942,0.0
18,15,0.956866999999999,1.247085000000002,-15.120370000000012,0.0
18,16,0.9654720000000019,1.2891469999999998,-15.90619000000003,0.0
18,17,0.9722149999999985,1.3334100000000007,-16.735771999999983,0.0
18,18,0.9759859999999989,1.3790419999999983,-17.57939399999995,0.0
18,19,0.9750266666666665,1.4263270000000006,-18.413697333333342,0.0021703333333356056
18,20,0.9740097142857144,1.4788577142857129,-19.395374999999973,0.005522857142857163
18,21,0.9736503333333335,1.533455,-20.481930000000006,0.007676000000000016
18,22,0.9734103333333337,1.6108483333333332,-22.103590000000004,0.0053326666666677625
18,23,0.9725219999999997,1.6980550000000019,-24.009700000000038,0.001613000000002529
18,24,0.9725219999999997,1.7743640000000003,-25.764807,0.0
18,25,0.9746699999999962,1.8850169999999977,-28.459142999999877,0.0
18,26,0.9876249999999942,2.0270849999999996,-32.24403299999989,0.0
18,27,1.0061673333333327,2.167036333333338,-36.21652966666677,0.003285666666670295
18,28,1.0048103333333316,2.3405843333333323,-40.879256666666606,0.02635533333333484
18,29,1.0048103333333316,2.546104333333332,-46.633816666666604,0.0
19,0,0.5530840000000001,0.636552,-3.416432000000002,0.0
19,1,0.595663,0.6840380000000001,-4.230340000000001,0.0
19,2,0.6376090000000003,0.7307370000000004,-5.078766000000005,0.0
19,3,0.6784599999999994,0.7715879999999995,-5.936636999999987,0.0
19,4,0.7176980000000004,0.8233440000000005,-6.843821000000009,0.0
19,5,0.754707999999999,0.8686589999999992,-7.736575999999978,0.0
19,6,0.7891899999999996,0.9156309999999994,-8.63908399999999,0.0
19,7,0.8212720000000004,0.9559110000000004,-9.498520000000012,0.0
19,8,0.8494840000000003,1.0010139999999996,-10.367160000000004,0.0
19,9,0.8749390000000012,1.0264690000000005,-11.054445000000028,0.0
19,10,0.8972629999999988,1.0657389999999989,-11.832030999999967,0.0
19,11,0.9167230000000011,1.1059950000000018,-12.60433100000004,0.0
19,12,0.9329559999999972,1.1411929999999977,-13.29993599999992,0.0
19,13,0.9464030000000001,1.1791860000000014,-14.01134500000002,0.0
19,14,0.9578070000000025,1.2205030000000008,-14.765142000000058,0.0
19,15,0.9661639999999991,1.2554419999999986,-15.413070999999963,0.0
19,16,0.9722149999999985,1.2951979999999992,-16.12437999999996,0.0
19,17,0.9771373333333333,1.337673333333333,-16.898001999999998,0.0
19,18,0.9760969999999999,1.3791529999999996,-17.58338999999999,0.0016020000000018797
19,19,0.9750266666666665,1.4263270000000006,-18.413697333333342,0.004503666666668238
19,20,0.9740097142857144,1.4788577142857129,-19.395374999999973,0.006748142857141204
19,21,0.9736503333333335,1.533455,-20.481930000000006,0.0067756666666625165
19,22,0.9734103333333337,1.6108483333333332,-22.103590000000004,0.0025883333333318603
19,23,0.9734103333333337,1.6936133333333319,-23.924419999999976,0.0
19,24,0.9762079999999997,1.7780500000000004,-25.919619000000004,0.0
19,25,0.9896700000000038,1.8984790000000018,-29.065693000000117,0.0
19,26,1.0064723333333347,2.0438873333333305,-33.02014566666662,0.003567666666668856
19,27,1.0061673333333327,2.167036333333338,-36.21652966666677,0.027243333333331066
19,28,1.0061673333333327,2.33787033333333,-40.829047666666554,0.0
20,0,0.602576,0.679130999999999,-4.35678,0.0
20,1,0.6441079999999992,0.7259840000000004,-5.192740999999986,0.0
20,2,0.684505999999999,0.7663820000000001,-6.04109899999998,0.0
20,3,0.7232219999999998,0.8169500000000003,-6.923200999999997,0.0
20,4,0.7598389999999995,0.853567,-7.76539199999999,0.0
20,5,0.7937829999999995,0.9031409999999997,-8.651410999999989,0.0
20,6,0.8249469999999999,0.9477130000000002,-9.510959,0.0
20,7,0.8534240000000004,0.9761900000000008,-10.251361000000013,0.0
20,8,0.8780739999999998,1.0087729999999997,-10.972441999999994,0.0
20,9,0.8998939999999997,1.0482890000000005,-11.724969999999999,0.0
20,10,0.9186630000000005,1.0845079999999996,-12.426321000000005,0.0
20,11,0.9347339999999988,1.1220660000000002,-13.12332099999998,0.0
20,12,0.9478270000000002,1.154285999999999,-13.739600999999993,0.0
20,13,0.9583480000000009,1.189707000000002,-14.375073000000043,0.0
20,14,0.9669729999999994,1.2291279999999993,-15.060045999999979,0.0
20,15,0.9728889999999986,1.2613579999999978,-15.62958599999994,0.0
20,16,0.9766450000000013,1.298954000000002,-16.268646000000057,0.0
20,17,0.9771373333333333,1.337673333333333,-16.898001999999995,0.0011666666666663161
20,18,0.9760969999999999,1.3791529999999996,-17.58338999999999,0.0035300000000013654
20,19,0.9750266666666665,1.4263270000000006,-18.413697333333342,0.00543700000000058
20,20,0.9740097142857144,1.4788577142857129,-19.395374999999973,0.005463428571427897
20,21,0.9736503333333335,1.533455,-20.481930000000006,0.003260333333329868
20,22,0.9736503333333335,1.6096483333333342,-22.081990000000026,0.0
20,23,0.9770049999999983,1.697390999999996,-24.07960499999988,0.0
20,24,0.9907299999999992,1.7917750000000012,-26.524937000000016,0.0
20,25,1.0070649999999997,1.914814000000002,-29.804573000000044,0.004279999999997841
20,26,1.0064723333333347,2.0438873333333305,-33.02014566666662,0.027449333333336767
20,27,1.0064723333333347,2.166426333333334,-36.20615966666671,0.0
21,0,0.6501379999999992,0.7206629999999983,-5.308019999999983,0.0
21,1,0.6900750000000002,0.7606000000000002,-6.146697000000005,0.0
21,2,0.7284889999999997,0.8047959999999996,-6.997586999999994,0.0
21,3,0.7646180000000005,0.853567,-7.860972000000007,0.0
21,4,0.7982560000000003,0.8942979999999991,-8.696656000000004,0.0
21,5,0.8288520000000013,0.9248940000000001,-9.461556000000027,0.0
21,6,0.8565570000000005,0.9761900000000008,-10.314021000000016,0.0
21,7,0.8812759999999997,1.000909,-10.981433999999995,0.0
21,8,0.902647,1.030144,-11.634870000000001,0.0
21,9,0.9210209999999996,1.0666630000000001,-12.312875999999994,0.0
21,10,0.9364990000000013,1.1220660000000002,-13.158621000000029,0.0
21,11,0.9495620000000002,1.1351289999999992,-13.563573999999996,0.0
21,12,0.9598289999999992,1.164552999999998,-14.10284499999996,0.0
21,13,0.9677599999999984,1.1976380000000013,-14.666415999999984,0.0
21,14,0.9750060000000005,1.2350960000000022,-15.305536000000039,0.0
21,15,0.9774150000000006,1.265044999999997,-15.77541099999997,0.0
21,16,0.9780718333333335,1.2996108333333352,-16.30769200000003,0.0010271666666668011
21,17,0.9771373333333333,1.337673333333333,-16.898001999999995,0.002890333333333217
21,18,0.9760969999999999,1.3791529999999996,-17.58338999999999,0.004337000000003144
21,19,0.9750266666666665,1.4263270000000006,-18.413697333333342,0.004222333333338213
21,20,0.9740097142857144,1.4788577142857129,-19.395374999999973,0.002234714285712869
21,21,0.9740097142857144,1.531298714285715,-20.44419500000002,0.0
21,22,0.9768219999999985,1.6129309999999961,-22.217641999999884,0.0
21,23,0.9913520000000062,1.7119560000000078,-24.701540000000307,0.0
21,24,1.0074030000000012,1.8078259999999964,-27.243620999999933,0.004574999999995555
21,25,1.0070649999999997,1.914814000000002,-29.804573000000044,0.028079999999999217
21,26,1.0070649999999997,2.0427020000000007,-33.00177300000001,0.0
22,0,0.6953150000000008,0.7606000000000002,-6.256737000000017,0.0
22,1,0.7331470000000007,0.8047959999999996,-7.095405000000014,0.0
22,2,0.7691949999999999,0.8464330000000011,-7.935687,0.0
22,3,0.8023779999999991,0.8872049999999998,-8.754845999999981,0.0
22,4,0.832787999999999,0.9248940000000001,-9.544211999999979,0.0
22,5,0.8598749999999988,0.9620099999999994,-10.298618999999972,0.0
22,6,0.8841219999999996,1.000909,-11.041199999999993,0.0
22,7,0.9050770000000004,1.0218640000000008,-11.627940000000013,0.0
22,8,0.9235260000000007,1.0485930000000003,-12.220921000000018,0.0
22,9,0.9387119999999989,1.0818489999999983,-12.821060999999961,0.0
22,10,0.9512169999999998,1.1124910000000021,-13.371949000000015,0.0
22,11,0.961587999999999,1.1454999999999984,-13.930200999999961,0.0
22,12,0.9693760000000005,1.1723409999999994,-14.396788000000004,0.0
22,13,0.9750060000000005,1.2032680000000013,-14.891772000000028,0.0
22,14,0.9784029999999966,1.2384929999999983,-15.424430999999903,0.0
22,15,0.978851,1.2654930000000002,-15.812287000000005,0.001220999999997474
22,16,0.9780718333333335,1.2996108333333352,-16.30769200000003,0.002838333333333054
22,17,0.9771373333333333,1.337673333333333,-16.898001999999995,0.0038029999999977804
22,18,0.9760969999999999,1.3791529999999996,-17.58338999999999,0.003342000000003509
22,19,0.9750266666666665,1.4263270000000006,-18.413697333333342,0.0014756666666677631
22,20,0.9750266666666665,1.4728906666666663,-19.29840699999999,0.0
22,21,0.9767110000000017,1.5340000000000025,-20.55764900000009,0.0
22,22,0.9911340000000024,1.627243,-22.83305800000005,0.0
22,23,1.007623,1.7289470000000027,-25.434024000000054,0.0048129999999915185
22,24,1.0074030000000012,1.8078259999999964,-27.243620999999933,0.028341999999998535
22,25,1.0074030000000014,1.9141379999999988,-29.795108999999997,0.0
23,0,0.7377099999999999,0.798432,-7.189426999999997,0.0
23,1,0.772988999999999,0.8408439999999988,-8.007976999999977,0.0
23,2,0.8062960000000015,0.8741510000000012,-8.807345000000034,0.0
23,3,0.83629,0.9096099999999989,-9.568124999999998,0.0
23,4,0.8633290000000002,0.951981,-10.324462000000006,0.0
23,5,0.8869060000000015,0.9862570000000002,-11.014536000000033,0.0
23,6,0.9077600000000015,1.007111,-11.598448000000031,0.0
23,7,0.9251520000000006,1.0485930000000003,-12.256693000000016,0.0
23,8,0.940847999999999,1.0818489999999983,-12.868052999999964,0.0
23,9,0.9531230000000015,1.0941240000000008,-13.248578000000041,0.0
23,10,0.9629790000000007,1.1454999999999984,-13.960802999999999,0.0
23,11,0.9709859999999999,1.1535069999999976,-14.225033999999972,0.0
23,12,0.9765580000000007,1.1779130000000002,-14.62165600000002,0.0
23,13,0.9801099999999998,1.2068200000000004,-15.050236000000002,0.0
23,14,0.9794511666666672,1.2384929999999983,-15.447490666666656,0.0016968333333338137
23,15,0.978851,1.2654930000000002,-15.812287000000005,0.0033610000000017237
23,16,0.9780718333333335,1.2996108333333352,-16.30769200000003,0.004010499999999695
23,17,0.9771373333333333,1.337673333333333,-16.898001999999995,0.0031106666666644855
23,18,0.9760969999999999,1.3791529999999996,-17.58338999999999,0.0010760000000011871
23,19,0.9760969999999999,1.4205340000000009,-18.328248000000016,0.0
23,20,0.9803129999999989,1.4764480000000013,-19.487582,0.0
23,21,0.9913600000000002,1.5467760000000013,-21.14822300000003,0.0
23,22,1.0073829999999997,1.6432659999999992,-23.543041999999975,0.004831999999996839
23,23,1.007623,1.7289470000000027,-25.434024000000054,0.02855499999999367
23,24,1.0076230000000002,1.8073859999999986,-27.23812099999997,0.0
24,0,0.7768979999999992,0.8337109999999992,-8.090750999999981,0.0
24,1,0.8092680000000012,0.8741510000000012,-8.87570100000003,0.0
24,2,0.8395039999999998,0.9096099999999989,-9.642046999999993,0.0
24,3,0.8661450000000013,0.9362510000000004,-10.334713000000031,0.0
24,4,0.8897980000000008,0.9683069999999994,-10.998553000000015,0.0
24,5,0.9099649999999997,1.007111,-11.649162999999993,0.0
24,6,0.9275839999999977,1.039256,-12.247269999999947,0.0
24,7,0.9417609999999996,1.0534330000000018,-12.672580000000004,0.0
24,8,0.9547170000000023,1.0941240000000008,-13.285240000000059,0.0
24,9,0.9643949999999997,1.1038019999999982,-13.594935999999976,0.0
24,10,0.971861999999998,1.1535069999999976,-14.245181999999929,0.0
24,11,0.9777510000000014,1.159396000000001,-14.445408000000043,0.0
24,12,0.9806470000000002,1.180808999999999,-14.750454999999995,0.00066500000000147
24,13,0.9803561666666667,1.2068200000000004,-15.05589783333334,0.0025868333333320948
24,14,0.9794511666666672,1.2384929999999983,-15.447490666666656,0.0042356666666663045
24,15,0.978851,1.2654930000000002,-15.812287000000005,0.004830000000001888
24,16,0.9780718333333335,1.2996108333333352,-16.30769200000003,0.003561666666666241
24,17,0.9771373333333333,1.337673333333333,-16.898001999999995,0.001103333333333012
24,18,0.9771373333333333,1.3739513333333326,-17.514727999999987,0.0
24,19,0.9803129999999989,1.4247499999999995,-18.505319999999966,0.0
24,20,0.9932829999999981,1.4894180000000006,-20.045291999999968,0.0
24,21,1.0076459999999987,1.561139000000002,-21.824424000000008,0.004939000000000249
24,22,1.0073829999999997,1.6432659999999992,-23.543041999999975,0.02858500000000319
24,23,1.007623,1.7289470000000027,-25.434024000000058,0.0
25,0,0.8125270000000011,0.866081000000003,-8.945847000000029,0.0
25,1,0.8417319999999986,0.9043869999999998,-9.685072999999967,0.0
25,2,0.8686239999999987,0.9362510000000004,-10.394208999999968,0.0
25,3,0.891888999999999,0.9683069999999994,-11.048736999999974,0.0
25,4,0.9122190000000003,0.9957250000000002,-11.646329000000009,0.0
25,5,0.9291629999999991,1.012668999999999,-12.137704999999972,0.0
25,6,0.9437390000000008,1.0393059999999998,-12.635290000000019,0.0
25,7,0.9551449999999981,1.0648389999999992,-13.07363799999995,0.0
25,8,0.9653229999999979,1.0874230000000011,-13.486175999999958,0.0
25,9,0.9726409999999994,1.1111199999999997,-13.858701999999983,0.0
25,10,0.9779440000000008,1.135117000000001,-14.20725000000003,0.0
25,11,0.9808092857142857,1.1691752857142876,-14.626379000000021,0.0010967142857136736
25,12,0.9806470000000002,1.180808999999999,-14.750454999999995,0.0035790000000019973
25,13,0.9803561666666667,1.2068200000000004,-15.05589783333334,0.005670666666667046
25,14,0.9794511666666672,1.2384929999999983,-15.447490666666656,0.005808500000000549
25,15,0.978851,1.2654930000000002,-15.812287000000005,0.004398999999999376
25,16,0.9780718333333335,1.2996108333333352,-16.30769200000003,0.0015108333333344603
25,17,0.9780718333333335,1.333000833333332,-16.841931999999982,0.0
25,18,0.981465,1.3782789999999991,-17.696489999999987,0.0
25,19,0.9945790000000017,1.4378640000000011,-19.096870000000063,0.0
25,20,1.0084723333333347,1.5033113333333339,-20.687702666666713,0.005588666666660913
25,21,1.0076459999999987,1.561139000000002,-21.824424000000008,0.028755999999997783
25,22,1.007645999999999,1.642740000000001,-23.53804499999999,0.0
26,0,0.8443369999999994,0.8952859999999987,-9.741096999999986,0.0
26,1,0.8702260000000006,0.9211749999999999,-10.414211000000016,0.0
26,2,0.8936710000000012,0.9595160000000007,-11.066914000000033,0.0
26,3,0.9136210000000009,0.9794660000000004,-11.625514000000024,0.0
26,4,0.9307920000000003,1.012668999999999,-12.178430000000002,0.0
26,5,0.9447460000000021,1.0393059999999998,-12.660465000000052,0.0
26,6,0.9565280000000023,1.0648389999999992,-13.108213000000053,0.0
26,7,0.965524000000002,1.073834999999999,-13.396085000000046,0.0
26,8,0.9730220000000003,1.0949209999999994,-13.738635000000002,0.0
26,9,0.978192,1.135117000000001,-14.213450000000009,0.0
26,10,0.9798215714285712,1.1367465714285725,-14.270485000000004,0.0016674285714302073
26,11,0.9808092857142857,1.1691752857142876,-14.626379000000021,0.003941428571428318
26,12,0.9806470000000002,1.180808999999999,-14.750454999999995,0.0065109999999997115
26,13,0.9803561666666667,1.2068200000000004,-15.05589783333334,0.007272499999999127
26,14,0.9794511666666672,1.2384929999999983,-15.447490666666656,0.0051723333333342225
26,15,0.978851,1.2654930000000002,-15.812287000000005,0.0020270000000017774
26,16,0.9788509999999999,1.2957150000000026,-16.265617000000038,0.0
26,17,0.9820330000000013,1.3369619999999998,-17.008301000000028,0.0
26,18,0.9952220000000018,1.3914679999999997,-18.27781700000004,0.0
26,19,1.0087483333333342,1.4513903333333338,-19.708103666666698,0.0060256666666695935
26,20,1.0084723333333347,1.5033113333333339,-20.687702666666713,0.029350333333329814
26,21,1.008472333333335,1.5594863333333298,-21.811202666666638,0.0
27,0,0.8722100000000008,0.9211749999999981,-10.46579500000002,0.0
27,1,0.8947500000000002,0.9437149999999992,-11.074375000000002,0.0
27,2,0.9148160000000001,0.9794660000000004,-11.656584,0.0
27,3,0.9316059999999986,0.9962559999999989,-12.14349399999996,0.0
27,4,0.9458669999999998,1.0266230000000007,-12.626195999999997,0.0
27,5,0.9570729999999976,1.0378289999999986,-12.97358199999993,0.0
27,6,0.9663259999999987,1.060341000000001,-13.33597299999997,0.0
27,7,0.9731680000000011,1.0806770000000014,-13.64272300000004,0.0
27,8,0.9783009999999983,1.1162899999999993,-14.04684099999995,0.0
27,9,0.9801608571428574,1.1181498571428585,-14.11193600000002,0.001335142857142202
27,10,0.9798215714285712,1.1367465714285725,-14.270485000000004,0.004772857142857134
27,11,0.9808092857142857,1.1691752857142876,-14.626379000000021,0.006619142857145377
27,12,0.9806470000000002,1.180808999999999,-14.750454999999995,0.007766000000003714
27,13,0.9803561666666667,1.2068200000000004,-15.05589783333334,0.006264333333334093
27,14,0.9794511666666672,1.2384929999999983,-15.447490666666656,0.002423166666666532
27,15,0.9794511666666672,1.2624921666666644,-15.783478999999982,0.0
27,16,0.9822999999999986,1.299164000000001,-16.41047499999998,0.0
27,17,0.9954789999999996,1.3501410000000007,-17.58194,0.0
27,18,1.0087979999999988,1.4048019999999966,-18.870804999999905,0.0061779999999984625
27,19,1.0087483333333342,1.4513903333333338,-19.708103666666698,0.02967533333333705
27,20,1.0087483333333345,1.5027593333333347,-20.68411466666672,0.0
28,0,0.8962649999999996,0.9437149999999992,-11.11527999999999,0.0
28,1,0.91554,0.9747900000000005,-11.666780000000001,0.0
28,2,0.9324049999999993,0.9962559999999989,-12.165066999999977,0.0
28,3,0.9462589999999995,1.0200690000000012,-12.610563999999991,0.0
28,4,0.9579129999999978,1.0378289999999986,-12.996261999999934,0.0
28,5,0.9665910000000011,1.0465070000000019,-13.27395800000004,0.0
28,6,0.9735729999999982,1.0673229999999982,-13.573533999999942,0.0
28,7,0.9784599999999983,1.0855640000000015,-13.819815999999964,0.0
28,8,0.9806245714285718,1.10221857142857,-13.997006000000003,0.0009254285714312971
28,9,0.9801608571428574,1.1181498571428585,-14.11193600000002,0.004083285714285623
28,10,0.9798215714285712,1.1367465714285725,-14.270485000000004,0.007556285714287014
28,11,0.9808092857142857,1.1798352857142858,-14.743638999999998,0.007675857142857012
28,12,0.9806470000000002,1.180808999999999,-14.750454999999995,0.006466000000003191
28,13,0.9803561666666667,1.2068200000000004,-15.05589783333334,0.002983166666666648
28,14,0.9803561666666667,1.2333091666666682,-15.400257000000021,0.0
28,15,0.9827479999999973,1.2655429999999974,-15.918501999999886,0.0
28,16,0.995628,1.3122900000000008,-16.980347000000013,0.0
28,17,1.0087929999999996,1.3633060000000001,-18.165222999999994,0.006294000000004019
28,18,1.0087979999999988,1.4048019999999966,-18.870804999999905,0.02980500000000319
28,19,1.0087483333333342,1.4513903333333338,-19.708103666666698,0.0
29,0,0.9167009999999998,0.9629899999999996,-11.687487999999993,0.0
29,1,0.9328719999999997,0.9916549999999997,-12.168940999999991,0.0
29,2,0.9468009999999989,1.0101099999999992,-12.59586299999997,0.0
29,3,0.9580040000000025,1.0213130000000028,-12.94315600000008,0.0
29,4,0.9673480000000012,1.0465070000000019,-13.295154000000043,0.0
29,5,0.9737149999999986,1.0528739999999992,-13.505264999999955,0.0
29,6,0.978663000000001,1.0722710000000006,-13.745742000000032,0.0
29,7,0.9811611428571427,1.088062142857143,-13.912934999999997,0.0005378571428558132
29,8,0.9806245714285718,1.10221857142857,-13.997006000000003,0.003294857142858376
29,9,0.9801608571428574,1.1181498571428585,-14.11193600000002,0.006582428571428878
29,10,0.9798215714285712,1.1367465714285725,-14.270485000000004,0.0086047142857133
29,11,0.9808092857142857,1.1691752857142876,-14.626379000000021,0.0063175714285694795
29,12,0.9806470000000002,1.180808999999999,-14.750454999999995,0.003032000000001034
29,13,0.9806470000000002,1.2050749999999997,-15.041647000000001,0.0
29,14,0.9827479999999973,1.2357009999999988,-15.500713999999906,0.0
29,15,0.9958109999999998,1.278606,-16.480210999999994,0.0
29,16,1.0088036666666664,1.3252826666666677,-17.557148333333345,0.006361333333334329
29,17,1.0087929999999996,1.3633060000000001,-18.165222999999994,0.029883999999999133
29,18,1.0087979999999988,1.4048019999999966,-18.870804999999905,0.0
30,0,0.9338129999999989,0.9791609999999977,-12.183735999999968,0.0
30,1,0.9471139999999991,1.005583999999999,-12.595887999999974,0.0
30,2,0.9584050000000026,1.0213130000000028,-12.954785000000083,0.0
30,3,0.9672139999999985,1.0301219999999986,-13.23667299999995,0.0
30,4,0.9745179999999998,1.0528739999999992,-13.52855199999999,0.0
30,5,0.9787859999999995,1.057141999999999,-13.673663999999981,0.0
30,6,0.9816717142857142,1.0751567142857152,-13.850309000000005,0.00019128571428517205
30,7,0.9811611428571427,1.088062142857143,-13.912934999999997,0.0025577142857144963
30,8,0.9806245714285718,1.10221857142857,-13.997006000000003,0.005490285714287779
30,9,0.9801608571428574,1.1181498571428585,-14.11193600000002,0.007454571428572976
30,10,0.9798215714285712,1.1367465714285725,-14.270485000000004,0.007065142857143769
30,11,0.9808092857142857,1.1691752857142876,-14.626379000000021,0.0029292857142859674
30,12,0.9808092857142857,1.1798352857142855,-14.743638999999998,0.0
30,13,0.9830520000000007,1.2074800000000003,-15.142657000000025,0.0
30,14,0.9960310000000021,1.2486800000000002,-16.067627000000066,0.0
30,15,1.008851000000001,1.291425999999999,-17.05067100000002,0.006448000000002452
30,16,1.0088036666666664,1.3252826666666677,-17.557148333333345,0.029971666666671837
30,17,1.0088036666666667,1.3632846666666663,-18.165180333333325,0.0
31,0,0.9479539999999993,0.9924619999999997,-12.60796599999998,0.0
31,1,0.9586450000000006,1.0168750000000024,-12.953109000000023,0.0
31,2,0.9675839999999987,1.0301219999999986,-13.247772999999956,0.0
31,3,0.9742630000000005,1.0481160000000003,-13.502125000000017,0.0
31,4,0.9796690000000012,1.0539830000000023,-13.687518000000047,0.0
31,5,0.982056,1.0595289999999977,-13.783698999999991,0.0
31,6,0.9816717142857142,1.0751567142857152,-13.850309000000005,0.0019315714285728092
31,7,0.9811611428571427,1.088062142857143,-13.912934999999997,0.004520571428571429
31,8,0.9806245714285718,1.10221857142857,-13.997006000000003,0.006225714285715611
31,9,0.9801608571428574,1.1181498571428585,-14.11193600000002,0.005948714285713308
31,10,0.9798215714285712,1.1367465714285725,-14.270485000000004,0.0033255714285722604
31,11,0.9808092857142857,1.1691752857142879,-14.626379000000021,0.0
31,12,0.9833429999999979,1.1823689999999978,-14.850054999999909,0.0
31,13,0.9963049999999996,1.220442000000002,-15.708753000000012,0.0
31,14,1.0089083333333329,1.2612833333333338,-16.630393666666656,0.006544666666666643
31,15,1.008851000000001,1.291425999999999,-17.05067100000002,0.030040999999997098
31,16,1.0088510000000013,1.3251879999999983,-17.557101000000014,0.0
32,0,0.9594860000000018,1.003153000000001,-12.965458000000059,0.0
32,1,0.9678579999999997,1.0258140000000004,-13.24765099999999,0.0
32,2,0.9747069999999987,1.0368010000000005,-13.48194399999996,0.0
32,3,0.9794629999999991,1.041557000000001,-13.643647999999974,0.0
32,4,0.9821575714285713,1.0594075714285704,-13.78636199999999,0.0008294285714249838
32,5,0.9821373333333335,1.0595289999999977,-13.786220333333329,0.0016556666666680542
32,6,0.9816717142857142,1.0849987142857138,-13.909360999999997,0.0037878571428606733
32,7,0.9811611428571427,1.088062142857143,-13.912934999999997,0.005216428571426235
32,8,0.9806245714285718,1.10221857142857,-13.997006000000003,0.004849142857143107
32,9,0.9801608571428574,1.1181498571428585,-14.11193600000002,0.0025738571428544077
32,10,0.9801608571428574,1.1347108571428541,-14.26098499999998,0.0
32,11,0.9836220000000004,1.1732510000000005,-14.758406000000019,0.0
32,12,0.9965500000000027,1.195297,-15.414608000000086,0.0
32,13,1.0089753333333342,1.2328673333333338,-16.2630626666667,0.006640666666665851
32,14,1.0089083333333329,1.2612833333333338,-16.630393666666656,0.03014133333333291
32,15,1.0089083333333329,1.2913113333333353,-17.050785666666677,0.0
33,0,0.9687790000000014,1.011524999999999,-13.262834000000044,0.0
33,1,0.9750630000000022,1.0326629999999994,-13.485060000000072,0.0
33,2,0.9800320000000013,1.041557000000001,-13.661856000000046,0.0
33,3,0.9827587142857145,1.0442837142857142,-13.757291000000006,0.00025128571428822966
33,4,0.9821575714285713,1.0594075714285704,-13.78636199999999,0.003257857142852316
33,5,0.9821373333333335,1.0595289999999977,-13.786220333333329,0.0036393333333357702
33,6,0.9816717142857142,1.0751567142857152,-13.850309000000005,0.004625142857145548
33,7,0.9811611428571427,1.088062142857143,-13.912934999999997,0.004058285714286569
33,8,0.9806245714285718,1.10221857142857,-13.997006000000003,0.0019025714285696438
33,9,0.9801608571428574,1.1181498571428585,-14.11193600000002,0.0
33,10,0.9823590000000024,1.1369089999999993,-14.353307000000072,0.0
33,11,0.9967860000000002,1.1873300000000029,-15.334523000000036,0.0
33,12,1.009053999999999,1.207564999999999,-15.961951999999954,0.006741999999999138
33,13,1.0089753333333342,1.2328673333333338,-16.2630626666667,0.030231333333329502
33,14,1.0089083333333329,1.2612833333333338,-16.630393666666656,0.0
34,0,0.9760169999999988,1.0178089999999997,-13.501687999999959,0.0
34,1,0.9804319999999969,1.0376319999999986,-13.667205999999894,0.0
34,2,0.9829918571428569,1.0425808571428559,-13.76157899999999,0.0006961428571479189
34,3,0.9827587142857145,1.0528647142857137,-13.783034000000004,0.0024985714285747918
34,4,0.9821575714285714,1.0564715714285724,-13.774618000000004,0.0057022857142889904
34,5,0.9821373333333335,1.0595289999999977,-13.786220333333329,0.004769000000003132
34,6,0.9816717142857142,1.0849987142857138,-13.909360999999997,0.0037884285714291366
34,7,0.9811611428571426,1.0989991428571457,-13.989494000000015,0.0015281428571469746
34,8,0.9806245714285718,1.115367571428572,-14.102198000000019,0.0
34,9,0.9837739999999968,1.118516999999997,-14.234473999999867,0.0
34,10,0.9958709999999975,1.149006,-14.920172999999917,0.0
34,11,1.009128333333333,1.2007253333333345,-15.88916866666667,0.0068186666666711915
34,12,1.009053999999999,1.207564999999999,-15.961951999999954,0.03031400000000417
34,13,1.0089753333333342,1.2328673333333338,-16.2630626666667,0.0
35,0,0.9812909999999988,1.0222239999999978,-13.681003999999959,0.0
35,1,0.9826505714285716,1.0235835714285706,-13.728589000000007,0.001333428571431483
35,2,0.9829918571428569,1.0425808571428559,-13.76157899999999,0.003325285714289805
35,3,0.9827587142857145,1.0442837142857142,-13.757291000000006,0.005127857142856129
35,4,0.9821575714285713,1.0594075714285704,-13.78636199999999,0.006783714285713671
35,5,0.9821373333333335,1.0595289999999977,-13.786220333333329,0.004164666666667927
35,6,0.9816717142857142,1.0751567142857152,-13.850309000000005,0.0015287142857172142
35,7,0.9811611428571427,1.088062142857143,-13.912934999999997,0.0
35,8,0.9848949999999981,1.1027330000000006,-14.146315999999942,0.0
35,9,0.997320000000002,1.130942000000001,-14.806863000000078,0.0
35,10,1.0087773333333334,1.1604633333333312,-15.473561666666647,0.0066236666666625865
35,11,1.009128333333333,1.2007253333333345,-15.88916866666667,0.030388333333338124
35,12,1.009053999999999,1.207564999999999,-15.961951999999954,0.0
36,0,0.9831147142857145,1.0207987142857107,-13.744834000000008,0.0014922857142849466
36,1,0.9826505714285716,1.0398505714285733,-13.74485600000001,0.004316857142857344
36,2,0.982991857142857,1.0428848571428593,-13.762186999999997,0.006110428571428628
36,3,0.9827587142857145,1.0442837142857142,-13.757291000000006,0.00658014285714259
36,4,0.9821575714285714,1.0564715714285724,-13.774618000000004,0.005651142857143299
36,5,0.9821373333333335,1.0595289999999977,-13.786220333333329,0.0018843333333364853
36,6,0.9821373333333335,1.0724443333333324,-13.850797000000004,0.0
36,7,0.9855440000000009,1.088871000000001,-14.071997000000039,0.0
36,8,0.9981580000000001,1.1153469999999999,-14.711433000000003,0.0
36,9,1.0095029999999987,1.1422869999999996,-15.33537299999995,0.007049000000002081
36,10,1.0087773333333334,1.1604633333333312,-15.473561666666647,0.030239333333334173
36,11,1.009128333333333,1.2007253333333345,-15.889168666666666,0.0
37,0,0.9831147142857145,1.0207987142857107,-13.744834000000008,0.004379571428572149
37,1,0.9826505714285716,1.0398505714285733,-13.74485600000001,0.0071512857142863595
37,2,0.982991857142857,1.0428848571428593,-13.762186999999997,0.007432571428569901
37,3,0.9827587142857145,1.0528647142857137,-13.783034000000004,0.005739428571427396
37,4,0.9821575714285714,1.0564715714285724,-13.774618000000004,0.0026005714285766146
37,5,0.9821575714285713,1.0594075714285704,-13.78636199999999,0.0
37,6,0.9856910000000028,1.076069000000004,-14.000477000000124,0.0
37,7,0.9984019999999987,1.1153469999999999,-14.720216999999952,0.0
37,8,1.009689333333333,1.1266443333333303,-15.216939666666633,0.007291666666674246
37,9,1.0095029999999987,1.1422869999999996,-15.33537299999995,0.03064000000000533
37,10,1.0087773333333334,1.1604633333333312,-15.473561666666647,0.0
38,0,0.9831147142857145,1.0207987142857107,-13.744834000000008,0.006984857142853684
38,1,0.9826505714285716,1.0398505714285733,-13.74485600000001,0.008303714285716524
38,2,0.982991857142857,1.0428848571428593,-13.762186999999997,0.00629971428571352
38,3,0.9827587142857145,1.0528647142857137,-13.783034000000004,0.0027537142857099184
38,4,0.9821575714285713,1.0594075714285704,-13.78636199999999,0.0
38,5,0.9856200000000008,1.063359000000002,-13.934229000000041,0.0
38,6,0.9983919999999991,1.1015719999999973,-14.623431999999948,0.0
38,7,1.009686000000001,1.1130640000000003,-15.121744000000042,0.007341000000003817
38,8,1.009689333333333,1.1266443333333303,-15.216939666666633,0.03083033333333418
38,9,1.0095029999999987,1.1422869999999996,-15.33537299999995,0.0
39,0,0.9831147142857145,1.0207987142857107,-13.744834000000008,0.007953142857143547
39,1,0.9826505714285716,1.0398505714285733,-13.74485600000001,0.0069191428571429014
39,2,0.982991857142857,1.0428848571428593,-13.762186999999997,0.0030018571428591656
39,3,0.9827587142857145,1.0528647142857137,-13.783034000000004,0.0
39,4,0.9851309999999991,1.0552369999999982,-13.882669999999962,0.0
39,5,0.9982609999999994,1.0762559999999972,-14.479071999999963,0.0
39,6,1.0096233333333338,1.1002153333333347,-15.04208266666669,0.00730266666666779
39,7,1.009686000000001,1.1130640000000003,-15.121744000000042,0.03085399999999794
39,8,1.009689333333333,1.1266443333333303,-15.216939666666631,0.0
40,0,0.9831147142857145,1.0207987142857107,-13.744834000000008,0.00652042857143087
40,1,0.9826505714285716,1.0398505714285733,-13.74485600000001,0.003343571428573
40,2,0.982991857142857,1.0425808571428559,-13.76157899999999,0.0
40,3,0.9854219999999998,1.0454845000000006,-13.864761499999993,0.0
40,4,0.9980050000000027,1.067820000000001,-14.43508800000011,0.0
40,5,1.009595666666667,1.0877046666666648,-14.978367333333335,0.007265333333332791
40,6,1.0096233333333338,1.1002153333333347,-15.04208266666669,0.030810333333331386
40,7,1.009686000000001,1.1130640000000003,-15.121744000000042,0.0
41,0,0.9831147142857145,1.0207987142857107,-13.744834000000008,0.003071714285709959
41,1,0.9829918571428569,1.0425808571428559,-13.76157899999999,0.0
41,2,0.9854219999999997,1.0454845000000004,-13.864761499999986,0.000192500000000706
41,3,0.9981819999999999,1.067820000000001,-14.442167999999999,0.0
41,4,1.009557666666667,1.0791956666666684,-14.942697333333355,0.007211333333337677
41,5,1.009595666666667,1.0877046666666648,-14.978367333333335,0.03078066666666146
41,6,1.0096233333333338,1.1002153333333347,-15.042082666666694,0.0
42,0,0.9831147142857145,1.0207987142857107,-13.744834000000008,0.0
42,1,0.9847789999999996,1.0443679999999986,-13.836638999999984,0.0
42,2,0.9981819999999998,1.0585380000000002,-14.414321999999988,0.0005549999999985289
42,3,1.0095959999999995,1.0791190000000033,-14.94403899999999,0.007262999999998243
42,4,1.009557666666667,1.0875526666666646,-14.97612533333334,0.030740666666662975
42,5,1.009595666666667,1.0877046666666648,-14.97836733333334,0.0
43,0,0.9855859999999979,1.0224629999999983,-13.84862799999991,0.0
43,1,0.9975950000000005,1.0576575000000012,-14.388200500000018,0.0
43,2,1.0092956666666677,1.069651666666668,-14.903323333333379,0.008151333333328736
43,3,1.0095959999999995,1.0791190000000033,-14.94403899999999,0.030785000000001617
43,4,1.009557666666667,1.0875526666666646,-14.97612533333334,0.0
44,0,0.9984040000000007,1.034472000000001,-14.399802000000033,0.0
44,1,1.0092956666666677,1.069651666666668,-14.903323333333379,0.007094333333331093
44,2,1.0095959999999997,1.070402499999998,-14.917889499999983,0.031870500000000135
44,3,1.0095959999999995,1.0704024999999977,-14.917889499999973,0.0
45,0,1.0097686666666672,1.0444176666666678,-14.899847333333355,0.007302333333331745
45,1,1.0092956666666677,1.069651666666668,-14.903323333333379,0.030619666666662937
45,2,1.0095959999999997,1.070402499999998,-14.917889499999983,0.001106499999998789
46,0,1.0097686666666672,1.0444176666666678,-14.899847333333355,0.030818666666664996
46,1,1.0092956666666677,1.069651666666668,-14.903323333333379,0.0
47,0,1.0097686666666672,1.0444176666666678,-14.899847333333355,0.0
