0,0,-1.012681999999998,0.5715299999999957,38.796314,0.0
0,1,-1.012681999999998,0.5715299999999957,38.796314,0.0
0,2,-1.0134904999999996,0.6178510000000017,38.749992999999996,0.0
0,3,-1.014362000000002,0.662193000000002,38.661308999999996,0.0
0,4,-1.015285500000001,0.7039189999999991,38.536131000000005,0.0
0,5,-1.016259999999999,0.7434609999999964,38.377963000000015,0.0
0,6,-1.017288500000003,0.7800490000000053,38.19502299999997,0.0
0,7,-1.0183544999999974,0.812743999999995,37.99885300000003,0.0
0,8,-1.0194530000000022,0.8425180000000054,37.79043499999996,0.0
0,9,-1.0205899999999986,0.868514999999995,37.58245900000004,0.0
0,10,-1.0217530000000004,0.890937000000001,37.38066099999999,0.0
0,11,-1.0229605,0.9164280000000034,37.125750999999966,0.0
0,12,-1.0241834999999995,0.9275779999999969,37.003101000000036,0.0
0,13,-1.0254230000000035,0.9441260000000042,36.80452499999995,0.0
0,14,-1.0266765000000007,0.9554639999999992,36.657131000000014,0.0
0,15,-1.0279330000000009,0.9651519999999962,36.521499000000055,0.0
0,16,-1.0292130000000022,0.9748920000000041,36.37539899999994,0.0
0,17,-1.0304815000000005,0.9782259999999994,36.32205500000001,0.0
0,18,-1.0317684999999983,0.9918169999999975,36.091008000000045,0.0
0,19,-1.0330870000000019,1.0015950000000018,35.91500399999997,0.0
0,20,-1.0344139999999982,1.0124659999999963,35.70845500000007,0.0
0,21,-1.0357704999999982,1.0312389999999994,35.33299500000001,0.0
0,22,-1.0371570000000006,1.059112000000006,34.74766199999987,0.0
0,23,-1.0386009999999999,1.110355999999996,33.620294000000094,0.0
0,24,-1.040172499999997,1.2031509999999983,31.48600900000004,0.0
0,25,-1.0419690000000017,1.3647040000000032,27.60873699999992,0.0
0,26,-1.0440384999999992,1.5994189999999975,21.740862000000064,0.0
0,27,-1.046474,1.9682269999999988,12.151854000000029,0.0
0,28,-1.0489464999999996,2.4954759999999965,-2.0838689999999076,0.0
0,29,-1.0507050000000078,3.2135390000000115,-22.189633000000327,0.0
0,30,-1.0507050000000078,4.183524999999989,-50.31922699999967,0.0
0,31,-1.0504449999999963,5.658905000000004,-94.58062700000013,0.0
0,32,-1.032607999999982,8.390282,-179.253314,0.0
0,33,-0.9606549999999743,14.864266,-386.42080200000004,0.0
0,34,-0.8089219999999386,32.900024,-981.6008160000001,0.0
1,0,-1.0119340000000001,0.5700339999999997,38.796314,0.004510999999997267
1,1,-1.012681999999998,0.5715299999999957,38.796314,0.004465000000003272
1,2,-1.0134904999999996,0.6178510000000017,38.749992999999996,0.00442250000000044
1,3,-1.014362000000002,0.662193000000002,38.661308999999996,0.004371000000002567
1,4,-1.015285500000001,0.7039189999999991,38.536131000000005,0.0043145000000031075
1,5,-1.016259999999999,0.7434609999999964,38.377963000000015,0.004259000000001123
1,6,-1.017288500000003,0.7800490000000053,38.19502299999997,0.004215499999997263
1,7,-1.0183544999999974,0.812743999999995,37.99885300000003,0.0041554999999995346
1,8,-1.0194530000000022,0.8425180000000054,37.79043499999996,0.004068000000000183
1,9,-1.0205899999999986,0.868514999999995,37.58245900000004,0.004002999999997314
1,10,-1.0217530000000004,0.890937000000001,37.38066099999999,0.003938999999999027
1,11,-1.0229605,0.9164280000000034,37.125750999999966,0.0038485000000001435
1,12,-1.0241834999999995,0.9275779999999969,37.003101000000036,0.0037935000000004493
1,13,-1.0254230000000035,0.9441260000000042,36.80452499999995,0.003725000000002865
1,14,-1.0266765000000007,0.9626389999999958,36.55668100000006,0.003650499999999113
1,15,-1.0279330000000009,0.9651519999999962,36.521499000000055,0.0035729999999993822
1,16,-1.0292130000000022,0.9748920000000041,36.37539899999994,0.0034979999999968925
1,17,-1.0304815000000005,0.9782259999999994,36.32205500000001,0.0034385000000014543
1,18,-1.0317684999999983,0.9918169999999975,36.091008000000045,0.003349499999998784
1,19,-1.0330870000000019,1.0015950000000018,35.91500399999997,0.0032939999999967995
1,20,-1.0344139999999982,1.0124659999999963,35.70845500000007,0.0031979999999975917
1,21,-1.0357704999999982,1.0312389999999994,35.33299500000001,0.003123500000000945
1,22,-1.0371570000000006,1.059112000000006,34.74766199999987,0.0030579999999957863
1,23,-1.0386009999999999,1.110355999999996,33.620294000000094,0.0029790000000033956
1,24,-1.040172499999997,1.2031509999999983,31.48600900000004,0.002887499999999932
1,25,-1.0419690000000017,1.3647040000000032,27.60873699999992,0.002758000000000038
1,26,-1.0440384999999992,1.5994189999999975,21.740862000000064,0.002618500000004076
1,27,-1.046474,1.9682269999999988,12.151854000000029,0.0024070000000016023
1,28,-1.0489464999999996,2.4954759999999965,-2.0838689999999076,0.0015835000000095079
1,29,-1.0489464999999996,3.2117805000000046,-22.140395000000137,0.0
1,30,-1.0504449999999963,4.183785,-50.327027000000015,0.0
1,31,-1.0326079999999962,5.676742000000004,-95.13357400000015,0.0
1,32,-0.9101409999999959,8.462234999999993,-181.60632399999974,0.0
1,33,-0.6252980000000008,15.015999000000008,-391.61161500000026,0.0
2,0,-1.0119340000000001,0.5700339999999997,38.796314,0.0
2,1,-1.0119340000000001,0.5700339999999997,38.796314,0.0
2,2,-0.998783588235294,0.6162339999999986,38.72381317647059,0.0
2,3,-1.0134904999999996,0.6604499999999973,38.664795000000005,0.0
2,4,-1.014362000000002,0.7020720000000011,38.541672,0.0
2,5,-1.015285500000001,0.7415120000000002,38.385759,0.0
2,6,-1.016259999999999,0.7779919999999976,38.20530800000001,0.0
2,7,-1.017288500000003,0.8106120000000061,38.011644999999966,0.0
2,8,-1.0183544999999974,0.8403209999999959,37.80581400000003,0.0
2,9,-1.0194530000000022,0.8662410000000023,37.600650999999985,0.0
2,10,-1.0205899999999986,0.8886109999999974,37.40159500000002,0.0
2,11,-1.0217530000000004,0.9140130000000042,37.14990099999996,0.0
2,12,-1.0229605,0.9251319999999978,37.030007000000026,0.0
2,13,-1.0241834999999995,0.9416469999999961,36.834273000000046,0.0
2,14,-1.0254230000000035,0.9529570000000049,36.68972199999994,0.0
2,15,-1.0266765000000007,0.9626389999999958,36.55668100000006,0.0
2,16,-1.0279330000000009,0.9723320000000015,36.413798999999976,0.0
2,17,-1.0292130000000022,0.9756890000000027,36.36264699999996,0.0
2,18,-1.0304815000000005,0.9892430000000019,36.13476599999997,0.0
2,19,-1.0105359999999948,0.9989579999999947,35.92000500000009,0.0
2,20,-1.0115359999999995,1.0098120000000037,35.71577899999993,0.0
2,21,-1.0125579999999985,1.0285259999999994,35.34354300000001,0.0
2,22,-1.0135920000000027,1.0563390000000012,34.76153799999998,0.0
2,23,-1.0147059999999968,1.1074679999999972,33.63892800000006,0.0
2,24,-1.015892000000001,1.200008000000004,31.51287999999991,0.0
2,25,-1.0171889999999948,1.361110999999994,27.649002000000138,0.0
2,26,-1.0185400000000016,1.5952800000000025,21.79747899999994,0.0
2,27,-1.019096999999995,1.9633559999999974,12.228617000000057,0.0
2,28,-1.019096999999995,2.490530999999997,-2.005107999999936,0.0
2,29,-1.046927999999994,3.2137990000000087,-22.20095000000026,0.0
2,30,-1.0192869999999914,4.211426000000003,-51.1874150000001,0.0
2,31,-0.9101409999999959,5.785888,-98.639567,0.0
2,32,-0.6252980000000008,8.747077999999988,-191.0061429999996,0.0
3,0,-0.9985100588235295,0.5683270000000036,38.76946611764706,0.0039990588235241376
3,1,-0.9986104705882353,0.5700339999999997,38.769666941176474,0.0035424705882292074
3,2,-0.998783588235294,0.6162339999999986,38.72381317647059,0.0031015882352889435
3,3,-0.9989774705882352,0.6604499999999973,38.63576894117648,0.0026354705882312146
3,4,-0.9991948823529411,0.7020720000000011,38.51133776470588,0.0021398823529423794
3,5,-0.9994294705882352,0.7415120000000002,38.35404694117647,0.00163447058823607
3,6,-0.9996599411764704,0.7779919999999976,38.172107882352954,0.0011139411764702345
3,7,-0.9999971764705885,0.8106120000000061,37.97706235294114,0.0006451764705843743
3,8,-1.0003311176470588,0.8403209999999959,37.76976723529415,0.00013211764706255735
3,9,-1.00060725,0.8657872500000023,37.566589499999985,0.0
3,10,-1.001061,0.8877299999999977,37.37046600000002,0.0
3,11,-1.0019419999999997,0.9131509999999992,37.118899000000006,0.0
3,12,-1.0012614999999998,0.9242130000000017,36.99517549999998,0.0
3,13,-1.0037230000000008,0.9407160000000019,36.80452399999998,0.0
3,14,-1.004653999999995,0.952022999999997,36.660326000000026,0.0
3,15,-1.005588000000003,0.9616579999999999,36.52823800000001,0.0
3,16,-1.006568999999999,0.9713710000000049,36.38548599999992,0.0
3,17,-1.008537000000004,0.9756890000000027,36.321294999999964,0.0
3,18,-1.008537000000004,0.9882470000000012,36.10780899999999,0.0
3,19,-0.9933859999999988,0.9979550000000046,35.88761199999991,0.0
3,20,-0.9900453846153852,1.008811999999999,35.67130715384618,0.0
3,21,-0.9904560000000018,1.0275040000000004,35.298699,0.0
3,22,-0.9911990000000017,1.055304999999997,34.71710700000007,0.0
3,23,-0.9919740000000061,1.1063540000000032,33.59635399999995,0.0
3,24,-0.9927940000000035,1.1988219999999998,31.472050000000017,0.0
3,25,-0.9934770000000057,1.359814,27.610291000000018,0.0
3,26,-1.0171889999999948,1.5939289999999957,21.828552000000094,0.0
3,27,-1.0185400000000016,1.962799000000004,12.2419849999999,0.0
3,28,-0.9544939999999968,2.527985000000001,-3.242486000000042,0.0
3,29,-0.9833150000000046,3.2444380000000024,-23.216707000000056,0.0
3,30,-0.8668370000000039,4.327904000000004,-54.9866550000001,0.0
3,31,-0.5539700000000067,6.098754999999997,-109.0507859999999,0.0
4,0,-0.9985100588235295,0.5683270000000036,38.76946611764706,0.02476011764704822
4,1,-0.9986104705882353,0.5700339999999997,38.769666941176474,0.023999941176469974
4,2,-0.998783588235294,0.6162339999999986,38.72381317647059,0.023300176470591794
4,3,-0.9989774705882352,0.6604499999999973,38.63576894117648,0.022574941176465302
4,4,-0.9991948823529411,0.7020720000000011,38.51133776470588,0.02182276470588107
4,5,-0.9994294705882352,0.7415120000000002,38.35404694117647,0.021029941176472278
4,6,-0.9996599411764704,0.7779919999999976,38.172107882352954,0.020220882352937508
4,7,-0.9999971764705885,0.8106120000000061,37.97706235294114,0.01952535294117297
4,8,-1.0003311176470588,0.8403209999999959,37.76976723529415,0.018755235294122485
4,9,-1.00060725,0.8657872500000023,37.56658949999998,0.018292250000001786
4,10,-1.0009636874999999,0.8877299999999977,37.37017406250002,0.018003687500005583
4,11,-1.0012614999999998,0.9131509999999992,37.11685750000001,0.017656500000001074
4,12,-1.0012303333333332,0.924711666666667,36.989098,0.016977333333329625
4,13,-1.0009053333333333,0.9455910000000021,36.732695999999976,0.015992333333336717
4,14,-1.000263,0.9616579999999999,36.512263,0.014671000000006984
4,15,-0.9991863571428569,0.9713710000000049,36.363338071428494,0.01292335714285997
4,16,-0.9987133571428585,0.9746819999999943,36.30894307142867,0.011774357142847691
4,17,-0.9958065714285712,0.9882470000000012,36.06961771428569,0.00815857142857368
4,18,-0.9933859999999988,0.9979550000000046,35.88761199999991,0.005043000000000575
4,19,-0.9900453846153852,1.008811999999999,35.67130715384618,0.001027384615383653
4,20,-0.9897230000000063,1.0096501999999836,35.65357600000035,0.0
4,21,-0.9843050909090898,1.0267710000000037,35.28948836363628,0.0
4,22,-0.9761450000000005,1.0545619999999971,34.673237000000064,0.0
4,23,-0.9761809999999969,1.1055789999999988,33.55100700000001,0.0
4,24,-0.9764169999999979,1.1980020000000025,31.42622199999993,0.0
4,25,-0.9755669999999981,1.3599809999999977,27.534476000000048,0.0
4,26,-0.9755669999999981,1.5942229999999995,21.678426,0.0
4,27,-0.9683949999999939,1.969177000000002,11.900933999999921,0.0
4,28,-0.934909999999995,2.527985000000001,-3.3208220000000495,0.0
4,29,-0.8354180000000042,3.363513999999995,-27.113601999999844,0.0
4,30,-0.5181350000000009,4.645187000000007,-65.5512510000002,0.0
5,0,-0.9985100588235295,0.5683270000000036,38.76946611764706,0.055340176470586755
5,1,-0.9986104705882353,0.5700339999999997,38.769666941176474,0.05442841176470381
5,2,-0.998783588235294,0.6162339999999986,38.72381317647059,0.05365076470587837
5,3,-0.9989774705882352,0.6604499999999973,38.63576894117648,0.05284441176470267
5,4,-0.9991948823529411,0.7020720000000011,38.51133776470588,0.05201664705882081
5,5,-0.9994294705882352,0.7415120000000002,38.35404694117647,0.05115641176470831
5,6,-0.9996599411764704,0.7779919999999976,38.172107882352954,0.05024182352941153
5,7,-0.9999971764705885,0.8106120000000061,37.97706235294114,0.04954452941176157
5,8,-1.0003311176470588,0.8403209999999959,37.76976723529415,0.04877535294117763
5,9,-1.00060725,0.8657872500000023,37.56658949999998,0.048234499999999514
5,10,-1.0009636874999999,0.8877299999999977,37.37017406250002,0.04796337500000192
5,11,-1.0012614999999998,0.9131509999999992,37.11685750000001,0.04752899999999727
5,12,-1.0012303333333332,0.9407160000000019,36.79704599999998,0.046444666666666024
5,13,-1.0009053333333333,0.952022999999997,36.64908000000004,0.04474866666666344
5,14,-1.000263,0.9616579999999999,36.512263,0.04239600000000365
5,15,-0.9991863571428569,0.9713710000000049,36.363338071428494,0.039186714285719404
5,16,-0.9987133571428585,0.9746819999999943,36.30894307142867,0.03716471428571566
5,17,-0.9958065714285712,0.9882470000000012,36.06961771428569,0.030278142857142143
5,18,-0.9933859999999988,0.9979550000000046,35.88761199999991,0.024296999999997126
5,19,-0.9900453846153852,1.008811999999999,35.67130715384618,0.016532769230764188
5,20,-0.9843050909090898,1.0267710000000037,35.28948836363628,0.0093670909090946
5,21,-0.9761450000000005,1.0545619999999971,34.673237000000064,0.0008070000000017785
5,22,-0.9757689999999997,1.0558779999999999,34.642781,0.0
5,23,-0.9714375000000004,1.1051670000000016,33.536765499999966,0.0
5,24,-0.9675530000000023,1.1988479999999981,31.361598000000058,0.0
5,25,-0.9673810000000032,1.3599809999999977,27.493546000000073,0.0
5,26,-0.9597169999999977,1.6013950000000037,21.419875999999896,0.0
5,27,-0.9254840000000044,2.002662000000001,10.815769000000003,0.0
5,28,-0.8030430000000024,2.6490479999999934,-7.248857999999807,0.0
5,29,-0.48033899999999363,3.683548000000009,-37.82837800000028,0.0
6,0,-0.9985100588235295,0.5683270000000036,38.76946611764706,0.08822823529411039
6,1,-0.9986104705882353,0.5700339999999997,38.769666941176474,0.08733288235293912
6,2,-0.998783588235294,0.6162339999999986,38.72381317647059,0.08662935294118057
6,3,-0.9989774705882352,0.6604499999999973,38.63576894117648,0.08592088235294426
6,4,-0.9991948823529411,0.7020720000000011,38.51133776470588,0.08519652941176048
6,5,-0.9994294705882352,0.7415120000000002,38.35404694117647,0.08446788235293923
6,6,-0.9996599411764704,0.7779919999999976,38.172107882352954,0.08363876470588139
6,7,-0.9999971764705885,0.8106120000000061,37.97706235294114,0.08315270588234824
6,8,-1.0003311176470588,0.8403209999999959,37.76976723529415,0.08258447058823748
6,9,-1.00060725,0.8820270000000008,37.42043174999999,0.08218275000000119
6,10,-1.0009636874999999,0.8877299999999977,37.37017406250002,0.0820960625000069
6,11,-1.0012614999999998,0.9131509999999992,37.11685750000001,0.08182549999999367
6,12,-1.0012303333333332,0.924711666666667,36.989098,0.08054999999999524
6,13,-1.0009053333333333,0.9455910000000021,36.732695999999976,0.07837699999999614
6,14,-1.000263,0.9616579999999999,36.512263,0.07522900000000732
6,15,-0.9991863571428569,0.9713710000000049,36.363338071428494,0.07078607142857862
6,16,-0.9987133571428585,0.9746819999999943,36.30894307142867,0.06813507142857134
6,17,-0.9958065714285712,0.9882470000000012,36.06961771428569,0.05815571428571786
6,18,-0.9933859999999988,0.9979550000000046,35.88761199999991,0.04961899999999986
6,19,-0.9897230000000063,1.0096501999999836,35.65357600000035,0.038225199999999404
6,20,-0.9843050909090898,1.0267710000000037,35.28948836363628,0.025258181818188064
6,21,-0.9761450000000005,1.0545619999999971,34.673237000000064,0.008373999999996329
6,22,-0.9714375000000004,1.0774324999999931,34.146924500000154,0.0027484999999956017
6,23,-0.968634999999999,1.116377000000007,33.26492299999983,0.0
6,24,-0.9654349999999994,1.2011380000000003,31.294101999999988,0.0
6,25,-0.9596249999999955,1.367645000000003,27.263073999999897,0.0
6,26,-0.9254840000000044,1.635627999999997,20.358653000000103,0.0
6,27,-0.8012919999999966,2.125103000000003,6.887150999999903,0.0
6,28,-0.48033899999999363,2.971752000000002,-17.898090000000096,0.0
7,0,-0.9985100588235295,0.5683270000000036,38.76946611764706,0.11725229411764104
7,1,-0.9986104705882353,0.5700339999999997,38.769666941176474,0.11646935294117355
7,2,-0.998783588235294,0.6162339999999986,38.72381317647059,0.11594994117646706
7,3,-0.9989774705882352,0.6604499999999973,38.63576894117648,0.11543135294117235
7,4,-0.9991948823529411,0.7020720000000011,38.51133776470588,0.114931411764708
7,5,-0.9994294705882352,0.7740739999999988,38.19123694117648,0.1144263529411802
7,6,-0.9996599411764704,0.7779919999999976,38.172107882352954,0.11383170588235458
7,7,-0.9999971764705885,0.8346440000000008,37.80883835294118,0.11369088235292679
7,8,-1.0003311176470588,0.8403209999999959,37.76976723529415,0.113459588235294
7,9,-1.00060725,0.8820270000000008,37.42043174999999,0.11334199999999583
7,10,-1.0009636874999999,0.9083860000000001,37.163614062499995,0.11361475000000354
7,11,-1.0012614999999998,0.9131509999999992,37.11685750000001,0.11369200000000035
7,12,-1.0012303333333332,0.9407160000000019,36.79704599999998,0.11237033333333102
7,13,-1.0009053333333333,0.952022999999997,36.64908000000004,0.10988033333333647
7,14,-1.000263,0.9616579999999999,36.512263,0.1061160000000001
7,15,-0.9991863571428569,0.9713710000000049,36.363338071428494,0.10060042857143259
7,16,-0.9987133571428585,0.9746819999999943,36.30894307142867,0.09746842857143179
7,17,-0.9948691999999988,0.991527800000005,36.00775119999991,0.084109600000005
7,18,-0.9900453846153852,1.008811999999999,35.67130715384618,0.07112453846153954
7,19,-0.9866818750000013,1.0180561249999949,35.473293000000105,0.05785875000000118
7,20,-0.9797634285714278,1.0392605714285739,35.00904071428566,0.039086857142855536
7,21,-0.9761450000000005,1.0545619999999971,34.673237000000064,0.015219999999999345
7,22,-0.9714375000000004,1.0774324999999931,34.146924500000154,0.005111999999996897
7,23,-0.9675530000000023,1.1196229999999971,33.18377300000008,0.0
7,24,-0.9596249999999955,1.212758000000008,30.98036199999978,0.0
7,25,-0.924865000000004,1.4078609999999898,26.04911400000028,0.0
7,26,-0.8012919999999966,1.7637870000000078,16.281366999999776,0.0
7,27,-0.47594399999999837,2.4528780000000054,-3.914862000000163,0.0
8,0,-0.9985100588235295,0.5683270000000036,38.76946611764706,0.1385973529411686
8,1,-0.9986104705882353,0.5700339999999997,38.769666941176474,0.137973823529407
8,2,-0.998783588235294,0.6162339999999986,38.72381317647059,0.1376825294117623
8,3,-0.9989774705882352,0.6604499999999973,38.63576894117648,0.1374268235294096
8,4,-0.9991948823529411,0.7020720000000011,38.51133776470588,0.13721329411764316
8,5,-0.9994294705882352,0.7415120000000002,38.35404694117647,0.1370148235294124
8,6,-0.9996599411764704,0.7779919999999976,38.172107882352954,0.13674264705882422
8,7,-0.9999971764705885,0.8106120000000061,37.97706235294114,0.13700305882353092
8,8,-1.0003311176470588,0.8403209999999959,37.76976723529415,0.13719470588235794
8,9,-1.00060725,0.8657872500000023,37.56658949999998,0.13743225000000336
8,10,-1.0009636874999999,0.8877299999999977,37.37017406250002,0.13813843750000387
8,11,-1.0012614999999998,0.9131509999999992,37.11685750000001,0.1386164999999977
8,12,-1.0012303333333332,0.924711666666667,36.989098,0.1373656666666605
8,13,-1.0009053333333333,0.9455910000000021,36.732695999999976,0.13463066666666634
8,14,-1.000263,0.9616579999999999,36.512263,0.13032400000000877
8,15,-0.9991863571428569,0.9713710000000049,36.363338071428494,0.12383478571428697
8,16,-0.9958065714285712,0.9882470000000012,36.06961771428569,0.11936785714285492
8,17,-0.9933859999999988,0.9979550000000046,35.88761199999991,0.10220199999999835
8,18,-0.9900453846153852,1.008811999999999,35.67130715384618,0.08548092307692201
8,19,-0.9843050909090898,1.0267710000000037,35.28948836363628,0.06815136363636753
8,20,-0.9770286363636362,1.0483765454545457,34.80666609090909,0.04158609090909238
8,21,-0.9757174999999982,1.056032500000004,34.6391244999999,0.016089999999998383
8,22,-0.9714375000000004,1.0774324999999931,34.146924500000154,0.003091499999996472
8,23,-0.9654349999999994,1.123859000000003,33.071518999999924,0.0
8,24,-0.9303209999999993,1.2509190000000032,29.85936999999992,0.0
8,25,-0.8058779999999999,1.5350109999999972,22.037455000000065,0.0
8,26,-0.47837100000000277,2.0927079999999947,5.468974000000159,0.0
9,0,-0.9985100588235295,0.5683270000000036,38.76946611764706,0.15061741176469923
9,1,-0.9986104705882353,0.5700339999999997,38.769666941176474,0.15016829411764832
9,2,-0.998783588235294,0.6162339999999986,38.72381317647059,0.15012411764706002
9,3,-0.9989774705882352,0.6604499999999973,38.63576894117648,0.15013729411764132
9,4,-0.9991948823529411,0.7020720000000011,38.51133776470588,0.15023217647058829
9,5,-0.9994294705882352,0.7415120000000002,38.35404694117647,0.15036029411763963
9,6,-0.9996599411764704,0.7779919999999976,38.172107882352954,0.1503905882352896
9,7,-0.9999971764705885,0.8106120000000061,37.97706235294114,0.1510692352941163
9,8,-1.0003311176470588,0.8403209999999959,37.76976723529415,0.1516898235294164
9,9,-1.00060725,0.8820270000000008,37.42043174999999,0.15230250000000467
9,10,-1.0009636874999999,0.8877299999999977,37.37017406250002,0.15344112500000762
9,11,-1.0012614999999998,0.9131509999999992,37.11685750000001,0.15429400000000015
9,12,-1.0012303333333332,0.924711666666667,36.989098,0.15314599999999245
9,13,-1.0009053333333333,0.9455910000000021,36.732695999999976,0.15020799999999923
9,14,-1.000263,0.9616579999999999,36.512263,0.14534600000000353
9,15,-0.9991863571428569,0.9713710000000049,36.363338071428494,0.13789114285714277
9,16,-0.9958065714285712,0.9882470000000012,36.06961771428569,0.13016642857143523
9,17,-0.9933859999999988,0.9979550000000046,35.88761199999991,0.11068699999999865
9,18,-0.9891774285714264,1.010959571428576,35.625206285714185,0.09039128571428279
9,19,-0.9843050909090898,1.0267710000000037,35.28948836363628,0.06786745454545695
9,20,-0.9770286363636362,1.0483765454545457,34.80666609090909,0.03436572727272136
9,21,-0.9757174999999982,1.056032500000004,34.6391244999999,0.009199500000001137
9,22,-0.9714375000000004,1.0774324999999934,34.14692450000015,0.0
9,23,-0.9391779999999983,1.160447000000005,32.01993899999987,0.0
9,24,-0.8140410000000031,1.3770679999999942,25.901554000000168,0.0
9,25,-0.4843709999999959,1.8645600000000044,11.226673999999853,0.0
10,0,-0.9985100588235295,0.5683270000000036,38.76946611764706,0.15308847058823005
10,1,-0.9986104705882353,0.5700339999999997,38.769666941176474,0.15279876470587794
10,2,-0.998783588235294,0.6162339999999986,38.72381317647059,0.1529747058823503
10,3,-0.9989774705882352,0.6604499999999973,38.63576894117648,0.15323976470588008
10,4,-0.9991948823529411,0.7020720000000011,38.51133776470588,0.15360005882352823
10,5,-0.9994294705882352,0.7415120000000002,38.35404694117647,0.15401276470588243
10,6,-0.9996599411764704,0.7779919999999976,38.172107882352954,0.1543495294117676
10,7,-0.9999971764705885,0.8106120000000061,37.97706235294114,0.15542641176470084
10,8,-1.0003311176470588,0.8403209999999959,37.76976723529415,0.15642694117647693
10,9,-1.00060725,0.8820270000000008,37.42043174999999,0.1573807500000015
10,10,-1.0009636874999999,0.8877299999999977,37.37017406250002,0.15885681249999806
10,11,-1.0012614999999998,0.9131509999999992,37.11685750000001,0.16011349999999425
10,12,-1.0012303333333332,0.924711666666667,36.989098,0.15901133333332496
10,13,-1.0009053333333333,0.9455910000000021,36.732695999999976,0.15580133333333634
10,14,-1.000263,0.9616579999999999,36.512263,0.15037400000000645
10,15,-0.9991863571428569,0.9713710000000049,36.363338071428494,0.1419415000000015
10,16,-0.9958065714285712,0.9882470000000012,36.06961771428569,0.1309010000000015
10,17,-0.9900453846153852,1.008811999999999,35.67130715384618,0.10737669230768887
10,18,-0.9866818750000013,1.0180561249999949,35.473293000000105,0.08387350000000282
10,19,-0.9797634285714278,1.0392605714285739,35.00904071428566,0.05531471428571422
10,20,-0.9770286363636362,1.0483765454545457,34.80666609090909,0.018405363636354366
10,21,-0.9757174999999982,1.056032500000004,34.6391244999999,0.0
10,22,-0.949508999999999,1.1099389999999971,33.23442500000005,0.0
10,23,-0.8239099999999979,1.285884000000003,28.097475999999915,0.0
10,24,-0.4924129999999991,1.7075340000000025,15.075717999999931,0.0
11,0,-0.9985100588235295,0.5683270000000036,38.76946611764706,0.1465915294117579
11,1,-0.9986104705882353,0.5700339999999997,38.769666941176474,0.1464392352941104
11,2,-0.998783588235294,0.6162339999999986,38.72381317647059,0.14678529411764174
11,3,-0.9989774705882352,0.6604499999999973,38.63576894117648,0.14723023529411705
11,4,-0.9991948823529411,0.7020720000000011,38.51133776470588,0.14780194117646772
11,5,-0.9994294705882352,0.7415120000000002,38.35404694117647,0.14844723529411397
11,6,-0.9996599411764704,0.7779919999999976,38.172107882352954,0.14900647058823324
11,7,-0.9999971764705885,0.8106120000000061,37.97706235294114,0.15035758823528766
11,8,-1.0003311176470588,0.8610930000000003,37.60359123529411,0.15169905882353163
11,9,-1.00060725,0.8820270000000008,37.42043174999999,0.15291800000000677
11,10,-1.0009636874999999,0.9083860000000001,37.163614062499995,0.15463650000000229
11,11,-1.0012614999999998,0.9131509999999992,37.11685750000001,0.1562059999999974
11,12,-1.0012303333333332,0.924711666666667,36.989098,0.1550496666666632
11,13,-1.0009053333333333,0.9455910000000021,36.732695999999976,0.15150366666667026
11,14,-0.999438384615385,0.9678426153846106,36.417019923077,0.14498669230768968
11,15,-0.9987133571428585,0.9746819999999943,36.30894307142867,0.135435857142852
11,16,-0.9948691999999988,0.991527800000005,36.00775119999991,0.12055620000000289
11,17,-0.9897230000000063,1.0096501999999836,35.65357600000035,0.09216259999999465
11,18,-0.9866818750000013,1.0180561249999949,35.473293000000105,0.06561137499999603
11,19,-0.9770286363636362,1.0483765454545457,34.80666609090909,0.03073754545453511
11,20,-0.9770286363636363,1.0483765454545457,34.80666609090909,0.0
11,21,-0.9600870000000015,1.0816609999999969,33.94462100000008,0.0
11,22,-0.8340789999999956,1.2352610000000084,29.32304099999977,0.0
11,23,-0.5012510000000034,1.6175159999999948,17.243350000000156,0.0
12,0,-0.9985100588235295,0.5683270000000036,38.76946611764706,0.13223158823529246
12,1,-0.9986104705882353,0.5700339999999997,38.769666941176474,0.13214770588234614
12,2,-0.998783588235294,0.6162339999999986,38.72381317647059,0.13259788235293968
12,3,-0.9989774705882352,0.6604499999999973,38.63576894117648,0.13315870588235157
12,4,-0.9991948823529411,0.7020720000000011,38.51133776470588,0.13386482352941442
12,5,-0.9994294705882352,0.7415120000000002,38.35404694117647,0.13465270588235256
12,6,-0.9996599411764704,0.7779919999999976,38.172107882352954,0.13533841176470673
12,7,-0.9999971764705885,0.8106120000000061,37.97706235294114,0.1368867647058849
12,8,-1.0003311176470588,0.8610930000000003,37.60359123529411,0.1384041764705941
12,9,-1.00060725,0.8657872500000023,37.56658949999998,0.13980825000000863
12,10,-1.0009636874999999,0.8877299999999977,37.37017406250002,0.1416381874999999
12,11,-1.0012614999999998,0.9131509999999992,37.11685750000001,0.14337249999999813
12,12,-1.0012303333333332,0.924711666666667,36.989098,0.1420359999999974
12,13,-1.0009053333333333,0.952022999999997,36.64908000000004,0.13804599999999567
12,14,-0.999438384615385,0.9678426153846106,36.417019923077,0.1299440769230742
12,15,-0.9987133571428585,0.9746819999999943,36.30894307142867,0.11963421428571763
12,16,-0.9933859999999988,0.9979550000000046,35.88761199999991,0.10032400000000052
12,17,-0.9891774285714264,1.010959571428576,35.625206285714185,0.06696814285714225
12,18,-0.9843050909090898,1.0267710000000037,35.28948836363628,0.037578727272730816
12,19,-0.9770286363636362,1.0483765454545457,34.80666609090909,0.0024451818181745466
12,20,-0.9700849999999974,1.061318000000007,34.47145699999983,0.0
12,21,-0.8439710000000034,1.206520999999995,30.045285000000142,0.0
12,22,-0.5102240000000009,1.59957,17.745838000000013,0.0
13,0,-0.9985100588235295,0.5683270000000036,38.76946611764706,0.11159564705882019
13,1,-0.9986104705882353,0.5700339999999997,38.769666941176474,0.11154817647058479
13,2,-0.998783588235294,0.6162339999999986,38.72381317647059,0.11201947058822981
13,3,-0.9989774705882352,0.6604499999999973,38.63576894117648,0.11261517647058383
13,4,-0.9991948823529411,0.7020720000000011,38.51133776470588,0.11336770588235368
13,5,-0.9994294705882352,0.7415120000000002,38.35404694117647,0.11420717647058609
13,6,-0.9996599411764704,0.7779919999999976,38.172107882352954,0.11491335294117988
13,7,-0.9999971764705885,0.8106120000000061,37.97706235294114,0.11649794117646906
13,8,-1.0003311176470588,0.8403209999999959,37.76976723529415,0.11811529411765065
13,9,-1.00060725,0.8820270000000008,37.42043174999999,0.11954150000000396
13,10,-1.0009636874999999,0.8877299999999977,37.37017406250002,0.1213428749999963
13,11,-1.0012614999999998,0.9131509999999992,37.11685750000001,0.12304999999999922
13,12,-1.0012303333333332,0.924711666666667,36.989098,0.12148433333332775
13,13,-1.0009053333333333,0.952022999999997,36.64908000000004,0.11690233333333566
13,14,-0.999438384615385,0.9678426153846106,36.417019923077,0.10707446153845979
13,15,-0.9958065714285712,0.9882470000000012,36.06961771428569,0.09397971428571594
13,16,-0.9900453846153852,1.008811999999999,35.67130715384618,0.0703838461538453
13,17,-0.9866818750000013,1.0180561249999949,35.473293000000105,0.0337502500000042
13,18,-0.9797634285714278,1.0392605714285739,35.00904071428566,0.004946571428568802
13,19,-0.9751370000000037,1.0512139999999945,34.72910900000015,0.0
13,20,-0.8527150000000034,1.185305999999997,30.583257000000103,0.0
13,21,-0.5184369999999987,1.5389890000000008,19.157048999999965,0.0
14,0,-0.9985100588235295,0.5683270000000036,38.76946611764706,0.08690070588234988
14,1,-0.9986104705882353,0.5700339999999997,38.769666941176474,0.08683164705882263
14,2,-0.998783588235294,0.6162339999999986,38.72381317647059,0.08725705882352486
14,3,-0.9989774705882352,0.6604499999999973,38.63576894117648,0.08780364705881993
14,4,-0.9991948823529411,0.7020720000000011,38.51133776470588,0.08850558823529298
14,5,-0.9994294705882352,0.7415120000000002,38.35404694117647,0.08929964705882298
14,6,-0.9996599411764704,0.7779919999999976,38.172107882352954,0.0899552941176438
14,7,-0.9999971764705885,0.8106120000000061,37.97706235294114,0.09144811764705452
14,8,-1.0003311176470588,0.8403209999999959,37.76976723529415,0.09299641176470885
14,9,-1.00060725,0.8820270000000008,37.42043174999999,0.09433975000000316
14,10,-1.0009636874999999,0.8877299999999977,37.37017406250002,0.0959315625000059
14,11,-1.0012614999999998,0.9131509999999992,37.11685750000001,0.09747949999999861
14,12,-1.0012303333333332,0.924711666666667,36.989098,0.0954316666666628
14,13,-1.0009053333333333,0.952022999999997,36.64908000000004,0.09013266666666198
14,14,-0.999438384615385,0.9678426153846106,36.417019923077,0.07847084615384148
14,15,-0.9948691999999988,0.991527800000005,36.00775119999991,0.06127160000000487
14,16,-0.9891774285714264,1.010959571428576,35.625206285714185,0.03308157142856771
14,17,-0.9866818750000013,1.0180561249999949,35.473293000000105,0.0010921249999995553
14,18,-0.979763428571428,1.0392605714285736,35.00904071428566,0.0
14,19,-0.8593329999999995,1.1708220000000011,30.95110499999997,0.0
14,20,-0.5253709999999998,1.517395999999998,19.685985000000038,0.0
15,0,-0.9985100588235295,0.5683270000000036,38.76946611764706,0.06077176470588341
15,1,-0.9986104705882353,0.5700339999999997,38.769666941176474,0.06068111764705009
15,2,-0.998783588235294,0.6162339999999986,38.72381317647059,0.0609836470588192
15,3,-0.9989774705882352,0.6604499999999973,38.63576894117648,0.06142311764705255
15,4,-0.9991948823529411,0.7020720000000011,38.51133776470588,0.06200647058823705
15,5,-0.9994294705882352,0.7415120000000002,38.35404694117647,0.06266811764705693
15,6,-0.9996599411764704,0.7779919999999976,38.172107882352954,0.06319523529411697
15,7,-0.9999971764705885,0.8106120000000061,37.97706235294114,0.06446629411764349
15,8,-1.0003311176470588,0.8403209999999959,37.76976723529415,0.06585052941176883
15,9,-1.00060725,0.8820270000000008,37.42043174999999,0.06701000000000334
15,10,-1.0009636874999999,0.8877299999999977,37.37017406250002,0.0682812500000054
15,11,-1.0012614999999998,0.9131509999999992,37.11685750000001,0.06945499999999782
15,12,-1.0012303333333332,0.924711666666667,36.989098,0.06678199999999634
15,13,-1.0009053333333333,0.9455910000000021,36.732695999999976,0.060675999999993735
15,14,-0.999438384615385,0.9678426153846106,36.417019923077,0.04728923076923053
15,15,-0.9948691999999988,0.991527800000005,36.00775119999991,0.02661480000000438
15,16,-0.9891774285714264,1.010959571428576,35.625206285714185,0.0
15,17,-0.9866818750000013,1.0180561249999949,35.473293000000105,0.0
15,18,-0.8631370000000018,1.1632139999999964,31.14510900000009,0.0
15,19,-0.5301169999999971,1.5022050000000036,20.04580399999989,0.0
16,0,-0.9985100588235295,0.5683270000000036,38.76946611764706,0.03616282352940914
16,1,-0.9986104705882353,0.5700339999999997,38.769666941176474,0.03602758823528518
16,2,-0.998783588235294,0.6162339999999986,38.72381317647059,0.036202235294112484
16,3,-0.9989774705882352,0.6604499999999973,38.63576894117648,0.03649058823528861
16,4,-0.9991948823529411,0.7020720000000011,38.51133776470588,0.03690035294117422
16,5,-0.9994294705882352,0.7415120000000002,38.35404694117647,0.03737858823529194
16,6,-0.9996599411764704,0.7779919999999976,38.172107882352954,0.03772717647058954
16,7,-0.9999971764705885,0.8106120000000061,37.97706235294114,0.038664470588230415
16,8,-1.0003311176470588,0.8403209999999959,37.76976723529415,0.039741647058825436
16,9,-1.00060725,0.8657872500000023,37.56658949999998,0.04063225000000159
16,10,-1.0009636874999999,0.8877299999999977,37.37017406250002,0.041505937499998424
16,11,-1.0012614999999998,0.9131509999999992,37.11685750000001,0.042131499999996436
16,12,-1.0012303333333332,0.924711666666667,36.989098,0.03880233333332228
16,13,-1.0009053333333333,0.9455910000000021,36.732695999999976,0.031995333333334486
16,14,-0.999438384615385,0.9678426153846106,36.417019923077,0.01791461538461192
16,15,-0.9948691999999988,0.991527800000005,36.00775119999991,0.0
16,16,-0.9876170000000002,1.015250749999998,35.533141000000036,0.0
16,17,-0.8609580000000037,1.1411859999999976,31.4916330000001,0.0
16,18,-0.531528999999999,1.4871550000000013,20.339295999999962,0.0
17,0,-0.9985100588235295,0.5683270000000036,38.76946611764706,0.015995882352932256
17,1,-0.9986104705882353,0.5700339999999997,38.769666941176474,0.015845058823529712
17,2,-0.998783588235294,0.6162339999999986,38.72381317647059,0.015881823529404926
17,3,-0.9989774705882352,0.6604499999999973,38.63576894117648,0.016005058823523655
17,4,-0.9991948823529411,0.7020720000000011,38.51133776470588,0.016226235294119817
17,5,-0.9994294705882352,0.7415120000000002,38.35404694117647,0.016505058823526042
17,6,-0.9996599411764704,0.7779919999999976,38.172107882352954,0.016662117647058494
17,7,-0.9999971764705885,0.8106120000000061,37.97706235294114,0.01724764705881654
17,8,-1.0003311176470588,0.8403209999999959,37.76976723529415,0.01798176470588686
17,9,-1.00060725,0.8657872500000023,37.56658949999998,0.018553500000002998
17,10,-1.0009636874999999,0.8877299999999977,37.37017406250002,0.01900562499999836
17,11,-1.0012614999999998,0.9131509999999992,37.11685750000001,0.018980999999996584
17,12,-1.0012303333333332,0.924711666666667,36.989098,0.01504866666665805
17,13,-1.0009053333333333,0.9455910000000021,36.732695999999976,0.008596666666662145
17,14,-0.999438384615385,0.9678426153846106,36.417019923077,0.0
17,15,-0.9836310000000026,1.012520000000002,35.51305700000001,0.0
17,16,-0.8609580000000037,1.135193000000001,31.587521000000045,0.0
17,17,-0.531528999999999,1.4706150000000022,20.620475999999947,0.0
18,0,-0.9985100588235295,0.5683270000000036,38.76946611764706,0.0030429411764671954
18,1,-0.9986104705882353,0.5700339999999997,38.769666941176474,0.002927529411763885
18,2,-0.998783588235294,0.6162339999999986,38.72381317647059,0.0028934117647025914
18,3,-0.9989774705882352,0.6604499999999973,38.63576894117648,0.002899529411763524
18,4,-0.9991948823529411,0.7020720000000011,38.51133776470588,0.0029721176470545174
18,5,-0.9994294705882352,0.7415120000000002,38.35404694117647,0.003072529411760172
18,6,-0.9996599411764704,0.7779919999999976,38.172107882352954,0.003110058823530437
18,7,-0.9999971764705885,0.8106120000000061,37.97706235294114,0.0033398235294086476
18,8,-1.0003311176470588,0.8403209999999959,37.76976723529415,0.0036608823529462597
18,9,-1.00060725,0.8657872500000023,37.56658949999998,0.003911750000000325
18,10,-1.0009636874999999,0.8877299999999977,37.37017406250002,0.004009312500002693
18,11,-1.0012614999999998,0.9131509999999992,37.11685750000001,0.003450499999999579
18,12,-1.0012303333333332,0.924711666666667,36.989098,0.0
18,13,-1.0009053333333333,0.9455910000000021,36.732695999999976,0.0
18,14,-0.9763999999999982,0.9908809999999981,35.70282999999999,0.0
18,15,-0.8547709999999995,1.1243949999999998,31.644311999999992,0.0
18,16,-0.528259999999996,1.4706150000000022,20.564902999999894,0.0
19,0,-0.9985100588235295,0.5683270000000036,38.76946611764706,0.0
19,1,-0.9986104705882353,0.5700339999999997,38.769666941176474,0.0
19,2,-0.9986104705882353,0.6132910000000003,38.72640994117647,0.0
19,3,-0.998783588235294,0.6571539999999985,38.64197317647059,0.0
19,4,-0.9989774705882352,0.6983759999999997,38.52199094117647,0.0
19,5,-0.9991948823529411,0.7375240000000005,38.36952976470588,0.0
19,6,-0.9994294705882352,0.7740739999999988,38.19123694117648,0.0
19,7,-0.9996599411764704,0.8048789999999997,38.01078588235294,0.0
19,8,-0.9999971764705885,0.8346440000000008,37.80883835294118,0.0
19,9,-1.0003311176470588,0.8610930000000003,37.60359123529411,0.0
19,10,-1.00060725,0.8820270000000008,37.42043174999999,0.0
19,11,-1.0009636874999999,0.9083860000000001,37.163614062499995,0.0
19,12,-0.9982439999999997,0.9276979999999995,36.899508,0.0
19,13,-0.9656340000000014,0.9782009999999985,35.67388200000005,0.0
19,14,-0.8454859999999975,1.111029000000002,31.664305999999925,0.0
19,15,-0.5220410000000015,1.4617040000000046,20.595536999999958,0.0
20,0,-0.9890040000000013,0.5683270000000036,38.58885100000003,0.0
20,1,-0.9888210000000015,0.5685099999999963,38.58519100000003,0.0
20,2,-0.9887620000000013,0.6133500000000005,38.539171000000024,0.0
20,3,-0.9888110000000019,0.6571539999999985,38.45249400000004,0.0
20,4,-0.9889529999999986,0.6983759999999997,38.331525999999975,0.0
20,5,-0.9891450000000006,0.7375240000000005,38.17858200000001,0.0
20,6,-0.9892350000000008,0.7740739999999988,37.997542000000024,0.0
20,7,-0.9896759999999993,0.8048789999999997,37.82109099999999,0.0
20,8,-0.9902170000000012,0.8346440000000008,37.62301500000002,0.0
20,9,-0.9904609999999998,0.8610930000000003,37.41605899999999,0.0
20,10,-0.9896750000000019,0.8828129999999987,37.20485900000005,0.0
20,11,-0.9834589999999999,0.9146020000000021,36.762648999999975,0.0
20,12,-0.9515969999999996,0.9595599999999997,35.630871,0.0
20,13,-0.8330780000000004,1.0967199999999977,31.614571000000037,0.0
20,14,-0.5134390000000018,1.4478399999999958,20.640059000000093,0.0
21,0,-0.9736480000000007,0.5685099999999963,38.281731000000015,0.0
21,1,-0.9732130000000012,0.5689449999999994,38.27259600000002,0.0
21,2,-0.9728999999999992,0.6136630000000025,38.22130499999998,0.0
21,3,-0.9726849999999985,0.6573199999999986,38.12947599999997,0.0
21,4,-0.9726350000000004,0.698284000000001,38.005534000000004,0.0
21,5,-0.9726199999999992,0.7373469999999998,37.84896699999999,0.0
21,6,-0.9725129999999993,0.7740909999999985,37.663,0.0
21,7,-0.9726959999999991,0.8044380000000011,37.48457799999997,0.0
21,8,-0.97288,0.8341029999999989,37.280603000000006,0.0
21,9,-0.9719289999999994,0.8618000000000023,37.03905599999997,0.0
21,10,-0.9652049999999974,0.8895370000000007,36.64821899999994,0.0
21,11,-0.9339680000000001,0.9458389999999994,35.42922200000001,0.0
21,12,-0.8175220000000003,1.0760059999999996,31.552019000000012,0.0
21,13,-0.5021740000000001,1.4306680000000007,20.655166999999988,0.0
22,0,-0.9549999999999983,0.5689449999999994,37.89012299999996,0.0
22,1,-0.9542450000000002,0.5696999999999974,37.873513,0.0
22,2,-0.953558000000001,0.6143500000000017,37.813749000000016,0.0
22,3,-0.9530299999999983,0.6578480000000013,37.715136999999956,0.0
22,4,-0.9526959999999995,0.6986179999999997,37.58547899999999,0.0
22,5,-0.9523989999999998,0.7376439999999995,37.422841,0.0
22,6,-0.9519839999999995,0.7745059999999988,37.229400999999996,0.0
22,7,-0.9517120000000006,0.8045270000000002,37.04329100000001,0.0
22,8,-0.950612999999997,0.8350180000000016,36.80567599999992,0.0
22,9,-0.9438940000000002,0.8685189999999992,36.38985000000001,0.0
22,10,-0.9125930000000011,0.9208379999999998,35.230357000000026,0.0
22,11,-0.798332000000002,1.0600999999999985,31.32399500000006,0.0
22,12,-0.4883209999999991,1.3860170000000025,20.918665999999952,0.0
23,0,-0.9324670000000008,0.5696999999999974,37.39439700000002,0.0
23,1,-0.9312639999999988,0.6143500000000017,37.323280999999966,0.0
23,2,-0.9301150000000007,0.6154989999999998,37.29570500000001,0.0
23,3,-0.9291630000000026,0.6587999999999994,37.18720700000006,0.0
23,4,-0.9284510000000026,0.6993299999999998,37.04924100000006,0.0
23,5,-0.9277949999999997,0.7383000000000024,36.87827299999998,0.0
23,6,-0.9269409999999993,0.7753599999999992,36.67333099999999,0.0
23,7,-0.9253649999999993,0.8061030000000002,36.45262499999998,0.0
23,8,-0.9185430000000032,0.8418399999999977,36.045560000000094,0.0
23,9,-0.8878629999999994,0.899199000000003,34.881047999999964,0.0
23,10,-0.7753189999999996,1.0333819999999996,31.084888999999997,0.0
23,11,-0.47118899999999897,1.3642299999999992,20.781418999999985,0.0
24,0,-0.9052509999999998,0.5709030000000013,36.768429,0.0
24,1,-0.903499,0.5726549999999975,36.726381,0.0
24,2,-0.9017699999999991,0.6172280000000008,36.64031199999998,0.0
24,3,-0.9003099999999975,0.6993299999999998,36.40199799999995,0.0
24,4,-0.8991299999999995,0.7005099999999977,36.370138,0.0
24,5,-0.8978859999999997,0.7395440000000022,36.184145999999984,0.0
24,6,-0.8956620000000015,0.7775839999999974,35.94057000000005,0.0
24,7,-0.8884830000000008,0.813282000000001,35.55408600000001,0.0
24,8,-0.8583199999999991,0.8720029999999994,34.41912699999998,0.0
24,9,-0.7485660000000003,1.0089530000000018,30.689430999999992,0.0
24,10,-0.45066200000000123,1.3312859999999986,20.638738000000043,0.0
25,0,-0.8724050000000005,0.5726549999999975,35.980125000000015,0.0
25,1,-0.8699580000000005,0.5751020000000011,35.91895000000001,0.0
25,2,-0.8675290000000011,0.6196570000000001,35.81367000000003,0.0
25,3,-0.8654220000000024,0.7005099999999977,35.561146000000065,0.0
25,4,-0.8635409999999979,0.7023910000000022,35.50847799999994,0.0
25,5,-0.8608750000000001,0.74221,35.282552,0.0
25,6,-0.8532319999999984,0.785226999999999,34.87639199999997,0.0
25,7,-0.8234940000000002,0.8430199999999992,33.786184000000006,0.0
25,8,-0.7166460000000008,0.9788509999999988,30.164167000000027,0.0
25,9,-0.42660300000000007,1.2989960000000025,20.35193199999998,0.0
26,0,-0.8331269999999993,0.575101999999994,34.99817499999998,0.0
26,1,-0.829834,0.5783950000000004,34.912557,0.0
26,2,-0.8265709999999995,0.6229200000000006,34.78319399999999,0.0
26,3,-0.8236089999999994,0.6653289999999998,34.621363999999986,0.0
26,4,-0.8201930000000015,0.7058070000000001,34.41111400000004,0.0
26,5,-0.8121749999999999,0.7502280000000017,34.02496199999999,0.0
26,6,-0.7828559999999989,0.814546,32.941077999999976,0.0
26,7,-0.6791400000000003,0.9467359999999978,29.451322000000022,0.0
26,8,-0.3979229999999987,1.2600680000000004,19.946355999999962,0.0
27,0,-0.7866060000000008,0.5783950000000004,33.78862900000002,0.0
27,1,-0.7823159999999998,0.582685000000005,33.67279899999999,0.0
27,2,-0.7780000000000005,0.6653289999999998,33.435530000000014,0.0
27,3,-0.7733709999999991,0.6699580000000012,33.301288999999976,0.0
27,4,-0.764716,0.7144619999999993,32.934092,0.0
27,5,-0.7358540000000016,0.7790900000000001,31.89630600000004,0.0
27,6,-0.6356350000000006,0.9467359999999978,28.320192000000027,0.0
27,7,-0.3642789999999998,1.2600680000000004,19.07161199999999,0.0
28,0,-0.7322410000000001,0.5826849999999979,32.320774,0.0
28,1,-0.7267099999999989,0.6272359999999999,32.12688599999997,0.0
28,2,-0.7205849999999998,0.633360999999999,31.949260999999996,0.0
28,3,-0.7107840000000003,0.6797590000000007,31.582037000000007,0.0
28,4,-0.6821939999999991,0.7430520000000005,30.591637999999975,0.0
28,5,-0.585699,0.8755849999999992,27.359646000000005,0.0
28,6,-0.32529300000000205,1.2180919999999986,18.312822000000065,0.0
29,0,-0.6695989999999998,0.5882160000000027,30.56679799999999,0.0
29,1,-0.6621210000000008,0.633360999999999,30.312269000000022,0.0
29,2,-0.6508979999999998,0.644584,29.97557899999999,0.0
29,3,-0.6221379999999996,0.7085190000000008,29.013668999999986,0.0
29,4,-0.5294050000000006,0.8357849999999996,25.94261400000002,0.0
29,5,-0.2808580000000003,1.1241319999999995,17.58136300000001,0.0
30,0,-0.5981729999999992,0.5956939999999982,28.495443999999978,0.0
30,1,-0.5856370000000002,0.644584,28.08301,0.0
30,2,-0.556476,0.7085190000000008,27.109470999999996,0.0
30,3,-0.46721900000000005,0.8357849999999996,24.13922,0.0
30,4,-0.2311689999999995,1.1241319999999995,16.14038199999999,0.0
31,0,-0.515588000000001,0.6082299999999989,26.017894000000034,0.0
31,1,-0.48606000000000016,0.6737450000000003,25.066539000000002,0.0
31,2,-0.40016100000000066,0.7596439999999998,22.317771000000022,0.0
31,3,-0.1767890000000012,1.071835,14.718170000000036,0.0
32,0,-0.4117859999999993,0.637757999999998,22.80003199999998,0.0
32,1,-0.3292629999999992,0.720281,20.159295999999976,0.0
32,2,-0.11871599999999916,0.9701909999999998,13.171881999999973,0.0
33,0,-0.255706,0.720281,17.805472,0.0
33,1,-0.057984000000001146,0.9180029999999988,11.280646000000038,0.0
34,0,0.004365999999999204,0.9180029999999988,9.223096000000027,0.0
