0,0,-0.9691256666666664,0.1259510000000006,7.674745,0.0
0,1,-0.9691256666666664,0.1259510000000006,7.674745,0.0
0,2,-0.9686996666666667,0.17258399999999963,7.628112000000001,0.0
0,3,-0.9682153333333332,0.22987500000000072,7.5135299999999985,0.0
0,4,-0.9676953333333337,0.2978719999999999,7.309539000000001,0.0
0,5,-0.9671740000000003,0.37607999999999997,6.996707000000001,0.0
0,6,-0.9666970000000003,0.46377000000000024,6.558256999999999,0.0
0,7,-0.9663156666666669,0.5605459999999987,5.977601000000009,0.0
0,8,-0.9660829999999999,0.6669720000000012,5.232618999999991,0.0
0,9,-0.9662673333333333,0.784851999999999,4.289579000000009,0.0
0,10,-0.9667723333333331,0.9167380000000005,3.102604999999995,0.0
0,11,-0.9675989999999999,1.0644720000000003,1.625264999999997,0.0
0,12,-0.9687746666666666,1.227131,-0.16398399999999924,0.0
0,13,-0.9703176666666664,1.3997919999999997,-2.2359159999999942,0.0
0,14,-0.9722233333333339,1.5741980000000009,-4.503194000000011,0.0
0,15,-0.9744879999999997,1.7432419999999986,-6.86980999999998,0.0
0,16,-0.9771056666666667,1.907820000000001,-9.338480000000015,0.0
0,17,-0.9800553333333326,2.0876519999999985,-12.215791999999976,0.0
0,18,-0.9833646666666667,2.3338600000000014,-16.401328000000024,0.0
0,19,-0.9872753333333341,2.741091000000001,-23.731486000000018,0.0
0,20,-0.9907854999999977,3.4516199999999984,-37.23153699999997,0.0
0,21,-0.9907854999999977,4.682310000000001,-61.84533700000002,0.0
0,22,-0.9554590000000189,6.516826999999999,-100.37019399999997,0.0
1,0,-0.9691256666666664,0.1259510000000006,7.674745,0.055050666666666914
1,1,-0.9686996666666667,0.12722899999999981,7.6734670000000005,0.05448166666666676
1,2,-0.9682153333333332,0.17403700000000022,7.6252059999999995,0.05379633333333356
1,3,-0.9676953333333337,0.2314349999999994,7.5088500000000025,0.05299933333333262
1,4,-0.9671740000000003,0.37607999999999997,6.996707000000001,0.052109999999999324
1,5,-0.9666970000000003,0.37751100000000015,6.989552,0.05115699999999934
1,6,-0.9663156666666669,0.46491400000000027,6.551392999999999,0.050172666666666976
1,7,-0.9660829999999999,0.5612439999999994,5.9727150000000035,0.049198000000001074
1,8,-0.9660520000000004,0.667065,5.2318750000000005,0.04826400000000053
1,9,-0.9662673333333333,0.784851999999999,4.289579000000009,0.04740033333333449
1,10,-0.9667723333333331,0.9167380000000005,3.102604999999995,0.04662433333333382
1,11,-0.9675989999999999,1.0644720000000003,1.625264999999997,0.04595199999999977
1,12,-0.9687746666666666,1.227131,-0.16398399999999924,0.045378666666666234
1,13,-0.9703176666666664,1.3997919999999997,-2.2359159999999942,0.04490766666666701
1,14,-0.9722233333333339,1.5741980000000009,-4.503194000000011,0.04454033333333207
1,15,-0.9744879999999997,1.7432419999999986,-6.86980999999998,0.04427800000000082
1,16,-0.9771056666666667,1.907820000000001,-9.338480000000015,0.04411666666666747
1,17,-0.9800553333333326,2.0876519999999985,-12.215791999999976,0.044014333333333155
1,18,-0.9833646666666667,2.3338600000000014,-16.401328000000024,0.04392566666666653
1,19,-0.9872753333333341,2.741091000000001,-23.731486000000018,0.04383633333333259
1,20,-0.9907854999999977,3.4516199999999984,-37.23153699999997,0.042312499999997755
1,21,-0.9554590000000047,4.7529629999999985,-63.32904999999996,0.0
2,0,-0.9691256666666664,0.1259510000000006,7.674745,0.019333333333333202
2,1,-0.9686996666666667,0.12722899999999981,7.6734670000000005,0.018499333333332757
2,2,-0.9682153333333332,0.17403700000000022,7.6252059999999995,0.01749466666666688
2,3,-0.9676953333333337,0.2314349999999994,7.5088500000000025,0.016330666666666493
2,4,-0.9671740000000003,0.29943600000000004,7.303283,0.01503399999999977
2,5,-0.9666970000000003,0.37751100000000015,6.989552,0.013646000000000269
2,6,-0.9663156666666669,0.46491400000000027,6.551392999999999,0.012216333333332718
2,7,-0.9660829999999999,0.5612439999999994,5.9727150000000035,0.0108020000000002
2,8,-0.9660520000000004,0.667065,5.2318750000000005,0.00945100000000032
2,9,-0.9662673333333333,0.784851999999999,4.289579000000009,0.008202666666666802
2,10,-0.9667723333333331,0.9167380000000005,3.102604999999995,0.00708466666666574
2,11,-0.9675989999999999,1.0644720000000003,1.625264999999997,0.006112999999999147
2,12,-0.9687746666666666,1.227131,-0.16398399999999924,0.005287333333333422
2,13,-0.9703176666666664,1.3997919999999997,-2.2359159999999942,0.00461233333333233
2,14,-0.9722233333333339,1.5741980000000009,-4.503194000000011,0.004089666666667213
2,15,-0.9744879999999997,1.7432419999999986,-6.86980999999998,0.003716999999999304
2,16,-0.9771056666666667,1.907820000000001,-9.338480000000015,0.003499333333333965
2,17,-0.9800553333333326,2.0876519999999985,-12.215791999999976,0.0033656666666672663
2,18,-0.9833646666666667,2.3338600000000014,-16.401328000000024,0.0032323333333330595
2,19,-0.9872753333333341,2.741091000000001,-23.731486000000018,0.003162666666667091
2,20,-0.9872753333333341,3.4445996666666674,-37.09815066666668,0.0
3,0,-0.9691256666666664,0.1259510000000006,7.674745,0.0
3,1,-0.9686996666666667,0.12722899999999981,7.6734670000000005,0.0
3,2,-0.9682153333333332,0.17403700000000022,7.6252059999999995,0.0
3,3,-0.9676953333333337,0.2314349999999994,7.5088500000000025,0.0
3,4,-0.9671740000000003,0.29943600000000004,7.303283,0.0
3,5,-0.9666970000000003,0.37751100000000015,6.989552,0.0
3,6,-0.9663156666666669,0.46491400000000027,6.551392999999999,0.0
3,7,-0.9660829999999999,0.5612439999999994,5.9727150000000035,0.0
3,8,-0.9660520000000004,0.667065,5.2318750000000005,0.0
3,9,-0.9660520000000004,0.7842060000000002,4.294746999999999,0.0
3,10,-0.9662673333333333,0.915223000000001,3.1162399999999906,0.0
3,11,-0.9667723333333331,1.061992,1.6500649999999997,0.0
3,12,-0.9675989999999999,1.223604,-0.1251869999999986,0.0
3,13,-0.9687746666666666,1.3951630000000002,-2.1803680000000014,0.0
3,14,-0.8753720000000005,1.5684809999999985,-4.713709999999978,0.0
3,15,-0.9722233333333333,1.736448000000001,-6.774694000000014,0.0
3,16,-0.9744879999999997,1.8999670000000002,-9.220685000000003,0.0
3,17,-0.9771056666666667,2.0788030000000006,-12.07420800000001,0.0
3,18,-0.9800553333333326,2.323931999999999,-16.232551999999988,0.0
3,19,-0.9833646666666654,2.7293589999999988,-23.520309999999977,0.0
4,0,-0.9335600000000004,0.12722899999999981,7.568048000000001,0.0
4,1,-0.9296120000000001,0.131177000000001,7.552256,0.0
4,2,-0.9249210000000003,0.178728,7.485941000000001,0.0
4,3,-0.9195690000000001,0.23678699999999964,7.348415000000001,0.0
4,4,-0.9137129999999996,0.30529200000000056,7.119475999999996,0.0
4,5,-0.9075740000000003,0.3836499999999994,6.781488000000004,0.0
4,6,-0.9014160000000002,0.4710720000000004,6.3197459999999985,0.0
4,7,-0.8955089999999997,0.567151,5.719643999999999,0.0
4,8,-0.8900939999999995,0.6724800000000002,4.960680999999997,0.0
4,9,-0.8853710000000001,0.7889289999999995,4.010197000000004,0.0
4,10,-0.881475,0.9191190000000011,2.8229029999999895,0.0
4,11,-0.8784870000000016,1.0649799999999985,1.3523410000000222,0.0
4,12,-0.8764530000000015,1.225638,-0.4230329999999949,0.0
4,13,-0.8753720000000005,1.3962440000000012,-2.4746290000000144,0.0
4,14,-0.8752849999999999,1.568567999999999,-4.715188999999988,0.0
4,15,-0.8752849999999999,1.7355520000000002,-7.052965000000006,0.0
4,16,-0.8761810000000008,1.898118000000002,-9.487871000000027,0.0
4,17,-0.878029999999999,2.0762249999999973,-12.33018699999996,0.0
4,18,-0.8806080000000023,2.3208350000000024,-16.478245000000033,0.0
5,0,-0.8326899999999999,0.131177000000001,7.164567999999999,0.0
5,1,-0.8237450000000002,0.178728,7.081237000000002,0.0
5,2,-0.8131940000000002,0.18927899999999998,7.017931000000001,0.0
5,3,-0.8012289999999997,0.24875200000000008,6.839159999999998,0.0
5,4,-0.7881940000000003,0.318327,6.565260000000001,0.0
5,5,-0.7745619999999995,0.39728200000000014,6.181279999999997,0.0
5,6,-0.7608779999999999,0.48475599999999996,5.67549,0.0
5,7,-0.7476839999999996,0.5803450000000003,5.035985999999996,0.0
5,8,-0.7354560000000001,0.6847079999999997,4.244305000000003,0.0
5,9,-0.7245479999999995,0.7998370000000001,3.2687329999999966,0.0
5,10,-0.7151880000000004,0.9284790000000003,2.0641549999999995,0.0
5,11,-0.7074979999999993,1.0726699999999996,0.5837950000000003,0.0
5,12,-0.7015269999999987,1.2316090000000006,-1.1943890000000135,0.0
5,13,-0.6973130000000012,1.4004579999999986,-3.241646999999979,0.0
5,14,-0.6948969999999992,1.570984000000001,-5.470565000000018,0.0
5,15,-0.6943260000000002,1.7361229999999992,-7.785365999999987,0.0
5,16,-0.43986699999999956,1.8969690000000003,-11.470351000000008,0.0
5,17,-0.6954750000000018,2.073720999999999,-13.020342999999976,0.0
6,0,-0.687503,0.14012199999999986,6.438632999999999,0.0
6,1,-0.6710229999999999,0.18927899999999998,6.3070759999999995,0.0
6,2,-0.6518109999999999,0.24875200000000008,6.092069999999999,0.0
6,3,-0.6302629999999998,0.318327,5.775604999999999,0.0
6,4,-0.6070279999999997,0.34156200000000014,5.566489999999998,0.0
6,5,-0.5829469999999999,0.42136299999999993,5.1028,0.0
6,6,-0.5589560000000002,0.5087469999999996,4.5219340000000035,0.0
6,7,-0.5359470000000002,0.6033540000000004,3.8162379999999985,0.0
6,8,-0.5146670000000002,0.7059879999999996,2.970120000000004,0.0
6,9,-0.49564499999999967,0.8188590000000007,1.9530199999999924,0.0
6,10,-0.47918900000000075,0.9449349999999992,0.7196000000000122,0.0
6,11,-0.46544399999999975,1.0864150000000006,-0.7776700000000076,0.0
6,12,-0.4544870000000003,1.242566,-2.5610729999999986,0.0
6,13,-0.4463789999999985,1.4085660000000004,-4.601721000000014,0.0
6,14,-0.4412319999999994,1.5761310000000002,-6.810948000000005,0.0
6,15,-0.4391069999999999,1.7382479999999987,-9.093335999999981,0.0
6,16,-0.4391069999999999,1.8962090000000007,-11.462751000000011,0.0
7,0,-0.511101,0.15660199999999946,5.380221000000001,0.0
7,1,-0.4849849999999998,0.20849099999999998,5.171635999999998,0.0
7,2,-0.45500099999999977,0.238475,4.9317639999999985,0.0
7,3,-0.4218580000000003,0.34156200000000014,4.455470000000002,0.0
7,4,-0.3866100000000001,0.3768100000000003,4.10299,0.0
7,5,-0.35054700000000016,0.4574259999999999,3.5280850000000017,0.0
7,6,-0.3150269999999997,0.5442670000000001,2.8452399999999978,0.0
7,7,-0.2812960000000002,0.6370849999999999,2.052215000000002,0.0
7,8,-0.25032799999999966,0.7369560000000002,1.1363419999999964,0.0
7,9,-0.22276600000000002,0.8464210000000003,0.06768799999999775,0.0
7,10,-0.1989559999999999,0.9687449999999993,-1.199897999999994,0.0
7,11,-0.17904300000000006,1.1063280000000004,-2.715119000000003,0.0
7,12,-0.16313099999999991,1.2584780000000002,-4.500153000000003,0.0
7,13,-0.15135500000000057,1.4203419999999998,-6.524952999999991,0.0
7,14,-0.1439010000000014,1.5835849999999994,-8.699289999999982,0.0
7,15,-0.14090700000000034,1.7412419999999997,-10.927445999999994,0.0
8,0,-0.32254800000000006,0.18271800000000038,4.06035,0.0
8,1,-0.28566500000000006,0.238475,3.7464120000000003,0.0
8,2,-0.24409500000000017,0.2800449999999999,3.3722820000000016,0.0
8,3,-0.19895799999999975,0.3485800000000001,2.8741159999999977,0.0
8,4,-0.15176300000000031,0.42400499999999974,2.2702810000000033,0.0
8,5,-0.10423900000000019,0.50495,1.5663090000000013,0.0
8,6,-0.05810499999999985,0.5904010000000004,0.7699819999999962,0.0
8,7,-0.014838000000000129,0.6803519999999996,-0.11585999999999697,0.0
8,8,0.024466999999999572,0.7762609999999999,-1.1016629999999958,0.0
8,9,0.05917799999999929,0.881132,-2.218318999999995,0.0
8,10,0.08897000000000066,0.9985370000000007,-3.5133000000000116,0.0
8,11,0.11370600000000053,1.1310640000000003,-5.036458000000007,0.0
8,12,0.13322799999999901,1.2779999999999987,-6.808929999999977,0.0
8,13,0.14731899999999953,1.4344330000000003,-8.798853999999999,0.0
8,14,0.155679000000001,1.5919450000000008,-10.91339000000002,0.0
9,0,-0.13969699999999996,0.21960099999999994,2.597542,0.0
9,1,-0.09209500000000004,0.2672030000000003,2.169124,0.0
9,2,-0.03959399999999991,0.3485800000000001,1.599203999999999,0.0
9,3,0.016229999999999745,0.40440399999999976,0.9851400000000028,0.0
9,4,0.07344400000000029,0.4812190000000003,0.23976899999999635,0.0
9,5,0.1299940000000004,0.5615000000000001,-0.5903050000000039,0.0
9,6,0.1839659999999994,0.6443729999999994,-1.4904179999999916,0.0
9,7,0.23383200000000048,0.7302180000000007,-2.454282000000009,0.0
9,8,0.2785679999999999,0.8209969999999993,-3.492358999999994,0.0
9,9,0.31763100000000044,0.9201950000000005,-4.637510000000008,0.0
9,10,0.3507799999999994,1.0316859999999997,-5.939269999999992,0.0
9,11,0.37787599999999877,1.1581599999999996,-7.447873999999986,0.0
9,12,0.398695,1.298819,-9.182494,0.0
9,13,0.41289700000000096,1.4486350000000012,-11.108104000000026,0.0
10,0,0.02589600000000014,0.2672030000000001,1.1072049999999987,0.0
10,1,0.08308399999999994,0.332546,0.5271700000000006,0.0
10,2,0.1446210000000001,0.3940830000000002,-0.14973700000000134,0.0
10,3,0.20851700000000006,0.4682999999999997,-0.9371309999999999,0.0
10,4,0.2725360000000001,0.5452380000000003,-1.8081350000000023,0.0
10,5,0.334492,0.623456,-2.740567,0.0
10,6,0.39250400000000063,0.702385,-3.7153320000000063,0.0
10,7,0.44520800000000005,0.7829220000000001,-4.725594000000001,0.0
10,8,0.49178100000000047,0.8675699999999997,-5.783860000000002,0.0
10,9,0.5318430000000003,0.9602570000000004,-6.925976000000006,0.0
10,10,0.5652230000000005,1.0650659999999998,-8.203057000000003,0.0
10,11,0.5917589999999997,1.1846959999999989,-9.664716999999985,0.0
10,12,0.6111140000000006,1.3181740000000008,-11.326525000000016,0.0
11,0,0.17013499999999993,0.3243909999999999,-0.3351849999999992,0.0
11,1,0.23494499999999996,0.3940830000000002,-1.052977,0.0
11,2,0.3028179999999998,0.4682999999999997,-1.8801409999999974,0.0
11,3,0.37146900000000027,0.5369510000000002,-2.7726040000000034,0.0
11,4,0.4385729999999999,0.6123419999999999,-3.7369209999999984,0.0
11,5,0.5020359999999999,0.6869190000000001,-4.733321999999999,0.0
11,6,0.5602320000000001,0.7605810000000002,-5.7417880000000014,0.0
11,7,0.612107,0.834797,-6.757708999999999,0.0
11,8,0.6571059999999997,0.9125689999999995,-7.7971019999999935,0.0
11,9,0.6950119999999993,0.9981629999999999,-8.898819999999992,0.0
11,10,0.7256869999999989,1.0957409999999994,-10.114446999999982,0.0
11,11,0.7488780000000013,1.2078870000000013,-11.491008000000027,0.0
12,0,0.29438600000000004,0.38920100000000013,-1.7019460000000004,0.0
12,1,0.36433000000000004,0.4591449999999999,-2.5412740000000005,0.0
12,2,0.4354870000000002,0.5369510000000002,-3.4768020000000024,0.0
12,3,0.5054849999999997,0.6069489999999997,-4.456773999999996,0.0
12,4,0.5721250000000002,0.6789820000000004,-5.472553000000004,0.0
12,5,0.633642,0.7484359999999999,-6.488573,0.0
12,6,0.6887970000000001,0.8157360000000002,-7.486933000000002,0.0
12,7,0.7368969999999999,0.8828969999999998,-8.467098999999997,0.0
12,8,0.7776269999999998,0.9532989999999995,-9.448672999999994,0.0
12,9,0.8108860000000009,1.031422000000001,-10.472765000000019,0.0
12,10,0.8364620000000009,1.1213169999999995,-11.588732000000006,0.0
13,0,0.4024359999999998,0.4591449999999999,-2.9985459999999975,0.0
13,1,0.47478599999999993,0.5331130000000002,-3.9407139999999994,0.0
13,2,0.5462129999999998,0.6069489999999997,-4.945509999999997,0.0
13,3,0.6144870000000004,0.6752230000000004,-5.969620000000006,0.0
13,4,0.6777539999999993,0.7422489999999993,-6.993168999999989,0.0
13,5,0.734693,0.8053750000000006,-7.985880000000003,0.0
13,6,0.7844889999999998,0.865532,-8.934012999999997,0.0
13,7,0.826778,0.9251860000000001,-9.841694,0.0
13,8,0.8614100000000011,0.9879310000000006,-10.731125000000018,0.0
13,9,0.8882429999999992,1.058254999999999,-11.642545999999982,0.0
14,0,0.49807000000000023,0.531495,-4.241788000000003,0.0
14,1,0.5701240000000003,0.6045400000000001,-5.251535000000004,0.0
14,2,0.6391320000000005,0.6752230000000004,-6.290005000000008,0.0
14,3,0.70322,0.7422489999999993,-7.324226999999997,0.0
14,4,0.7610010000000003,0.8053750000000006,-8.327884000000006,0.0
14,5,0.8116189999999994,0.8559929999999998,-9.239007999999991,0.0
14,6,0.8546339999999999,0.9085470000000004,-10.103988000000001,0.0
14,7,0.9054789999999997,0.9604379999999999,-11.127163999999995,0.0
14,8,0.917235999999999,1.0152809999999999,-11.675662999999986,0.0
15,0,0.5838999999999999,0.6035490000000001,-5.443407999999998,0.0
15,1,0.6532069999999996,0.6735480000000003,-6.483704999999995,0.0
15,2,0.7176269999999993,0.7393109999999998,-7.517110999999989,0.0
15,3,0.7757649999999998,0.7974490000000003,-8.505456999999998,0.0
15,4,0.8267199999999999,0.8509849999999997,-9.430389999999997,0.0
15,5,0.8700220000000005,0.8992950000000004,-10.27316000000001,0.0
15,6,0.9054789999999997,0.9440039999999996,-11.028559999999993,0.0
15,7,0.9329769999999993,0.9879359999999995,-11.704621999999986,0.0
16,0,0.6612230000000001,0.6728559999999995,-6.603253000000002,0.0
16,1,0.7257669999999998,0.737968,-7.636524999999997,0.0
16,2,0.7840290000000003,0.7974490000000003,-8.629417000000005,0.0
16,3,0.8351009999999999,0.8509849999999997,-9.556104999999997,0.0
16,4,0.8784809999999998,0.8992950000000004,-10.400044999999999,0.0
16,5,0.9139859999999995,0.9348000000000001,-11.110144999999992,0.0
16,6,0.9414639999999999,0.971482,-11.733202999999998,0.0
17,0,0.7304150000000003,0.7374,-7.7103250000000045,0.0
17,1,0.7887200000000005,0.7957050000000008,-8.70151000000001,0.0
17,2,0.839817,0.8485209999999999,-9.624169,0.0
17,3,0.8832180000000003,0.8919220000000001,-10.448788000000004,0.0
17,4,0.9186930000000002,0.9298399999999996,-11.165617000000001,0.0
17,5,0.9461180000000002,0.9622250000000001,-11.761382000000005,0.0
18,0,0.7914269999999997,0.7957049999999999,-8.747528999999993,0.0
18,1,0.84253,0.8473269999999999,-9.667902,0.0
18,2,0.8859149999999998,0.8919220000000001,-10.494636999999996,0.0
18,3,0.9213700000000005,0.9298399999999996,-11.211126000000004,0.0
18,4,0.9487470000000009,0.9622250000000001,-11.806075000000016,0.0
19,0,0.8441179999999999,0.8468079999999976,-9.695966999999996,0.0
19,1,0.8875019999999996,0.8907119999999997,-10.520782999999994,0.0
19,2,0.9229349999999998,0.9273770000000008,-11.231907,0.0
19,3,0.9502839999999999,0.9547260000000009,-11.806236,0.0
20,0,0.888439,0.890191999999999,-10.538066,0.0
20,1,0.9238669999999995,0.9256200000000003,-11.246625999999992,0.0
20,2,0.9511920000000007,0.9534700000000011,-11.820976000000016,0.0
21,0,0.9244159999999999,0.9256200000000003,-11.257606,0.0
21,1,0.9517400000000009,0.9529440000000005,-11.83141000000002,0.0
22,0,0.9520660000000003,0.9529439999999987,-11.838256000000007,0.0
