0,0,-0.9988736363636367,0.847637000000006,56.208023,0.0
0,1,-0.9988736363636367,0.847637000000006,56.208023,0.0
0,2,-0.9992661818181819,0.8687589999999972,56.186901000000006,0.0
0,3,-0.9994544545454548,0.8906750000000017,56.143069,0.0
0,4,-0.9996410909090908,0.9082149999999984,56.09044900000001,0.0
0,5,-0.9998373636363634,0.9217909999999989,56.036145000000005,0.0
0,6,-1.0000721818181817,0.9332580000000021,55.97880999999999,0.0
0,7,-1.0004039999999998,0.9452050000000014,55.90712799999999,0.0
0,8,-1.0004039999999998,0.9582369999999969,55.815904000000025,0.0
0,9,-1.000570818181818,0.963557999999999,55.77333600000001,0.0
0,10,-1.000771272727273,0.9705660000000051,55.71026399999995,0.0
0,11,-1.0010719090909068,0.9774779999999907,55.6411440000001,0.0
0,12,-1.0011079999999994,0.9776765000000012,55.63896049999998,0.002944499999998129
0,13,-1.0011079999999994,0.9776765000000012,55.63896049999998,0.0
0,14,-1.001308090909091,0.9895400000000052,55.48473499999993,0.0
0,15,-1.0015140909090916,0.9953160000000025,55.40387099999997,0.0
0,16,-1.0017210909090908,1.003073999999998,55.287501000000034,0.0
0,17,-1.0023946363636371,1.0195925000000017,55.023204999999976,0.0008234999999956472
0,18,-1.0023946363636371,1.0195925000000017,55.023204999999976,0.0
0,19,-1.0026112727272731,1.034842999999995,54.748696000000095,0.0
0,20,-1.0028290909090911,1.0533829999999966,54.396436000000065,0.0
0,21,-1.003053818181818,1.0779880000000048,53.9043359999999,0.0
0,22,-1.003280636363636,1.108588999999995,53.26171500000011,0.0
0,23,-1.0038202727272727,1.1500089999999972,52.35047500000006,0.0
0,24,-1.0038202727272727,1.2119140000000073,50.92665999999983,0.0
0,25,-1.0038070909090906,1.2777859999999919,49.3457320000002,0.0
0,26,-1.003838300000001,1.403763000000012,46.19630699999969,0.0
0,27,-1.003838300000001,1.5590139999999906,42.15978100000025,0.0
0,28,-1.0031494999999993,1.7636870000000044,36.63360999999988,0.0
0,29,-1.0021048888888895,2.0479349999999954,28.67466600000013,0.0
0,30,-1.0004907777777765,2.4344870000000043,17.464657999999872,0.0
0,31,-0.9973231249999994,2.9714270000000056,1.356457999999833,0.0
0,32,-0.9932940000000059,3.671745999999999,-20.353430999999958,0.0
0,33,-0.9962689999999981,4.703093999999993,-53.35656699999977,0.0
0,34,-1.0000610000000023,6.269424999999998,-105.04548999999994,0.0
0,35,-1.0055079999999919,8.729118,-188.67505200000002,0.0
0,36,-1.0133969999999977,12.779121000000004,-330.4251570000001,0.0
0,37,-1.0257720000000745,20.184571000000005,-597.0213570000002,0.0
0,38,-1.0484169999999722,36.257003999999995,-1191.7013779999997,0.0
0,39,-1.0484169999999722,78.935226,-2813.473814,0.0
1,0,-0.9986960909090906,0.8456839999999985,56.208023,0.031125090909091102
1,1,-0.9988736363636367,0.847637000000006,56.208023,0.030772636363632366
1,2,-0.9992661818181819,0.8687589999999972,56.186901000000006,0.030627181818178806
1,3,-0.9994544545454548,0.8906750000000017,56.143069,0.030261454545450595
1,4,-0.9996410909090908,0.9082149999999984,56.09044900000001,0.029830090909090834
1,5,-0.9998373636363634,0.9217909999999989,56.036145000000005,0.029435363636363454
1,6,-1.0000721818181817,0.9332580000000021,55.97880999999999,0.029136181818179896
1,7,-1.0004039999999998,0.9582369999999969,55.815904000000025,0.028876999999998043
1,8,-1.0003686363636364,0.9613340000000008,55.79112799999999,0.02823463636363943
1,9,-1.000570818181818,0.963557999999999,55.77333600000001,0.02783481818182043
1,10,-1.000771272727273,0.9763756666666671,55.65216733333333,0.02742127272726247
1,11,-1.0010719090909068,0.9774779999999907,55.6411440000001,0.02710390909090754
1,12,-1.0011079999999994,0.9776765000000012,55.63896049999998,0.029474500000003623
1,13,-1.0011079999999994,0.9776765000000012,55.63896049999998,0.025834999999998054
1,14,-1.001308090909091,0.9930499999999967,55.43559500000005,0.025424090909083263
1,15,-1.0015140909090916,0.9953160000000025,55.40387099999997,0.024997090909090414
1,16,-1.0017210909090908,1.003073999999998,55.287501000000034,0.024579090909090162
1,17,-1.0023946363636371,1.0195925000000017,55.023204999999976,0.025504136363626806
1,18,-1.0023946363636371,1.0195925000000017,55.023204999999976,0.02404663636362603
1,19,-1.0026112727272731,1.034842999999995,54.748696000000095,0.02362327272727205
1,20,-1.0028290909090911,1.0533829999999966,54.396436000000065,0.02318409090910034
1,21,-1.003053818181818,1.0779880000000048,53.9043359999999,0.022721818181813846
1,22,-1.003280636363636,1.108588999999995,53.26171500000011,0.022262636363644228
1,23,-1.0038202727272727,1.1500089999999972,52.35047500000006,0.02203127272728067
1,24,-1.0038070909090906,1.2120590000000107,50.923179999999746,0.021286090909085065
1,25,-1.0038024999999997,1.277836499999994,49.344469500000145,0.02046550000000802
1,26,-1.003838300000001,1.403763000000012,46.19630699999969,0.019616299999998477
1,27,-1.0031494999999993,1.5659020000000083,41.97380499999977,0.017896499999999094
1,28,-1.00210488888889,1.7741331111110987,36.341118888889234,0.015776888888889617
1,29,-1.0004907777777765,2.0624620000000107,28.253382999999687,0.012857777777774082
1,30,-0.9973231249999989,2.4629958749999994,16.60939175000001,0.008210124999995627
1,31,-0.9923400000000004,3.0112919999999974,0.12064300000008643,0.0012819999999909015
1,32,-0.9923400000000004,3.6707919999999956,-20.323856999999865,0.0
1,33,-0.9848048333333329,4.700119000000001,-53.2698561666667,0.0
1,34,-0.9733154000000013,6.265632999999994,-104.9433075999998,0.0
1,35,-1.0000609999999597,8.72367100000001,-188.48985400000038,0.0
1,36,-1.0055080000000203,12.771231999999998,-330.1490419999999,0.0
1,37,-1.0133970000000545,20.172195999999985,-596.5758569999995,0.0
1,38,-1.0257720000001882,36.23435900000001,-1190.8635130000002,0.0
2,0,-0.9986960909090906,0.8456839999999985,56.208023,0.07169518181818169
2,1,-0.9988736363636367,0.847637000000006,56.208023,0.07162327272727187
2,2,-0.9992661818181819,0.8687589999999972,56.186901000000006,0.07199636363636519
2,3,-0.9994544545454548,0.8906750000000017,56.143069,0.07192190909090557
2,4,-0.9996410909090908,0.9082149999999984,56.09044900000001,0.07183318181817877
2,5,-0.9998373636363634,0.9306750000000008,55.991724999999995,0.07172272727272921
2,6,-1.0000721818181817,0.9332580000000021,55.97880999999999,0.0717683636363633
2,7,-1.0004039999999998,0.9582369999999969,55.815904000000025,0.0719719999999957
2,8,-1.0003686363636364,0.9613340000000008,55.79112799999999,0.07142727272727178
2,9,-1.000570818181818,0.963557999999999,55.77333600000001,0.07134763636363495
2,10,-1.000771272727273,0.9705660000000051,55.71026399999995,0.07126754545454439
2,11,-1.0010719090909068,0.9774779999999907,55.6411440000001,0.07137281818182073
2,12,-1.0011079999999994,0.9776765000000012,55.63896049999998,0.07392449999999862
2,13,-1.0011079999999994,0.9776765000000012,55.63896049999998,0.0704229999999999
2,14,-1.001308090909091,0.9930499999999967,55.43559500000005,0.07032718181818476
2,15,-1.0015140909090916,0.9953160000000025,55.40387099999997,0.07023518181817945
2,16,-1.0017210909090908,1.003073999999998,55.287501000000034,0.07015418181817701
2,17,-1.0023946363636371,1.0195925000000017,55.023204999999976,0.07182077272727305
2,18,-1.0023946363636371,1.0195925000000017,55.023204999999976,0.07053127272727444
2,19,-1.0026112727272731,1.034842999999995,54.748696000000095,0.07045454545454088
2,20,-1.0028290909090911,1.0533829999999966,54.396436000000065,0.07035518181817757
2,21,-1.003053818181818,1.0779880000000048,53.9043359999999,0.07026263636363561
2,22,-1.003280636363636,1.108588999999995,53.26171500000011,0.07016727272727907
2,23,-1.0038202727272727,1.1500089999999972,52.35047500000006,0.07063654545454368
2,24,-1.0038070909090906,1.2120590000000107,50.923179999999746,0.07002318181818357
2,25,-1.0038024999999997,1.277836499999994,49.344469500000145,0.06935000000000136
2,26,-1.003838300000001,1.403763000000012,46.19630699999969,0.06870459999999534
2,27,-1.0031494999999993,1.5659020000000083,41.97380499999977,0.06654799999999739
2,28,-1.00210488888889,1.7741331111110987,36.341118888889234,0.06359677777778083
2,29,-1.0004907777777765,2.0624620000000107,28.253382999999687,0.059262555555561036
2,30,-0.9973231249999989,2.4629958749999994,16.60939175000001,0.051828249999995135
2,31,-0.9923400000000004,3.0112919999999974,0.12064300000008643,0.04029899999999387
2,32,-0.9848048333333329,3.7235381666666663,-22.019269499999982,0.03194683333332193
2,33,-0.9733154000000014,4.76905559999999,-55.55625339999967,0.021281399999992345
2,34,-0.9587957500000004,6.338231249999999,-107.42616774999998,0.007897750000026349
2,35,-0.9487990000000082,8.763657999999978,-189.94066099999924,0.0
2,36,-0.9413415,12.774757000000008,-330.3440410000003,0.0
2,37,-0.9225920000000087,20.177238000000003,-596.8708560000001,0.0
3,0,-0.9986960909090906,0.8456839999999985,56.208023,0.10453627272727406
3,1,-0.9988736363636367,0.847637000000006,56.208023,0.10495490909090899
3,2,-0.9992661818181819,0.8687589999999972,56.186901000000006,0.10597654545454827
3,3,-0.9994544545454548,0.8906750000000017,56.143069,0.10641436363636059
3,4,-0.9996410909090908,0.9082149999999984,56.09044900000001,0.10686727272726859
3,5,-0.9998373636363634,0.9306750000000008,55.991724999999995,0.10730709090909318
3,6,-1.0000721818181817,0.9332580000000021,55.97880999999999,0.10791254545454221
3,7,-1.0004039999999998,0.9452050000000014,55.90712799999999,0.10876399999999808
3,8,-1.0003686363636364,0.9613340000000008,55.79112799999999,0.10857390909090636
3,9,-1.000570818181818,0.9683610000000016,55.730108999999985,0.1090504545454527
3,10,-1.000771272727273,0.9763756666666671,55.65216733333333,0.10951881818181253
3,11,-1.0010719090909068,0.9774779999999907,55.6411440000001,0.11028672727272504
3,12,-1.0011079999999994,0.9776765000000012,55.63896049999998,0.11323349999999888
3,13,-1.0011079999999994,0.9776765000000012,55.63896049999998,0.10999799999999649
3,14,-1.001308090909091,0.9930499999999967,55.43559500000005,0.11046827272727278
3,15,-1.0015140909090916,1.0007970000000057,55.32165599999992,0.11093327272727693
3,16,-1.0017210909090908,1.0158879999999968,55.082477000000054,0.11142527272727332
3,17,-1.0023946363636371,1.0195925000000017,55.023204999999976,0.11432340909091376
3,18,-1.0023946363636371,1.0195925000000017,55.023204999999976,0.11333190909090174
3,19,-1.0026112727272731,1.0509869999999992,54.441960000000016,0.11384481818181458
3,20,-1.0028290909090911,1.0755160000000075,53.95377599999985,0.11436027272727589
3,21,-1.003053818181818,1.0779880000000048,53.9043359999999,0.11487445454544876
3,22,-1.003280636363636,1.1440729999999917,52.48106700000018,0.11540990909091331
3,23,-1.0038202727272727,1.2119140000000073,50.92665999999983,0.11686881818182915
3,24,-1.0038070909090906,1.2120590000000107,50.923179999999746,0.11669927272727021
3,25,-1.0038024999999997,1.277836499999994,49.344469500000145,0.11635050000000469
3,26,-1.003838300000001,1.403763000000012,46.19630699999969,0.1162738999999906
3,27,-1.0031494999999993,1.5659020000000083,41.97380499999977,0.11397849999999465
3,28,-1.00210488888889,1.7741331111110987,36.341118888889234,0.11066166666667421
3,29,-1.0004907777777765,2.0624620000000107,28.253382999999687,0.10546833333333883
3,30,-0.9973231249999989,2.4629958749999994,16.60939175000001,0.09570537499999432
3,31,-0.9923400000000004,3.0112919999999974,0.12064300000008643,0.08061199999999324
3,32,-0.9848048333333329,3.7235381666666663,-22.019269499999982,0.06632766666665546
3,33,-0.9733154000000014,4.76905559999999,-55.55625339999967,0.046819799999994416
3,34,-0.9587957500000004,6.338231249999999,-107.42616774999998,0.0233425000000409
3,35,-0.9413415000000006,8.7860305,-190.73861350000004,0.005862500000034743
3,36,-0.9225920000000087,12.81225599999999,-331.73150399999963,0.0
4,0,-0.9986960909090906,0.8456839999999985,56.208023,0.11424136363636661
4,1,-0.9988736363636367,0.847637000000006,56.208023,0.11502854545454122
4,2,-0.9992661818181819,0.8687589999999972,56.186901000000006,0.11662572727272513
4,3,-0.9994544545454548,0.8906750000000017,56.143069,0.117457818181816
4,4,-0.9996410909090908,0.9082149999999984,56.09044900000001,0.11828036363636008
4,5,-0.9998373636363634,0.9306750000000008,55.991724999999995,0.11913845454545102
4,6,-1.0000721818181817,0.9332580000000021,55.97880999999999,0.12022272727272743
4,7,-1.0004039999999998,0.9452050000000014,55.90712799999999,0.12163399999999402
4,8,-1.0003686363636364,0.9586259999999953,55.81279200000004,0.12169454545454883
4,9,-1.000570818181818,0.963557999999999,55.77333600000001,0.12259527272727055
4,10,-1.000771272727273,0.9763756666666671,55.65216733333333,0.12348509090908877
4,11,-1.000771272727273,0.9763756666666671,55.65216733333333,0.12468642424241594
4,12,-1.0011079999999994,0.9776765000000012,55.63896049999998,0.12795550000000233
4,13,-1.0011079999999994,0.9776765000000012,55.63896049999998,0.12476300000000506
4,14,-1.001308090909091,0.9895400000000052,55.48473499999993,0.1256473636363582
4,15,-1.0015140909090916,0.9953160000000025,55.40387099999997,0.1265543636363642
4,16,-1.0017210909090908,1.0158879999999968,55.082477000000054,0.12748236363636423
4,17,-1.0023946363636371,1.0195925000000017,55.023204999999976,0.13148104545453876
4,18,-1.0023946363636371,1.0195925000000017,55.023204999999976,0.13077854545453604
4,19,-1.0026112727272731,1.034842999999995,54.748696000000095,0.13173009090909282
4,20,-1.0028290909090911,1.0533829999999966,54.396436000000065,0.13267736363637184
4,21,-1.003053818181818,1.0779880000000048,53.9043359999999,0.13369827272726997
4,22,-1.003280636363636,1.108588999999995,53.26171500000011,0.13470454545454746
4,23,-1.0038202727272727,1.1500089999999972,52.35047500000006,0.13693209090909075
4,24,-1.0038070909090906,1.2120590000000107,50.923179999999746,0.13700936363636096
4,25,-1.0038024999999997,1.277836499999994,49.344469500000145,0.1367470000000024
4,26,-1.003838300000001,1.403763000000012,46.19630699999969,0.13700420000000424
4,27,-1.0031494999999993,1.5659020000000083,41.97380499999977,0.13436299999999335
4,28,-1.00210488888889,1.7741331111110987,36.341118888889234,0.1304815555555594
4,29,-1.0004907777777765,2.0624620000000107,28.253382999999687,0.12421711111110412
4,30,-0.9973231249999989,2.4629958749999994,16.60939175000001,0.11200349999999082
4,31,-0.9923400000000004,3.0112919999999974,0.12064300000008643,0.09326199999998863
4,32,-0.9848048333333329,3.7235381666666663,-22.019269499999982,0.0735934999999941
4,33,-0.9733154000000014,4.76905559999999,-55.55625339999967,0.04670819999999054
4,34,-0.9587957500000004,6.338231249999999,-107.42616774999998,0.01772925000003056
4,35,-0.9413415,8.786030500000003,-190.7386135000001,0.0
5,0,-0.9986960909090906,0.8456839999999985,56.208023,0.10316045454545719
5,1,-0.9988736363636367,0.847637000000006,56.208023,0.10408318181817755
5,2,-0.9992661818181819,0.8687589999999972,56.186901000000006,0.10577490909090592
5,3,-0.9994544545454548,0.8906750000000017,56.143069,0.10675427272727411
5,4,-0.9996410909090908,0.9082149999999984,56.09044900000001,0.10775545454545288
5,5,-0.9998373636363634,0.9306750000000008,55.991724999999995,0.1087638181818189
5,6,-1.0000721818181817,0.9332580000000021,55.97880999999999,0.11000690909090594
5,7,-1.0004039999999998,0.9452050000000014,55.90712799999999,0.1116849999999987
5,8,-1.0003686363636364,0.9613340000000008,55.79112799999999,0.11192418181818287
5,9,-1.000570818181818,0.963557999999999,55.77333600000001,0.1129810909090887
5,10,-1.000771272727273,0.9763756666666671,55.65216733333333,0.11401736363636328
5,11,-1.000771272727273,0.9763756666666671,55.65216733333333,0.11516969696970047
5,12,-1.0011079999999994,0.9776765000000012,55.63896049999998,0.11874449999999914
5,13,-1.0011079999999994,0.9776765000000012,55.63896049999998,0.115173999999997
5,14,-1.001308090909091,0.9930499999999967,55.43559500000005,0.1162054545454474
5,15,-1.0015140909090916,0.9953160000000025,55.40387099999997,0.11726545454546056
5,16,-1.0017210909090908,1.0158879999999968,55.082477000000054,0.11834645454545356
5,17,-1.0023946363636371,1.0195925000000017,55.023204999999976,0.12329368181817646
5,18,-1.0023946363636371,1.0324600000000004,54.79159,0.12250018181817612
5,19,-1.0026112727272731,1.034842999999995,54.748696000000095,0.12362136363636012
5,20,-1.0028290909090911,1.0533829999999966,54.396436000000065,0.12477145454545191
5,21,-1.003053818181818,1.0779880000000048,53.9043359999999,0.12595609090908866
5,22,-1.003280636363636,1.1440729999999917,52.48106700000018,0.127144181818184
5,23,-1.0038202727272727,1.1500089999999972,52.35047500000006,0.12981936363636937
5,24,-1.0038070909090906,1.2120590000000107,50.923179999999746,0.12981445454544627
5,25,-1.0038024999999997,1.277836499999994,49.344469500000145,0.12912050000000974
5,26,-1.003838300000001,1.403763000000012,46.19630699999969,0.12931449999999245
5,27,-1.0031494999999993,1.5659020000000083,41.97380499999977,0.1259614999999954
5,28,-1.00210488888889,1.7741331111110987,36.341118888889234,0.1209744444444496
5,29,-1.0004907777777765,2.0624620000000107,28.253382999999687,0.11317188888888818
5,30,-0.9973231249999989,2.4629958749999994,16.60939175000001,0.09818762499998979
5,31,-0.9923400000000004,3.0112919999999974,0.12064300000008643,0.0760960000000015
5,32,-0.9848048333333329,3.7235381666666663,-22.019269499999982,0.05257733333333192
5,33,-0.9733154000000014,4.76905559999999,-55.55625339999967,0.023457599999993306
5,34,-0.9587957500000002,6.33823125,-107.42616775000002,0.0
6,0,-0.9986960909090906,0.8456839999999985,56.208023,0.07908354545454621
6,1,-0.9988736363636367,0.847637000000006,56.208023,0.07991581818181448
6,2,-0.9992661818181819,0.8886040000000008,56.147211,0.08134809090909378
6,3,-0.9994544545454548,0.8906750000000017,56.143069,0.08222572727272759
6,4,-0.9996410909090908,0.9082149999999984,56.09044900000001,0.08307054545454129
6,5,-0.9998373636363634,0.9306750000000008,55.991724999999995,0.08398518181818027
6,6,-1.0000721818181817,0.9332580000000021,55.97880999999999,0.08516509090908553
6,7,-1.0004039999999998,0.9452050000000014,55.90712799999999,0.086888999999994
6,8,-1.0003686363636364,0.9613340000000008,55.79112799999999,0.08720681818181752
6,9,-1.000570818181818,0.963557999999999,55.77333600000001,0.08817290909091291
6,10,-1.000771272727273,0.9763756666666671,55.65216733333333,0.08910763636363761
6,11,-1.000771272727273,0.9763756666666671,55.65216733333333,0.08998496969696568
6,12,-1.0010719090909068,0.9774779999999907,55.6411440000001,0.09358945454545697
6,13,-1.0011079999999994,0.9776765000000012,55.63896049999998,0.08938900000000238
6,14,-1.001308090909091,0.9930499999999967,55.43559500000005,0.09030654545454198
6,15,-1.0015140909090916,0.9953160000000025,55.40387099999997,0.09122254545455011
6,16,-1.0017210909090908,1.0158879999999968,55.082477000000054,0.09219754545453718
6,17,-1.0017210909090908,1.0158879999999968,55.082477000000054,0.097519545454551
6,18,-1.0023946363636371,1.0324600000000004,54.79159,0.09673481818181351
6,19,-1.0026112727272731,1.034842999999995,54.748696000000095,0.09776763636363572
6,20,-1.0028290909090911,1.0533829999999966,54.396436000000065,0.09881554545454385
6,21,-1.003053818181818,1.0779880000000048,53.9043359999999,0.09986590909090509
6,22,-1.003280636363636,1.108588999999995,53.26171500000011,0.10091381818182121
6,23,-1.0038202727272727,1.1500089999999972,52.35047500000006,0.10358763636364365
6,24,-1.0038070909090906,1.2120590000000107,50.923179999999746,0.10324854545453999
6,25,-1.0038024999999997,1.277836499999994,49.344469500000145,0.10172600000000287
6,26,-1.003838300000001,1.403763000000012,46.19630699999969,0.10157479999999808
6,27,-1.0031494999999993,1.5659020000000083,41.97380499999977,0.09725799999999651
6,28,-1.00210488888889,1.7741331111110987,36.341118888889234,0.09081533333334235
6,29,-1.0004907777777765,2.0624620000000107,28.253382999999687,0.08131366666666828
6,30,-0.9973231249999989,2.4629958749999994,16.60939175000001,0.06393974999998875
6,31,-0.9923400000000004,3.0112919999999974,0.12064300000008643,0.04058799999999607
6,32,-0.9848048333333329,3.7235381666666663,-22.019269499999982,0.018804166666658517
6,33,-0.9733154000000014,4.76905559999999,-55.55625339999967,0.0
7,0,-0.9986960909090906,0.8456839999999985,56.208023,0.05121763636363941
7,1,-0.9988736363636367,0.847637000000006,56.208023,0.0518234545454499
7,2,-0.9992661818181819,0.8687589999999972,56.186901000000006,0.052709272727271106
7,3,-0.9994544545454548,0.8906750000000017,56.143069,0.05334818181818335
7,4,-0.9996410909090908,0.9082149999999984,56.09044900000001,0.05397163636363356
7,5,-0.9998373636363634,0.9306750000000008,55.991724999999995,0.054632545454544434
7,6,-1.0000721818181817,0.9332580000000021,55.97880999999999,0.0555892727272731
7,7,-1.0004039999999998,0.9452050000000014,55.90712799999999,0.05713799999999303
7,8,-1.0003686363636364,0.9586259999999953,55.81279200000004,0.05750845454545139
7,9,-1.000570818181818,0.963557999999999,55.77333600000001,0.05821472727272958
7,10,-1.000771272727273,0.9705660000000051,55.71026399999995,0.058907909090909705
7,11,-1.000771272727273,0.9763756666666671,55.65216733333333,0.059338242424236576
7,12,-1.0010719090909068,0.9774779999999907,55.6411440000001,0.06280536363635925
7,13,-1.0011079999999994,0.9776765000000012,55.63896049999998,0.058040999999998455
7,14,-1.001308090909091,0.9930499999999967,55.43559500000005,0.05869063636363858
7,15,-1.0015140909090916,0.9953160000000025,55.40387099999997,0.05937263636363532
7,16,-1.0017210909090908,1.003073999999998,55.287501000000034,0.06006763636362944
7,17,-1.0017210909090908,1.0158879999999968,55.082477000000054,0.06509163636364246
7,18,-1.0023946363636371,1.0195925000000017,55.023204999999976,0.06438445454544972
7,19,-1.0026112727272731,1.034842999999995,54.748696000000095,0.06515390909091145
7,20,-1.0028290909090911,1.0755160000000075,53.95377599999985,0.0658856363636362
7,21,-1.003053818181818,1.0779880000000048,53.9043359999999,0.06665672727271765
7,22,-1.003280636363636,1.108588999999995,53.26171500000011,0.06743645454545089
7,23,-1.0038202727272727,1.1500089999999972,52.35047500000006,0.06980990909091389
7,24,-1.0038070909090906,1.2120590000000107,50.923179999999746,0.06894663636363951
7,25,-1.0038024999999997,1.277836499999994,49.344469500000145,0.06658049999999793
7,26,-1.003838300000001,1.403763000000012,46.19630699999969,0.06593110000000646
7,27,-1.0031494999999993,1.5659020000000083,41.97380499999977,0.060780499999999904
7,28,-1.00210488888889,1.7741331111110987,36.341118888889234,0.05295722222223187
7,29,-1.0004907777777765,2.0624620000000107,28.253382999999687,0.04249844444443429
7,30,-0.9973231249999989,2.4629958749999994,16.60939175000001,0.025130874999993225
7,31,-0.9923400000000004,3.0112919999999974,0.12064300000008643,0.006584000000001922
7,32,-0.9848048333333329,3.7235381666666663,-22.019269499999993,0.0
8,0,-0.9986960909090906,0.8456839999999985,56.208023,0.02693772727273025
8,1,-0.9988736363636367,0.847637000000006,56.208023,0.027278090909089947
8,2,-0.9992661818181819,0.8687589999999972,56.186901000000006,0.027539454545451925
8,3,-0.9994544545454548,0.8906750000000017,56.143069,0.027900636363633602
8,4,-0.9996410909090908,0.9082149999999984,56.09044900000001,0.028217727272727977
8,5,-0.9998373636363634,0.9306750000000008,55.991724999999995,0.028616909090909637
8,6,-1.0000721818181817,0.9332580000000021,55.97880999999999,0.029278454545451638
8,7,-1.0004039999999998,0.9452050000000014,55.90712799999999,0.030548999999995274
8,8,-1.0003686363636364,0.9586259999999953,55.81279200000004,0.031105090909093747
8,9,-1.000570818181818,0.963557999999999,55.77333600000001,0.031525545454542225
8,10,-1.000771272727273,0.9763756666666671,55.65216733333333,0.03190818181818145
8,11,-1.000771272727273,0.9763756666666671,55.65216733333333,0.031965515151512136
8,12,-1.000771272727273,0.9763756666666671,55.65216733333333,0.035008848484849864
8,13,-1.0011079999999994,0.9776765000000012,55.63896049999998,0.03007000000000204
8,14,-1.001308090909091,0.9895400000000052,55.48473499999993,0.03041572727272701
8,15,-1.0015140909090916,0.9953160000000025,55.40387099999997,0.03079272727272908
8,16,-1.0017210909090908,1.003073999999998,55.287501000000034,0.031182727272721422
8,17,-1.0017210909090908,1.0158879999999968,55.082477000000054,0.03559272727272855
8,18,-1.0023946363636371,1.0195925000000017,55.023204999999976,0.0349880909090885
8,19,-1.0026112727272731,1.034842999999995,54.748696000000095,0.035432181818190855
8,20,-1.0028290909090911,1.0533829999999966,54.396436000000065,0.03585472727272787
8,21,-1.003053818181818,1.0779880000000048,53.9043359999999,0.03629354545453545
8,22,-1.003280636363636,1.108588999999995,53.26171500000011,0.03670509090909668
8,23,-1.0038202727272727,1.1500089999999972,52.35047500000006,0.0383901818181851
8,24,-1.0038070909090906,1.2120590000000107,50.923179999999746,0.03704872727272246
8,25,-1.0038024999999997,1.277836499999994,49.344469500000145,0.03426600000000768
8,26,-1.003838300000001,1.403763000000012,46.19630699999969,0.033048400000007305
8,27,-1.0031494999999993,1.5659020000000083,41.97380499999977,0.027720999999999663
8,28,-1.00210488888889,1.7741331111110987,36.341118888889234,0.01946311111111676
8,29,-1.0004907777777765,2.0624620000000107,28.253382999999687,0.010724222222215474
8,30,-0.9973231249999989,2.4629958749999994,16.60939175000001,0.0
8,31,-0.9923400000000004,3.0112919999999974,0.12064300000008643,0.0
9,0,-0.9986960909090906,0.8456839999999985,56.208023,0.010218818181815692
9,1,-0.9988736363636367,0.847637000000006,56.208023,0.01035172727272915
9,2,-0.9992661818181819,0.8687589999999972,56.186901000000006,0.010134636363638094
9,3,-0.9994544545454548,0.8906750000000017,56.143069,0.010269090909089229
9,4,-0.9996410909090908,0.9082149999999984,56.09044900000001,0.010311818181818921
9,5,-0.9998373636363634,0.9217909999999989,56.036145000000005,0.010453272727275476
9,6,-1.0000721818181817,0.9332580000000021,55.97880999999999,0.010880636363632235
9,7,-1.0004039999999998,0.9452050000000014,55.90712799999999,0.011818999999993807
9,8,-1.0003686363636364,0.9586259999999953,55.81279200000004,0.012411727272723994
9,9,-1.000570818181818,0.963557999999999,55.77333600000001,0.012587363636360038
9,10,-1.000771272727273,0.9763756666666671,55.65216733333333,0.012739454545457107
9,11,-1.000771272727273,0.9763756666666671,55.65216733333333,0.012625787878786099
9,12,-1.000771272727273,0.9763756666666671,55.65216733333333,0.015295121212123064
9,13,-1.0011079999999994,0.9776765000000012,55.63896049999998,0.010711999999994504
9,14,-1.001308090909091,0.9930499999999967,55.43559500000005,0.010818818181819623
9,15,-1.0015140909090916,0.9953160000000025,55.40387099999997,0.010963818181819462
9,16,-1.0017210909090908,1.003073999999998,55.287501000000034,0.011110818181816029
9,17,-1.0017210909090908,1.0158879999999968,55.082477000000054,0.014520818181818385
9,18,-1.0023946363636371,1.0195925000000017,55.023204999999976,0.013799727272722606
9,19,-1.0026112727272731,1.034842999999995,54.748696000000095,0.013995454545456809
9,20,-1.0028290909090911,1.0533829999999966,54.396436000000065,0.014147818181822203
9,21,-1.003053818181818,1.0779880000000048,53.9043359999999,0.014323363636366437
9,22,-1.003280636363636,1.108588999999995,53.26171500000011,0.014449727272729973
9,23,-1.0038202727272727,1.1500089999999972,52.35047500000006,0.015362454545456927
9,24,-1.0038070909090906,1.2120590000000107,50.923179999999746,0.013870818181816347
9,25,-1.0038024999999997,1.277836499999994,49.344469500000145,0.011243500000004403
9,26,-1.003838300000001,1.403763000000012,46.19630699999969,0.010023700000003188
9,27,-1.0031494999999993,1.5659020000000083,41.97380499999977,0.005807499999995969
9,28,-1.00210488888889,1.7741331111110987,36.341118888889234,0.0
9,29,-1.0004907777777765,2.0624620000000107,28.253382999999687,0.0
9,30,-0.9868700000000104,2.473448999999988,16.212173000000448,0.0
10,0,-0.9986960909090906,0.8456839999999985,56.208023,0.001708909090909927
10,1,-0.9988736363636367,0.847637000000006,56.208023,0.001721363636359996
10,2,-0.9992661818181819,0.8687589999999972,56.186901000000006,0.0013748181818193927
10,3,-0.9994544545454548,0.8906750000000017,56.143069,0.0013845454545453606
10,4,-0.9996410909090908,0.9082149999999984,56.09044900000001,0.0013429090909049535
10,5,-0.9998373636363634,0.9217909999999989,56.036145000000005,0.0013606363636320395
10,6,-1.0000721818181817,0.9332580000000021,55.97880999999999,0.0016448181818162766
10,7,-1.0004039999999998,0.9452050000000014,55.90712799999999,0.0021099999999965036
10,8,-1.0003686363636364,0.9586259999999953,55.81279200000004,0.0025003636363667425
10,9,-1.000570818181818,0.963557999999999,55.77333600000001,0.002531181818179462
10,10,-1.000771272727273,0.9705660000000051,55.71026399999995,0.002585727272728988
10,11,-1.000771272727273,0.9763756666666671,55.65216733333333,0.0025860606060543745
10,12,-1.000771272727273,0.9763756666666671,55.65216733333333,0.005046393939393212
10,13,-1.0011079999999994,0.9776765000000012,55.63896049999998,0.0011619999999954445
10,14,-1.001308090909091,0.9895400000000052,55.48473499999993,0.0011409090909069164
10,15,-1.0015140909090916,0.9953160000000025,55.40387099999997,0.0011559090909116776
10,16,-1.0017210909090908,1.003073999999998,55.287501000000034,0.0011589090909058797
10,17,-1.0017210909090908,1.0158879999999968,55.082477000000054,0.0034899090909110697
10,18,-1.0023946363636371,1.0195925000000017,55.023204999999976,0.002534363636366166
10,19,-1.0026112727272731,1.034842999999995,54.748696000000095,0.002537727272724055
10,20,-1.0028290909090911,1.0533829999999966,54.396436000000065,0.002556909090911219
10,21,-1.003053818181818,1.0779880000000048,53.9043359999999,0.0025991818181765325
10,22,-1.003280636363636,1.108588999999995,53.26171500000011,0.0025713636363544623
10,23,-1.0038202727272727,1.1500089999999972,52.35047500000006,0.0028707272727306332
10,24,-1.0038070909090906,1.2120590000000107,50.923179999999746,0.0016639090909080778
10,25,-1.0038024999999997,1.277836499999994,49.344469500000145,0.0
10,26,-1.003802499999999,1.4034049999999922,46.20525700000019,0.0
10,27,-1.0031494999999993,1.5659020000000083,41.97380499999977,0.0
10,28,-0.9985349999999897,1.7777030000000025,36.209032999999835,0.0
10,29,-0.9736480000000114,2.087348999999989,27.290075000000428,0.0
11,0,-0.9986960909090906,0.8456839999999985,56.208023,0.0
11,1,-0.9988736363636367,0.847637000000006,56.208023,0.0
11,2,-0.9988736363636367,0.8644409999999993,56.191219000000004,0.0
11,3,-0.9992661818181819,0.8886040000000008,56.147211,0.0
11,4,-0.9994544545454548,0.9061620000000019,56.096607999999996,0.0
11,5,-0.9996410909090908,0.919632,56.044781,0.0
11,6,-0.9998373636363634,0.9306750000000008,55.991724999999995,0.0
11,7,-1.0000721818181817,0.941555000000001,55.929027999999995,0.0
11,8,-1.0003686363636364,0.9586259999999953,55.81279200000004,0.0
11,9,-1.0003686363636364,0.9613340000000008,55.79112799999999,0.0
11,10,-1.000570818181818,0.9683610000000016,55.730108999999985,0.0
11,11,-1.000771272727273,0.9763756666666671,55.65216733333333,0.00044233333333920655
11,12,-1.000771272727273,0.9763756666666671,55.65216733333333,0.002948666666668487
11,13,-1.000771272727273,0.9763756666666671,55.65216733333333,0.0
11,14,-1.0011079999999994,0.9873389999999986,55.513348000000015,0.0
11,15,-1.001308090909091,0.9930499999999967,55.43559500000005,0.0
11,16,-1.0015140909090916,1.0007970000000057,55.32165599999992,0.0
11,17,-1.0017210909090908,1.0158879999999968,55.082477000000054,0.001246999999999332
11,18,-1.0017210909090908,1.0158879999999968,55.082477000000054,0.0
11,19,-1.0023946363636371,1.0324600000000004,54.79159,0.0
11,20,-1.0026112727272731,1.0509869999999992,54.441960000000016,0.0
11,21,-1.0028290909090911,1.0755160000000075,53.95377599999985,0.0
11,22,-1.003053818181818,1.1060939999999988,53.31411000000003,0.0
11,23,-1.003280636363636,1.1440729999999917,52.48106700000018,0.0
11,24,-1.0038070909090906,1.2120590000000107,50.923179999999746,0.0
11,25,-1.0031350000000003,1.278503999999998,49.321107000000055,0.0
11,26,-0.9988249999999965,1.407714999999996,46.043422000000064,0.0
11,27,-0.9871520000000089,1.577574999999996,41.4986590000002,0.0
11,28,-0.9621510000000058,1.8027040000000056,35.145164999999906,0.0
12,0,-0.9957770000000039,0.845597000000005,56.175913000000044,0.0
12,1,-0.9958639999999974,0.8456839999999985,56.17686999999997,0.0
12,2,-0.9956049999999976,0.8646999999999991,56.154745999999975,0.0
12,3,-0.9956979999999973,0.8886040000000008,56.10796099999997,0.0
12,4,-0.9957160000000016,0.9061620000000019,56.05548500000001,0.0
12,5,-0.9958080000000038,0.919632,56.00261700000004,0.0
12,6,-0.9963150000000027,0.9306750000000008,55.95297900000003,0.0
12,7,-0.997047000000002,0.941555000000001,55.89575100000002,0.0
12,8,-0.9975699999999961,0.9586259999999953,55.78200699999999,0.0
12,9,-0.9976839999999996,0.9613340000000008,55.76159699999999,0.0
12,10,-0.9976839999999996,0.9682689999999994,55.699182,0.0
12,11,-0.9961850000000041,0.9769059999999996,55.59482400000005,0.000484000000000151
12,12,-0.9943310000000025,0.9769059999999996,55.572576000000026,0.002825999999998885
12,13,-0.9961850000000041,0.9769059999999996,55.59482400000005,0.0
12,14,-0.9962879999999998,0.9873389999999986,55.46032800000002,0.0
12,15,-0.9962879999999998,0.9929769999999962,55.38139600000005,0.0
12,16,-0.9965060000000037,1.0007970000000057,55.26656699999995,0.0
12,17,-0.9965060000000037,1.0149615000000018,55.039935000000014,0.0012545000000017126
12,18,-0.9965060000000037,1.0149615000000018,55.039935000000014,0.0
12,19,-0.9984859999999998,1.0324600000000004,54.74859499999998,0.0
12,20,-0.998546999999995,1.0509869999999992,54.39725299999995,0.0
12,21,-0.9938310000000001,1.0754659999999987,53.85108100000003,0.0
12,22,-0.9984900000000039,1.1062009999999987,53.261554000000075,0.0
12,23,-0.9983669999999876,1.144196000000008,52.424187999999674,0.0
12,24,-0.9959869999999995,1.2144389999999987,50.78003900000003,0.0
12,25,-0.9906689999999969,1.2838220000000007,49.05103099999995,0.0
12,26,-0.9796070000000014,1.4187769999999915,45.544412000000236,0.0
12,27,-0.9536659999999983,1.603515999999999,40.429906,0.0
13,0,-0.9932329999999965,0.8455969999999979,56.145384999999955,0.0
13,1,-0.9932330000000036,0.845597000000005,56.14538500000004,0.0
13,2,-0.9927640000000011,0.8651690000000016,56.11971600000001,0.0
13,3,-0.9927589999999995,0.8885160000000051,56.07295699999998,0.0
13,4,-0.9925270000000026,0.9063759999999945,56.01636100000005,0.0
13,5,-0.9925379999999961,0.9195399999999978,55.96383699999996,0.0
13,6,-0.9930990000000008,0.9301680000000019,55.917429,0.0
13,7,-0.9936679999999996,0.9408230000000017,55.860326999999984,0.0
13,8,-0.9942470000000014,0.9581030000000013,55.74631500000001,0.0
13,9,-0.9942780000000013,0.9612199999999973,55.72175100000004,0.0
13,10,-0.9943310000000025,0.9682689999999994,55.658946000000036,0.0
13,11,-0.9925539999999984,0.9774983333333344,55.54355166666663,0.0004406666666767478
13,12,-0.9925539999999984,0.9774983333333344,55.54355166666663,0.00282033333333942
13,13,-0.9925539999999984,0.9774983333333344,55.54355166666663,0.0
13,14,-0.9925619999999995,0.9872360000000029,55.417057999999955,0.0
13,15,-0.992568999999996,0.9929769999999962,55.336768000000006,0.0
13,16,-0.9925379999999961,1.0006830000000022,55.22077499999992,0.0
13,17,-0.9908369999999991,1.0142934999999973,54.980894000000035,0.001247500000005175
13,18,-0.9938740000000053,1.0149615000000018,55.00835100000003,0.0
13,19,-0.9938549999999964,1.032352000000003,54.695074999999896,0.0
13,20,-0.9938310000000001,1.0509500000000003,54.341401,0.0
13,21,-0.9904709999999994,1.0756599999999992,53.80352100000001,0.0
13,22,-0.9930949999999967,1.1067430000000016,53.184889999999925,0.0
13,23,-0.9913180000000068,1.145972999999998,52.29872900000014,0.0
13,24,-0.9860760000000113,1.2196809999999942,50.53529900000028,0.0
13,25,-0.9741060000000061,1.2957920000000058,48.553024999999934,0.0
13,26,-0.9484479999999991,1.4444349999999986,44.50339600000002,0.0
14,0,-0.9920270000000002,0.8455969999999979,56.129707,0.0
14,1,-0.9919859999999971,0.845638000000001,56.12913299999996,0.0
14,2,-0.9913669999999968,0.865788000000002,56.100316999999954,0.0
14,3,-0.9913070000000062,0.8885759999999934,56.0539010000001,0.0
14,4,-0.9908979999999943,0.9067850000000064,55.9935479999999,0.0
14,5,-0.9908339999999995,0.919592999999999,55.94142,0.0
14,6,-0.9913669999999968,0.9296069999999972,55.898278999999974,0.0
14,7,-0.9915500000000037,0.940254000000003,55.83677600000003,0.0
14,8,-0.9920809999999989,0.9575239999999994,55.72278899999999,0.0
14,9,-0.992053999999996,0.9612160000000003,55.692874999999944,0.0
14,10,-0.9920270000000002,0.968242999999994,55.62925400000006,0.0
14,11,-0.990433000000003,0.9780296666666667,55.509071333333374,0.0002493333333362102
14,12,-0.990165999999995,0.9780296666666667,55.50533333333326,0.002840666666664049
14,13,-0.990433000000003,0.9780296666666667,55.509071333333374,0.0
14,14,-0.9903750000000002,0.9872860000000045,55.38792699999994,0.0
14,15,-0.9902990000000003,0.9930459999999997,55.30622300000001,0.0
14,16,-0.9902420000000021,1.0007400000000004,55.190015000000024,0.0
14,17,-0.9902420000000021,1.0139959999999988,54.97791900000005,0.0011439999999964812
14,18,-0.9902420000000021,1.0139959999999988,54.97791900000005,0.0
14,19,-0.9907340000000033,1.0324549999999988,54.65254500000007,0.0
14,20,-0.9882729999999995,1.0512130000000042,54.26168899999991,0.0
14,21,-0.9898299999999978,1.0763010000000008,53.781726999999954,0.0
14,22,-0.9857860000000045,1.1084859999999992,53.04922600000008,0.0
14,23,-0.9830780000000061,1.150981999999992,52.076402000000265,0.0
14,24,-0.9713739999999973,1.231385000000003,50.063276999999886,0.0
14,25,-0.9451600000000013,1.3220060000000018,47.52137699999997,0.0
15,0,-0.9912490000000034,0.845638000000001,56.11881500000005,0.0
15,1,-0.9911530000000042,0.8457340000000002,56.11737500000006,0.0
15,2,-0.9906649999999999,0.8662760000000063,56.08951299999999,0.0
15,3,-0.9905769999999947,0.8886639999999986,56.04341699999993,0.0
15,4,-0.9899490000000029,0.9074129999999982,55.97775000000005,0.0
15,5,-0.9898450000000025,0.9196969999999993,55.92705400000004,0.0
15,6,-0.9902160000000038,0.929074,55.885363000000055,0.0
15,7,-0.9900289999999998,0.940258,55.815453999999995,0.0
15,8,-0.9903760000000048,0.9569930000000042,55.703167000000036,0.0
15,9,-0.9902760000000015,0.9613160000000036,55.66708299999999,0.0
15,10,-0.990165999999995,0.9683530000000005,55.60209999999992,0.0
15,11,-0.9894869999999898,0.9782560000000018,55.49288499999983,0.0
15,12,-0.9887390000000025,0.978469999999998,55.47931100000006,0.002834000000000003
15,13,-0.9890589999999975,0.978469999999998,55.484110999999984,0.0
15,14,-0.9889340000000004,0.9874110000000016,55.366002999999985,0.0
15,15,-0.9888120000000029,0.9931679999999972,55.283575000000084,0.0
15,16,-0.9886899999999983,1.000862000000005,55.1663349999999,0.0
15,17,-0.9886319999999955,1.0140250000000002,54.95485699999993,0.0009099999999904185
15,18,-0.9886319999999955,1.0140250000000002,54.95485699999993,0.0
15,19,-0.9882729999999995,1.0328139999999948,54.61127000000009,0.0
15,20,-0.9859889999999965,1.0519140000000036,54.21410999999988,0.0
15,21,-0.9857860000000045,1.0780869999999965,53.68760500000014,0.0
15,22,-0.981182000000004,1.1130899999999997,52.883482000000065,0.0
15,23,-0.9691809999999919,1.162983000000004,51.605820999999786,0.0
15,24,-0.9435959999999994,1.2569699999999955,49.0603450000001,0.0
16,0,-0.9905589999999975,0.8457340000000002,56.10846499999996,0.0
16,1,-0.990440999999997,0.8458520000000007,56.10657699999995,0.0
16,2,-0.9900210000000058,0.8666959999999975,56.079013000000096,0.0
16,3,-0.9898760000000024,0.888809000000002,56.03246700000003,0.0
16,4,-0.9891930000000002,0.9080960000000005,55.963678,0.0
16,5,-0.9890400000000028,0.9198499999999967,55.91421400000006,0.0
16,6,-0.989104999999995,0.9287029999999987,55.87092399999993,0.0
16,7,-0.9886130000000009,0.9407499999999942,55.79077000000005,0.0
16,8,-0.9888379999999941,0.9566459999999992,55.682872999999915,0.0
16,9,-0.9886899999999983,0.9614639999999994,55.64196099999999,0.0
16,10,-0.9885220000000032,0.9685209999999955,55.57576000000009,0.0
16,11,-0.9887390000000025,0.978469999999998,55.47931100000006,0.0
16,12,-0.9880029999999991,0.9788379999999997,55.463487,0.0028709999999989577
16,13,-0.9880029999999991,0.9788379999999997,55.463487,0.0
16,14,-0.9878500000000017,0.987563999999999,55.34760100000004,0.0
16,15,-0.9876859999999965,0.9933320000000023,55.26422499999992,0.0
16,16,-0.9875100000000003,1.0010380000000012,55.14581899999999,0.0
16,17,-0.9867060000000052,1.0144269999999977,54.91873100000012,0.0005340000000018108
16,18,-0.9867060000000052,1.0144269999999977,54.91873100000012,0.0
16,19,-0.984733999999996,1.0335310000000035,54.54330699999987,0.0
16,20,-0.9841650000000044,1.0537379999999956,54.150270000000155,0.0
16,21,-0.9795689999999979,1.082683000000003,53.497833999999905,0.0
16,22,-0.9681619999999995,1.124496999999998,52.43722800000003,0.0
16,23,-0.9413300000000007,1.1893540000000016,50.581061999999974,0.0
17,0,-0.989615999999998,0.8458520000000007,56.09337699999997,0.0
17,1,-0.9894749999999988,0.845993,56.09097999999998,0.0
17,2,-0.9891249999999943,0.867046000000002,56.0639769999999,0.0
17,3,-0.9889909999999986,0.8889429999999976,56.017904999999985,0.0
17,4,-0.9883570000000006,0.9087299999999985,55.947766000000016,0.0
17,5,-0.9882129999999947,0.9199940000000026,55.9002619999999,0.0
17,6,-0.987991000000001,0.9288600000000002,55.85215800000002,0.0
17,7,-0.9873539999999963,0.9413869999999989,55.766166999999946,0.0
17,8,-0.9873580000000004,0.956421000000006,55.66099299999996,0.0
17,9,-0.9871830000000017,0.9616389999999981,55.616274000000054,0.0
17,10,-0.9870299999999972,0.968674,55.550357999999946,0.0
17,11,-0.9873430000000027,0.9780390000000025,55.46171600000002,0.0
17,12,-0.9869229999999973,0.9790480000000024,55.44347699999993,0.0027680000000032123
17,13,-0.9869229999999973,0.9790480000000024,55.44347699999993,0.0
17,14,-0.9867360000000005,0.9877509999999958,55.327159000000066,0.0
17,15,-0.9865339999999989,0.9935340000000039,55.24276299999993,0.0
17,16,-0.9851300000000052,1.001261999999997,55.102975000000136,0.0
17,17,-0.9847680000000025,1.015197999999998,54.873845000000074,0.0
17,18,-0.984733999999996,1.0152320000000046,54.87268899999985,0.0
17,19,-0.9829289999999986,1.035336000000001,54.48013199999996,0.0
17,20,-0.9783249999999981,1.0583419999999961,53.964750000000045,0.0
17,21,-0.9669420000000031,1.094065999999998,53.05675900000009,0.0
17,22,-0.9413300000000007,1.1501090000000005,51.444452,0.0
18,0,-0.9881400000000014,0.845993,56.068285000000024,0.0
18,1,-0.987991000000001,0.8461420000000004,56.06560300000002,0.0
18,2,-0.9876060000000066,0.8674309999999963,56.037384000000124,0.0
18,3,-0.9874989999999997,0.8890500000000046,55.99221999999998,0.0
18,4,-0.9871559999999988,0.9090729999999994,55.92597699999998,0.0
18,5,-0.986972999999999,0.9201770000000025,55.87826699999997,0.0
18,6,-0.9864770000000007,0.9293559999999985,55.82344400000002,0.0
18,7,-0.9858469999999997,0.9420169999999999,55.736138,0.0
18,8,-0.9857790000000008,0.9564850000000007,55.63363800000001,0.0
18,9,-0.9855879999999999,0.9618299999999991,55.58744000000001,0.0
18,10,-0.9854160000000007,0.9688459999999992,55.52120000000002,0.0
18,11,-0.9857060000000004,0.977725999999997,55.43733000000004,0.0
18,12,-0.9855620000000016,0.9791200000000018,55.41940400000001,0.002554000000003498
18,13,-0.9855620000000016,0.9791200000000018,55.41940400000001,0.0
18,14,-0.9853589999999954,0.987954000000002,55.30090799999989,0.0
18,15,-0.9851300000000052,0.9937629999999942,55.21546000000018,0.0
18,16,-0.9847370000000026,1.0016549999999995,55.09000600000005,0.0
18,17,-0.9826129999999935,1.0158010000000033,54.82543799999983,0.0
18,18,-0.981773000000004,1.017592999999998,54.77985400000011,0.0
18,19,-0.977123000000006,1.039985999999999,54.293080000000124,0.0
18,20,-0.9658239999999978,1.0696410000000043,53.526252999999876,0.0
18,21,-0.9402539999999959,1.1196359999999999,52.06609299999993,0.0
19,0,-0.9863550000000032,0.8461420000000004,56.03615500000006,0.0
19,1,-0.9862019999999987,0.8462950000000049,56.03324799999997,0.0
19,2,-0.9857819999999933,0.8678510000000017,56.00371199999987,0.0
19,3,-0.9856990000000039,0.889132999999994,55.95957100000009,0.0
19,4,-0.9855769999999993,0.909195000000004,55.89706699999997,0.0
19,5,-0.9854079999999996,0.9203460000000021,55.849251999999986,0.0
19,6,-0.9848440000000025,0.9299199999999956,55.79066600000007,0.0
19,7,-0.9842610000000036,0.9425999999999988,55.703509000000075,0.0
19,8,-0.9841880000000032,0.9565580000000011,55.60441600000005,0.0
19,9,-0.9839970000000022,0.962021,55.55708300000004,0.0
19,10,-0.9838030000000018,0.9690399999999997,55.490226000000035,0.0
19,11,-0.9840389999999957,0.9774359999999973,55.41051399999995,0.0
19,12,-0.9839630000000028,0.9791579999999982,55.390128000000075,0.0022599999999997067
19,13,-0.9839630000000028,0.9791579999999982,55.390128000000075,0.0
19,14,-0.9836960000000019,0.9882210000000029,55.267236,0.0
19,15,-0.9833489999999969,0.9941099999999992,55.178196999999955,0.0
19,16,-0.9826129999999935,1.002391000000003,55.039997999999834,0.0
19,17,-0.980953999999997,1.0174599999999998,54.76737299999995,0.0
19,18,-0.9759059999999948,1.0226410000000001,54.5833839999999,0.0
19,19,-0.9647030000000001,1.0511889999999937,53.85666300000012,0.0
19,20,-0.9392819999999986,1.0950620000000058,52.54007699999986,0.0
20,0,-0.9841459999999955,0.8462950000000049,55.99418399999991,0.0
20,1,-0.983979000000005,0.8464619999999954,55.9908440000001,0.0
20,2,-0.9835090000000051,0.8683210000000017,55.9595850000001,0.0
20,3,-0.9834969999999998,0.8891449999999992,55.917697,0.0
20,4,-0.9836080000000038,0.909195000000004,55.85965600000006,0.0
20,5,-0.9834450000000032,0.9205090000000027,55.81114000000005,0.0
20,6,-0.9829069999999973,0.9304580000000016,55.75063499999994,0.0
20,7,-0.9824979999999996,0.9430089999999964,55.667149000000016,0.0
20,8,-0.9823379999999986,0.9567180000000022,55.567985999999955,0.0
20,9,-0.9821549999999988,0.9622039999999998,55.52043799999998,0.0
20,10,-0.981971999999999,0.9692229999999995,55.453606999999984,0.0
20,11,-0.9820449999999994,0.9772000000000034,55.37522399999995,0.0
20,12,-0.9819290000000009,0.9792159999999974,55.350728000000046,0.0019850000000047885
20,13,-0.9819290000000009,0.9792159999999974,55.350728000000046,0.0
20,14,-0.9816100000000034,0.9885400000000004,55.22313600000006,0.0
20,15,-0.9809079999999994,0.9948120000000031,55.12128799999994,0.0
20,16,-0.9791560000000032,1.0041429999999991,54.94628300000008,0.0
20,17,-0.9747270000000015,1.0218890000000016,54.573767000000004,0.0
20,18,-0.963238000000004,1.0341299999999976,54.135890000000124,0.0
20,19,-0.9379119999999972,1.0765150000000006,52.86643999999993,0.0
21,0,-0.9815639999999988,0.8464619999999954,55.94254399999998,0.0
21,1,-0.9813949999999991,0.846630999999995,55.938994999999984,0.0
21,2,-0.9807859999999948,0.868930000000006,55.90390699999988,0.0
21,3,-0.9807319999999962,0.8891989999999979,55.86223499999993,0.0
21,4,-0.9810029999999941,0.909084,55.80799999999988,0.0
21,5,-0.9808500000000038,0.920661999999993,55.75847500000011,0.0
21,6,-0.9805220000000006,0.9307860000000048,55.700966999999984,0.0
21,7,-0.980243999999999,0.943286999999998,55.62012299999999,0.0
21,8,-0.9800910000000016,0.9568709999999996,55.521822000000036,0.0
21,9,-0.9799340000000001,0.9623610000000014,55.47460499999999,0.0
21,10,-0.9797670000000025,0.9693899999999971,55.40783700000008,0.0
21,11,-0.9797170000000008,0.9771770000000046,55.32891699999997,0.0
21,12,-0.9792369999999977,0.979455999999999,55.293767999999965,0.001809999999998979
21,13,-0.9792369999999977,0.979455999999999,55.293767999999965,0.0
21,14,-0.9785380000000004,0.9892389999999978,55.151910000000036,0.0
21,15,-0.9767950000000027,0.9965550000000007,55.012883000000045,0.0
21,16,-0.9723820000000032,1.0085559999999987,54.740195000000085,0.0
21,17,-0.9613730000000018,1.032898000000003,54.11953399999999,0.0
21,18,-0.9360539999999986,1.0594490000000008,53.13646799999996,0.0
22,0,-0.9784430000000057,0.846630999999995,55.87700300000012,0.0
22,1,-0.9782829999999976,0.8467910000000032,55.87348299999994,0.0
22,2,-0.977642000000003,0.8695710000000005,55.836601000000066,0.0
22,3,-0.9775320000000036,0.8893089999999972,55.794705000000086,0.0
22,4,-0.9777600000000035,0.9088130000000021,55.74098100000007,0.0
22,5,-0.9775849999999977,0.9208369999999988,55.689034999999954,0.0
22,6,-0.977530999999999,0.9308400000000034,55.63783199999996,0.0
22,7,-0.9773939999999968,0.9434240000000003,55.55931399999993,0.0
22,8,-0.9773059999999987,0.9569589999999977,55.46263299999999,0.0
22,9,-0.977134999999997,0.962532000000003,55.41428699999991,0.0
22,10,-0.9769819999999996,0.9695429999999945,55.34782200000004,0.0
22,11,-0.976772000000004,0.9773870000000002,55.26476200000008,0.0
22,12,-0.9755779999999987,0.9800530000000016,55.20916799999995,0.0016290000000012128
22,13,-0.9755779999999987,0.9800530000000016,55.20916799999995,0.0
22,14,-0.9739149999999981,0.9909019999999984,55.03154499999998,0.0
22,15,-0.9695169999999962,1.0009530000000026,54.79407499999988,0.0
22,16,-0.9585529999999949,1.01952,54.27436199999989,0.0
22,17,-0.9337119999999999,1.057738999999998,53.11635600000003,0.0
23,0,-0.9746509999999944,0.8467910000000032,55.79357899999987,0.0
23,1,-0.9744799999999998,0.8469619999999978,55.789646,0.0
23,2,-0.9739000000000004,0.8701509999999999,55.75311700000001,0.0
23,3,-0.9736589999999978,0.8895499999999998,55.70877599999995,0.0
23,4,-0.9738279999999975,0.9085850000000022,55.655388999999936,0.0
23,5,-0.9736970000000014,0.9209679999999949,55.602844000000054,0.0
23,6,-0.9738579999999999,0.9308400000000034,55.55702599999998,0.0
23,7,-0.9738690000000005,0.9434240000000003,55.48176400000001,0.0
23,8,-0.9737590000000012,0.9570689999999971,55.38371900000005,0.0
23,9,-0.9736290000000025,0.9626620000000017,55.33598500000004,0.0
23,10,-0.9734300000000005,0.9697419999999966,55.26768800000004,0.0
23,11,-0.9729309999999955,0.9778860000000051,55.17477099999984,0.0
23,12,-0.9702040000000025,0.9814164999999981,55.073214500000084,0.00124949999999302
23,13,-0.9702040000000025,0.9814164999999981,55.073214500000084,0.0
23,14,-0.9658700000000024,0.9952359999999985,54.793879000000075,0.0
23,15,-0.9549980000000033,1.0118250000000018,54.31157700000005,0.0
23,16,-0.9302290000000042,1.0442889999999991,53.25493000000011,0.0
24,0,-0.9699860000000058,0.8469619999999978,55.686284000000136,0.0
24,1,-0.9698259999999976,0.8471220000000059,55.68244399999994,0.0
24,2,-0.9694399999999987,0.8895499999999998,55.61173899999997,0.0
24,3,-0.9690590000000014,0.8899309999999971,55.60183300000004,0.0
24,4,-0.9691159999999996,0.9084160000000026,55.547688999999984,0.0
24,5,-0.9689599999999956,0.9211239999999989,55.4931129999999,0.0
24,6,-0.969180999999999,0.9306790000000049,55.45042099999995,0.0
24,7,-0.9693530000000052,0.9434129999999996,55.377973000000125,0.0
24,8,-0.9692730000000012,0.9571490000000011,55.27990100000002,0.0
24,9,-0.9690549999999973,0.9628800000000055,55.22882099999989,0.0
24,10,-0.9687809999999999,0.970015999999994,55.158021000000055,0.0
24,11,-0.9678190000000058,0.9788479999999993,55.04661300000014,0.0
24,12,-0.9613839999999954,0.9846340000000033,54.82852699999985,0.00012199999999751299
24,13,-0.9613839999999954,0.9846340000000033,54.82852699999985,0.0
24,14,-0.9507029999999972,1.0059169999999966,54.29550399999998,0.0
24,15,-0.9262349999999984,1.0362930000000006,53.28300799999995,0.0
25,0,-0.9644369999999967,0.8471220000000059,55.553107999999916,0.0
25,1,-0.9641909999999996,0.847368000000003,55.54695799999999,0.0
25,2,-0.9639969999999991,0.8899309999999971,55.480344999999986,0.0
25,3,-0.9636080000000007,0.8903199999999956,55.46984200000003,0.0
25,4,-0.963550000000005,0.908417,55.41410100000012,0.0
25,5,-0.9633560000000045,0.9213179999999994,55.357647000000114,0.0
25,6,-0.9635390000000044,0.9304580000000016,55.3163390000001,0.0
25,7,-0.9638099999999952,0.9432409999999933,55.24614499999993,0.0
25,8,-0.9636799999999965,0.9572789999999998,55.14462899999992,0.0
25,9,-0.9633600000000015,0.9632000000000005,55.089261000000036,0.0
25,10,-0.9627759999999981,0.9705999999999975,55.00806099999998,0.0
25,11,-0.9607849999999942,0.9808390000000031,54.855895999999824,0.0
25,12,-0.9513310000000104,0.9893609999999953,54.52580400000031,0.0
25,13,-0.9456100000000021,0.9950820000000036,54.314127000000006,0.0
25,14,-0.92136,1.0301669999999987,53.25177200000002,0.0
26,0,-0.9577910000000003,0.847368000000003,55.38695800000001,0.0
26,1,-0.9575240000000029,0.8476350000000039,55.380016000000076,0.0
26,2,-0.9574619999999996,0.8903199999999956,55.316192,0.0
26,3,-0.957099999999997,0.8906819999999982,55.30605599999993,0.0
26,4,-0.9569289999999953,0.9085880000000017,55.24789199999987,0.0
26,5,-0.956748999999995,0.9214979999999997,55.19157199999987,0.0
26,6,-0.956744999999998,0.9302789999999987,55.147562999999955,0.0
26,7,-0.9570080000000019,0.9429700000000025,55.07799200000003,0.0
26,8,-0.956741000000001,0.9575460000000007,54.96901800000002,0.0
26,9,-0.9561430000000044,0.963797999999997,54.90345400000014,0.0
26,10,-0.9546199999999985,0.9721230000000034,54.78893099999993,0.0
26,11,-0.9500349999999997,0.9854240000000019,54.536710999999976,0.0
26,12,-0.9347680000000054,0.9998549999999966,53.98102800000018,0.0
26,13,-0.9128919999999994,1.0190350000000024,53.182091999999955,0.0
27,0,-0.9498840000000008,0.8476350000000039,55.18137600000002,0.0
27,1,-0.949541,0.8479780000000048,55.172115,0.0
27,2,-0.9495360000000019,0.8906819999999982,55.10939200000006,0.0
27,3,-0.9493259999999992,0.8908920000000009,55.10330199999998,0.0
27,4,-0.9491040000000055,0.9088099999999955,55.043554000000164,0.0
27,5,-0.9488529999999997,0.9217490000000055,54.98502099999997,0.0
27,6,-0.9485710000000012,0.9305609999999973,54.93334700000005,0.0
27,7,-0.9486279999999994,0.9427069999999986,54.86195299999999,0.0
27,8,-0.9481049999999982,0.9580690000000018,54.74029799999994,0.0
27,9,-0.9464299999999994,0.9654729999999958,54.63584100000002,0.0
27,10,-0.9425209999999993,0.9760320000000036,54.435266999999946,0.0
27,11,-0.9320720000000051,0.995872999999996,53.95473400000018,0.0
27,12,-0.9045979999999929,1.0231820000000056,52.912536999999745,0.0
28,0,-0.9403039999999976,0.8479779999999977,54.92271599999994,0.0
28,1,-0.9399240000000013,0.8483579999999904,54.91207600000004,0.0
28,2,-0.9398280000000021,0.8908920000000009,54.84685600000006,0.0
28,3,-0.939739000000003,0.890981,54.84418600000008,0.0
28,4,-0.9394609999999943,0.9090880000000041,54.78208099999983,0.0
28,5,-0.9391780000000054,0.9220319999999944,54.722381000000176,0.0
28,6,-0.9385600000000025,0.9311790000000002,54.659342000000066,0.0
28,7,-0.9381059999999977,0.9431040000000053,54.5750799999999,0.0
28,8,-0.936714000000002,0.9594609999999975,54.42160500000008,0.0
28,9,-0.9326280000000011,0.9695589999999967,54.22641300000006,0.0
28,10,-0.9228360000000038,0.9858240000000009,53.805852000000094,0.0
28,11,-0.8998149999999967,1.018894000000003,52.830563999999875,0.0
29,0,-0.9284190000000017,0.8483579999999904,54.58993600000005,0.0
29,1,-0.9279309999999974,0.8488459999999947,54.57578399999993,0.0
29,2,-0.9277479999999976,0.8710769999999997,54.548245999999935,0.0
29,3,-0.9277589999999982,0.9090880000000041,54.45442499999994,0.0
29,4,-0.9274150000000034,0.9094319999999989,54.4434170000001,0.0
29,5,-0.9270209999999963,0.9224260000000015,54.38001499999989,0.0
29,6,-0.9260370000000009,0.9321629999999956,54.30279400000005,0.0
29,7,-0.9245270000000048,0.9446140000000014,54.184298000000126,0.0
29,8,-0.9208720000000028,0.9631159999999994,53.94878900000008,0.0
29,9,-0.9109920000000002,0.9794389999999993,53.53168500000001,0.0
29,10,-0.8887179999999972,1.008098000000004,52.62780799999988,0.0
30,0,-0.9136160000000011,0.8488459999999947,54.160649000000035,0.0
30,1,-0.9130270000000031,0.8710769999999997,54.121337000000096,0.0
30,2,-0.9126660000000015,0.8909699999999994,54.07108200000005,0.0
30,3,-0.9126149999999988,0.9094319999999989,54.014216999999974,0.0
30,4,-0.9121689999999987,0.9098779999999991,53.999498999999965,0.0
30,5,-0.9114919999999991,0.9231030000000011,53.92628899999997,0.0
30,6,-0.9097289999999987,0.933925999999996,53.81928399999998,0.0
30,7,-0.9058909999999969,0.9484520000000032,53.616987999999886,0.0
30,8,-0.8967699999999965,0.9722369999999998,53.1768629999999,0.0
30,9,-0.8747519999999938,1.001457000000002,52.2825629999998,0.0
31,0,-0.8950999999999993,0.8494349999999997,53.605168999999975,0.0
31,1,-0.894364999999997,0.8501700000000056,53.582383999999905,0.0
31,2,-0.8938029999999983,0.8910210000000021,53.505089999999946,0.0
31,3,-0.8935390000000005,0.8912849999999999,53.49637800000002,0.0
31,4,-0.892906,0.9231030000000011,53.368708999999996,0.0
31,5,-0.8914600000000021,0.924548999999999,53.318099000000075,0.0
31,6,-0.8876899999999992,0.937695999999999,53.13549399999998,0.0
31,7,-0.8785060000000016,0.9722369999999998,52.62894300000005,0.0
31,8,-0.8577310000000011,1.001457000000002,51.77193300000002,0.0
32,0,-0.8721980000000009,0.8501700000000056,52.89520700000003,0.0
32,1,-0.8712820000000008,0.8510860000000022,52.86589500000002,0.0
32,2,-0.8704719999999995,0.8912849999999999,52.781300999999985,0.0
32,3,-0.869728000000002,0.8920289999999973,52.75600500000007,0.0
32,4,-0.8684200000000004,0.924548999999999,52.603859000000014,0.0
32,5,-0.8650300000000009,0.9279389999999985,52.48181900000003,0.0
32,6,-0.8563189999999992,0.9464070000000007,52.11072699999997,0.0
32,7,-0.835995999999998,0.977959000000002,51.27107899999992,0.0
33,0,-0.8442139999999974,0.8510860000000022,51.999718999999914,0.0
33,1,-0.8430679999999988,0.8522320000000008,51.96190099999996,0.0
33,2,-0.8418750000000017,0.8920289999999973,51.86470900000006,0.0
33,3,-0.8401219999999974,0.8937820000000016,51.80335399999991,0.0
33,4,-0.8370110000000004,0.9149299999999982,51.637247000000016,0.0
33,5,-0.8288099999999972,0.9361400000000017,51.2817739999999,0.0
33,6,-0.8095590000000001,0.9656579999999977,50.49890100000002,0.0
34,0,-0.8104800000000019,0.8522320000000008,50.88649700000006,0.0
34,1,-0.8089390000000023,0.8740029999999983,50.81387300000007,0.0
34,2,-0.8070050000000002,0.8937820000000016,50.710493,0.0
34,3,-0.8033050000000017,0.9149299999999982,50.52494900000006,0.0
34,4,-0.7957210000000003,0.9225139999999996,50.24434100000001,0.0
34,5,-0.7774050000000017,0.9656579999999977,49.43781900000007,0.0
35,0,-0.7705509999999975,0.8537729999999968,49.528910999999916,0.0
35,1,-0.7682280000000006,0.8759370000000004,49.427765000000015,0.0
35,2,-0.7645069999999983,0.8796580000000027,49.29380899999994,0.0
35,3,-0.7564390000000003,0.9055499999999981,48.959645000000016,0.0
35,4,-0.7391870000000011,0.9544560000000004,48.19441700000004,0.0
36,0,-0.7237040000000015,0.8560960000000009,47.88926600000005,0.0
36,1,-0.7196849999999984,0.8796580000000027,47.72503899999994,0.0
36,2,-0.7119330000000019,0.9055499999999981,47.40193500000007,0.0
36,3,-0.6948170000000005,0.9397659999999988,46.70022700000002,0.0
37,0,-0.669117,0.8601150000000075,45.924133999999995,0.0
37,1,-0.6612620000000007,0.8679699999999997,45.63349900000003,0.0
37,2,-0.6450829999999996,0.9035890000000002,44.999256999999986,0.0
38,0,-0.604965,0.8679699999999997,43.55051,0.0
38,1,-0.5892340000000011,0.8837010000000021,42.95273200000004,0.0
39,0,-0.5281120000000001,0.883700999999995,40.63009600000001,0.0
