0,0,-0.8667890000000007,0.699503,8.419109,0.0
0,1,-0.8667890000000007,0.699503,8.419109,0.0
0,2,-0.8612890000000011,0.8281580000000002,8.290454,0.0
0,3,-0.8542529999999999,0.9993239999999997,7.9481220000000015,0.0
0,4,-0.8446850000000001,1.235887,7.238433000000001,0.0
0,5,-0.8316670000000013,1.5628259999999994,5.930677000000003,0.0
0,6,-0.8149490000000004,1.9981880000000007,3.753866999999996,0.0
0,7,-0.7956719999999997,2.5423159999999996,0.48909900000000306,0.0
0,8,-0.7765009999999997,3.176587999999999,-3.950804999999992,0.0
0,9,-0.7609669999999973,3.889337000000001,-9.65279700000001,0.0
0,10,-0.751840000000005,4.741617999999999,-17.32332599999999,0.0
0,11,-0.755543000000003,5.942249,-29.329636,0.0
0,12,-0.7707710000000034,7.894722000000002,-50.80683900000002,0.0
0,13,-0.8236499999999864,20.552872,-211.74020800000002,0.0
0,14,-0.8236500000000149,20.552872,-211.740208,0.0
1,0,-0.8667890000000007,0.699503,8.419109,0.0
1,1,-0.8612890000000011,0.7050029999999996,8.413609000000001,0.0
1,2,-0.8542529999999999,0.8351940000000013,8.276381999999998,0.0
1,3,-0.8446850000000001,1.0088919999999995,7.919418000000002,0.0
1,4,-0.8316670000000013,1.2489049999999988,7.186361000000005,0.0
1,5,-0.8149490000000004,1.5795440000000003,5.847086999999998,0.0
1,6,-0.7956719999999997,2.0174650000000014,3.638204999999992,0.0
1,7,-0.7765009999999997,2.5614869999999996,0.3549020000000027,0.0
1,8,-0.7609669999999973,3.1921220000000012,-4.075077000000011,0.0
1,9,-0.7518400000000014,3.898463999999997,-9.734939999999973,0.0
1,10,-0.7501229999999985,4.743335000000002,-17.34049600000002,0.0
1,11,-0.26061999999999585,5.936828999999996,-29.76493899999997,0.0
1,12,-0.30915499999999696,7.879494000000001,-51.08571900000002,0.0
1,13,-0.30915499999999696,11.464424000000001,-94.10487900000001,0.0
2,0,-0.6529559999999996,0.7050029999999996,8.205276,0.0
2,1,-0.6328009999999997,0.8351940000000013,8.054929999999999,0.0
2,2,-0.6072630000000014,0.8607319999999996,7.978316000000003,0.0
2,3,-0.5734159999999999,1.042739000000001,7.546607999999997,0.0
2,4,-0.21357099999999996,1.2934260000000002,6.074857,0.0
2,5,-0.4737209999999994,1.6347179999999994,5.2299890000000016,0.0
2,6,-0.411957000000001,2.0792289999999998,2.883906000000003,0.0
2,7,-0.35166699999999906,2.6217770000000016,-0.49196200000001156,0.0
2,8,-0.30220600000000175,3.2415829999999985,-4.929525999999985,0.0
2,9,-0.2699870000000004,3.9306829999999984,-10.506763999999986,0.0
2,10,-0.25614500000000007,4.757177000000002,-17.97289400000002,0.0
2,11,-0.25614500000000007,5.932354,-29.724663999999997,0.0
2,12,0.24355299999999858,7.830959,-51.608715,0.0
3,0,-0.36160000000000014,0.7251580000000004,7.622564000000001,0.0
3,1,-0.3234469999999998,0.8607319999999996,7.410683999999999,0.0
3,2,-0.27548499999999976,0.9086939999999997,7.218836,0.0
3,3,-0.21357099999999996,1.1046530000000008,6.641175999999998,0.0
3,4,-0.13531600000000132,1.3716809999999988,5.605327000000008,0.0
3,5,-0.04283599999999943,1.7271980000000013,3.905818999999992,0.0
3,6,0.31905499999999876,2.1775959999999994,0.5681560000000072,0.0
3,7,0.1466499999999975,2.712895999999999,-2.126428999999984,0.0
3,8,0.2177250000000015,3.3126580000000025,-6.5379880000000234,0.0
3,9,0.26189000000000107,3.974847999999998,-11.968002999999985,0.0
3,10,0.27777499999999833,4.7730619999999995,-19.19958399999999,0.0
3,11,0.27777499999999833,5.898132,-30.450283999999996,0.0
4,0,-0.10094199999999987,0.7633109999999999,6.84059,0.0
4,1,-0.04593399999999992,0.9086939999999997,6.530183,0.0
4,2,0.02196700000000007,0.9765949999999997,6.190678,0.0
4,3,0.10628200000000021,1.188968000000001,5.428671999999997,0.0
4,4,0.20720900000000064,1.4726079999999993,4.174044,0.0
4,5,0.31905499999999876,1.8390439999999995,2.260916000000007,0.0
4,6,0.42994799999999955,2.288489,-0.42988099999999996,0.0
4,7,0.5253830000000015,2.808331000000001,-3.9306730000000094,0.0
4,8,0.5942349999999976,3.3815099999999987,-8.218333999999981,0.0
4,9,0.6309509999999996,4.011564,-13.405629999999999,0.0
4,10,0.6309509999999996,4.754900000000003,-20.095654000000025,0.0
5,0,0.1122879999999995,0.8183189999999998,5.987670000000002,0.0
5,1,0.1810229999999997,0.887054,5.643995000000001,0.0
5,2,0.26311199999999957,1.0586839999999995,5.061920000000002,0.0
5,3,0.35964199999999913,1.2854980000000005,4.125642000000003,0.0
5,4,0.46728900000000095,1.580255000000001,2.7031359999999918,0.0
5,5,0.5772440000000003,1.9489989999999988,0.678385000000004,0.0
5,6,0.7482150000000001,2.388261,-2.3727800000000006,0.0
5,7,0.7550559999999997,2.8863710000000005,-5.395645000000002,0.0
5,8,0.8033619999999999,3.429815999999999,-9.441289999999992,0.0
5,9,0.8033619999999999,4.005077,-14.043378,0.0
6,0,0.2918630000000002,0.887054,5.089794999999999,0.0
6,1,0.37005599999999994,0.9652469999999997,4.620637,0.0
6,2,0.45890300000000117,1.1475310000000007,3.905270999999992,0.0
6,3,0.5562710000000006,1.580255000000001,2.2582259999999934,0.0
6,4,0.6559019999999993,1.6798859999999998,1.3615470000000052,0.0
6,5,0.7482150000000001,2.0413119999999996,-0.6380349999999986,0.0
6,6,0.8234290000000009,2.4634750000000007,-3.200134000000009,0.0
6,7,0.8733180000000011,2.9362600000000008,-6.336178000000011,0.0
6,8,0.8994849999999985,3.4278759999999977,-9.934491999999974,0.0
7,0,0.4509930000000004,0.9652469999999997,4.135014999999997,0.0
7,1,0.5329370000000004,1.0471909999999998,3.5614069999999973,0.0
7,2,0.6200409999999987,1.234634999999999,2.76423500000001,0.0
7,3,0.7077169999999988,1.6798859999999998,1.0506570000000082,0.0
7,4,0.7889269999999993,1.7610960000000002,0.23855700000000368,0.0
7,5,0.8561360000000011,2.1085210000000014,-1.621606000000014,0.0
7,6,0.9019909999999989,2.5093299999999985,-3.946635999999984,0.0
7,7,0.8994849999999985,2.9362600000000008,-6.493179999999995,0.0
8,0,0.5935239999999995,1.0471909999999998,3.137298000000004,0.0
8,1,0.6722369999999991,1.1259039999999993,2.507594000000007,0.0
8,2,0.7493290000000012,1.3117270000000012,1.705034999999988,0.0
8,3,0.8196640000000013,1.7610960000000002,0.023397999999989594,0.0
8,4,0.8778300000000012,1.8192620000000002,-0.6164280000000097,0.0
8,5,0.9177459999999993,2.1484369999999995,-2.2524559999999916,0.0
8,6,0.9177459999999993,2.5039679999999986,-4.030110999999987,0.0
9,0,0.7167979999999998,1.1259039999999993,2.1511060000000013,0.0
9,1,0.7853590000000015,1.3117270000000012,1.4167949999999863,0.0
9,2,0.8463599999999989,1.3727279999999986,0.8067850000000121,0.0
9,3,0.8961410000000001,1.8192620000000002,-0.7629160000000006,0.0
9,4,0.9292524999999996,1.8523734999999997,-1.1602539999999948,0.0006954999999990719
9,5,0.9211009999999984,2.1484369999999995,-2.2792959999999844,0.0
10,0,0.8165309999999995,1.194465000000001,1.2535090000000046,0.0
10,1,0.8699899999999996,1.3727279999999986,0.5941150000000057,0.0
10,2,0.9125969999999999,1.415334999999999,0.1254380000000026,0.0
10,3,0.9380379999999997,1.8435879999999996,-1.2129669999999964,0.0028020000000008594
10,4,0.9292524999999996,1.8523734999999997,-1.1602539999999948,0.0
11,0,0.8903990000000004,1.2479240000000011,0.5148289999999953,0.0
11,1,0.9271709999999995,1.2846960000000003,0.11033700000000479,0.0
11,2,0.9458825000000006,1.6082545000000001,-0.5932560000000073,0.004753499999999633
11,3,0.9380379999999997,1.616099000000001,-0.5305000000000009,0.0
12,0,0.9396389999999997,1.2846960000000003,-0.02681099999999681,0.0
12,1,0.9526750000000002,1.2977320000000017,-0.1832430000000027,0.0065339999999984855
12,2,0.9458825000000006,1.6082545000000001,-0.5932560000000073,0.0
13,0,0.958342,1.292065000000001,-0.2512470000000011,0.00807800000000114
13,1,0.9526750000000002,1.2977320000000017,-0.1832430000000027,0.0
14,0,0.958342,1.292065000000001,-0.2512470000000011,0.0
