0,0,-0.9973116666666666,0.09577499999999972,15.223697,0.0
0,1,-0.9973116666666666,0.09577499999999972,15.223697,0.0
0,2,-0.9973901666666668,0.133166000000001,15.186305999999998,0.0
0,3,-0.9975318000000002,0.18026099999999978,15.092116,0.0
0,4,-0.9978171999999997,0.23748299999999922,14.920450000000002,0.0
0,5,-0.9981959999999998,0.30444400000000016,14.652605999999999,0.0
0,6,-0.9986825999999998,0.3797619999999995,14.276016000000002,0.0
0,7,-0.9992878000000001,0.46107900000000157,13.78811399999999,0.0
0,8,-1.0000182000000002,0.5451580000000007,13.199560999999996,0.0
0,9,-1.0008737999999997,0.6283119999999975,12.534329000000021,0.0
0,10,-1.0018492,0.7068150000000024,11.827801999999977,0.0
0,11,-1.0029334000000003,0.7775040000000004,11.120911999999997,0.0
0,12,-1.0041109999999995,0.8381789999999967,10.453487000000038,0.0
0,13,-1.0053628000000003,0.8881360000000029,9.854002999999963,0.0
0,14,-1.0066623999999997,0.9285389999999971,9.328764000000039,0.0
0,15,-1.0079828,0.9640870000000028,8.831091999999959,0.0
0,16,-1.0092798000000003,1.0068759999999983,8.189257000000026,0.0
0,17,-1.0105206000000002,1.0835170000000005,6.963000999999991,0.0
0,18,-1.011745,1.2408059999999992,4.289088000000014,0.0
0,19,-1.0132607499999997,1.5404909999999994,-1.1052419999999898,0.0
0,20,-1.0132607500000006,2.0536980000000007,-10.856175000000015,0.0
0,21,-1.0131803333333333,2.949497000000001,-28.77215500000002,0.0
0,22,-1.0087639999999993,4.7775880000000015,-67.16206600000004,0.0
0,23,-0.986015000000009,9.055129999999998,-161.26798999999997,0.0
1,0,-0.9972706666666665,0.09552899999999909,15.223697,0.04388666666666663
1,1,-0.9973116666666666,0.09577499999999972,15.223697,0.04379066666666809
1,2,-0.9973901666666668,0.133166000000001,15.186305999999998,0.04367716666666632
1,3,-0.9975318000000002,0.18026099999999978,15.092116,0.043558800000000675
1,4,-0.9978171999999997,0.23748299999999922,14.920450000000002,0.04350420000000066
1,5,-0.9981959999999998,0.30444400000000016,14.652605999999999,0.04344600000000087
1,6,-0.9986825999999998,0.3797619999999995,14.276016000000002,0.04338760000000019
1,7,-0.9992878000000001,0.46107900000000157,13.78811399999999,0.04333079999999856
1,8,-1.0000182000000002,0.5451580000000007,13.199560999999996,0.04327519999999718
1,9,-1.0008737999999997,0.6283119999999975,12.534329000000021,0.04322779999999926
1,10,-1.0018492,0.7068150000000024,11.827801999999977,0.04319120000000032
1,11,-1.0029334000000003,0.8322909999999997,10.518255000000005,0.043159399999997294
1,12,-1.0041109999999995,0.8381789999999967,10.453487000000038,0.04312900000000175
1,13,-1.0053628000000003,0.8881360000000029,9.854002999999963,0.043106800000000334
1,14,-1.0066623999999997,0.9574850000000019,8.923519999999971,0.043077400000001376
1,15,-1.0079828,1.000390999999997,8.286532000000047,0.043004799999997845
1,16,-1.0092798000000003,1.0068759999999983,8.189257000000026,0.04285780000000239
1,17,-1.0105206000000002,1.0835170000000005,6.963000999999991,0.042540599999999484
1,18,-1.011745,1.2408059999999992,4.289088000000014,0.04198199999999952
1,19,-1.0132607499999997,1.5404909999999994,-1.1052419999999898,0.041281750000002226
1,20,-1.0131803333333345,2.054019666666666,-10.862608333333323,0.03825433333333805
1,21,-1.0087639999999993,2.962746000000004,-29.050384000000086,0.029614999999999725
1,22,-0.9860150000000019,4.823085999999997,-68.16302199999994,0.0
2,0,-0.9972706666666665,0.09552899999999909,15.223697,0.02839133333333388
2,1,-0.9973116666666666,0.09577499999999972,15.223697,0.02820033333333427
2,2,-0.9973901666666668,0.133166000000001,15.186305999999998,0.027975333333332797
2,3,-0.9975318000000002,0.18026099999999978,15.092116,0.027743599999999535
2,4,-0.9978171999999997,0.23748299999999922,14.920450000000002,0.027634399999999504
2,5,-0.9981959999999998,0.30444400000000016,14.652605999999999,0.027518999999999183
2,6,-0.9986825999999998,0.3797619999999995,14.276016000000002,0.027402200000001375
2,7,-0.9992878000000001,0.46107900000000157,13.78811399999999,0.027289599999999137
2,8,-1.0000182000000002,0.5451580000000007,13.199560999999996,0.027186399999999278
2,9,-1.0008737999999997,0.6283119999999975,12.534329000000021,0.027091599999999882
2,10,-1.0018492,0.7068150000000024,11.827801999999977,0.027014399999997885
2,11,-1.0029334000000003,0.7775040000000004,11.120911999999997,0.026952799999997445
2,12,-1.0041109999999995,0.8818769999999994,9.929111000000006,0.026897000000000837
2,13,-1.0053628000000003,0.8881360000000029,9.854002999999963,0.026849599999998475
2,14,-1.0066623999999997,0.9285389999999971,9.328764000000039,0.02678279999999944
2,15,-1.0079828,0.9640870000000028,8.831091999999959,0.026655600000000224
2,16,-1.0092798000000003,1.0068759999999983,8.189257000000026,0.026360600000001178
2,17,-1.0105206000000002,1.0835170000000005,6.963000999999991,0.02573719999999957
2,18,-1.011745,1.2408059999999992,4.289088000000014,0.024636999999999354
2,19,-1.0132607499999997,1.5404909999999994,-1.1052419999999898,0.02328349999999979
2,20,-1.0131803333333345,2.054019666666666,-10.862608333333323,0.0172546666666733
2,21,-1.0087639999999993,2.962746000000004,-29.050384000000086,0.0
3,0,-0.9972706666666665,0.09552899999999909,15.223697,0.01591900000000024
3,1,-0.9973116666666666,0.09577499999999972,15.223697,0.01564100000000046
3,2,-0.9973901666666668,0.133166000000001,15.186305999999998,0.015313499999999536
3,3,-0.9975318000000002,0.18026099999999978,15.092116,0.014976400000000112
3,4,-0.9978171999999997,0.23748299999999922,14.920450000000002,0.014823600000000603
3,5,-0.9981959999999998,0.30444400000000016,14.652605999999999,0.014664000000000676
3,6,-0.9986825999999998,0.3797619999999995,14.276016000000002,0.014503799999999956
3,7,-0.9992878000000001,0.46107900000000157,13.78811399999999,0.014347400000000121
3,8,-1.0000182000000002,0.5451580000000007,13.199560999999996,0.014201599999999814
3,9,-1.0008737999999997,0.6283119999999975,12.534329000000021,0.014072399999999874
3,10,-1.0018492,0.7068150000000024,11.827801999999977,0.013964599999999994
3,11,-1.0029334000000003,0.7775040000000004,11.120911999999997,0.013876199999999894
3,12,-1.0041109999999995,0.8381789999999967,10.453487000000038,0.013800000000000257
3,13,-1.0053628000000003,0.8881360000000029,9.854002999999963,0.013728400000001528
3,14,-1.0066623999999997,0.9285389999999971,9.328764000000039,0.013639200000000073
3,15,-1.0079828,0.9640870000000028,8.831091999999959,0.013453399999997728
3,16,-1.0092798000000003,1.0068759999999983,8.189257000000026,0.013043400000000371
3,17,-1.0105206000000002,1.0835170000000005,6.963000999999991,0.012184800000001772
3,18,-1.011745,1.2408059999999992,4.289088000000014,0.010674000000001183
3,19,-1.0132607499999997,1.5404909999999994,-1.1052419999999898,0.008822250000002363
3,20,-1.0131803333333345,2.054019666666666,-10.862608333333323,0.0
4,0,-0.9972706666666665,0.09552899999999909,15.223697,0.0069706666666666806
4,1,-0.9973116666666666,0.09577499999999972,15.223697,0.006636666666667068
4,2,-0.9973901666666668,0.133166000000001,15.186305999999998,0.006244666666666898
4,3,-0.9975318000000002,0.18026099999999978,15.092116,0.005845200000000439
4,4,-0.9978171999999997,0.23748299999999922,14.920450000000002,0.005696799999999502
4,5,-0.9981959999999998,0.30444400000000016,14.652605999999999,0.005541999999998826
4,6,-0.9986825999999998,0.3797619999999995,14.276016000000002,0.005386399999999902
4,7,-0.9992878000000001,0.46107900000000157,13.78811399999999,0.00523320000000016
4,8,-1.0000182000000002,0.5451580000000007,13.199560999999996,0.005092799999999009
4,9,-1.0008737999999997,0.6283119999999975,12.534329000000021,0.004965200000000003
4,10,-1.0018492,0.7068150000000024,11.827801999999977,0.004858799999999164
4,11,-1.0029334000000003,0.7775040000000004,11.120911999999997,0.0047725999999990165
4,12,-1.0041109999999995,0.8381789999999967,10.453487000000038,0.004696000000000922
4,13,-1.0053628000000003,0.8881360000000029,9.854002999999963,0.004632199999999642
4,14,-1.0066623999999997,0.9285389999999971,9.328764000000039,0.004533600000002025
4,15,-1.0079828,0.9640870000000028,8.831091999999959,0.004356199999997479
4,16,-1.0092798000000003,1.0068759999999983,8.189257000000026,0.003957200000000327
4,17,-1.0105206000000002,1.0835170000000005,6.963000999999991,0.0031164000000023506
4,18,-1.011745,1.2408059999999992,4.289088000000014,0.0016650000000009157
4,19,-1.011745,1.534428,-0.9961080000000009,0.0
5,0,-0.9972706666666665,0.09552899999999909,15.223697,0.0009613333333335916
5,1,-0.9973116666666666,0.09577499999999972,15.223697,0.000671333333333024
5,2,-0.9973901666666668,0.133166000000001,15.186305999999998,0.00033183333333308696
5,3,-0.997467999999999,0.17994199999999339,15.092754000000014,0.0
5,4,-0.9975318000000002,0.23605600000000138,14.924730999999996,0.0
5,5,-0.9978171999999997,0.3025500000000001,14.660181999999999,0.0
5,6,-0.9981959999999998,0.3773289999999996,14.288181000000002,0.0
5,7,-0.9986825999999998,0.4580529999999996,13.806270000000001,0.0
5,8,-0.9992878000000001,0.541506,13.225125,0.0
5,9,-1.0000182000000002,0.624034,12.568553000000001,0.0
5,10,-1.0008737999999997,0.7019380000000002,11.871694999999997,0.0
5,11,-1.0018492,0.7720830000000003,11.175121999999998,0.0
5,12,-1.0029334000000003,0.8322909999999997,10.518255000000005,0.0
5,13,-1.0041109999999995,0.8818769999999994,9.929111000000006,0.0
5,14,-1.0053628000000003,0.9220410000000001,9.413238,0.0
5,15,-1.0066623999999997,0.9574850000000019,8.923519999999971,0.0
5,16,-1.0079828,1.000390999999997,8.286532000000047,0.0
5,17,-1.0092798000000003,1.0773130000000002,7.0622649999999965,0.0
5,18,-1.0105206000000002,1.2346840000000014,4.393161999999975,0.0
6,0,-0.9972706666666665,0.09552899999999909,15.223697,0.0
6,1,-0.9973116666666666,0.09577499999999972,15.223697,0.0
6,2,-0.9973116666666666,0.132695,15.186777,0.0
6,3,-0.9973901666666668,0.17947500000000005,15.093688,0.0
6,4,-0.9972510000000003,0.23627300000000062,14.922459,0.0
6,5,-0.9971040000000002,0.3026970000000002,14.655881,0.0
6,6,-0.9970590000000001,0.37737399999999965,14.282226000000003,0.0
6,7,-0.9971499999999995,0.4580529999999996,13.798607,0.0
6,8,-0.9974030000000003,0.541506,13.215701000000001,0.0
6,9,-0.9806050000000006,0.623602,12.458145000000002,0.0
6,10,-0.9984450000000002,0.7019380000000002,11.859551,0.0
6,11,-0.9992239999999999,0.7720830000000003,11.161995999999997,0.0
6,12,-1.0001479999999994,0.8322909999999997,10.504328000000001,0.0
6,13,-1.0001479999999994,0.8808789999999984,9.921272000000016,0.0
6,14,-1.002120999999999,0.9220410000000001,9.397028999999993,0.0
6,15,-1.002792000000003,0.9574850000000019,8.904167999999988,0.0
6,16,-1.002686999999998,1.0004960000000018,8.25837299999996,0.0
6,17,-1.001137,1.0788629999999984,6.995201000000026,0.0
7,0,-0.9869570000000003,0.09552899999999909,15.161815000000002,0.0
7,1,-0.9861900000000006,0.09629599999999883,15.156446000000004,0.0
7,2,-0.9853260000000006,0.13355899999999998,15.113135000000003,0.0
7,3,-0.984394,0.18040700000000065,15.012914999999998,0.0
7,4,-0.9834420000000001,0.23722500000000046,14.835797,0.0
7,5,-0.9825230000000005,0.3036159999999999,14.563800000000004,0.0
7,6,-0.9817040000000006,0.37819299999999956,14.185182000000006,0.0
7,7,-0.9810480000000013,0.4586179999999995,13.698040000000011,0.0
7,8,-0.9806050000000006,0.541696,13.113393000000004,0.0
7,9,-0.9804200000000005,0.6237870000000001,12.455370000000002,0.0
7,10,-0.980499,0.7013280000000002,11.757974999999998,0.0
7,11,-0.9808350000000008,0.7713040000000007,11.060230999999998,0.0
7,12,-0.9808350000000008,0.8308250000000008,10.405499999999996,0.0
7,13,-0.9820069999999994,0.8808789999999984,9.812426000000018,0.0
7,14,-0.9824370000000009,0.9210660000000015,9.292574999999985,0.0
7,15,-0.9820959999999985,0.9571550000000002,8.784941999999987,0.0
7,16,-0.979883000000001,1.0027089999999994,8.086141000000016,0.0
8,0,-0.965236,0.09629599999999883,15.009768000000001,0.0
8,1,-0.963519999999999,0.09801199999999888,14.996039999999994,0.0
8,2,-0.9615549999999988,0.1355240000000002,14.94280799999999,0.0
8,3,-0.9593939999999996,0.18256799999999984,14.831431999999998,0.0
8,4,-0.9571110000000003,0.23950799999999983,14.642348000000002,0.0
8,5,-0.9548100000000002,0.305917,14.358304,0.0
8,6,-0.9526059999999994,0.3803970000000003,13.968271999999995,0.0
8,7,-0.9506149999999991,0.4606089999999998,13.471071999999994,0.0
8,8,-0.9489419999999988,0.5433690000000002,12.87836799999999,0.0
8,9,-0.9476549999999992,0.6250739999999997,12.214431999999997,0.0
8,10,-0.9467959999999991,0.7021080000000008,11.514253999999985,0.0
8,11,-0.9463410000000003,0.7714229999999986,10.817464000000017,0.0
8,12,-0.9461820000000003,0.8309840000000008,10.161020999999993,0.0
8,13,-0.9460870000000003,0.8803439999999991,9.567941000000014,0.0
8,14,-0.8878299999999992,0.9212310000000006,8.570353999999986,0.0
8,15,-0.9432189999999991,0.9594280000000008,8.478707999999981,0.0
9,0,-0.9296570000000006,0.09801199999999888,14.725136000000006,0.0
9,1,-0.926393,0.10127600000000037,14.69576,0.0
9,2,-0.9226470000000004,0.13926999999999978,14.624052000000004,0.0
9,3,-0.9185040000000004,0.18671099999999985,14.491883000000005,0.0
9,4,-0.9140959999999998,0.24391600000000047,14.280595999999996,0.0
9,5,-0.9095940000000002,0.31041899999999956,13.974066000000004,0.0
9,6,-0.905195,0.3847960000000006,13.562589999999997,0.0
9,7,-0.9011010000000006,0.4647029999999992,13.046302000000011,0.0
9,8,-0.8974869999999999,0.5469830000000009,12.43781599999999,0.0
9,9,-0.894482,0.6280789999999996,11.762003000000004,0.0
9,10,-0.8921420000000015,0.7044479999999993,11.05362200000002,0.0
9,11,-0.8904139999999998,0.7731510000000004,10.351039999999994,0.0
9,12,-0.8891380000000009,0.8322599999999998,9.68935700000001,0.0
9,13,-0.8878299999999992,0.8816520000000008,9.084880999999983,0.0
9,14,-0.8854600000000001,0.9236009999999997,8.518214000000006,0.0
10,0,-0.8779509999999995,0.10127600000000214,14.259781999999994,0.0
10,1,-0.8723920000000005,0.13926999999999978,14.171757000000005,0.0
10,2,-0.8660319999999997,0.1456300000000006,14.101796999999996,0.0
10,3,-0.8590039999999997,0.19373899999999988,13.935298999999997,0.0
10,4,-0.8515199999999998,0.2514000000000003,13.687475999999997,0.0
10,5,-0.8438569999999999,0.31808199999999953,13.344118000000002,0.0
10,6,-0.836328,0.3923250000000005,12.897612999999996,0.0
10,7,-0.8292459999999995,0.4717849999999997,12.350032999999996,0.0
10,8,-0.8228910000000003,0.5533380000000001,11.715612000000002,0.0
10,9,-0.8174519999999994,0.6335180000000005,11.01978199999999,0.0
10,10,-0.8130089999999992,0.7088909999999995,10.296994999999997,0.0
10,11,-0.8094819999999991,0.7766780000000004,9.583854999999987,0.0
10,12,-0.8065350000000002,0.8352069999999987,8.910566000000017,0.0
10,13,-0.8033649999999994,0.8848220000000016,8.283485999999975,0.0
11,0,-0.8092360000000003,0.10683500000000024,13.572632000000002,0.0
11,1,-0.8005489999999993,0.1456300000000006,13.44696699999999,0.0
11,2,-0.7906620000000002,0.15551699999999968,13.328323000000001,0.0
11,3,-0.7797840000000003,0.20461699999999983,13.110465000000005,0.0
11,4,-0.7682360000000008,0.26294799999999974,12.808444000000009,0.0
11,5,-0.7564299999999999,0.3298880000000004,12.410817999999997,0.0
11,6,-0.744828,0.40392700000000037,11.913000999999998,0.0
11,7,-0.7338870000000002,0.48272599999999954,11.319856000000005,0.0
11,8,-0.7240000000000002,0.5632250000000001,10.647606000000001,0.0
11,9,-0.7154360000000004,0.6420820000000003,9.922546000000002,0.0
11,10,-0.7082840000000008,0.7160429999999991,9.178225000000017,0.0
11,11,-0.7023860000000006,0.7825760000000006,8.448017,0.0
11,12,-0.6971809999999987,0.8404120000000006,7.754565999999979,0.0
12,0,-0.7240519999999999,0.11552200000000035,12.635608,0.0
12,1,-0.7113940000000003,0.1281800000000004,12.483712000000004,0.0
12,2,-0.6970879999999999,0.20461699999999983,12.200809,0.0
12,3,-0.6814469999999995,0.26294799999999974,11.853764999999994,0.0
12,4,-0.6649349999999998,0.2794599999999994,11.606085,0.0
12,5,-0.6481240000000001,0.3466990000000001,11.135397000000001,0.0
12,6,-0.6316450000000007,0.42040599999999984,10.56911400000001,0.0
12,7,-0.6161159999999999,0.49825500000000034,9.915671999999997,0.0
12,8,-0.6020529999999997,0.5772880000000002,9.193684999999995,0.0
12,9,-0.5897899999999998,0.6543450000000002,8.430072999999997,0.0
12,10,-0.579400999999999,0.726432,7.656621999999988,0.0
12,11,-0.5706229999999994,0.7913540000000001,6.9020659999999925,0.0
13,0,-0.6243319999999999,0.12818000000000218,11.438967999999997,0.0
13,1,-0.6069309999999999,0.14558099999999996,11.212754999999998,0.0
13,2,-0.5874380000000001,0.18931599999999982,10.915611000000002,0.0
13,3,-0.5663010000000002,0.24139500000000025,10.536672000000001,0.0
13,4,-0.5441389999999995,0.30162200000000006,10.067884999999993,0.0
13,5,-0.5217079999999994,0.3691300000000002,9.50624999999999,0.0
13,6,-0.49982099999999985,0.4422929999999994,8.855904000000002,0.0
13,7,-0.4792480000000001,0.5188280000000001,8.129245000000001,0.0
13,8,-0.46061200000000024,0.5959240000000001,7.347305000000002,0.0
13,9,-0.4442940000000002,0.6706630000000002,6.537259000000001,0.0
13,10,-0.4303460000000001,0.74038,5.728482000000001,0.0
14,0,-0.5131550000000002,0.14558099999999996,9.993667000000004,0.0
14,1,-0.49039900000000003,0.1683369999999993,9.675083,0.0
14,2,-0.46517399999999975,0.24139500000000025,9.222020999999994,0.0
14,3,-0.438075,0.268494,8.788437,0.0
14,4,-0.40990300000000035,0.3691300000000002,8.052785000000004,0.0
14,5,-0.38159100000000024,0.4422929999999994,7.318914000000007,0.0
14,6,-0.3541229999999995,0.4697610000000001,6.797021999999993,0.0
14,7,-0.32839300000000016,0.5445579999999994,5.988020000000006,0.0
14,8,-0.30511399999999966,0.6192030000000006,5.139598999999991,0.0
14,9,-0.2846820000000001,0.6910949999999998,4.278415000000003,0.0
15,0,-0.3942929999999998,0.1683369999999993,8.329598999999998,0.0
15,1,-0.3657940000000002,0.19683599999999934,7.902114000000003,0.0
15,2,-0.33457400000000037,0.2457609999999999,7.3848890000000065,0.0
15,3,-0.301393,0.3297939999999997,6.690989000000002,0.0
15,4,-0.26722599999999996,0.36396099999999976,6.075983000000001,0.0
15,5,-0.23317200000000016,0.4314960000000001,5.295033000000002,0.0
15,6,-0.20034300000000016,0.5445579999999994,4.195320000000006,0.0
15,7,-0.1697299999999995,0.5751710000000001,3.552446999999992,0.0
15,8,-0.1420830000000004,0.6468499999999997,2.6359890000000084,0.0
16,0,-0.27170200000000033,0.19683599999999934,6.490734000000005,0.0
16,1,-0.23734399999999978,0.2457609999999999,5.926438999999997,0.0
16,2,-0.20018999999999965,0.30167500000000036,5.257300999999994,0.0
16,3,-0.16117099999999995,0.36396099999999976,4.485158,0.0
16,4,-0.12141599999999997,0.40371599999999974,3.7298130000000005,0.0
16,5,-0.082144,0.5025900000000001,2.6741429999999995,0.0
16,6,-0.04455399999999976,0.5751710000000001,1.674806999999996,0.0
16,7,-0.009675000000000544,0.6100499999999993,0.9074690000000132,0.0
17,0,-0.14904799999999985,0.23119400000000034,4.528269999999997,0.0
17,1,-0.10900900000000036,0.2712329999999996,3.847607000000006,0.0
17,2,-0.06631900000000002,0.32560500000000037,3.0675049999999997,0.0
17,3,-0.022057000000000215,0.38495599999999985,2.196349000000004,0.0
17,4,0.02253499999999997,0.44830799999999993,1.2482290000000007,0.0
17,5,0.06616299999999997,0.5401800000000003,0.11328099999999885,0.0
17,6,0.10760299999999923,0.6100499999999993,-0.9689789999999832,0.0
18,0,-0.029385999999999912,0.2712329999999996,2.4940159999999985,0.0
18,1,0.015855000000000175,0.32560500000000037,1.6705469999999965,0.0
18,2,0.06338299999999997,0.38495599999999985,0.743869000000001,0.0
18,3,0.11199899999999996,0.44830799999999993,-0.2726589999999991,0.0
18,4,0.16039599999999998,0.49670499999999995,-1.2889959999999996,0.0
18,5,0.20727099999999998,0.5816199999999996,-2.4927549999999976,0.0
19,0,0.08499699999999999,0.3164739999999999,0.43512200000000023,0.0
19,1,0.13470100000000018,0.3661780000000001,-0.5092540000000034,0.0
19,2,0.18611299999999975,0.42454499999999973,-1.5444489999999949,0.0
19,3,0.23797500000000005,0.49670499999999995,-2.6854180000000003,0.0
19,4,0.28896900000000025,0.5476990000000002,-3.8072860000000057,0.0
20,0,0.19261000000000017,0.3661780000000001,-1.6095250000000032,0.0
20,1,0.24581799999999987,0.4193859999999998,-2.673684999999997,0.0
20,2,0.299995,0.47872199999999987,-3.816561,0.0
20,3,0.3538649999999999,0.539304,-5.015124999999998,0.0
21,0,0.292662,0.4193859999999998,-3.6105649999999994,0.0
21,1,0.348268,0.47872199999999987,-4.782021,0.0
21,2,0.40398900000000015,0.539304,-6.017605000000002,0.0
22,0,0.38490199999999986,0.4749919999999985,-5.5476049999999955,0.0
22,1,0.44172600000000006,0.5318159999999992,-6.797733000000001,0.0
23,0,0.46945000000000014,0.5318159999999992,-7.407661000000003,0.0
