0,0,-0.9923073333333333,0.20158400000000043,13.573328,0.0
0,1,-0.9923073333333333,0.20158400000000043,13.573328,0.0
0,2,-0.9924133333333334,0.22894099999999895,13.545971000000002,0.0
0,3,-0.9924856666666665,0.2589220000000001,13.486009,0.0
0,4,-0.9925896666666668,0.29063900000000054,13.390857999999998,0.0
0,5,-0.9927366666666663,0.3241049999999994,13.256994000000002,0.0
0,6,-0.9929549999999994,0.359197,13.081534,0.0
0,7,-0.9933315,0.3963560000000008,12.858579999999995,0.0
0,8,-0.9937139999999989,0.4357199999999981,12.583032000000014,0.0
0,9,-0.9941995000000006,0.4750500000000031,12.268391999999974,0.0
0,10,-0.9947419999999996,0.5152949999999983,11.906187000000017,0.0
0,11,-0.9953440000000002,0.5567920000000015,11.491216999999985,0.0
0,12,-0.9960164999999996,0.5981819999999978,11.035927000000026,0.0
0,13,-0.9969675000000002,0.6371010000000012,10.568898999999984,0.0
0,14,-0.9977799999999988,0.6823939999999986,9.980090000000018,0.0
0,15,-0.9986569999999997,0.7258600000000008,9.371565999999987,0.0
0,16,-0.9996025,0.7706340000000012,8.699955999999982,0.0
0,17,-1.0003595,0.8201119999999982,7.90830800000003,0.0
0,18,-1.0014385000000008,0.8648000000000025,7.148611999999957,0.0
0,19,-1.0025969999999997,0.9173849999999995,6.202082000000011,0.0
0,20,-1.003836999999999,0.9743919999999981,5.118949000000036,0.0
0,21,-1.0051649999999999,1.0378450000000008,3.8498889999999832,0.0
0,22,-1.006589,1.1077270000000006,2.382366999999988,0.0
0,23,-1.0081309999999988,1.187148999999998,0.6350830000000443,0.0
0,24,-1.0097830000000005,1.2839610000000015,-1.5915930000000351,0.0
0,25,-1.011965,1.390905,-4.158249000000005,0.0
0,26,-1.0139595000000003,1.536678000000002,-7.80257400000005,0.0
0,27,-1.016141000000001,1.7101410000000001,-12.312612000000001,0.0
0,28,-1.0186289999999971,1.9210239999999956,-18.00645299999988,0.0
0,29,-1.0214824999999976,2.1852990000000005,-25.406153000000018,0.0
0,30,-1.024742500000002,2.5179370000000034,-35.0526550000001,0.0
0,31,-1.0278740000000006,2.95111,-48.047844999999995,0.0
0,32,-1.0315460000000058,3.4978149999999957,-64.99569999999986,0.0
0,33,-1.0321175000000125,4.2653840000000045,-89.55790800000014,0.0
0,34,-1.0321175000000125,5.426967999999995,-127.89017999999982,0.0
0,35,-1.0237889999999936,7.299225,-191.546918,0.0
0,36,-0.995537000000013,10.504890000000003,-303.7451930000001,0.0
0,37,-0.8737409999998818,16.392296,-515.6918090000001,0.0
0,38,-0.5344699999998284,28.562118999999996,-965.9752599999999,0.0
0,39,-0.030837999999675958,57.614738,-2069.9747820000002,0.0
1,0,-0.9922893333333332,0.20153,13.573328,0.015178333333332406
1,1,-0.9923073333333333,0.20158400000000043,13.573328,0.014993333333333525
1,2,-0.9924133333333334,0.22894099999999895,13.545971000000002,0.01484333333333332
1,3,-0.9924856666666665,0.2589220000000001,13.486009,0.01463966666666694
1,4,-0.9925896666666668,0.29063900000000054,13.390857999999998,0.014422666666665918
1,5,-0.9927366666666663,0.3241049999999994,13.256994000000002,0.014206666666667034
1,6,-0.9929549999999994,0.359197,13.081534,0.014019000000000226
1,7,-0.9933315,0.3963560000000008,12.858579999999995,0.013932499999999237
1,8,-0.9937139999999989,0.4357199999999981,12.583032000000014,0.013818000000000552
1,9,-0.9941995000000006,0.4750500000000031,12.268391999999974,0.013729499999998396
1,10,-0.9947419999999996,0.5152949999999983,11.906187000000017,0.01363800000000115
1,11,-0.9953440000000002,0.5567920000000015,11.491216999999985,0.013551000000000535
1,12,-0.9960164999999996,0.5981819999999978,11.035927000000026,0.013472499999998888
1,13,-0.9969675000000002,0.6371010000000012,10.568898999999984,0.013438499999999465
1,14,-0.9977799999999988,0.6823939999999986,9.980090000000018,0.013362999999998237
1,15,-0.9986569999999997,0.7258600000000008,9.371565999999987,0.01328299999999949
1,16,-0.9996025,0.7706340000000012,8.699955999999982,0.013203499999997703
1,17,-1.0003595,0.8201119999999982,7.90830800000003,0.013068500000001038
1,18,-1.0014385000000008,0.8648000000000025,7.148611999999957,0.012977499999999864
1,19,-1.0025969999999997,0.9173849999999995,6.202082000000011,0.012905999999999196
1,20,-1.003836999999999,0.9743919999999981,5.118949000000036,0.012832000000001287
1,21,-1.0051649999999999,1.0378450000000008,3.8498889999999832,0.012750999999999735
1,22,-1.006589,1.1077270000000006,2.382366999999988,0.01266799999999968
1,23,-1.0081309999999988,1.187148999999998,0.6350830000000443,0.012608000000000175
1,24,-1.0097830000000005,1.2839610000000015,-1.5915930000000351,0.012514000000001246
1,25,-1.011965,1.390905,-4.158249000000005,0.012522000000000588
1,26,-1.0139595000000003,1.536678000000002,-7.80257400000005,0.012418499999997223
1,27,-1.016141000000001,1.7101410000000001,-12.312612000000001,0.012280000000000513
1,28,-1.0186289999999971,1.9210239999999956,-18.00645299999988,0.012143999999999266
1,29,-1.0214824999999976,2.1852990000000005,-25.406153000000018,0.011987499999996487
1,30,-1.024742500000002,2.5179370000000034,-35.0526550000001,0.011814499999999839
1,31,-1.0278740000000006,2.95111,-48.047844999999995,0.011376000000002051
1,32,-1.0315460000000058,3.4978149999999957,-64.99569999999986,0.010549000000011688
1,33,-1.0321175000000125,4.2653840000000045,-89.55790800000014,0.007005500000005327
1,34,-1.0237889999999936,5.443625000000029,-128.45651800000098,0.0
1,35,-0.9955369999999704,7.340286000000037,-192.98405300000132,0.0
1,36,-0.873740999999967,10.632755000000044,-308.3483330000016,0.0
1,37,-0.534469999999942,16.731567,-528.244836,0.0
1,38,0.119332,29.06575099999999,-985.2634459999996,0.0
2,0,-0.9922893333333332,0.20153,13.573328,0.0014046666666662766
2,1,-0.9923073333333333,0.20158400000000043,13.573328,0.0011746666666667682
2,2,-0.9924133333333334,0.22894099999999895,13.545971000000002,0.000988666666668081
2,3,-0.9924856666666665,0.2589220000000001,13.486009,0.0007363333333330058
2,4,-0.9925896666666668,0.29063900000000054,13.390857999999998,0.0004723333333334079
2,5,-0.9927366666666663,0.3241049999999994,13.256994000000002,0.00020833333333247772
2,6,-0.9928580000000004,0.359003000000002,13.08250399999999,0.0
2,7,-0.9929549999999994,0.3956029999999995,12.863098000000003,0.0
2,8,-0.9933315,0.4349550000000004,12.588386999999997,0.0
2,9,-0.9937139999999989,0.4740789999999997,12.27616,0.0
2,10,-0.9941995000000006,0.5142100000000003,11.915951999999999,0.0
2,11,-0.9947419999999996,0.5555880000000002,11.503256999999998,0.0
2,12,-0.9953440000000002,0.596836999999999,11.050722000000013,0.0
2,13,-0.9960164999999996,0.6351990000000001,10.591722999999998,0.0
2,14,-0.9969675000000002,0.6807690000000015,10.00121499999998,0.0
2,15,-0.9977799999999988,0.724105999999999,9.396122000000013,0.0
2,16,-0.9986569999999997,0.7687430000000006,8.72832099999999,0.0
2,17,-0.9957239999999992,0.8185979999999979,7.924775000000032,0.0
2,18,-1.0003595,0.862642000000001,7.185297999999982,0.0
2,19,-1.0014385000000008,0.9150680000000015,6.243787999999974,0.0
2,20,-1.0025969999999997,0.9719119999999997,5.166069000000007,0.0
2,21,-1.003836999999999,1.035188999999999,3.9030090000000186,0.0
2,22,-1.0051649999999999,1.1048790000000004,2.4421749999999918,0.0
2,23,-1.006589,1.1840650000000004,0.7029309999999924,0.0
2,24,-1.0081309999999988,1.280656999999998,-1.515600999999954,0.0
2,25,-1.0097830000000005,1.3865410000000011,-4.053513000000027,0.0
2,26,-1.0119649999999982,1.5326890000000013,-7.702849000000036,0.0
2,27,-1.0139595000000021,1.7057779999999987,-12.199173999999964,0.0
2,28,-1.016141000000001,1.9160480000000035,-17.872101000000093,0.0
2,29,-1.0186289999999971,2.1795919999999995,-25.24635699999999,0.0
2,30,-1.0214824999999976,2.5114169999999945,-34.86357499999984,0.0
2,31,-1.0148620000000008,2.944847000000003,-47.87971600000008,0.0
2,32,-1.0278740000000042,3.4904709999999994,-64.76803599999998,0.0
2,33,-1.0108139999999963,4.264240999999998,-89.56279599999996,0.0
2,34,-1.008346000000003,5.459068000000002,-128.99702300000007,0.0
2,35,-0.8798099999999991,7.456012999999999,-197.15022499999998,0.0
2,36,-0.47727599999999626,10.993693999999998,-321.77412799999996,0.0
2,37,0.119332,17.363701000000006,-552.2875960000002,0.0
3,0,-0.9922893333333332,0.20153,13.573328,0.0
3,1,-0.9923073333333333,0.20158400000000043,13.573328,0.0
3,2,-0.9923073333333333,0.2286229999999989,13.546289000000002,0.0
3,3,-0.9924133333333334,0.25870500000000085,13.486442999999998,0.0
3,4,-0.9924856666666665,0.29032699999999956,13.391794,0.0
3,5,-0.9925896666666668,0.32366400000000084,13.258757999999997,0.0
3,6,-0.9927366666666663,0.35863900000000015,13.084323999999999,0.0
3,7,-0.9928159999999995,0.395645,12.862525999999999,0.0
3,8,-0.9926600000000008,0.43511099999999914,12.585796000000009,0.0
3,9,-0.9927140000000012,0.4740789999999997,12.274160000000006,0.0
3,10,-0.9928350000000012,0.5142100000000003,11.913223,0.0
3,11,-0.9648009999999996,0.5554050000000004,11.417170999999996,0.0
3,12,-0.9930180000000011,0.5965749999999996,11.048952000000007,0.0
3,13,-0.9932800000000004,0.6345690000000008,10.59380999999999,0.0
3,14,-0.9943300000000015,0.6807690000000015,9.995939999999983,0.0
3,15,-0.9948389999999989,0.724105999999999,9.390240000000013,0.0
3,16,-0.9954180000000008,0.7687430000000006,8.721842999999993,0.0
3,17,-0.9954180000000008,0.8182919999999996,7.929059000000009,0.0
3,18,-0.9645200000000003,0.8618950000000005,7.095113999999992,0.0
3,19,-0.9964709999999997,0.9142459999999986,6.248649000000025,0.0
3,20,-0.9972930000000026,0.9710099999999997,5.172599000000012,0.0
3,21,-0.9981950000000026,1.0341970000000025,3.911564999999957,0.0
3,22,-0.9666510000000024,1.1038180000000004,2.3548919999999995,0.0
3,23,-0.9675469999999997,1.1828449999999968,0.6189860000000706,0.0
3,24,-0.968275000000002,1.2794240000000023,-1.6001470000000495,0.0
3,25,-1.0027009999999983,1.3846479999999985,-4.02224499999997,0.0
3,26,-0.9702909999999996,1.5312170000000016,-7.783700000000042,0.0
3,27,-1.0060660000000006,1.7042159999999988,-12.174348999999964,0.0
3,28,-0.9720650000000042,1.914189000000004,-17.945623000000094,0.0
3,29,-1.009487,2.177474999999994,-25.20536499999983,0.0
3,30,-1.0116040000000055,2.509040000000006,-34.81439900000016,0.0
3,31,-0.9736550000000008,2.943965999999996,-47.976025999999884,0.0
3,32,-1.0108139999999963,3.494519000000004,-64.93169200000013,0.0
3,33,-0.9373520000000042,4.295611999999998,-90.78705399999993,0.0
3,34,-0.8505249999999975,5.587986000000001,-133.69587700000002,0.0
3,35,-0.47727599999999626,7.829262,-211.01900800000004,0.0
3,36,0.19554899999999975,11.666518999999994,-347.3414779999998,0.0
4,0,-0.9711060000000007,0.20153,13.509778000000003,0.0
4,1,-0.970421,0.2022150000000007,13.507038,0.0
4,2,-0.9699010000000001,0.22914299999999876,13.478030000000002,0.0
4,3,-0.9691969999999994,0.25940900000000156,13.414681999999994,0.0
4,4,-0.9685039999999994,0.2910199999999996,13.317077,0.0
4,5,-0.932246000000001,0.32435100000000006,13.038721000000004,0.0
4,6,-0.9671669999999999,0.3592890000000004,13.003714999999998,0.0
4,7,-0.9665569999999999,0.396255,12.779479,0.0
4,8,-0.965762999999999,0.435905,12.498752999999997,0.0
4,9,-0.9652459999999987,0.4745419999999996,12.187589,0.0
4,10,-0.9648009999999996,0.5145339999999994,11.825881000000004,0.0
4,11,-0.9644200000000005,0.5557859999999994,11.411837000000007,0.0
4,12,-0.9219799999999996,0.5968620000000016,10.79024099999998,0.0
4,13,-0.9641329999999986,0.6345639999999992,10.506429000000004,0.0
4,14,-0.9640550000000001,0.6804319999999997,9.909833000000004,0.0
4,15,-0.9190640000000005,0.7235829999999996,9.125755000000009,0.0
4,16,-0.9640690000000021,0.7680430000000023,8.638874999999974,0.0
4,17,-0.9641759999999984,0.8183059999999998,7.835094999999999,0.0
4,18,-0.9641759999999984,0.8615509999999986,7.099930000000018,0.0
4,19,-0.9645200000000003,0.9138449999999985,6.160014000000029,0.0
4,20,-0.9649210000000004,0.9705000000000013,5.085172999999976,0.0
4,21,-0.9654309999999988,1.0336220000000012,3.824772999999972,0.0
4,22,-0.9168309999999984,1.1031729999999982,2.1698020000000326,0.0
4,23,-0.9666510000000024,1.1819489999999995,0.6360100000000202,0.0
4,24,-0.9172899999999977,1.278696,-1.7866150000000118,0.0
4,25,-0.968275000000002,1.3834860000000013,-4.097635000000029,0.0
4,26,-0.9694369999999992,1.5303630000000013,-7.7649120000000345,0.0
4,27,-0.9702909999999996,1.7035330000000002,-12.263916000000005,0.0
4,28,-0.9709739999999982,1.913097999999998,-17.91943899999995,0.0
4,29,-0.9720650000000042,2.176314999999999,-25.285150999999956,0.0
4,30,-0.9732249999999993,2.5086100000000044,-34.91706600000013,0.0
4,31,-0.9098590000000044,2.9494089999999957,-48.394499999999844,0.0
4,32,-0.9373520000000042,3.525379000000001,-66.139598,0.0
4,33,-0.7594410000000025,4.421284,-95.52020199999998,0.0
4,34,-0.4430280000000053,5.956637999999998,-147.45253599999992,0.0
4,35,0.26546100000000195,8.508599000000004,-237.05316600000015,0.0
5,0,-0.938053,0.2022150000000007,13.377566,0.0
5,1,-0.9366149999999998,0.20365300000000097,13.370375999999998,0.0
5,2,-0.9353239999999996,0.23043399999999892,13.33714,0.0
5,3,-0.9337970000000002,0.26093600000000094,13.268500999999999,0.0
5,4,-0.932246000000001,0.2925709999999988,13.16584100000001,0.0
5,5,-0.930689000000001,0.3259080000000001,13.024708000000004,0.0
5,6,-0.9291590000000003,0.3608190000000011,12.842502999999995,0.0
5,7,-0.9276820000000008,0.39773199999999953,12.613640000000007,0.0
5,8,-0.9259470000000007,0.43764000000000003,12.325609000000004,0.0
5,9,-0.9245460000000012,0.4759429999999991,12.012180000000013,0.0
5,10,-0.923233999999999,0.5158460000000016,11.64649299999998,0.0
5,11,-0.8663500000000006,0.5570399999999989,10.950133000000015,0.0
5,12,-0.9208700000000007,0.5979720000000004,10.772480999999999,0.0
5,13,-0.8615790000000008,0.6355319999999995,10.025306000000008,0.0
5,14,-0.9190640000000005,0.6812699999999996,9.718137000000008,0.0
5,15,-0.918355,0.7242920000000002,9.112283999999997,0.0
5,16,-0.9177820000000025,0.7686159999999997,8.444559000000016,0.0
5,17,-0.9173280000000013,0.818760000000001,7.639984999999989,0.0
5,18,-0.917072000000001,0.8618069999999989,6.906906000000024,0.0
5,19,-0.9168829999999986,0.9140340000000009,5.965874999999976,0.0
5,20,-0.9167869999999994,0.9705960000000005,4.890716999999988,0.0
5,21,-0.9167869999999994,1.0336210000000001,3.6302169999999947,0.0
5,22,-0.9167880000000004,1.1031300000000002,2.170532999999999,0.0
5,23,-0.9168309999999984,1.1814900000000002,0.44682799999998934,0.0
5,24,-0.9172779999999996,1.2787079999999982,-1.7869509999999593,0.0
5,25,-0.9172779999999996,1.3834440000000008,-4.300615000000018,0.0
5,26,-0.9172880000000028,1.5303949999999986,-7.974339999999952,0.0
5,27,-0.8450919999999975,1.7040850000000027,-12.851260000000082,0.0
5,28,-0.8428080000000016,1.9132319999999972,-18.509648999999914,0.0
5,29,-0.9156839999999988,2.177233000000001,-25.537297000000038,0.0
5,30,-0.9098590000000044,2.514434999999999,-35.345279999999946,0.0
5,31,-0.8796419999999969,2.979626000000003,-49.45209500000012,0.0
5,32,-0.7594410000000025,3.6455799999999954,-70.69767399999984,0.0
5,33,-0.4029430000000005,4.777782000000002,-108.71062800000007,0.0
5,34,0.2929770000000005,6.6250420000000005,-173.14980800000004,0.0
6,0,-0.8933939999999998,0.20365300000000275,13.154270999999998,0.0
6,1,-0.8908529999999999,0.206194,13.139025,0.0
6,2,-0.8883449999999993,0.23294199999999954,13.097228999999997,0.0
6,3,-0.8856169999999999,0.26366400000000034,13.019416999999999,0.0
6,4,-0.882828,0.29535999999999873,12.907595000000004,0.0
6,5,-0.8800129999999999,0.3287230000000001,12.757252999999999,0.0
6,6,-0.8772150000000014,0.36361699999999963,12.56599500000001,0.0
6,7,-0.8744890000000005,0.4004580000000004,12.328593,0.0
6,8,-0.871556,0.44057300000000055,12.030189999999996,0.0
6,9,-0.8688939999999992,0.47860499999999995,11.709961999999996,0.0
6,10,-0.7967589999999998,0.5183900000000001,10.919086999999998,0.0
6,11,-0.7925939999999994,0.5595350000000003,10.482646999999993,0.0
6,12,-0.8615790000000008,0.6002479999999988,10.448714000000018,0.0
6,13,-0.784618,0.6377590000000009,9.536815999999988,0.0
6,14,-0.85745,0.683171999999999,9.383439000000013,0.0
6,15,-0.8557489999999994,0.7259930000000008,8.773738999999985,0.0
6,16,-0.8542269999999998,0.7701379999999993,8.10243200000001,0.0
6,17,-0.8530629999999988,0.8199240000000021,7.2988719999999585,0.0
6,18,-0.852053999999999,0.8628159999999987,6.563654000000017,0.0
6,19,-0.85107,0.9150179999999999,5.618114000000002,0.0
6,20,-0.8502080000000021,0.9714579999999984,4.540582000000043,0.0
6,21,-0.8494379999999992,1.034391000000003,3.277301999999935,0.0
6,22,-0.8487089999999995,1.103859,1.8140999999999998,0.0
6,23,-0.8485580000000006,1.181640999999999,0.10199000000002556,0.0
6,24,-0.8475129999999993,1.2797529999999995,-2.160855999999992,0.0
6,25,-0.8462950000000014,1.3846619999999987,-4.685979999999962,0.0
6,26,-0.754527999999997,1.5315980000000025,-8.909982000000081,0.0
6,27,-0.8428080000000016,1.7063689999999987,-12.92434799999996,0.0
6,28,-0.8405549999999984,1.9154850000000003,-18.58399800000002,0.0
6,29,-0.8335719999999966,2.184216000000003,-26.150364000000103,0.0
6,30,-0.7110460000000032,2.543517999999999,-37.305277999999944,0.0
6,31,-0.6911929999999984,3.0929220000000015,-53.90651600000005,0.0
6,32,-0.28799000000000063,3.9846689999999967,-83.96989099999989,0.0
6,33,0.2929770000000005,5.4228629999999995,-133.47790099999997,0.0
7,0,-0.8359629999999996,0.206194,12.809684999999998,0.0
7,1,-0.8319300000000007,0.23294199999999954,12.758739000000006,0.0
7,2,-0.8277640000000002,0.2371080000000001,12.725411000000001,0.0
7,3,-0.8234130000000004,0.2680150000000001,12.633140000000003,0.0
7,4,-0.8189629999999992,0.2998099999999999,12.506604999999995,0.0
7,5,-0.8144489999999998,0.33323699999999956,12.341299,0.0
7,6,-0.8099589999999992,0.3681070000000002,12.135518999999993,0.0
7,7,-0.8055969999999988,0.40482000000000085,11.884706999999986,0.0
7,8,-0.8010809999999999,0.4450889999999994,11.571212000000004,0.0
7,9,-0.7967589999999998,0.4829270000000001,11.238253999999998,0.0
7,10,-0.7925939999999994,0.5225550000000005,10.85244699999999,0.0
7,11,-0.788437,0.5636919999999996,10.411978000000005,0.0
7,12,-0.784618,0.6040669999999988,9.941120000000014,0.0
7,13,-0.7808860000000006,0.6414910000000003,9.465908,0.0
7,14,-0.7776199999999989,0.6864380000000008,8.858734999999982,0.0
7,15,-0.7746139999999997,0.728999,8.241838999999999,0.0
7,16,-0.7718869999999995,0.7728649999999995,7.564760000000005,0.0
7,17,-0.7696820000000013,0.8221290000000003,6.761101000000004,0.0
7,18,-0.7677690000000013,0.8647289999999987,6.02351000000003,0.0
7,19,-0.7657880000000006,0.9169990000000006,5.068782999999993,0.0
7,20,-0.7639829999999996,0.9732629999999993,3.9871320000000097,0.0
7,21,-0.7622730000000004,1.0361010000000022,2.7184019999999585,0.0
7,22,-0.7605830000000005,1.105549,1.2481640000000063,0.0
7,23,-0.7595230000000015,1.182700999999998,-0.45659999999994483,0.0
7,24,-0.7571799999999982,1.2820960000000028,-2.759086000000078,0.0
7,25,-0.6458110000000019,1.387314,-6.063900999999987,0.0
7,26,-0.6415400000000027,1.5343479999999978,-9.769647999999926,0.0
7,27,-0.6365820000000006,1.7110500000000002,-14.398606000000001,0.0
7,28,-0.6267759999999996,1.9233149999999988,-20.19840299999997,0.0
7,29,-0.5998329999999967,2.2124370000000013,-28.482420000000054,0.0
7,30,-0.502559999999999,2.649053000000002,-41.825195000000065,0.0
7,31,-0.28799000000000063,3.410443000000001,-66.16888500000002,0.0
7,32,0.3235430000000008,4.596201999999998,-107.20814499999994,0.0
8,0,-0.7651720000000006,0.21022699999999972,12.314148000000005,0.0
8,1,-0.7592429999999997,0.2371080000000001,12.245763999999998,0.0
8,2,-0.753025,0.2433259999999997,12.189802,0.0
8,3,-0.7466310000000007,0.27440899999999946,12.076484000000008,0.0
8,4,-0.7400770000000003,0.3063640000000003,11.928187000000001,0.0
8,5,-0.7334420000000001,0.33987199999999973,11.741075000000002,0.0
8,6,-0.7268429999999997,0.37470600000000065,11.514112999999995,0.0
8,7,-0.7204230000000003,0.41124000000000027,11.243549000000002,0.0
8,8,-0.7139050000000005,0.4516069999999992,10.90883600000001,0.0
8,9,-0.7075170000000011,0.4893149999999995,10.556068000000012,0.0
8,10,-0.701352,0.5287200000000016,10.152102999999984,0.0
8,11,-0.6951750000000008,0.5698689999999988,9.691197000000018,0.0
8,12,-0.6894519999999993,0.6097900000000003,9.206281999999991,0.0
8,13,-0.683935,0.6470079999999996,8.715530000000005,0.0
8,14,-0.6790079999999996,0.6913650000000011,8.099472999999982,0.0
8,15,-0.6744540000000008,0.7335529999999988,7.472409000000024,0.0
8,16,-0.6702759999999994,0.7770430000000008,6.786634999999983,0.0
8,17,-0.6667760000000005,0.8256289999999993,5.981259000000016,0.0
8,18,-0.6637449999999987,0.8677600000000005,5.24078399999998,0.0
8,19,-0.6605850000000011,0.9201589999999982,4.272322000000042,0.0
8,20,-0.6576609999999974,0.976187000000003,3.18439799999992,0.0
8,21,-0.6548639999999999,1.0388979999999997,1.9078020000000073,0.0
8,22,-0.652037,1.1083759999999998,0.42614800000000486,0.0
8,23,-0.649721999999997,1.185016000000001,-1.278452000000044,0.0
8,24,-0.6458110000000019,1.286006999999998,-3.6325329999999347,0.0
8,25,-0.5151739999999982,1.3915849999999992,-7.211500999999995,0.0
8,26,-0.5087319999999984,1.5393059999999998,-10.95606200000001,0.0
8,27,-0.4990169999999985,1.7208560000000013,-15.75408200000005,0.0
8,28,-0.47250899999999874,1.9502580000000016,-22.160000000000053,0.0
8,29,-0.502559999999999,2.309709999999999,-31.98424799999998,0.0
8,30,-0.11823800000000162,2.9417709999999992,-53.38859299999996,0.0
8,31,0.35983199999999727,3.980117,-88.36353299999996,0.0
9,0,-0.6814539999999996,0.2161559999999998,11.644403999999996,0.0
9,1,-0.6732550000000002,0.2433259999999997,11.551642000000001,0.0
9,2,-0.6646410000000005,0.2519399999999994,11.465502000000004,0.0
9,3,-0.6558189999999993,0.2832310000000007,11.323521999999992,0.0
9,4,-0.6467729999999996,0.31540999999999997,11.145570999999997,0.0
9,5,-0.6376279999999994,0.3490169999999999,10.928837999999995,0.0
9,6,-0.6285889999999998,0.3837450000000002,10.673846999999999,0.0
9,7,-0.6197090000000003,0.4201199999999998,10.375677000000003,0.0
9,8,-0.6107859999999992,0.46053000000000033,10.01249999999999,0.0
9,9,-0.601996999999999,0.49810399999999966,9.632806999999994,0.0
9,10,-0.5935020000000009,0.5372149999999998,9.20435300000001,0.0
9,11,-0.5850410000000004,0.5783299999999993,8.71705400000001,0.0
9,12,-0.5770909999999994,0.6177400000000013,8.21199399999998,0.0
9,13,-0.5695180000000004,0.6545809999999985,7.701745000000022,0.0
9,14,-0.562697,0.6981860000000015,7.073490999999979,0.0
9,15,-0.5563679999999991,0.7398819999999997,6.432785999999997,0.0
9,16,-0.5505499999999994,0.7828610000000005,5.735738999999988,0.0
9,17,-0.5455550000000002,0.8306239999999985,4.926576000000027,0.0
9,18,-0.5412010000000009,0.8721139999999998,4.1820600000000105,0.0
9,19,-0.5367379999999979,0.9246220000000012,3.196748999999958,0.0
9,20,-0.5325640000000007,0.9803610000000003,2.1001420000000017,0.0
9,21,-0.5285530000000023,1.042908999999998,0.8130830000000593,0.0
9,22,-0.5245020000000018,1.1124270000000003,-0.6832539999999909,0.0
9,23,-0.5206540000000004,1.1888640000000024,-2.3995000000000495,0.0
9,24,-0.5151739999999982,1.291487,-4.809149000000016,0.0
9,25,-0.5087319999999984,1.398026999999999,-7.4240869999999894,0.0
9,26,-0.35779799999999895,1.5490209999999998,-12.557343000000003,0.0
9,27,-0.47250899999999874,1.747364000000001,-16.681862000000034,0.0
9,28,-0.38406300000000115,2.038703999999999,-25.344055999999966,0.0
9,29,-0.015726000000000795,2.5755349999999986,-43.690356999999956,0.0
9,30,0.40245800000000287,3.4624670000000037,-73.17504100000014,0.0
10,0,-0.5864859999999998,0.2243549999999992,10.789691999999999,0.0
10,1,-0.5757150000000006,0.2519399999999994,10.665168000000007,0.0
10,2,-0.5644349999999996,0.26322000000000045,10.541087999999995,0.0
10,3,-0.55288,0.2947860000000002,10.362406,0.0
10,4,-0.5410310000000003,0.3490169999999999,10.059465000000003,0.0
10,5,-0.5290910000000002,0.360957,9.892305000000002,0.0
10,6,-0.5173180000000004,0.39551800000000004,9.601770000000004,0.0
10,7,-0.5056500000000002,0.43178800000000006,9.267470000000001,0.0
10,8,-0.49401900000000065,0.47216099999999983,8.868549000000009,0.0
10,9,-0.48257500000000064,0.5095479999999997,8.455013000000008,0.0
10,10,-0.4715399999999992,0.5482500000000012,7.99634499999998,0.0
10,11,-0.4606699999999986,0.5892,7.478144999999987,0.0
10,12,-0.4502800000000011,0.6281299999999987,6.946015000000026,0.0
10,13,-0.44050099999999937,0.6643600000000003,6.41346499999999,0.0
10,14,-0.43162200000000084,0.707065,5.7695100000000075,0.0
10,15,-0.4233840000000004,0.7481200000000001,5.1123600000000025,0.0
10,16,-0.4157960000000003,0.7904490000000006,4.401544999999993,0.0
10,17,-0.40920699999999854,0.8372130000000002,3.5874309999999827,0.0
10,18,-0.40326599999999857,0.8780549999999998,2.8337069999999898,0.0
10,19,-0.39739400000000025,0.9304939999999995,1.8310850000000123,0.0
10,20,-0.39189000000000007,0.9858650000000004,0.7239959999999925,0.0
10,21,-0.3866119999999995,1.0481869999999986,-0.5752239999999773,0.0
10,22,-0.3812289999999976,1.1178100000000022,-2.091137000000071,0.0
10,23,-0.37579000000000207,1.194302999999998,-3.8283729999999316,0.0
10,24,-0.3684890000000003,1.2987880000000018,-6.30453800000004,0.0
10,25,-0.35779799999999895,1.4087180000000004,-9.049768000000018,0.0
10,26,-0.33339300000000094,1.5734259999999978,-13.411517999999933,0.0
10,27,-0.11550799999999839,1.827293000000001,-22.190910000000045,0.0
10,28,0.09383599999999959,2.2764419999999994,-36.411372999999976,0.0
10,29,0.5052389999999995,3.0428420000000003,-61.984603000000014,0.0
11,0,-0.4831000000000003,0.23512599999999928,9.755832000000003,0.0
11,1,-0.4695499999999999,0.26322000000000045,9.592237999999998,0.0
11,2,-0.455406,0.2773640000000004,9.422509999999999,0.0
11,3,-0.4409320000000001,0.3092600000000001,9.199504000000001,0.0
11,4,-0.4260830000000002,0.34210799999999963,8.937621000000004,0.0
11,5,-0.4111799999999999,0.3758600000000003,8.638679999999997,0.0
11,6,-0.3965040000000002,0.4101939999999997,8.305574000000004,0.0
11,7,-0.38186699999999973,0.4464250000000005,7.927180999999994,0.0
11,8,-0.3674080000000002,0.4866199999999994,7.486767000000007,0.0
11,9,-0.35319899999999915,0.5237570000000007,7.033371999999985,0.0
11,10,-0.33949300000000093,0.5619559999999995,6.538815000000016,0.0
11,11,-0.3261700000000012,0.6025229999999997,5.986592000000016,0.0
11,12,-0.31331999999999915,0.6409800000000008,5.422214999999982,0.0
11,13,-0.3012599999999992,0.6764200000000002,4.864274999999989,0.0
11,14,-0.29027199999999986,0.7180529999999994,4.202178000000007,0.0
11,15,-0.28007200000000054,0.7583199999999994,3.526240000000014,0.0
11,16,-0.2706850000000003,0.7998360000000009,2.8002429999999894,0.0
11,17,-0.2624720000000007,0.8454259999999998,1.9804600000000114,0.0
11,18,-0.25488600000000083,0.8856409999999997,1.2133590000000147,0.0
11,19,-0.24759500000000045,0.9377849999999999,0.19456600000000535,0.0
11,20,-0.24075300000000155,0.9927069999999993,-0.9242139999999708,0.0
11,21,-0.23414799999999758,1.0547920000000026,-2.23856900000008,0.0
11,22,-0.22738900000000228,1.1245689999999975,-3.7782349999999205,0.0
11,23,-0.22014199999999917,1.201550000000001,-5.551534000000032,0.0
11,24,-0.2093890000000016,1.3095409999999994,-8.153609999999968,0.0
11,25,-0.186041000000003,1.432065999999999,-11.351037999999942,0.0
11,26,-0.11550799999999839,1.6439590000000024,-17.42422600000008,0.0
11,27,0.09383599999999959,2.036636999999999,-29.936637999999967,0.0
11,28,0.5613899999999994,2.6878449999999994,-52.66234799999998,0.0
12,0,-0.3748699999999996,0.24867599999999968,8.565301999999996,0.0
12,1,-0.35845599999999944,0.2650900000000007,8.368333999999994,0.0
12,2,-0.3413729999999999,0.2944469999999999,8.133980999999999,0.0
12,3,-0.3239320000000001,0.3267009999999999,7.860181000000002,0.0
12,4,-0.3060419999999997,0.35999800000000004,7.545609999999996,0.0
12,5,-0.288157,0.393745,7.196002,0.0
12,6,-0.2705120000000001,0.42783899999999964,6.813792000000003,0.0
12,7,-0.25292400000000015,0.46401300000000045,6.385691999999999,0.0
12,8,-0.23566099999999945,0.5038830000000001,5.899445999999993,0.0
12,9,-0.21871500000000044,0.5407029999999997,5.401534000000008,0.0
12,10,-0.2023969999999995,0.5782740000000004,4.86757899999999,0.0
12,11,-0.1866589999999988,0.6182610000000004,4.278852999999982,0.0
12,12,-0.17149700000000045,0.6561419999999991,3.680218000000016,0.0
12,13,-0.15722799999999992,0.6906890000000008,3.0944259999999897,0.0
12,14,-0.14420400000000022,0.7310769999999991,2.413094000000015,0.0
12,15,-0.13212899999999905,0.7703950000000006,1.71774199999998,0.0
12,16,-0.12101200000000034,0.8109529999999996,0.9759680000000106,0.0
12,17,-0.11123300000000036,0.8552049999999998,0.15058800000000794,0.0
12,18,-0.10206999999999944,0.8948040000000006,-0.6325510000000172,0.0
12,19,-0.09342999999999968,0.9464249999999996,-1.6654089999999986,0.0
12,20,-0.08531799999999734,1.0008190000000017,-2.796239000000064,0.0
12,21,-0.0774460000000019,1.062663999999998,-4.127602999999937,0.0
12,22,-0.06914899999999946,1.132866,-5.701409000000005,0.0
12,23,-0.058695000000000164,1.2120040000000003,-7.567893000000005,0.0
12,24,-0.03745800000000088,1.3307779999999987,-10.55453899999996,0.0
12,25,0.025065000000001447,1.4945890000000013,-15.236279000000053,0.0
12,26,0.20640200000000064,1.8252960000000016,-25.679998000000047,0.0
12,27,0.5613899999999994,2.3916249999999977,-44.66440799999992,0.0
13,0,-0.2655820000000002,0.2650899999999998,7.253846000000003,0.0
13,1,-0.24633400000000005,0.284338,7.003622000000001,0.0
13,2,-0.22636400000000023,0.3144169999999997,6.7139330000000035,0.0
13,3,-0.20603200000000044,0.3470329999999997,6.384385000000006,0.0
13,4,-0.1852260000000001,0.38080400000000036,6.012594,0.0
13,5,-0.16449099999999994,0.4144800000000002,5.6083349999999985,0.0
13,6,-0.14399300000000004,0.44833699999999954,5.172576000000003,0.0
13,7,-0.12363700000000044,0.48436900000000005,4.691756000000005,0.0
13,8,-0.10374900000000054,0.5407029999999997,4.021942000000009,0.0
13,9,-0.0842489999999998,0.5602030000000005,3.6124419999999935,0.0
13,10,-0.06550900000000048,0.5970139999999997,3.037523000000009,0.0
13,11,-0.04752700000000054,0.6362430000000003,2.4114670000000036,0.0
13,12,-0.03030099999999969,0.673368,1.7791539999999966,0.0
13,13,-0.014034000000000546,0.7069559999999999,1.1646270000000083,0.0
13,14,0.0008289999999995246,0.7459399999999992,0.46461600000001724,0.0
13,15,0.014609000000000094,0.7841750000000012,-0.2498140000000184,0.0
13,16,0.027271999999999963,0.8236159999999995,-1.006047999999991,0.0
13,17,0.03845199999999949,0.8663849999999993,-1.8356919999999821,0.0
13,18,0.04900600000000033,0.9053580000000014,-2.6354350000000295,0.0
13,19,0.05883900000000075,0.956258,-3.679464000000012,0.0
13,20,0.06810999999999723,1.0100899999999982,-4.822794999999928,0.0
13,21,0.07732199999999878,1.0718759999999996,-6.178270999999977,0.0
13,22,0.08829300000000018,1.1438370000000013,-7.832075000000032,0.0
13,23,0.10777799999999971,1.2314889999999998,-10.013723999999993,0.0
13,24,0.16184100000000257,1.3848410000000015,-14.24363900000007,0.0
13,25,0.3177379999999985,1.6504859999999972,-22.645779999999917,0.0
13,26,0.6178649999999983,2.1254230000000014,-38.420856000000015,0.0
14,0,-0.1586890000000003,0.284338,5.864237000000005,0.0
14,1,-0.1367480000000003,0.30627899999999997,5.557063000000005,0.0
14,2,-0.11405699999999985,0.3371080000000002,5.208559999999998,0.0
14,3,-0.0910409999999997,0.38080400000000036,4.788188999999995,0.0
14,4,-0.06760199999999994,0.40424300000000013,4.389725999999999,0.0
14,5,-0.0442670000000005,0.4378149999999996,3.9287480000000086,0.0
14,6,-0.02118899999999968,0.47141500000000036,3.4376559999999934,0.0
14,7,0.0016250000000006537,0.523771,2.7875359999999914,0.0
14,8,0.02383399999999991,0.5459799999999992,2.321147000000007,0.0
14,9,0.04557699999999976,0.5819460000000003,1.7290170000000007,0.0
14,10,0.0664359999999995,0.6178729999999995,1.113648000000012,0.0
14,11,0.08636100000000013,0.656168000000001,0.4517479999999878,0.0
14,12,0.10534900000000036,0.6923560000000002,-0.21215200000000678,0.0
14,13,0.1232830000000007,0.7248900000000003,-0.8536360000000123,0.0
14,14,0.13970700000000136,0.7623639999999998,-1.5707340000000158,0.0
14,15,0.15489599999999903,0.7993639999999989,-2.30137999999997,0.0
14,16,0.16884499999999925,0.8375649999999997,-3.069680999999985,0.0
14,17,0.18122900000000008,0.8787690000000001,-3.902321000000004,0.0
14,18,0.19289699999999854,0.9170259999999999,-4.7160419999999785,0.0
14,19,0.2037249999999986,0.9670860000000001,-5.7687139999999815,0.0
14,20,0.21413000000000082,1.0204950000000004,-6.929155000000019,0.0
14,21,0.22558200000000284,1.0833280000000016,-8.346143000000072,0.0
14,22,0.24410299999999907,1.1623579999999976,-10.265066999999934,0.0
14,23,0.2911880000000018,1.2785740000000025,-13.481009000000082,0.0
14,24,0.4230509999999974,1.5167039999999972,-20.804080999999897,0.0
14,25,0.6726890000000019,1.9001240000000017,-33.50109300000007,0.0
15,0,-0.05696900000000005,0.30627899999999997,4.440157000000001,0.0
15,1,-0.03256699999999979,0.3371080000000002,4.067699999999997,0.0
15,2,-0.007417000000000229,0.36225799999999975,3.6653000000000038,0.0
15,3,0.017979999999999663,0.39544599999999974,3.2179690000000054,0.0
15,4,0.043702999999999825,0.4299660000000003,2.7285640000000013,0.0
15,5,0.06928500000000071,0.4633970000000005,2.2111099999999873,0.0
15,6,0.09453599999999973,0.5071830000000004,1.6028980000000015,0.0
15,7,0.11943399999999915,0.5459799999999992,0.9827470000000176,0.0
15,8,0.143586,0.5701320000000001,0.4514029999999991,0.0
15,9,0.16717099999999974,0.605531,-0.18556399999999673,0.0
15,10,0.18973800000000018,0.6404399999999999,-0.8382500000000022,0.0
15,11,0.2111989999999988,0.6776289999999996,-1.5320549999999784,0.0
15,12,0.23160199999999875,0.7127590000000001,-2.2245299999999837,0.0
15,13,0.25081499999999934,0.7441030000000008,-2.888853000000001,0.0
15,14,0.26843799999999973,0.7799870000000002,-3.6196899999999985,0.0
15,15,0.28469500000000103,0.8156210000000002,-4.362421000000017,0.0
15,16,0.2996040000000004,0.8524739999999991,-5.138850999999992,0.0
15,17,0.31288100000000085,0.8920460000000006,-5.971158000000022,0.0
15,18,0.3254400000000004,0.9295849999999994,-6.797705999999996,0.0
15,19,0.3372060000000001,0.9788519999999998,-7.861001999999999,0.0
15,20,0.3494150000000005,1.0327040000000007,-9.067325000000022,0.0
15,21,0.3672009999999979,1.101113999999999,-10.702314999999949,0.0
15,22,0.4086660000000002,1.2038229999999999,-13.481179000000001,0.0
15,23,0.5201259999999976,1.390034,-19.249720999999965,0.0
15,24,0.7235450000000014,1.720123000000001,-29.893053000000045,0.0
16,0,0.037681000000000076,0.3306810000000002,3.0204069999999987,0.0
16,1,0.06424899999999978,0.36225799999999975,2.5903100000000037,0.0
16,2,0.09153699999999976,0.39544599999999974,2.114614000000004,0.0
16,3,0.11894100000000041,0.4228500000000004,1.6213419999999923,0.0
16,4,0.1465449999999997,0.4633970000000005,1.0522100000000023,0.0
16,5,0.17395300000000002,0.4908050000000008,0.5040499999999959,0.0
16,6,0.2009470000000002,0.5320809999999998,-0.1426550000000022,0.0
16,7,0.22748400000000046,0.5586180000000001,-0.7264690000000078,0.0
16,8,0.2531340000000002,0.5957819999999998,-1.3970170000000017,0.0
16,9,0.27810500000000005,0.6305019999999999,-2.074313,0.0
16,10,0.30193599999999954,0.6642709999999994,-2.7595299999999874,0.0
16,11,0.32448100000000046,0.7127590000000001,-3.6177150000000093,0.0
16,12,0.34585500000000025,0.7341329999999999,-4.1948130000000035,0.0
16,13,0.3659309999999998,0.7641790000000004,-4.876581000000002,0.0
16,14,0.3843329999999998,0.7983890000000002,-5.615743,0.0
16,15,0.40129400000000004,0.8325820000000004,-6.365821000000006,0.0
16,16,0.41680099999999953,0.8679809999999986,-7.14491799999997,0.0
16,17,0.43071199999999976,0.9059570000000008,-7.97511000000001,0.0
16,18,0.4440200000000001,0.9428929999999998,-8.815949999999997,0.0
16,19,0.4572130000000012,0.992045000000001,-9.911774000000037,0.0
16,20,0.4747260000000004,1.050217,-11.297250000000005,0.0
16,21,0.5117530000000023,1.138141000000001,-13.648162000000056,0.0
16,22,0.6061160000000001,1.2981859999999976,-18.51891499999995,0.0
16,23,0.7696339999999999,1.5535519999999998,-26.753255,0.0
17,0,0.12429099999999993,0.3572489999999999,1.634647000000001,0.0
17,1,0.1526780000000003,0.3856360000000003,1.1520679999999945,0.0
17,2,0.18174400000000013,0.4228500000000004,0.6164939999999968,0.0
17,3,0.21074600000000032,0.4518520000000006,0.06545599999999308,0.0
17,4,0.2398170000000004,0.48664099999999966,-0.5331180000000053,0.0
17,5,0.2686069999999994,0.5195949999999998,-1.1543639999999886,0.0
17,6,0.2968599999999997,0.5586180000000001,-1.8364849999999953,0.0
17,7,0.3245589999999998,0.5863170000000002,-2.4735619999999985,0.0
17,8,0.35124400000000033,0.6224670000000003,-3.180257000000008,0.0
17,9,0.3771260000000005,0.6563840000000001,-3.8915870000000092,0.0
17,10,0.40175100000000086,0.6888959999999997,-4.602820000000012,0.0
17,11,0.42492400000000075,0.7341329999999999,-5.4599170000000115,0.0
17,12,0.4468550000000011,0.7560640000000003,-6.073985000000022,0.0
17,13,0.46734799999999943,0.7846719999999987,-6.765661999999974,0.0
17,14,0.4861369999999994,0.8171780000000002,-7.507652999999992,0.0
17,15,0.5033969999999997,0.8498420000000007,-8.258369000000004,0.0
17,16,0.5191820000000007,0.8837659999999996,-9.035574000000006,0.0
17,17,0.5335079999999994,0.9202829999999995,-9.863387999999983,0.0
17,18,0.5480080000000012,0.9573930000000015,-10.740758000000046,0.0
17,19,0.5656259999999982,1.009662999999998,-11.981123999999934,0.0
17,20,0.5992010000000008,1.0837920000000025,-13.960350000000062,0.0
17,21,0.6798709999999986,1.2188109999999988,-18.03211999999995,0.0
17,22,0.8437330000000003,1.4281579999999998,-25.214061,0.0
18,0,0.20267000000000035,0.3856360000000003,0.3022039999999939,0.0
18,1,0.23252199999999945,0.4154879999999994,-0.2351319999999899,0.0
18,2,0.26298699999999986,0.4518520000000006,-0.8226409999999991,0.0
18,3,0.29319199999999945,0.4820570000000002,-1.426740999999991,0.0
18,4,0.32329200000000036,0.5167410000000006,-2.0725930000000083,0.0
18,5,0.35301000000000027,0.5519129999999999,-2.750805000000004,0.0
18,6,0.38204500000000063,0.5809480000000002,-3.4186100000000126,0.0
18,7,0.4104289999999997,0.6147009999999993,-4.13203999999999,0.0
18,8,0.4376699999999998,0.6497080000000004,-4.867426999999999,0.0
18,9,0.4639919999999993,0.6888959999999997,-5.660916999999985,0.0
18,10,0.4889670000000006,0.7233470000000004,-6.430002000000014,0.0
18,11,0.5123339999999992,0.746713999999999,-7.0842779999999745,0.0
18,12,0.5344129999999989,0.778143,-7.827418999999981,0.0
18,13,0.5549350000000004,0.8051940000000002,-8.52142700000001,0.0
18,14,0.5737249999999996,0.8498420000000007,-9.453945000000003,0.0
18,15,0.5909510000000004,0.8670680000000015,-10.00517700000003,0.0
18,16,0.6067789999999995,0.8995939999999987,-10.77797099999997,0.0
18,17,0.6219210000000004,0.9354250000000004,-11.623823000000014,0.0
18,18,0.6401909999999997,0.9756630000000008,-12.63672900000001,0.0
18,19,0.671400000000002,1.0408720000000002,-14.37225300000004,0.0
18,20,0.7409569999999981,1.1533489999999986,-17.76134199999994,0.0
18,21,0.8437330000000003,1.321587000000001,-22.976070000000025,0.0
19,0,0.27325299999999997,0.41548799999999897,-0.9682899999999988,0.0
19,1,0.3042090000000002,0.44907699999999995,-1.5590870000000034,0.0
19,2,0.3356640000000004,0.4820570000000002,-2.191237000000008,0.0
19,3,0.3667170000000004,0.5167410000000006,-2.854243000000009,0.0
19,4,0.3974289999999998,0.5493129999999997,-3.537346999999995,0.0
19,5,0.4276489999999997,0.5809480000000002,-4.239481999999997,0.0
19,6,0.4569890000000001,0.6147009999999993,-4.970119999999997,0.0
19,7,0.48558000000000057,0.6432919999999998,-5.684895000000009,0.0
19,8,0.5129629999999992,0.677090999999999,-6.441764999999977,0.0
19,9,0.5392900000000012,0.7090330000000016,-7.1975140000000355,0.0
19,10,0.5641660000000002,0.738747,-7.937584000000003,0.0
19,11,0.5873850000000012,0.778143,-8.780915000000022,0.0
19,12,0.609293000000001,0.8051940000000002,-9.49987100000002,0.0
19,13,0.6294640000000005,0.8359679999999994,-10.263011,0.0
19,14,0.6479360000000014,0.8544400000000003,-10.85411500000003,0.0
19,15,0.6649239999999992,0.8840559999999993,-11.591510999999974,0.0
19,16,0.6811940000000014,0.9158640000000009,-12.37776100000004,0.0
19,17,0.6994520000000009,0.9536829999999998,-13.329767000000011,0.0
19,18,0.7294020000000003,1.0056130000000003,-14.781627000000011,0.0
19,19,0.790620999999998,1.102090999999998,-17.681391999999924,0.0
19,20,0.8713990000000003,1.2341270000000009,-21.724858000000022,0.0
20,0,0.33682500000000015,0.4464439999999996,-2.1761580000000027,0.0
20,1,0.3685520000000002,0.4805320000000002,-2.8130590000000044,0.0
20,2,0.4005770000000002,0.5131100000000002,-3.486690000000004,0.0
20,3,0.43211900000000014,0.547453,-4.189017000000002,0.0
20,4,0.4630460000000003,0.5795329999999996,-4.904950000000004,0.0
20,5,0.4933810000000003,0.6098679999999996,-5.632990000000004,0.0
20,6,0.5226029999999993,0.6395099999999996,-6.365639999999983,0.0
20,7,0.5509660000000007,0.6716550000000012,-7.125770000000022,0.0
20,8,0.5780890000000003,0.7042139999999986,-7.896142999999995,0.0
20,9,0.6040529999999986,0.738747,-8.695436999999973,0.0
20,10,0.6284890000000001,0.769933,-9.471581,0.0
20,11,0.6512569999999993,0.7927009999999992,-10.154620999999977,0.0
20,12,0.6726829999999993,0.8253649999999997,-10.946332999999981,0.0
20,13,0.69224,0.8449220000000004,-11.572157000000004,0.0
20,14,0.7102069999999987,0.872406999999999,-12.288801999999961,0.0
20,15,0.7273429999999994,0.9158640000000009,-13.254592000000002,0.0
20,16,0.7461769999999994,0.9346980000000009,-13.913782000000003,0.0
20,17,0.7746180000000003,0.9821240000000007,-15.241418000000014,0.0
20,18,0.8299299999999974,1.0609249999999975,-17.687274999999904,0.0
20,19,0.8937070000000027,1.1658680000000032,-20.851789000000114,0.0
21,0,0.39428099999999944,0.4781709999999997,-3.3252779999999884,0.0
21,1,0.42645,0.5125570000000002,-4.003043999999999,0.0
21,2,0.45883499999999966,0.544797,-4.715368999999994,0.0
21,3,0.49035099999999954,0.5783800000000001,-5.446437999999992,0.0
21,4,0.5211459999999999,0.6098679999999996,-6.188289999999996,0.0
21,5,0.5516920000000001,0.6399619999999997,-6.950131999999999,0.0
21,6,0.580032000000001,0.6716550000000012,-7.7070900000000275,0.0
21,7,0.6077449999999995,0.7042139999999986,-8.48926299999998,0.0
21,8,0.6342730000000003,0.7349969999999999,-9.266087000000006,0.0
21,9,0.6595460000000006,0.7631830000000015,-10.025221000000027,0.0
21,10,0.683209999999999,0.7868469999999999,-10.735140999999977,0.0
21,11,0.7053270000000005,0.8214769999999998,-11.552557000000007,0.0
21,12,0.7260050000000007,0.8449220000000004,-12.247457000000018,0.0
21,13,0.7448119999999996,0.8637289999999993,-12.868087999999982,0.0
21,14,0.7626490000000015,0.8902440000000009,-13.587360000000045,0.0
21,15,0.7819150000000015,0.9346980000000009,-14.628542000000044,0.0
21,16,0.8097359999999991,0.9625189999999986,-15.630097999999961,0.0
21,17,0.8600899999999996,1.0324780000000011,-17.80687600000001,0.0
21,18,0.9111860000000007,1.1120209999999986,-20.23212299999999,0.0
22,0,0.44646400000000064,0.5103400000000002,-4.421121000000014,0.0
22,1,0.47877499999999973,0.544797,-5.134108999999994,0.0
22,2,0.5115470000000011,0.5769410000000006,-5.887237000000025,0.0
22,3,0.5423499999999999,0.6077439999999994,-6.626508999999996,0.0
22,4,0.5727059999999993,0.6395309999999998,-7.389701999999984,0.0
22,5,0.603472,0.6695150000000005,-8.186490000000003,0.0
22,6,0.6303979999999996,0.6964410000000001,-8.91349199999999,0.0
22,7,0.657157999999999,0.7261279999999992,-9.680333999999974,0.0
22,8,0.6828040000000009,0.7602700000000002,-10.48742200000002,0.0
22,9,0.7070980000000002,0.7868469999999999,-11.236789000000003,0.0
22,10,0.729769000000001,0.8148180000000007,-11.992590000000028,0.0
22,11,0.7510719999999989,0.8361209999999986,-12.67428599999996,0.0
22,12,0.7707509999999989,0.8637289999999993,-13.412806999999967,0.0
22,13,0.78918,0.8821580000000004,-14.039393000000006,0.0
22,14,0.8088319999999989,0.9098959999999998,-14.832330999999973,0.0
22,15,0.836214,0.9478400000000011,-15.965951000000016,0.0
22,16,0.8832109999999993,1.0095159999999979,-17.925024999999952,0.0
22,17,0.9244659999999989,1.0737330000000007,-19.86010699999999,0.0
23,0,0.4941969999999998,0.5426509999999993,-5.471246999999995,0.0
23,1,0.5263580000000001,0.5769410000000006,-6.213079000000003,0.0
23,2,0.5590790000000005,0.6087030000000002,-6.997424000000013,0.0
23,3,0.5890050000000002,0.6386289999999999,-7.745574000000005,0.0
23,4,0.6186690000000006,0.6691950000000002,-8.519544000000014,0.0
23,5,0.649208999999999,0.6982479999999995,-9.338175999999976,0.0
23,6,0.6746769999999991,0.7237159999999996,-10.051279999999977,0.0
23,7,0.7002889999999997,0.7517399999999999,-10.808499999999995,0.0
23,8,0.7248159999999988,0.7809150000000002,-11.576845999999977,0.0
23,9,0.7480030000000006,0.8095180000000006,-12.34073800000002,0.0
23,10,0.7694919999999996,0.8361209999999986,-13.079525999999976,0.0
23,11,0.7898240000000012,0.8564530000000001,-13.750482000000027,0.0
23,12,0.8088720000000009,0.8808819999999997,-14.457305000000018,0.0
23,13,0.8288390000000003,0.9098959999999998,-15.272485000000003,0.0
23,14,0.8559020000000022,0.9478400000000011,-16.399087000000065,0.0
23,15,0.900462000000001,1.0095159999999979,-18.30454699999999,0.0
23,16,0.9345630000000007,1.0737330000000007,-20.082241000000028,0.0
24,0,0.5381479999999996,0.5748119999999997,-6.482119999999991,0.0
24,1,0.5699130000000006,0.6065770000000006,-7.244480000000014,0.0
24,2,0.6022369999999997,0.6398279999999996,-8.053506999999993,0.0
24,3,0.6311110000000006,0.6687020000000006,-8.804231000000016,0.0
24,4,0.6598559999999996,0.6979399999999991,-9.581824999999986,0.0
24,5,0.6898,0.7259539999999998,-10.412536999999999,0.0
24,6,0.7137419999999999,0.7498959999999997,-11.106854999999996,0.0
24,7,0.738131000000001,0.776129000000001,-11.84958900000003,0.0
24,8,0.7613710000000005,0.8041549999999997,-12.60353100000001,0.0
24,9,0.7833449999999988,0.8297249999999998,-13.335466999999971,0.0
24,10,0.8036399999999997,0.8513020000000004,-14.016739999999997,0.0
24,11,0.8232909999999993,0.8808819999999997,-14.788941999999981,0.0
24,12,0.8435880000000004,0.9021249999999998,-15.510689000000008,0.0
24,13,0.8704460000000012,0.9289830000000006,-16.477577000000032,0.0
24,14,0.913214,0.9924,-18.341102999999997,0.0
24,15,0.9420369999999991,1.021222999999999,-19.436376999999965,0.0
25,0,0.5789140000000002,0.6065770000000015,-7.460504000000005,0.0
25,1,0.6100399999999997,0.6398279999999996,-8.240778999999993,0.0
25,2,0.6417079999999986,0.6700989999999996,-9.062749999999964,0.0
25,3,0.6693149999999992,0.6977060000000002,-9.80813899999998,0.0
25,4,0.7041459999999997,0.725575000000001,-10.762520999999998,0.0
25,5,0.7259839999999986,0.7524419999999985,-11.415938999999957,0.0
25,6,0.7483500000000003,0.7748080000000002,-12.08691900000001,0.0
25,7,0.7714309999999998,0.7992100000000004,-12.810355999999997,0.0
25,8,0.7932780000000008,0.8297249999999998,-13.573859000000018,0.0
25,9,0.8140920000000005,0.8513020000000004,-14.267588000000018,0.0
25,10,0.8336249999999996,0.8761039999999998,-14.984399999999987,0.0
25,11,0.8543620000000001,0.9011790000000008,-15.757913000000013,0.0
25,12,0.8811370000000007,0.9279540000000015,-16.721813000000036,0.0
25,13,0.9226099999999988,0.9797270000000005,-18.389184999999976,0.0
25,14,0.9475629999999988,1.0046800000000005,-19.337398999999976,0.0
26,0,0.6169200000000004,0.6377029999999992,-8.410654000000008,0.0
26,1,0.6472129999999998,0.6700989999999996,-9.200374999999998,0.0
26,2,0.6779940000000018,0.6992930000000008,-10.029875000000047,0.0
26,3,0.7041459999999997,0.725575000000001,-10.762520999999996,0.0
26,4,0.7305069999999994,0.7519360000000006,-11.526989999999985,0.0
26,5,0.7583510000000011,0.7775470000000002,-12.35337800000003,0.0
26,6,0.7791329999999999,0.7992100000000004,-13.002906,0.0
26,7,0.8008120000000005,0.8208890000000011,-13.69663400000002,0.0
26,8,0.8212709999999994,0.8464609999999997,-14.407571999999982,0.0
26,9,0.8414660000000005,0.8708349999999996,-15.127735000000008,0.0
26,10,0.8620979999999996,0.8968410000000002,-15.903594999999992,0.0
26,11,0.8889760000000013,0.9279540000000015,-16.91778800000005,0.0
26,12,0.9295139999999975,0.9704559999999987,-18.44126199999992,0.0
26,13,0.9516290000000005,1.0046800000000005,-19.43904900000002,0.0
27,0,0.6524650000000003,0.6679960000000023,-9.334824000000008,0.0
27,1,0.6817320000000002,0.6992930000000008,-10.127063000000007,0.0
27,2,0.7115039999999997,0.7272549999999995,-10.958868999999993,0.0
27,3,0.7360570000000006,0.7518080000000005,-11.670906000000016,0.0
27,4,0.7609759999999994,0.7768549999999994,-12.418859999999983,0.0
27,5,0.7874680000000023,0.801184000000001,-13.231460000000064,0.0
27,6,0.8066940000000002,0.820409999999999,-13.846692000000001,0.0
27,7,0.8270199999999992,0.8464609999999997,-14.557045999999978,0.0
27,8,0.8465699999999998,0.8707340000000006,-15.25953,0.0
27,9,0.8685489999999998,0.8920899999999996,-16.023810999999988,0.0
27,10,0.8946050000000021,0.923719000000002,-17.017557000000075,0.0
27,11,0.9345929999999996,0.9684919999999977,-18.549747999999962,0.0
27,12,0.9546300000000016,0.9925710000000016,-19.359658000000064,0.0
28,0,0.6857220000000002,0.6972629999999977,-10.232763000000004,0.0
28,1,0.7138100000000005,0.7272549999999995,-11.021131000000013,0.0
28,2,0.7424529999999994,0.7538529999999994,-11.849732999999981,0.0
28,3,0.7653610000000004,0.7768549999999994,-12.537255000000009,0.0
28,4,0.7921799999999983,0.8002089999999988,-13.35824899999995,0.0
28,5,0.813701,0.8232900000000001,-14.053161000000001,0.0
28,6,0.8315470000000005,0.841215,-14.642553000000014,0.0
28,7,0.851014000000001,0.8660110000000003,-15.34173400000003,0.0
28,8,0.8715150000000005,0.8920899999999996,-16.10389300000001,0.0
28,9,0.9000549999999947,0.9193879999999979,-17.121396999999835,0.0
28,10,0.9382439999999974,0.9637069999999994,-18.595689999999923,0.0
28,11,0.9568019999999997,0.9885289999999998,-19.36979799999999,0.0
29,0,0.7168279999999996,0.7253509999999999,-11.103730999999987,0.0
29,1,0.7435949999999991,0.7538529999999994,-11.881708999999974,0.0
29,2,0.7709609999999998,0.7789900000000003,-12.700459999999994,0.0
29,3,0.7923320000000018,0.8002850000000006,-13.362809000000054,0.0
29,4,0.8139080000000014,0.8232900000000001,-14.05895700000004,0.0
29,5,0.836803999999999,0.8436609999999991,-14.804424999999966,0.00025199999999792055
29,6,0.8554630000000003,0.8617740000000005,-15.436647000000011,0.0
29,7,0.8748459999999998,0.8865119999999997,-16.152536999999988,0.0
29,8,0.9011980000000008,0.9128640000000008,-17.10120900000003,0.0
29,9,0.9422929999999994,0.9590299999999985,-18.66229199999997,0.00010500000000135401
29,10,0.9583870000000019,0.9822650000000017,-19.34527400000007,0.0
30,0,0.7458559999999999,0.7521179999999994,-11.945542999999995,0.0
30,1,0.7711740000000002,0.7789900000000003,-12.706637000000008,0.0
30,2,0.7966449999999998,0.8023730000000002,-13.494149999999998,0.0002270000000024197
30,3,0.8182269999999967,0.8232569999999981,-14.184075999999896,0.0
30,4,0.8377285000000008,0.8418340000000004,-14.824852000000025,0.0
30,5,0.8581950000000003,0.8631400000000005,-15.524071000000008,0.00042199999999859017
30,6,0.8793110000000013,0.883223000000001,-16.258999000000045,0.0
30,7,0.9035899999999994,0.9128640000000008,-17.170576999999987,0.0
30,8,0.9422929999999994,0.9590299999999985,-18.66229199999997,0.0
30,9,0.9600219999999986,0.9759414999999994,-19.329453999999952,0.00048750000000197247
31,0,0.77285,0.7774360000000016,-12.755363000000003,0.0
31,1,0.7966449999999998,0.8023730000000002,-13.494149999999998,0.0
31,2,0.8200760000000002,0.8241814999999999,-14.242319500000008,0.00046250000000114255
31,3,0.8416300000000003,0.8444350000000002,-14.952301000000011,0.00029300000000276327
31,4,0.8581950000000003,0.8610000000000001,-15.515511000000007,0.0
31,5,0.8801349999999992,0.883635,-16.286190999999974,0.00041499999999672355
31,6,0.9075120000000023,0.9098420000000017,-17.26708300000008,7.000000000090267e-05
31,7,0.9438500000000012,0.9515670000000007,-18.64929800000004,0.0
31,8,0.9600219999999986,0.9677389999999981,-19.263833999999942,0.0
32,0,0.7978690000000004,0.8012309999999978,-13.530952000000012,0.0
32,1,0.8200760000000002,0.8241814999999999,-14.242319500000008,0.0
32,2,0.8416300000000003,0.8444350000000002,-14.952301000000011,0.0007780000000003895
32,3,0.8621920000000003,0.8637782500000002,-15.65053100000001,0.0012542499999996792
32,4,0.8801349999999992,0.8817212499999996,-16.278535999999974,0.0
32,5,0.9075120000000023,0.9098420000000017,-17.26708300000008,0.00038799999999739043
32,6,0.9464739999999985,0.9479293333333322,-18.70517833333328,0.0002573333333337757
32,7,0.9607449999999993,0.9677389999999981,-19.286246999999964,0.0
33,0,0.8209359999999997,0.8234379999999994,-14.269095999999989,0.0
33,1,0.8416300000000003,0.8444350000000002,-14.952301000000011,0.0
33,2,0.8621920000000003,0.8637782500000002,-15.65053100000001,0.001374499999998946
33,3,0.8828669999999992,0.8837702499999991,-16.37415599999997,0.002394250000003151
33,4,0.9075120000000023,0.9098420000000017,-17.26708300000008,0.0
33,5,0.9464739999999985,0.9479293333333322,-18.70517833333328,0.0004636666666684164
33,6,0.961939000000001,0.9629963333333341,-19.291256333333372,0.00037633333333531027
34,0,0.8422049999999999,0.8441320000000001,-14.970972999999995,0.0
34,1,0.8621920000000003,0.8637782500000002,-15.65053100000001,3.77499999997255e-05
34,2,0.8828669999999992,0.8837702499999991,-16.37415599999997,0.0022165000000002877
34,3,0.909127999999999,0.9096272499999989,-17.319551999999963,0.003381249999999447
34,4,0.9464739999999985,0.9469732499999983,-18.70135399999994,0.0
34,5,0.961939000000001,0.9629963333333341,-19.291256333333372,0.0004946666666683086
35,0,0.8621920000000003,0.8637782500000002,-15.65053100000001,0.0
35,1,0.8828669999999992,0.8837702499999991,-16.37415599999997,0.0005447499999982064
35,2,0.909127999999999,0.9096272499999989,-17.319551999999963,0.002728499999998135
35,3,0.9473270000000014,0.9476130000000014,-18.73291500000005,0.004121999999999737
35,4,0.961939000000001,0.962225000000001,-19.288171000000037,0.0
36,0,0.8828669999999992,0.8837702499999991,-16.37415599999997,0.0
36,1,0.909127999999999,0.9096272499999989,-17.319551999999963,0.0007997499999996549
36,2,0.9473270000000014,0.9476130000000014,-18.73291500000005,0.0028549999999984976
36,3,0.9622470000000014,0.9624560000000013,-19.29987500000005,0.004478999999994571
37,0,0.909127999999999,0.9096272499999989,-17.319551999999963,0.0
37,1,0.9473270000000014,0.9476130000000014,-18.73291500000005,0.000794999999999213
37,2,0.9622470000000014,0.9624560000000013,-19.29987500000005,0.002788999999992825
38,0,0.9473270000000014,0.9476130000000014,-18.73291500000005,0.0
38,1,0.9622470000000014,0.9624560000000013,-19.29987500000005,0.0007259999999948974
39,0,0.9622470000000014,0.9624560000000013,-19.29987500000005,0.0
