0,0,-1.0143215999999995,0.11483799999999889,27.089834,0.0
0,1,-1.0143215999999995,0.11483799999999889,27.089834,0.0
0,2,-1.0145214000000002,0.1448190000000018,27.059852999999997,0.0
0,3,-1.0147697999999998,0.18009400000000042,26.989303,0.0
0,4,-1.0150744000000003,0.22098300000000037,26.866636,0.0
0,5,-1.0154434,0.2672869999999996,26.681420000000003,0.0
0,6,-1.0158836,0.31898299999999935,26.422940000000004,0.0
0,7,-1.016402,0.375471000000001,26.084011999999994,0.0
0,8,-1.0170032000000007,0.43574100000000016,25.662122,0.0
0,9,-1.0176913999999997,0.49864599999999726,25.158882000000023,0.0
0,10,-1.0184684000000004,0.5625610000000023,24.583646999999978,0.0
0,11,-1.0193325999999998,0.62575,23.951757,0.0
0,12,-1.0202808000000005,0.6869200000000006,23.278886999999994,0.0
0,13,-1.0213088000000006,0.7446170000000016,22.586522999999982,0.0
0,14,-1.0224097999999997,0.7980079999999958,21.892440000000057,0.0
0,15,-1.0235797999999996,0.8471839999999986,21.20397600000002,0.0
0,16,-1.0248138000000004,0.8942710000000034,20.497670999999947,0.0
0,17,-1.0261154000000006,0.9430660000000017,19.716950999999973,0.0
0,18,-1.0274998000000004,1.0021169999999984,18.71308400000003,0.0
0,19,-1.0289954000000008,1.0853460000000013,17.21496199999998,0.0
0,20,-1.030680000000001,1.219619999999999,14.66375600000002,0.0
0,21,-1.032665399999999,1.4535259999999965,9.98563600000007,0.0
0,22,-1.0351897500000007,1.8662260000000046,1.3189359999999013,0.0
0,23,-1.0387162500000002,2.586642999999995,-14.53023799999989,0.0
0,24,-1.0412379999999999,3.865261000000004,-43.93845200000009,0.0
0,25,-1.0412379999999974,6.260219999999997,-101.41746799999993,0.0
0,26,-1.0411284999999992,11.299853999999996,-227.4083179999999,0.0
0,27,-1.0272599999999557,23.612114000000005,-547.5270780000002,0.0
1,0,-1.0141627999999998,0.11404399999999981,27.089834,0.043247800000001835
1,1,-1.0143215999999995,0.11483799999999889,27.089834,0.043240600000001406
1,2,-1.0145214000000002,0.1448190000000018,27.059852999999997,0.0432324000000015
1,3,-1.0147697999999998,0.18009400000000042,26.989303,0.04322379999999981
1,4,-1.0150744000000003,0.2654420000000002,26.6888,0.04320839999999815
1,5,-1.0154434,0.3167819999999999,26.433945,0.043193399999997606
1,6,-1.0158836,0.31898299999999935,26.422940000000004,0.043175599999999204
1,7,-1.016402,0.375471000000001,26.084011999999994,0.04315399999999836
1,8,-1.0170032000000007,0.43574100000000016,25.662122,0.04313019999999956
1,9,-1.0176913999999997,0.49864599999999726,25.158882000000023,0.04310340000000257
1,10,-1.0184684000000004,0.5625610000000023,24.583646999999978,0.043069400000000924
1,11,-1.0193325999999998,0.6821789999999979,23.331038000000024,0.04303459999999992
1,12,-1.0202808000000005,0.6869200000000006,23.278886999999994,0.04299479999999756
1,13,-1.0213088000000006,0.792503,21.964005000000004,0.042951799999997986
1,14,-1.0224097999999997,0.7980079999999958,21.892440000000057,0.04290979999999811
1,15,-1.0235797999999996,0.8471839999999986,21.20397600000002,0.04285479999999997
1,16,-1.0248138000000004,0.8942710000000034,20.497670999999947,0.04280780000000206
1,17,-1.0261154000000006,0.9430660000000017,19.716950999999973,0.0427594
1,18,-1.0274998000000004,1.0021169999999984,18.71308400000003,0.042701800000002565
1,19,-1.0289954000000008,1.0853460000000013,17.21496199999998,0.0426483999999987
1,20,-1.030680000000001,1.219619999999999,14.66375600000002,0.04257099999999947
1,21,-1.032665399999999,1.4535259999999965,9.98563600000007,0.042480400000002305
1,22,-1.0351897500000007,1.8662260000000046,1.3189359999999013,0.042322749999996745
1,23,-1.0387162500000002,2.586642999999995,-14.53023799999989,0.04213825000000071
1,24,-1.0412379999999999,3.865261000000004,-43.93845200000009,0.039105999999996754
1,25,-1.0411284999999946,6.260548500000008,-101.4256805000002,0.03004649999997855
1,26,-1.027259999999984,11.327590999999973,-228.12947999999932,0.0
2,0,-1.0141627999999998,0.11404399999999981,27.089834,0.02599859999999854
2,1,-1.0143215999999995,0.11483799999999889,27.089834,0.025988200000001793
2,2,-1.0145214000000002,0.1448190000000018,27.059852999999997,0.025971799999998435
2,3,-1.0147697999999998,0.18009400000000042,26.989303,0.025949600000000572
2,4,-1.0150744000000003,0.2654420000000002,26.6888,0.02592779999999939
2,5,-1.0154434,0.2672869999999996,26.681420000000003,0.025898799999999333
2,6,-1.0158836,0.31898299999999935,26.422940000000004,0.025864200000000004
2,7,-1.016402,0.375471000000001,26.084011999999994,0.025823000000000373
2,8,-1.0170032000000007,0.43574100000000016,25.662122,0.025778399999998758
2,9,-1.0176913999999997,0.49864599999999726,25.158882000000023,0.02572580000000224
2,10,-1.0184684000000004,0.5625610000000023,24.583646999999978,0.0256668000000011
2,11,-1.0193325999999998,0.62575,23.951757,0.0255991999999976
2,12,-1.0202808000000005,0.6869200000000006,23.278886999999994,0.025525599999999038
2,13,-1.0213088000000006,0.792503,21.964005000000004,0.02544759999999746
2,14,-1.0224097999999997,0.7980079999999958,21.892440000000057,0.025362600000000235
2,15,-1.0235797999999996,0.8881009999999989,20.590221000000014,0.0252746000000017
2,16,-1.0248138000000004,0.8942710000000034,20.497670999999947,0.025183599999998307
2,17,-1.0261154000000006,0.9430660000000017,19.716950999999973,0.02508179999999971
2,18,-1.0274998000000004,1.0021169999999984,18.71308400000003,0.02497860000000296
2,19,-1.0289954000000008,1.0853460000000013,17.21496199999998,0.024864799999998688
2,20,-1.030680000000001,1.219619999999999,14.66375600000002,0.02473099999999695
2,21,-1.032665399999999,1.4535259999999965,9.98563600000007,0.024543800000003557
2,22,-1.0351897500000007,1.8662260000000046,1.3189359999999013,0.02424450000000178
2,23,-1.0387162500000002,2.586642999999995,-14.53023799999989,0.02389349999999979
2,24,-1.0412379999999999,3.865261000000004,-43.93845200000009,0.017900999999994838
2,25,-1.0411284999999946,6.260548500000008,-101.4256805000002,0.0
3,0,-1.0141627999999998,0.11404399999999981,27.089834,0.011261399999997757
3,1,-1.0143215999999995,0.11483799999999889,27.089834,0.011247800000001806
3,2,-1.0145214000000002,0.1448190000000018,27.059852999999997,0.01122719999999866
3,3,-1.0147697999999998,0.18009400000000042,26.989303,0.01119939999999886
3,4,-1.0150744000000003,0.22098300000000037,26.866636,0.011168199999998407
3,5,-1.0154434,0.2672869999999996,26.681420000000003,0.01113119999999812
3,6,-1.0158836,0.31898299999999935,26.422940000000004,0.01108880000000001
3,7,-1.016402,0.375471000000001,26.084011999999994,0.011037999999997439
3,8,-1.0170032000000007,0.43574100000000016,25.662122,0.010980600000001672
3,9,-1.0176913999999997,0.49864599999999726,25.158882000000023,0.010914200000000207
3,10,-1.0184684000000004,0.5625610000000023,24.583646999999978,0.010838200000000242
3,11,-1.0193325999999998,0.62575,23.951757,0.010754799999997733
3,12,-1.0202808000000005,0.6869200000000006,23.278886999999994,0.010660399999998571
3,13,-1.0213088000000006,0.7446170000000016,22.586522999999982,0.0105613999999985
3,14,-1.0224097999999997,0.7980079999999958,21.892440000000057,0.010451400000001332
3,15,-1.0235797999999996,0.8471839999999986,21.20397600000002,0.01033540000000066
3,16,-1.0248138000000004,0.8942710000000034,20.497670999999947,0.010225399999999496
3,17,-1.0261154000000006,0.9430660000000017,19.716950999999973,0.01009720000000014
3,18,-1.0274998000000004,1.0021169999999984,18.71308400000003,0.009963400000001954
3,19,-1.0289954000000008,1.0853460000000013,17.21496199999998,0.009819199999999473
3,20,-1.030680000000001,1.219619999999999,14.66375600000002,0.009646999999999295
3,21,-1.032665399999999,1.4535259999999965,9.98563600000007,0.009407199999998284
3,22,-1.0351897500000007,1.8662260000000046,1.3189359999999013,0.009004249999996716
3,23,-1.0387162500000002,2.586642999999995,-14.53023799999989,0.008570750000004068
3,24,-1.0387162500000002,3.85769575,-43.76445125000001,0.0
4,0,-1.0141627999999998,0.11404399999999981,27.089834,0.0019562000000004076
4,1,-1.0143215999999995,0.11483799999999889,27.089834,0.0019423999999998998
4,2,-1.0145214000000002,0.1448190000000018,27.059852999999997,0.0019255999999989726
4,3,-1.0147697999999998,0.18009400000000042,26.989303,0.0019061999999969714
4,4,-1.0150744000000003,0.22098300000000037,26.866636,0.0018756000000008655
4,5,-1.0154434,0.2672869999999996,26.681420000000003,0.001844600000000085
4,6,-1.0158836,0.31898299999999935,26.422940000000004,0.001806400000001318
4,7,-1.016402,0.375471000000001,26.084011999999994,0.001762999999999515
4,8,-1.0170032000000007,0.43574100000000016,25.662122,0.001711799999999819
4,9,-1.0176913999999997,0.49864599999999726,25.158882000000023,0.0016545999999992844
4,10,-1.0184684000000004,0.5625610000000023,24.583646999999978,0.0015905999999992204
4,11,-1.0193325999999998,0.62575,23.951757,0.0015183999999965891
4,12,-1.0202808000000005,0.6869200000000006,23.278886999999994,0.0014401999999993365
4,13,-1.0213088000000006,0.7446170000000016,22.586522999999982,0.0013542000000006382
4,14,-1.0224097999999997,0.7980079999999958,21.892440000000057,0.0012622000000011013
4,15,-1.0235797999999996,0.8471839999999986,21.20397600000002,0.0011662000000010053
4,16,-1.0248138000000004,0.8942710000000034,20.497670999999947,0.00105920000000026
4,17,-1.0261154000000006,0.9430660000000017,19.716950999999973,0.0009575999999977824
4,18,-1.0274998000000004,1.0021169999999984,18.71308400000003,0.0008421999999983498
4,19,-1.0289954000000008,1.0853460000000013,17.21496199999998,0.0007136000000027565
4,20,-1.030680000000001,1.219619999999999,14.66375600000002,0.0005620000000048364
4,21,-1.032665399999999,1.4535259999999965,9.98563600000007,0.0003395999999966648
4,22,-1.0349350000000002,1.8652070000000025,1.3403349999999439,0.0
4,23,-1.0351897500000007,2.572536999999997,-14.21990599999993,0.0
5,0,-1.0141627999999998,0.11404399999999981,27.089834,0.0
5,1,-1.0143215999999995,0.11483799999999889,27.089834,0.0
5,2,-1.0143215999999995,0.14381999999999806,27.060852,0.0
5,3,-1.0145214000000002,0.17885200000000268,26.991786999999995,0.0
5,4,-1.0147697999999998,0.219459999999998,26.871205000000007,0.0
5,5,-1.0150744000000003,0.2654420000000002,26.6888,0.0
5,6,-1.0154434,0.3167819999999999,26.433945,0.0
5,7,-1.0158836,0.37287900000000107,26.099563999999994,0.0
5,8,-1.016402,0.4327349999999974,25.68316400000002,0.0
5,9,-1.0170032000000007,0.4952050000000021,25.186409999999984,0.0
5,10,-1.0106380000000001,0.5586759999999984,24.583345000000016,0.0
5,11,-1.0184684000000004,0.6214290000000027,23.994966999999974,0.0
5,12,-1.0193325999999998,0.6821789999999979,23.331038000000024,0.0
5,13,-1.0202808000000005,0.7394770000000008,22.64820299999999,0.0
5,14,-1.0138239999999996,0.792503,21.926581,0.0
5,15,-1.0147709999999996,0.8413339999999998,21.247682,0.0
5,16,-1.0235797999999996,0.8881009999999989,20.590221000000014,0.0
5,17,-1.0248138000000004,0.9365580000000016,19.821078999999976,0.0
5,18,-1.0261154000000006,0.9951949999999989,18.83075800000002,0.0
5,19,-1.0274998000000004,1.0778679999999987,17.349566000000024,0.0
5,20,-1.0289954000000008,1.2111969999999985,14.82379300000003,0.0
5,21,-1.030680000000001,1.443599000000006,10.18417599999988,0.0
5,22,-1.032665399999999,1.853859,1.5786429999999996,0.0
6,0,-1.007156000000002,0.11391599999999968,27.05480000000001,0.0
6,1,-1.007284000000002,0.11404399999999981,27.05544000000001,0.0
6,2,-1.007445999999998,0.14381999999999806,27.026473999999993,0.0
6,3,-1.0076440000000026,0.17885200000000268,26.957400000000007,0.0
6,4,-1.0078929999999993,0.219459999999998,26.836821000000004,0.0
6,5,-1.008191,0.2654420000000002,26.654383,0.0
6,6,-1.008191,0.3164259999999999,26.399463,0.0
6,7,-1.008967000000002,0.37287900000000107,26.064981000000003,0.0
6,8,-1.009454999999999,0.4327349999999974,25.648429000000014,0.0
6,9,-1.0100119999999997,0.4952050000000021,25.15145399999998,0.0
6,10,-1.0106380000000001,0.5586759999999984,24.583345000000016,0.0
6,11,-1.0113350000000025,0.6214290000000027,23.959299999999985,0.0
6,12,-1.0121019999999987,0.6821789999999979,23.29488500000002,0.0
6,13,-1.0023630000000026,0.7386470000000003,22.558835000000013,0.0
6,14,-1.0129319999999993,0.7916109999999996,21.933717,0.0
6,15,-1.0147709999999996,0.8413339999999998,21.247682,0.0
6,16,-1.0147709999999996,0.8871000000000002,20.561191999999995,0.0
6,17,-1.0157719999999983,0.9355030000000006,19.79274999999998,0.0
6,18,-1.0168269999999993,0.9940819999999988,18.803237000000017,0.0
6,19,-1.0179399999999994,1.0766600000000004,17.32351099999999,0.0
6,20,-1.0204199999999943,1.2111969999999985,14.780915999999998,0.0
6,21,-1.021616999999999,1.443599000000006,10.13886099999987,0.0
7,0,-0.997602999999998,0.11381199999999936,26.997481999999987,0.0
7,1,-0.9977069999999983,0.11391599999999968,26.99810599999999,0.0
7,2,-0.9978390000000026,0.14365800000000206,26.969156000000012,0.0
7,3,-0.9980069999999976,0.1786539999999981,26.90017199999999,0.0
7,4,-0.9982110000000013,0.21921100000000138,26.779725000000003,0.0
7,5,-0.9984549999999999,0.2651439999999994,26.597457000000002,0.0
7,6,-0.998746999999998,0.3164259999999999,26.34279899999999,0.0
7,7,-0.9990919999999974,0.3724589999999992,26.00867099999999,0.0
7,8,-0.999492,0.43224700000000027,25.592554999999997,0.0
7,9,-0.9999500000000019,0.49464800000000153,25.096095,0.0
7,10,-0.9999500000000019,0.5575330000000029,24.530129999999986,0.0
7,11,-1.0004669999999969,0.6201549999999969,23.90752900000001,0.0
7,12,-1.0010440000000003,0.6807790000000011,23.244703999999988,0.0
7,13,-0.992524999999997,0.7379609999999985,22.498886999999996,0.0
7,14,-0.9930929999999982,0.7908800000000014,21.814915999999968,0.0
7,15,-1.0038739999999997,0.8403869999999998,21.196505000000002,0.0
7,16,-1.0038739999999997,0.8862799999999993,20.50811000000001,0.0
7,17,-1.0046940000000006,0.9346339999999991,19.74018600000002,0.0
7,18,-1.0064850000000014,0.9940819999999988,18.74118500000003,0.0
7,19,-1.007404000000001,1.0766600000000004,17.260294999999996,0.0
7,20,-1.0081200000000017,1.209925000000002,14.732555999999974,0.0
8,0,-0.9888760000000012,0.11373299999999986,26.93639300000001,0.0
8,1,-0.9889550000000007,0.11381199999999936,26.936946000000006,0.0
8,2,-0.9890559999999979,0.14352599999999782,26.90793899999999,0.0
8,3,-0.9891780000000026,0.17848600000000303,26.83887300000001,0.0
8,4,-0.9893420000000006,0.21900699999999773,26.718458000000012,0.0
8,5,-0.989528,0.2649000000000008,26.536187999999996,0.0
8,6,-0.989528,0.3159099999999988,26.281138000000006,0.0
8,7,-0.9900170000000017,0.37211399999999983,25.947561000000015,0.0
8,8,-0.990321999999999,0.43184699999999765,25.53156500000001,0.0
8,9,-0.990321999999999,0.49383900000000125,25.035628999999982,0.0
8,10,-0.9910720000000026,0.5575330000000029,24.46798399999999,0.0
8,11,-0.9910720000000026,0.6197149999999993,23.846164000000027,0.0
8,12,-0.9919970000000013,0.6807790000000011,23.181374999999996,0.0
8,13,-0.984644000000003,0.7374330000000029,22.442702999999987,0.0
8,14,-0.9850450000000031,0.7903120000000001,21.758484000000024,0.0
8,15,-0.9936919999999994,0.8396070000000009,21.136930999999983,0.0
8,16,-0.9936919999999994,0.8856520000000003,20.44625599999999,0.0
8,17,-0.986343999999999,0.9339739999999992,19.614320000000006,0.0
8,18,-0.9956059999999987,0.9931599999999996,18.681627999999996,0.0
8,19,-0.9956059999999987,1.0753899999999987,17.201488000000012,0.0
9,0,-0.9821230000000014,0.11367800000000017,26.88236900000001,0.0
9,1,-0.9821780000000011,0.11373299999999986,26.88280900000001,0.0
9,2,-0.982246,0.14342500000000058,26.853661,0.0
9,3,-0.9823209999999989,0.1783639999999984,26.784382999999995,0.0
9,4,-0.9824120000000001,0.21884299999999968,26.663674,0.0
9,5,-0.9825419999999987,0.26471400000000145,26.481229999999982,0.0
9,6,-0.9826979999999992,0.3159099999999988,26.226498,0.0
9,7,-0.9826979999999992,0.37167499999999976,25.891907999999994,0.0
9,8,-0.9830900000000007,0.4315420000000003,25.476149000000003,0.0
9,9,-0.9830900000000007,0.4935910000000021,24.97975699999999,0.0
9,10,-0.9836150000000004,0.5571339999999978,24.412318000000024,0.0
9,11,-0.9836150000000004,0.6194020000000009,23.789637999999993,0.0
9,12,-0.9791579999999982,0.6799520000000001,23.083474999999982,0.0
9,13,-0.9794079999999994,0.7370589999999986,22.40044100000001,0.0
9,14,-0.9796769999999988,0.789911,21.715785999999987,0.0
9,15,-0.9850450000000031,0.8385770000000008,21.082774000000015,0.0
9,16,-0.9801649999999995,0.885187000000002,20.339703999999966,0.0
9,17,-0.986343999999999,0.9339739999999992,19.614320000000006,0.0
9,18,-0.9864460000000008,0.9925339999999991,18.619616000000022,0.0
10,0,-0.9778079999999996,0.11365600000000242,26.843533999999995,0.0
10,1,-0.9778299999999973,0.11367800000000017,26.843731999999974,0.0
10,2,-0.977881,0.14335700000000173,26.814511999999997,0.0
10,3,-0.9779300000000006,0.17828899999999948,26.745089000000007,0.0
10,4,-0.9779889999999973,0.2187519999999985,26.62423099999998,0.0
10,5,-0.9780639999999998,0.2645840000000028,26.441577999999986,0.0
10,6,-0.978154,0.3157539999999983,26.18653800000001,0.0
10,7,-0.9782690000000009,0.37167499999999976,25.85204700000001,0.0
10,8,-0.9783970000000011,0.43132400000000004,25.43565600000001,0.0
10,9,-0.9785510000000031,0.4935910000000021,24.93890600000001,0.0
10,10,-0.9761999999999986,0.5566780000000016,24.34761299999997,0.0
10,11,-0.9787299999999988,0.6191999999999993,23.747692999999995,0.0
10,12,-0.9789320000000004,0.6797260000000023,23.083926999999978,0.0
10,13,-0.9765990000000002,0.7368089999999974,22.375601000000035,0.0
10,14,-0.9767590000000013,0.7896420000000006,21.690372000000004,0.0
10,15,-0.976891000000002,0.838312000000002,21.010311999999992,0.0
10,16,-0.9799419999999976,0.8849640000000001,20.341041999999977,0.0
10,17,-0.9800910000000016,0.9336449999999985,19.56363600000004,0.0
11,0,-0.9760847499999996,0.11365600000000597,26.826301499999992,0.0002057500000027801
11,1,-0.9759870000000004,0.11404699999999934,26.82493300000001,0.00010699999999985721
11,2,-0.9758770000000001,0.14374600000000015,26.793694000000002,1.2999999995599865e-05
11,3,-0.9758659999999999,0.17828399999999966,26.724463999999998,0.0
11,4,-0.9758780000000016,0.2186930000000018,26.60335700000001,0.0
11,5,-0.9758990000000018,0.2645090000000003,26.42030300000002,0.0
11,6,-0.9759209999999996,0.31566399999999817,26.164748000000007,0.0
11,7,-0.9759209999999996,0.37151700000000076,25.82962999999999,0.0
11,8,-0.9753445000000003,0.4311329999999991,25.40597650000001,0.0
11,9,-0.9761049999999969,0.4934370000000001,24.915831999999966,0.0
11,10,-0.9761999999999986,0.5566780000000016,24.34761299999997,0.0
11,11,-0.9761999999999986,0.6190870000000004,23.723522999999982,0.0
11,12,-0.9754490000000011,0.679589,23.049740000000014,0.0
11,13,-0.9764499999999998,0.736659999999997,22.375899000000036,0.0
11,14,-0.9767590000000013,0.7896420000000006,21.690372000000004,0.0
11,15,-0.9755749999999992,0.8381800000000013,20.997815999999972,0.0
11,16,-0.975325999999999,0.8851420000000019,20.29064699999996,0.0
12,0,-0.9760847499999996,0.11365600000000597,26.826301499999992,0.00065850000000367
12,1,-0.9759870000000004,0.11404699999999934,26.82493300000001,0.0005109999999959314
12,2,-0.9758770000000001,0.14374600000000015,26.793694000000002,0.000354999999998995
12,3,-0.9757323333333332,0.17868499999999976,26.721790666666664,0.00023633333333350492
12,4,-0.9755954999999998,0.2190915000000003,26.598655499999996,0.0001505000000001644
12,5,-0.9755019999999996,0.2647010000000016,26.41497599999999,0.0001049999999978013
12,6,-0.9754199999999997,0.31580600000000025,26.158384999999996,5.099999999913507e-05
12,7,-0.9753445000000002,0.37166799999999967,25.822231500000004,5.000000005139782e-07
12,8,-0.9753240000000005,0.4311739999999986,25.405423000000017,0.0
12,9,-0.9753250000000016,0.49335900000000166,24.907954000000004,0.0
12,10,-0.9753250000000016,0.5565630000000006,24.339118000000013,0.0
12,11,-0.9753890000000034,0.6190870000000004,23.714602000000035,0.0
12,12,-0.9753890000000034,0.6795290000000023,23.049740000000014,0.0
12,13,-0.9754490000000011,0.7365819999999985,22.365824000000032,0.0
12,14,-0.9749929999999978,0.789434,21.673275999999973,0.0
12,15,-0.974696999999999,0.8384290000000014,20.983793999999968,0.0
13,0,-0.9760847499999996,0.11365600000000597,26.826301499999992,0.0004952500000037219
13,1,-0.9759870000000004,0.14330599999999905,26.79567400000001,0.0003609999999980573
13,2,-0.9758770000000001,0.14374600000000015,26.793694000000002,0.00021699999999924557
13,3,-0.9757323333333332,0.17868499999999976,26.721790666666664,8.466666666961942e-05
13,4,-0.9755954999999998,0.21909150000000022,26.598655499999996,0.0
13,5,-0.9755019999999996,0.2647010000000014,26.414975999999985,0.0
13,6,-0.9754199999999997,0.31580600000000025,26.158384999999996,0.0
13,7,-0.9753445000000003,0.37166799999999967,25.822231500000008,0.0
13,8,-0.9752329999999994,0.4312649999999998,25.403602999999993,0.0
13,9,-0.9751380000000012,0.4934529999999988,24.904864000000025,0.0
13,10,-0.9750709999999998,0.556630000000002,24.33539999999998,0.0
13,11,-0.9750289999999993,0.6190849999999983,23.710304000000008,0.0
13,12,-0.9737569999999991,0.6795390000000019,23.028773999999967,0.0
13,13,-0.9749929999999978,0.7366080000000004,22.360013999999968,0.0
13,14,-0.974696999999999,0.7897299999999987,21.665580000000006,0.0
14,0,-0.9760847499999996,0.11365600000000597,26.826301499999992,0.0
14,1,-0.9759870000000004,0.14330599999999905,26.79567400000001,0.0
14,2,-0.9758770000000001,0.14374600000000015,26.793694000000002,0.0
14,3,-0.9757323333333332,0.17868499999999976,26.721790666666664,0.0
14,4,-0.9755280000000006,0.21915899999999944,26.597508000000012,0.0
14,5,-0.975225,0.26497800000000105,26.409989999999993,0.0
14,6,-0.9749239999999997,0.3161070000000006,26.150130999999995,0.0
14,7,-0.9746319999999997,0.3719599999999996,25.810924999999997,0.0
14,8,-0.9743630000000003,0.4315339999999992,25.39014100000001,0.0
14,9,-0.9741229999999987,0.4936930000000004,24.88950899999998,0.0
14,10,-0.9739190000000022,0.5568339999999985,24.318384000000044,0.0
14,11,-0.9737569999999991,0.6192470000000014,23.69198599999997,0.0
14,12,-0.9735970000000016,0.6796989999999994,23.02477400000003,0.0
14,13,-0.9732300000000009,0.736975000000001,22.332324,0.0
15,0,-0.9753190000000007,0.11404699999999934,26.81558100000001,0.0
15,1,-0.9748900000000003,0.14374600000000015,26.779876,0.0
15,2,-0.9744089999999996,0.14422700000000077,26.77217999999999,0.0
15,3,-0.9738950000000006,0.17919899999999878,26.69452600000001,0.0
15,4,-0.9733429999999998,0.2197110000000002,26.564709999999998,0.0
15,5,-0.9727740000000011,0.26554699999999976,26.37283100000002,0.0
15,6,-0.9722000000000008,0.3166810000000009,26.108551000000006,0.0
15,7,-0.9716350000000009,0.37252499999999955,25.765012000000016,0.0
15,8,-0.9710979999999996,0.43207100000000054,25.34013499999999,0.0
15,9,-0.9706060000000001,0.4941849999999999,24.835843000000004,0.0
15,10,-0.9701749999999993,0.5572649999999992,24.261657999999997,0.0
15,11,-0.9697840000000006,0.6196380000000001,23.63206300000001,0.0
15,12,-0.9608179999999997,0.6802430000000008,22.830917999999986,0.0
16,0,-0.9709269999999997,0.1144759999999998,26.749700999999995,0.0
16,1,-0.9701749999999993,0.14422700000000077,26.70866999999999,0.0
16,2,-0.969342000000001,0.14505999999999908,26.694509000000018,0.0
16,3,-0.9684269999999984,0.18011400000000144,26.60976099999997,0.0
16,4,-0.9674639999999997,0.22067399999999893,26.472673,0.0
16,5,-0.9664589999999986,0.2665520000000008,26.273080999999976,0.0
16,6,-0.9654369999999997,0.31770299999999985,26.000973999999996,0.0
16,7,-0.9644279999999998,0.37353399999999937,25.649844,0.0
16,8,-0.9634660000000004,0.433033,25.217959000000008,0.0
16,9,-0.9625679999999992,0.49508300000000105,24.70719099999998,0.0
16,10,-0.9617439999999995,0.558088999999999,24.126953,0.0
16,11,-0.9608179999999997,0.6205639999999999,23.487387,0.0
17,0,-0.9616229999999995,0.11522800000000188,26.60083699999999,0.0
17,1,-0.9603730000000006,0.14505999999999908,26.55100500000001,0.0
17,2,-0.9589819999999989,0.14645100000000078,26.52596699999998,0.0
17,3,-0.9574840000000009,0.18161199999999944,26.430179000000017,0.0
17,4,-0.9558739999999997,0.22228400000000015,26.280792999999996,0.0
17,5,-0.9542029999999997,0.26822300000000077,26.06862999999999,0.0
17,6,-0.9525090000000009,0.3193969999999986,25.783962000000024,0.0
17,7,-0.950825,0.3752180000000003,25.420408,0.0
17,8,-0.9491999999999994,0.43465800000000065,24.976702999999986,0.0
17,9,-0.9476670000000009,0.4966159999999995,24.454978000000022,0.0
17,10,-0.9460940000000004,0.5596619999999994,23.86082300000001,0.0
18,0,-0.9455380000000009,0.11647799999999364,26.327392000000017,0.0
18,1,-0.943560999999999,0.11845500000000442,26.29180599999998,0.0
18,2,-0.9413720000000012,0.14863999999999855,26.222219000000024,0.0
18,3,-0.9389889999999994,0.18399500000000124,26.108614999999986,0.0
18,4,-0.9364589999999993,0.2248140000000003,25.940617999999986,0.0
18,5,-0.9338250000000006,0.27085699999999946,25.709034000000013,0.0
18,6,-0.9311489999999996,0.3220729999999996,25.404785999999994,0.0
18,7,-0.9284929999999996,0.37787400000000027,25.02217199999999,0.0
18,8,-0.9259070000000005,0.43724399999999974,24.56003400000001,0.0
18,9,-0.9233209999999996,0.49920200000000037,24.01782199999999,0.0
19,0,-0.9208490000000005,0.11845500000000442,25.882990000000007,0.0
19,1,-0.9178560000000004,0.12144800000000089,25.82612300000001,0.0
19,2,-0.9145459999999996,0.15194999999999936,25.732730999999994,0.0
19,3,-0.9109650000000009,0.18757599999999996,25.593440000000015,0.0
19,4,-0.907153000000001,0.22862600000000022,25.397862000000018,0.0
19,5,-0.9031970000000005,0.274813,25.13795000000001,0.0
19,6,-0.8991740000000004,0.3260959999999997,24.805098000000008,0.0
19,7,-0.8951620000000009,0.3818859999999997,24.39413000000002,0.0
19,8,-0.8911529999999992,0.44125300000000145,23.902389999999976,0.0
20,0,-0.8859899999999996,0.12144800000000089,25.220668999999994,0.0
20,1,-0.8816440000000005,0.12579400000000263,25.13374900000001,0.0
20,2,-0.8768499999999992,0.15674400000000066,25.006918999999982,0.0
20,3,-0.8716659999999994,0.19275999999999982,24.83120699999999,0.0
20,4,-0.8661729999999999,0.23411899999999974,24.597269999999998,0.0
20,5,-0.8604830000000003,0.2805029999999995,24.29793400000001,0.0
20,6,-0.8546809999999994,0.3318980000000007,23.92491899999998,0.0
20,7,-0.8488099999999985,0.3877570000000006,23.47234499999997,0.0
21,0,-0.8398839999999996,0.12579400000000263,24.29854899999999,0.0
21,1,-0.833799,0.13187899999999786,24.170764,0.0
21,2,-0.827115,0.16342800000000057,23.998851,0.0
21,3,-0.8199180000000004,0.1999569999999995,23.77465600000001,0.0
21,4,-0.8123040000000001,0.24173299999999998,23.489434000000003,0.0
21,5,-0.8044189999999993,0.2883880000000003,23.137228999999984,0.0
21,6,-0.7963199999999997,0.3399970000000003,22.709104999999994,0.0
22,0,-0.7820970000000003,0.1318790000000014,23.085022000000006,0.0
22,1,-0.7738819999999995,0.14009400000000127,22.904291999999987,0.0
22,2,-0.7648860000000006,0.1999569999999995,22.618984000000015,0.0
22,3,-0.7552310000000002,0.2096119999999999,22.387264000000005,0.0
22,4,-0.745044,0.25192000000000014,22.036226,0.0
22,5,-0.734458,0.2989740000000003,21.615118,0.0
23,0,-0.7129250000000003,0.14009400000000127,21.563238000000005,0.0
23,1,-0.7021760000000006,0.15084300000000184,21.31601100000001,0.0
23,2,-0.6904629999999994,0.2096119999999999,20.962367999999987,0.0
23,3,-0.6779349999999997,0.25192000000000014,20.559827999999996,0.0
23,4,-0.6647039999999995,0.2989740000000003,20.080529999999985,0.0
24,0,-0.6333709999999995,0.15084299999999828,19.733495999999988,0.0
24,1,-0.6197239999999997,0.18413700000000066,19.386320999999995,0.0
24,2,-0.6049240000000005,0.22213999999999956,18.96991500000001,0.0
24,3,-0.5891070000000003,0.23795699999999975,18.558673000000006,0.0
25,0,-0.5450820000000003,0.16448999999999714,17.614560000000008,0.0
25,1,-0.5282270000000002,0.19893699999999992,17.175593000000006,0.0
25,2,-0.5099859999999996,0.21717800000000054,16.70132699999999,0.0
26,0,-0.45013900000000007,0.1813450000000003,15.240985000000002,0.0
26,1,-0.4297959999999996,0.20168800000000076,14.71206699999999,0.0
27,0,-0.35083299999999973,0.20168800000000076,12.659028999999993,0.0
