0,0,-1.023172,0.8380360000000024,34.690258,0.0
0,1,-1.023172,0.8380360000000024,34.690258,0.0
0,2,-1.0242676666666668,0.8809579999999997,34.647336,0.0
0,3,-1.025421333333334,0.9257929999999988,34.557666000000005,0.0
0,4,-1.0266316666666668,0.9738959999999963,34.41335700000001,0.0
0,5,-1.027903333333332,1.0241320000000016,34.21241299999999,0.0
0,6,-1.0292293333333333,1.075575999999998,33.95519300000001,0.0
0,7,-1.0306309999999996,1.1232690000000005,33.669034999999994,0.0
0,8,-1.0321059999999989,1.1845360000000014,33.24016599999999,0.0
0,9,-1.0336533333333335,1.2441519999999997,32.763238,0.0
0,10,-1.0352620000000006,1.297035000000001,32.28729099999999,0.0
0,11,-1.0369593333333331,1.3652950000000033,31.604690999999967,0.0
0,12,-1.038736,1.4296310000000005,30.896994999999997,0.0
0,13,-1.040606333333334,1.5013539999999992,30.036319000000013,0.0
0,14,-1.0425569999999997,1.5672989999999984,29.179034000000023,0.0
0,15,-1.0445990000000005,1.6446910000000017,28.095545999999977,0.0
0,16,-1.0467403333333347,1.721615,26.941686000000004,0.0
0,17,-1.0489603333333335,1.7980379999999982,25.71891800000003,0.0
0,18,-1.051326666666668,1.914555,23.738129,0.0
0,19,-1.0538479999999997,2.0855669999999975,20.659913000000046,0.0
0,20,-1.0566009999999981,2.347110999999998,15.690577000000033,0.0
0,21,-1.0595573333333352,2.72058100000001,8.221176999999798,0.0
0,22,-1.0627136666666672,3.317864,-4.321765999999997,0.0
0,23,-1.065849,4.145224999999996,-22.523707999999914,0.0
0,24,-1.0715404999999976,5.380927999999997,-50.944876999999934,0.0
0,25,-1.0783810000000003,7.3473670000000055,-98.13941300000015,0.0
0,26,-1.0868910000000085,10.799414999999996,-184.44061299999993,0.0
0,27,-1.1001475000000198,17.791352000000003,-366.23097500000006,0.0
0,28,-1.1348420000000488,33.52243,-790.970081,0.0
0,29,-1.1348420000001624,75.342041,-1961.9191889999997,0.0
1,0,-1.0221353333333336,0.8349260000000029,34.690258,0.03691733333333014
1,1,-1.023172,0.8380360000000024,34.690258,0.03678199999999987
1,2,-1.0242676666666668,0.8809579999999997,34.647336,0.03663466666666437
1,3,-1.025421333333334,0.9702649999999977,34.42425000000001,0.03646833333333177
1,4,-1.0266316666666668,0.9738959999999963,34.41335700000001,0.03630566666667079
1,5,-1.027903333333332,1.0241320000000016,34.21241299999999,0.036131333333334625
1,6,-1.0292293333333333,1.1190640000000016,33.69426499999999,0.03593933333333865
1,7,-1.0306309999999996,1.1232690000000005,33.669034999999994,0.03576100000000082
1,8,-1.0321059999999989,1.1845360000000014,33.24016599999999,0.035558000000001755
1,9,-1.0336533333333335,1.2441519999999997,32.763238,0.03535833333333471
1,10,-1.0352620000000006,1.297035000000001,32.28729099999999,0.035146999999999595
1,11,-1.0369593333333331,1.3652950000000033,31.604690999999967,0.03491833333332761
1,12,-1.038736,1.4296310000000005,30.896994999999997,0.03467699999999496
1,13,-1.040606333333334,1.5013539999999992,30.036319000000013,0.03441433333332822
1,14,-1.0425569999999997,1.5672989999999984,29.179034000000023,0.034148999999996876
1,15,-1.0445990000000005,1.6446910000000017,28.095545999999977,0.03387599999999469
1,16,-1.0467403333333347,1.721615,26.941686000000004,0.03357933333333096
1,17,-1.0489603333333335,1.7980379999999982,25.71891800000003,0.03329033333333342
1,18,-1.051326666666668,1.914555,23.738129,0.03293266666666739
1,19,-1.0538479999999997,2.0855669999999975,20.659913000000046,0.032494000000004464
1,20,-1.0566009999999981,2.347110999999998,15.690577000000033,0.032003999999998145
1,21,-1.0595573333333352,2.72058100000001,8.221176999999798,0.03113833333333571
1,22,-1.0627136666666672,3.317864,-4.321765999999997,0.029677666666657387
1,23,-1.065849,4.145224999999996,-22.523707999999914,0.027198999999995976
1,24,-1.0715404999999976,5.380927999999997,-50.944876999999934,0.025672499999998877
1,25,-1.0783810000000003,7.3473670000000055,-98.13941300000015,0.02291499999999047
1,26,-1.0868910000000085,10.799414999999996,-184.44061299999993,0.01788300000001186
1,27,-1.1001475000000198,17.791352000000003,-366.23097500000006,0.008907499999992297
1,28,-1.1001474999999914,33.48773549999998,-790.0333294999994,0.0
2,0,-1.0221353333333336,0.8349260000000029,34.690258,0.012990666666664374
2,1,-1.023172,0.8380360000000024,34.690258,0.012800999999998286
2,2,-1.0242676666666668,0.8809579999999997,34.647336,0.012608333333332666
2,3,-1.025421333333334,0.9257929999999988,34.557666000000005,0.012416666666666742
2,4,-1.0266316666666668,0.9738959999999963,34.41335700000001,0.01219833333333753
2,5,-1.027903333333332,1.0241320000000016,34.21241299999999,0.01196766666666571
2,6,-1.0292293333333333,1.075575999999998,33.95519300000001,0.011709666666668284
2,7,-1.0306309999999996,1.1232690000000005,33.669034999999994,0.011476000000001818
2,8,-1.0321059999999989,1.1845360000000014,33.24016599999999,0.011217999999999506
2,9,-1.0336533333333335,1.2441519999999997,32.763238,0.010947666666666578
2,10,-1.0352620000000006,1.297035000000001,32.28729099999999,0.010660000000003667
2,11,-1.0369593333333331,1.3652950000000033,31.604690999999967,0.010362666666660747
2,12,-1.038736,1.4296310000000005,30.896994999999997,0.010053999999996677
2,13,-1.040606333333334,1.5013539999999992,30.036319000000013,0.009724666666665716
2,14,-1.0425569999999997,1.5672989999999984,29.179034000000023,0.009383999999999393
2,15,-1.0445990000000005,1.6446910000000017,28.095545999999977,0.009031999999995488
2,16,-1.0467403333333347,1.721615,26.941686000000004,0.008645666666664109
2,17,-1.0489603333333335,1.7980379999999982,25.71891800000003,0.008248666666666793
2,18,-1.051326666666668,1.914555,23.738129,0.0077933333333319865
2,19,-1.0538479999999997,2.0855669999999975,20.659913000000046,0.0072940000000039085
2,20,-1.0566009999999981,2.347110999999998,15.690577000000033,0.0065699999999986325
2,21,-1.0595573333333352,2.72058100000001,8.221176999999798,0.005387666666666124
2,22,-1.0627136666666672,3.317864,-4.321765999999997,0.003349333333332538
2,23,-1.0653380000000017,4.144202999999981,-22.501223999999574,0.0
2,24,-1.065849,5.369545000000002,-50.68306800000005,0.0
2,25,-1.0605780000000067,7.333686,-97.83299399999999,0.0
2,26,-1.0783810000000074,10.782394999999994,-184.01511299999987,0.0
2,27,-1.0868910000000085,17.764838999999995,-365.54163699999987,0.0
3,0,-1.0221353333333336,0.8349260000000029,34.690258,0.0
3,1,-1.023172,0.8380360000000024,34.690258,0.0
3,2,-1.023172,0.8776709999999994,34.650623,0.0
3,3,-1.0242676666666668,0.9223319999999973,34.56458800000001,0.0
3,4,-1.025421333333334,0.9702649999999977,34.42425000000001,0.0
3,5,-1.0266316666666668,1.0203170000000057,34.227672999999974,0.0
3,6,-1.027903333333332,1.0715979999999945,33.975083000000026,0.0
3,7,-1.0292293333333333,1.1190640000000016,33.69426499999999,0.0
3,8,-1.0306309999999996,1.1801110000000037,33.27114099999997,0.0
3,9,-1.0321059999999989,1.2395099999999957,32.80037400000003,0.0
3,10,-1.0336533333333335,1.2922089999999997,32.330725,0.0
3,11,-1.0231550000000027,1.3602030000000056,31.61928999999995,0.0
3,12,-1.0369593333333331,1.4243009999999998,30.955625000000005,0.0
3,13,-1.0249749999999977,1.4957429999999974,30.062368000000028,0.0
3,14,-1.040606333333334,1.5614470000000011,29.255109999999988,0.0
3,15,-1.0425569999999997,1.6385649999999998,28.181310000000003,0.0
3,16,-1.0445990000000005,1.7151909999999972,27.038046000000044,0.0
3,17,-1.0467403333333347,1.7913780000000017,25.825477999999976,0.0
3,18,-1.030116999999997,1.9074559999999963,23.802282000000055,0.0
3,19,-1.051326666666668,2.0780030000000025,20.796064999999956,0.0
3,20,-1.031201000000003,2.338852000000003,15.779556999999954,0.0
3,21,-1.0566009999999981,2.7117119999999986,8.398557000000025,0.0
3,22,-1.030140000000003,3.3083950000000044,-4.211169000000083,0.0
3,23,-1.0627136666666672,4.136330000000001,-22.328018000000014,0.0
3,24,-1.0605780000000067,5.374304999999993,-50.8078499999998,0.0
3,25,-1.0478820000000013,7.3463820000000055,-98.17578600000013,0.0
3,26,-1.020904999999999,10.809371999999996,-184.8314669999999,0.0
4,0,-1.015740000000001,0.8343970000000027,34.671072,0.0
4,1,-1.0162690000000012,0.8349260000000029,34.672659,0.0
4,2,-1.0168120000000016,0.8776709999999994,34.63154300000001,0.0
4,3,-0.9965240000000009,0.9217680000000001,34.462197,0.0
4,4,-0.9967040000000011,0.9696619999999996,34.319235000000006,0.0
4,5,-1.0179789999999969,1.0196729999999974,34.204291,0.0
4,6,-1.0192789999999974,1.0715979999999945,33.94921000000002,0.0
4,7,-1.0192789999999974,1.1183619999999976,33.668626,0.0
4,8,-1.0199810000000014,1.1793750000000003,33.244343,0.0
4,9,-1.0207170000000048,1.238742000000002,32.772351,0.0
4,10,-1.0223079999999953,1.2922089999999997,32.296688999999986,0.0
4,11,-1.0231550000000027,1.3602030000000056,31.61928999999995,0.0
4,12,-1.0240440000000035,1.4243009999999998,30.916879000000016,0.0
4,13,-1.0249749999999977,1.4957429999999974,30.062368000000028,0.0
4,14,-1.0259550000000033,1.5614470000000011,29.211155999999995,0.0
4,15,-1.0269729999999981,1.6385649999999998,28.134558,0.0
4,16,-1.0269729999999981,1.714148999999999,27.00079800000001,0.0
4,17,-0.999648999999998,1.790313999999995,25.672862000000073,0.0
4,18,-0.999648999999998,1.9064180000000022,23.699093999999953,0.0
4,19,-1.030116999999997,2.0771629999999988,20.74755600000001,0.0
4,20,-1.0309570000000008,2.3386080000000007,15.783460999999988,0.0
4,21,-0.9960209999999989,2.7127729999999985,8.160417000000024,0.0
4,22,-1.0256880000000024,3.312847000000005,-4.322469000000098,0.0
4,23,-0.9738850000000028,4.1477119999999985,-22.896710999999954,0.0
4,24,-0.9887619999999941,5.399849000000003,-51.6363540000001,0.0
4,25,-0.9379729999999995,7.397171,-99.77523800000002,0.0
5,0,-0.996026999999998,0.8342500000000044,34.59221999999999,0.0
5,1,-0.9961739999999999,0.8343970000000027,34.592808,0.0
5,2,-0.9963280000000019,0.877127999999999,34.55069300000001,0.0
5,3,-0.9963280000000019,0.9215720000000012,34.461805000000005,0.0
5,4,-0.9965240000000009,0.9694819999999993,34.319055000000006,0.0
5,5,-0.9967040000000011,1.0195080000000019,34.119851,0.0
5,6,-0.9968689999999967,1.0707549999999983,33.86444099999999,0.0
5,7,-0.9970560000000006,1.1181720000000013,33.580873999999994,0.0
5,8,-0.997245999999997,1.179153999999997,33.15495000000001,0.0
5,9,-0.9974670000000003,1.2385330000000039,32.68102299999997,0.0
5,10,-0.9976759999999985,1.291164000000002,32.208388999999976,0.0
5,11,-0.9978979999999993,1.3590969999999984,31.530169000000015,0.0
5,12,-0.9981569999999991,1.423141000000001,30.826979999999985,0.0
5,13,-0.998427999999997,1.494536999999994,29.97158300000006,0.0
5,14,-0.9780959999999936,1.5602000000000018,29.01630399999994,0.0
5,15,-0.9778170000000017,1.6372870000000006,27.935691,0.0
5,16,-0.9992300000000043,1.713909000000001,26.893426000000005,0.0
5,17,-0.9769470000000027,1.7901349999999994,25.562395000000024,0.0
5,18,-0.9995309999999975,1.9065360000000027,23.69649799999994,0.0
5,19,-0.9986570000000015,2.078036999999995,20.605110000000103,0.0
5,20,-0.9960209999999989,2.341244000000003,15.59099699999993,0.0
5,21,-0.9892579999999995,2.719535999999998,7.991342000000039,0.0
5,22,-0.9738850000000028,3.3282200000000017,-4.8678870000000245,0.0
5,23,-0.834266999999997,4.255814000000001,-26.047897000000034,0.0
5,24,-0.8739240000000024,5.466560000000001,-53.696770000000015,0.0
6,0,-0.9809809999999999,0.8342500000000044,34.51699,0.0
6,1,-0.980791,0.8344400000000007,34.51585,0.0
6,2,-0.9806399999999975,0.8771249999999995,34.47225899999999,0.0
6,3,-0.9804600000000008,0.9217519999999979,34.38192500000001,0.0
6,4,-0.9802589999999967,0.9696830000000034,34.23692599999997,0.0
6,5,-0.9800790000000035,1.019687999999995,34.03582600000004,0.0
6,6,-0.9798619999999971,1.0709720000000047,33.778103999999956,0.0
6,7,-0.9796479999999974,1.118386000000001,33.49233599999998,0.0
6,8,-0.9794199999999975,1.1793819999999968,33.06399600000001,0.0
6,9,-0.9684600000000003,1.2387879999999996,32.522988000000005,0.0
6,10,-0.9673949999999962,1.2919160000000005,32.03793099999997,0.0
6,11,-0.9786760000000001,1.3593490000000017,31.431286999999983,0.0
6,12,-0.9784050000000022,1.423411999999999,30.724968000000025,0.0
6,13,-0.9780959999999936,1.4948460000000026,29.86590599999993,0.0
6,14,-0.9778170000000017,1.5604789999999937,29.011003000000095,0.0
6,15,-0.9774589999999961,1.6376450000000062,27.928530999999886,0.0
6,16,-0.9769470000000027,1.7144209999999944,26.773819000000103,0.0
6,17,-0.9628599999999992,1.790973000000001,25.464464999999976,0.0
6,18,-0.9608989999999977,1.9081540000000032,23.46062199999993,0.0
6,19,-0.9569890000000001,2.0815470000000005,20.316087999999993,0.0
6,20,-0.9487689999999986,2.3491129999999956,15.183014000000078,0.0
6,21,-0.9459419999999952,2.736706000000005,7.414191999999865,0.0
6,22,-0.9091189999999969,3.365043,-6.001823000000016,0.0
6,23,-0.8147009999999995,4.255814000000001,-26.16529300000002,0.0
7,0,-0.9720230000000001,0.8344400000000007,34.463242,0.0
7,1,-0.9716280000000026,0.8348349999999982,34.46047700000002,0.0
7,2,-0.9712239999999994,0.8775290000000027,34.41495499999999,0.0
7,3,-0.9708229999999993,0.922152999999998,34.322900000000004,0.0
7,4,-0.9703880000000034,0.9701179999999994,34.175960000000025,0.0
7,5,-0.9699059999999946,1.0201700000000038,33.97237799999995,0.0
7,6,-0.969452000000004,1.0714259999999953,33.712920000000054,0.0
7,7,-0.9689790000000045,1.1188590000000005,33.425011000000026,0.0
7,8,-0.9684600000000003,1.179901000000001,32.994083999999994,0.0
7,9,-0.962799000000004,1.240009999999998,32.47291300000005,0.0
7,10,-0.962799000000004,1.2919160000000005,32.005759000000026,0.0
7,11,-0.9621550000000028,1.3599350000000001,31.32106100000002,0.0
7,12,-0.9614600000000024,1.4240269999999953,30.611184000000073,0.0
7,13,-0.9655870000000064,1.4954529999999977,29.78296100000007,0.0
7,14,-0.9648519999999934,1.5612140000000068,28.922922999999862,0.0
7,15,-0.9589570000000052,1.638473999999995,27.800018000000108,0.0
7,16,-0.9628599999999992,1.7155839999999998,26.670688999999996,0.0
7,17,-0.9516410000000022,1.7968520000000012,25.287949999999995,0.0
7,18,-0.9569890000000001,1.9120640000000009,23.366781999999986,0.0
7,19,-0.9434590000000043,2.089767000000002,20.073417999999997,0.0
7,20,-0.9309499999999957,2.3669319999999985,14.719720000000002,0.0
7,21,-0.8929220000000058,2.774733999999995,6.297484000000139,0.0
7,22,-0.8147009999999995,3.4432640000000063,-8.28919300000014,0.0
8,0,-0.967886,0.8348349999999982,34.434283,0.0
8,1,-0.9673869999999987,0.8775290000000027,34.38809599999999,0.0
8,2,-0.9668810000000008,0.8780350000000006,34.383542000000006,0.0
8,3,-0.9663690000000003,0.9226649999999985,34.290186000000006,0.0
8,4,-0.9658449999999981,0.9706420000000016,34.14206299999998,0.0
8,5,-0.9652540000000016,1.0207610000000003,33.93685900000001,0.0
8,6,-0.9646869999999979,1.071992999999999,33.67616299999999,0.0
8,7,-0.9640729999999991,1.1194729999999993,33.386371,0.0
8,8,-0.9634709999999984,1.1805030000000016,32.954344999999975,0.0
8,9,-0.9607969999999995,1.2406579999999963,32.45106500000003,0.0
8,10,-0.9607969999999995,1.2925600000000017,31.98394699999998,0.0
8,11,-0.9614600000000024,1.3606300000000005,31.308551000000016,0.0
8,12,-0.9594300000000047,1.4247319999999988,30.587189000000052,0.0
8,13,-0.9586600000000018,1.4962889999999973,29.722345000000047,0.0
8,14,-0.9577939999999998,1.562176000000001,28.858885999999984,0.0
8,15,-0.9576759999999993,1.639755000000001,27.77183599999998,0.0
8,16,-0.9555590000000009,1.7177009999999981,26.585710000000034,0.0
8,17,-0.9509389999999982,1.7968520000000012,25.282333999999963,0.0
8,18,-0.9430699999999987,1.9202459999999988,23.12168400000001,0.0
8,19,-0.9257390000000001,2.107487000000006,19.612697999999888,0.0
8,20,-0.8876570000000044,2.4053309999999897,13.648689000000239,0.0
8,21,-0.8090849999999961,2.8540470000000084,4.045051999999792,0.0
9,0,-0.965954,0.835333999999996,34.418827,0.0
9,1,-0.9654330000000009,0.8358549999999951,34.41413800000001,0.0
9,2,-0.9648950000000021,0.8785729999999994,34.36657800000002,0.0
9,3,-0.9643409999999975,0.9232190000000031,34.27229999999997,0.0
9,4,-0.9637659999999997,0.9712169999999993,34.123131,0.0
9,5,-0.9632190000000023,1.0213079999999977,33.91784400000003,0.0
9,6,-0.9626640000000002,1.0725480000000012,33.656648999999994,0.0
9,7,-0.9620859999999993,1.1200510000000001,33.366429,0.0
9,8,-0.9614449999999977,1.1811440000000033,32.933008999999956,0.0
9,9,-0.9607969999999995,1.2406579999999963,32.45106500000003,0.0
9,10,-0.9584729999999979,1.2932059999999979,31.957217,0.0
9,11,-0.9594300000000047,1.361350999999999,31.28438000000005,0.0
9,12,-0.9572339999999997,1.4255020000000016,30.558954999999976,0.0
9,13,-0.9564469999999972,1.4971549999999993,29.69203599999998,0.0
9,14,-0.9554069999999939,1.563362000000005,28.821984999999877,0.0
9,15,-0.9536860000000047,1.6416660000000007,27.710240000000034,0.0
9,16,-0.9509389999999982,1.7214589999999959,26.48862200000005,0.0
9,17,-0.9430699999999987,1.8047210000000007,25.085608999999977,0.0
9,18,-0.9256969999999995,1.937894,22.665035999999994,0.0
9,19,-0.8879739999999998,2.1464540000000056,18.570204999999895,0.0
9,20,-0.809826000000001,2.4852749999999943,11.427161000000119,0.0
10,0,-0.9635490000000004,0.8358550000000022,34.397182,0.0
10,1,-0.9629969999999979,0.8364069999999941,34.39166199999998,0.0
10,2,-0.9624559999999995,0.8791139999999977,34.343545,0.0
10,3,-0.9618890000000029,0.9237859999999998,34.24853100000003,0.0
10,4,-0.9613399999999999,0.9717660000000024,34.09910099999999,0.0
10,5,-0.9607519999999994,1.0218959999999981,33.892701,0.0
10,6,-0.9601949999999988,1.0731050000000018,33.63108599999998,0.0
10,7,-0.9596349999999987,1.1206110000000002,33.34044999999999,0.0
10,8,-0.9590490000000003,1.1817300000000017,32.90675699999999,0.0
10,9,-0.9584729999999979,1.2412339999999986,32.42496499999999,0.0
10,10,-0.9578789999999984,1.2937999999999974,31.94593100000001,0.0
10,11,-0.9572339999999997,1.3619959999999978,31.25752100000002,0.0
10,12,-0.9564469999999972,1.4262890000000041,30.542427999999923,0.0
10,13,-0.9554069999999939,1.4981950000000026,29.66915599999991,0.0
10,14,-0.9463730000000012,1.568202999999997,28.665592000000053,0.0
10,15,-0.9502330000000043,1.645119000000001,27.627368000000025,0.0
10,16,-0.9393200000000022,1.7290380000000027,26.25945299999998,0.0
10,17,-0.9259720000000016,1.8214029999999966,24.648133000000072,0.0
10,18,-0.8892179999999996,1.974373,21.680102999999995,0.0
10,19,-0.8119390000000024,2.222489000000003,16.441224999999967,0.0
11,0,-0.9582000000000015,0.8364069999999941,34.34369200000002,0.0
11,1,-0.9575980000000008,0.8370089999999948,34.33707000000001,0.0
11,2,-0.9569699999999983,0.8797420000000002,34.28742899999998,0.0
11,3,-0.9563789999999983,0.9243769999999998,34.19165799999998,0.0
11,4,-0.9558200000000028,0.9723249999999979,34.04166500000004,0.0
11,5,-0.9552629999999986,1.0224530000000023,33.83502599999997,0.0
11,6,-0.9547520000000027,1.0736159999999977,33.57359000000004,0.0
11,7,-0.9542560000000009,1.121107000000002,33.283187999999996,0.0
11,8,-0.9537240000000047,1.182261999999998,32.849251000000066,0.0
11,9,-0.953197000000003,1.2417610000000003,32.36746200000003,0.0
11,10,-0.9526290000000017,1.2943679999999986,31.88775100000003,0.0
11,11,-0.9519309999999948,1.3626940000000047,31.196812999999892,0.0
11,12,-0.9510349999999974,1.4271850000000015,30.477555999999957,0.0
11,13,-0.9494930000000039,1.499736999999996,29.589970000000093,0.0
11,14,-0.9367870000000025,1.568202999999997,28.560146000000067,0.0
11,15,-0.9393200000000022,1.6521720000000002,27.412443000000017,0.0
11,16,-0.9150729999999996,1.7450490000000016,25.752570999999968,0.0
11,17,-0.887675999999999,1.8570360000000008,23.659411999999975,0.0
11,18,-0.8119079999999954,2.0501410000000035,19.54317899999989,0.0
12,0,-0.9479239999999969,0.8370089999999948,34.23065599999997,0.0
12,1,-0.9472120000000004,0.8377209999999948,34.22211200000001,0.0
12,2,-0.9465509999999995,0.8804030000000012,34.17149799999999,0.0
12,3,-0.945883000000002,0.9250449999999972,34.07419800000003,0.0
12,4,-0.9452729999999967,0.9729350000000032,33.923207999999946,0.0
12,5,-0.9446870000000018,1.0230389999999971,33.71576000000003,0.0
12,6,-0.9441449999999989,1.0741580000000006,33.45366099999998,0.0
12,7,-0.9436070000000001,1.121645000000001,33.162282999999995,0.0
12,8,-0.9430559999999986,1.1828129999999994,32.72749499999999,0.0
12,9,-0.9424939999999964,1.2423230000000025,32.24467099999994,0.0
12,10,-0.9418979999999948,1.2949640000000002,31.763749999999938,0.0
12,11,-0.9410859999999985,1.363506000000001,31.068585999999975,0.0
12,12,-0.9396930000000054,1.4285779999999946,30.33607800000013,0.0
12,13,-0.9367870000000025,1.502642999999999,29.41242600000004,0.0
12,14,-0.9302289999999971,1.5747610000000023,28.396195999999932,0.0
12,15,-0.8996810000000011,1.6673279999999977,26.733682000000044,0.0
12,16,-0.880714999999995,1.7794070000000062,24.824904999999845,0.0
12,17,-0.8068999999999988,1.930850999999997,21.516021000000038,0.0
13,0,-0.931356000000001,0.8377209999999948,34.03184000000002,0.0
13,1,-0.9304699999999997,0.8804030000000012,33.978525999999995,0.0
13,2,-0.9296170000000004,0.8812560000000005,33.966584000000005,0.0
13,3,-0.9287929999999989,0.9258689999999987,33.86664599999999,0.0
13,4,-0.9280680000000032,0.9736599999999989,33.71384800000004,0.0
13,5,-0.9274009999999997,1.0237060000000007,33.50499299999999,0.0
13,6,-0.9268059999999991,1.0747530000000012,33.24202299999998,0.0
13,7,-0.9262240000000013,1.1222269999999988,32.94961300000003,0.0
13,8,-0.9255859999999991,1.1834510000000016,32.51275099999998,0.0
13,9,-0.9249440000000035,1.242964999999998,32.02829300000006,0.0
13,10,-0.9241290000000006,1.2957790000000031,31.54237199999998,0.0
13,11,-0.9228050000000039,1.3648299999999978,30.834650000000074,0.0
13,12,-0.9201399999999964,1.431243000000002,30.06946199999993,0.0
13,13,-0.9139519999999948,1.5088310000000007,29.057961999999925,0.0
13,14,-0.8996810000000011,1.589031999999996,27.829826000000068,0.0
13,15,-0.8667909999999992,1.7002179999999996,25.845651999999994,0.0
13,16,-0.795379000000004,1.8508190000000013,22.65828100000003,0.0
14,0,-0.9072630000000004,0.8386070000000032,33.718631,0.0
14,1,-0.9061389999999996,0.8397310000000004,33.702895,0.0
14,2,-0.9050609999999999,0.8823340000000002,33.6452,0.0
14,3,-0.9040259999999982,0.9269040000000004,33.54156999999998,0.0
14,4,-0.9031259999999968,0.9745600000000003,33.386001999999955,0.0
14,5,-0.9023049999999984,1.024526999999999,33.17463999999998,0.0
14,6,-0.9015440000000012,1.0755139999999983,32.90905100000003,0.0
14,7,-0.9008289999999981,1.1229420000000019,32.61447299999996,0.0
14,8,-0.900069000000002,1.1842109999999977,32.174950000000045,0.0
14,9,-0.8991679999999995,1.2438660000000006,31.685095999999987,0.0
14,10,-0.8978910000000013,1.2970560000000013,31.188508000000006,0.0
14,11,-0.8953210000000027,1.3673999999999964,30.449088000000074,0.0
14,12,-0.8896519999999981,1.4369120000000066,29.605089999999898,0.0
14,13,-0.8761860000000041,1.5222969999999947,28.391946000000125,0.0
14,14,-0.8450319999999962,1.620186000000004,26.683232999999895,0.0
14,15,-0.7764659999999992,1.7687839999999966,23.64293700000004,0.0
15,0,-0.8749050000000018,0.8397310000000004,33.26561900000003,0.0
15,1,-0.8734339999999996,0.8412020000000098,33.24355399999999,0.0
15,2,-0.8720780000000019,0.8836899999999979,33.180726000000035,0.0
15,3,-0.8707840000000004,0.9281980000000019,33.0723,0.0
15,4,-0.8696150000000031,0.9757289999999976,32.912172000000055,0.0
15,5,-0.8685590000000012,1.025583000000001,32.696916000000016,0.0
15,6,-0.8676840000000006,1.076388999999999,32.42976100000001,0.0
15,7,-0.8667660000000019,1.1238600000000005,32.131165000000024,0.0
15,8,-0.8656790000000001,1.1852979999999995,31.684794000000004,0.0
15,9,-0.8643110000000007,1.245234,31.18478600000001,0.0
15,10,-0.8618790000000018,1.2994880000000002,30.660020000000024,0.0
15,11,-0.8565329999999989,1.3727459999999994,29.84724999999999,0.0
15,12,-0.8441080000000056,1.4493369999999999,28.818374000000084,0.0
15,13,-0.814743,1.5516620000000003,27.149998999999994,0.0
15,14,-0.7495420000000053,1.6853869999999986,24.433559000000095,0.0
16,0,-0.8337859999999999,0.8412020000000098,32.648833999999994,0.0
16,1,-0.8319089999999996,0.8836899999999979,32.57819099999999,0.0
16,2,-0.8301619999999978,0.8854369999999996,32.54849199999997,0.0
16,3,-0.8285280000000022,0.9298319999999975,32.43355800000004,0.0
16,4,-0.827100999999999,0.9771560000000008,32.26875399999998,0.0
16,5,-0.8257939999999984,1.0268900000000016,32.04890599999997,0.0
16,6,-0.8246289999999981,1.0775539999999992,31.776945999999974,0.0
16,7,-0.8234199999999987,1.1250689999999999,31.47251199999998,0.0
16,8,-0.8218529999999973,1.186865000000001,31.01486799999995,0.0
16,9,-0.8193759999999983,1.247710999999999,30.488467999999983,0.0
16,10,-0.8144109999999998,1.3044529999999988,29.898350000000008,0.0
16,11,-0.8028509999999969,1.3843060000000023,28.914859999999926,0.0
16,12,-0.7755510000000001,1.4766369999999966,27.46241900000004,0.0
16,13,-0.713909000000001,1.6133039999999994,24.83614300000002,0.0
17,0,-0.7834719999999997,0.8430789999999995,31.843809999999994,0.0
17,1,-0.7811420000000027,0.8454089999999965,31.804200000000044,0.0
17,2,-0.7789820000000027,0.8875969999999995,31.725292000000046,0.0
17,3,-0.7769529999999989,0.9318610000000014,31.602270999999977,0.0
17,4,-0.775189000000001,0.9789199999999987,31.43110600000002,0.0
17,5,-0.7735389999999995,1.0285400000000031,31.204575999999978,0.0
17,6,-0.7720640000000003,1.0790289999999985,30.927056000000015,0.0
17,7,-0.7703500000000005,1.1267829999999996,30.611394000000015,0.0
17,8,-0.7677630000000022,1.1894519999999993,30.128732000000042,0.0
17,9,-0.7629760000000019,1.2524979999999992,29.542985000000034,0.0
17,10,-0.7523289999999996,1.315100000000001,28.79856799999998,0.0
17,11,-0.7270570000000021,1.4095779999999998,27.424164000000037,0.0
17,12,-0.6695859999999954,1.5341080000000034,25.077326999999883,0.0
18,0,-0.7240520000000004,0.8454090000000001,30.833670000000005,0.0
18,1,-0.7211870000000005,0.848274,30.782100000000007,0.0
18,2,-0.7185439999999979,0.9318610000000014,30.60931799999996,0.0
18,3,-0.7160599999999988,0.9343450000000004,30.55963799999998,0.0
18,4,-0.7138969999999993,0.9810829999999982,30.380489999999995,0.0
18,5,-0.7118549999999999,1.0305820000000026,30.145737999999987,0.0
18,6,-0.7098669999999991,1.0810169999999992,29.85777899999999,0.0
18,7,-0.7072119999999984,1.1294380000000004,29.51946299999997,0.0
18,8,-0.7025019999999991,1.1941619999999986,28.981614999999994,0.0
18,9,-0.6925879999999971,1.2624120000000012,28.257162999999938,0.0
18,10,-0.6694390000000006,1.3382489999999976,27.157948000000033,0.0
18,11,-0.6161439999999985,1.4628730000000019,24.952397999999953,0.0
19,0,-0.6557139999999997,0.848274,29.603585999999993,0.0
19,1,-0.6522579999999998,0.8517299999999999,29.537921999999995,0.0
19,2,-0.6490639999999992,0.9343450000000004,29.353709999999985,0.0
19,3,-0.6460609999999996,0.9373480000000001,29.290646999999993,0.0
19,4,-0.6434080000000009,0.9837359999999968,29.101076000000027,0.0
19,5,-0.6408100000000019,1.0331800000000015,28.853938000000028,0.0
19,6,-0.6379680000000008,1.0838590000000003,28.546545000000012,0.0
19,7,-0.6334270000000011,1.133979,28.15954600000002,0.0
19,8,-0.6241009999999996,1.2034880000000001,27.49578899999999,0.0
19,9,-0.6028450000000021,1.2836679999999987,26.45048500000005,0.0
19,10,-0.5539929999999984,1.3871010000000012,24.591399999999958,0.0
20,0,-0.5789779999999993,0.8517299999999999,28.145601999999986,0.0
20,1,-0.5748849999999983,0.8934340000000027,28.026130999999964,0.0
20,2,-0.5711070000000014,0.8972119999999997,27.946793000000028,0.0
20,3,-0.567497000000003,0.9409579999999984,27.787101000000064,0.0
20,4,-0.564233999999999,0.9869990000000008,27.583717999999976,0.0
20,5,-0.5607700000000015,1.036643999999999,27.315858000000034,0.0
20,6,-0.5561849999999993,1.0884440000000026,26.96515799999997,0.0
20,7,-0.5475840000000005,1.1425799999999988,26.46832200000002,0.0
20,8,-0.528061000000001,1.2230109999999996,25.514845000000022,0.0
20,9,-0.4834479999999992,1.3282810000000005,23.78042499999998,0.0
21,0,-0.494688,0.8558230000000009,26.459802,0.0
21,1,-0.48993400000000165,0.8972119999999997,26.323333000000034,0.0
21,2,-0.4854839999999996,0.9016620000000017,26.22543299999999,0.0
21,3,-0.4811499999999995,0.9452919999999985,26.047158999999994,0.0
21,4,-0.4770140000000005,0.9911349999999999,25.82277400000001,0.0
21,5,-0.4719579999999972,1.0417000000000023,25.51433799999993,0.0
21,6,-0.46377999999999986,1.096622,25.067989999999998,0.0
21,7,-0.44615399999999994,1.1602059999999987,24.316340000000007,0.0
21,8,-0.40553299999999837,1.2636320000000012,22.739316999999957,0.0
22,0,-0.4039609999999989,0.8605769999999993,24.554534999999976,0.0
22,1,-0.39849099999999993,0.8660469999999982,24.434195,0.0
22,2,-0.3933269999999993,0.9452919999999985,24.20287599999999,0.0
22,3,-0.3880750000000006,0.9505439999999972,24.07682800000002,0.0
22,4,-0.382438999999998,0.9967710000000025,23.814154999999946,0.0
22,5,-0.37417800000000057,1.0499609999999997,23.419653000000014,0.0
22,6,-0.3579710000000027,1.1128289999999978,22.74875900000007,0.0
22,7,-0.32163200000000103,1.1965450000000004,21.44700500000002,0.0
23,0,-0.30819699999999983,0.8660469999999982,22.447726999999997,0.0
23,1,-0.30194900000000047,0.8722949999999976,22.30402300000001,0.0
23,2,-0.29586300000000065,0.9129120000000022,22.12342800000001,0.0
23,3,-0.28916699999999906,0.9572399999999988,21.88076399999998,0.0
23,4,-0.28065499999999943,1.0052830000000021,21.54085899999998,0.0
23,5,-0.2653560000000006,1.1128289999999978,20.711229000000024,0.0
23,6,-0.23256899999999803,1.1965450000000004,19.487618999999953,0.0
24,0,-0.2089110000000005,0.8722949999999976,20.164149000000013,0.0
24,1,-0.20178599999999847,0.9129120000000022,19.95965699999996,0.0
24,2,-0.1943950000000001,0.9572399999999988,19.701008000000005,0.0
24,3,-0.18510099999999952,0.9665339999999993,19.45936399999999,0.0
24,4,-0.17041400000000095,1.0199700000000007,18.94656800000002,0.0
24,5,-0.14058500000000151,1.1456160000000004,17.677561000000033,0.0
25,0,-0.10768999999999984,0.8794199999999996,17.734844999999996,0.0
25,1,-0.09935600000000022,0.9203030000000005,17.493946000000005,0.0
25,2,-0.0896739999999987,0.9299850000000021,17.242213999999965,0.0
25,3,-0.07500999999999891,0.9811979999999991,16.773187999999976,0.0
25,4,-0.04764700000000133,1.095088999999998,15.69968400000004,0.0
26,0,-0.0059629999999994965,0.887754000000001,15.191669999999988,0.0
26,1,0.004353000000000051,0.8980699999999988,14.923454,0.0
26,2,0.018656000000000006,0.9811979999999991,14.431538000000003,0.0
26,3,0.04424799999999962,1.0067899999999987,13.714962000000014,0.0
27,0,0.09523299999999857,0.8980699999999988,12.560574000000038,0.0
27,1,0.10954300000000039,0.944288000000002,12.142295999999988,0.0
27,2,0.1332419999999992,0.9679870000000008,11.478724000000021,0.0
28,0,0.19601800000000047,0.9123800000000006,9.839378999999987,0.0
28,1,0.21834199999999981,0.9679870000000008,9.181024000000004,0.0
29,0,0.29818299999999986,0.934704,6.978759000000004,0.0
