0,0,-0.2827149999999996,0.4932780000000001,13.730659,0.0
0,1,-0.2827149999999996,0.4932780000000001,13.730659,0.0
0,2,-0.23553800000000003,0.5596190000000014,13.664317999999998,0.0
0,3,-0.1854520000000015,0.6321680000000001,13.51922,0.0
0,4,-0.1329400000000014,0.7083389999999987,13.290707000000005,0.0
0,5,-0.07862400000000136,0.7918500000000002,12.956662999999999,0.0
0,6,-0.022793000000000063,0.8736549999999994,12.547638000000003,0.0
0,7,0.03360600000000247,0.9515950000000011,12.079997999999993,0.0
0,8,0.08943999999999974,1.043572000000001,11.436158999999993,0.0
0,9,0.14419699999999835,1.1290409999999973,10.752407000000023,0.0
0,10,0.1970470000000013,1.2166560000000004,9.963871999999995,0.0
0,11,0.24709100000000106,1.2999040000000015,9.131391999999984,0.0
0,12,0.2938249999999982,1.380426,8.245650000000001,0.0
0,13,0.3366340000000001,1.4563789999999983,7.334214000000021,0.0
0,14,0.37499500000000197,1.5204970000000024,6.500679999999967,0.0
0,15,0.4088700000000003,1.5877869999999987,5.558620000000019,0.0
0,16,0.4387250000000016,1.644677999999999,4.705255000000015,0.0
0,17,0.4639419999999994,1.7060170000000028,3.7238309999999544,0.0
0,18,0.48589700000000136,1.7462499999999963,3.0398700000000645,0.0
0,19,0.5034830000000028,1.7812120000000036,2.4105539999999337,0.0
0,20,0.5168880000000016,1.8125269999999958,1.8155690000000817,0.0
0,21,0.526760000000003,1.8574710000000039,0.9166889999999199,0.0
0,22,0.5338589999999996,1.8835869999999986,0.36825300000003125,0.0
0,23,0.5394100000000037,1.9198299999999975,-0.4290929999999449,0.0
0,24,0.5429770000000005,1.9610370000000046,-1.3768540000001082,0.0
0,25,0.5459979999999973,1.9917149999999992,-2.11312599999998,0.0
0,26,0.5480529999999959,2.0190040000000025,-2.7953510000000605,0.0
0,27,0.5473399999999984,2.0772329999999997,-4.309304999999988,0.0
0,28,0.5448149999999998,2.154402999999995,-6.392894999999861,0.0
0,29,0.5422480000000007,2.2630809999999997,-9.435878999999993,0.0
0,30,0.5392569999999992,2.3850900000000053,-12.974140000000155,0.0
0,31,0.5336870000000005,2.5166969999999935,-16.922349999999803,0.0
0,32,0.5283429999999996,2.689205000000001,-22.27009800000004,0.0
0,33,0.5221709999999931,2.900551,-29.033170000000005,0.0
0,34,0.5157700000000034,3.180008000000001,-38.25525100000003,0.0
0,35,0.5101390000000094,3.544173999999998,-50.63689499999994,0.0
0,36,0.5039519999999982,3.958656000000005,-65.14376500000017,0.0
0,37,0.4988400000000013,4.440499000000003,-82.49011300000008,0.0
0,38,0.49652899999999534,5.052818000000002,-105.14591600000007,0.0
0,39,0.49652900000000955,5.785827999999995,-133.00029599999982,0.0
0,40,0.4984279999999899,6.663177000000005,-167.21690700000016,0.0
0,41,0.5061039999999934,7.726699999999994,-209.75782699999974,0.0
0,42,0.5200650000000451,9.066879,-264.705166,0.0
0,43,0.5376969999999233,11.027214,-347.039236,0.0
0,44,0.5639040000000364,13.717972000000003,-462.74183000000016,0.0
0,45,0.5898899999999685,18.049727999999988,-653.3390939999995,0.0
0,46,0.6220099999998183,25.655228000000022,-995.5865940000009,0.0
0,47,0.5349880000001122,39.992309999999975,-1655.0923659999987,0.0
0,48,0.15801999999985128,67.28927600000003,-2938.049768000001,0.0
0,49,0.15801999999985128,119.16451999999998,-5428.061479999999,0.0
1,0,-0.2827149999999996,0.4932780000000001,13.730659,0.0
1,1,-0.23553800000000003,0.5404549999999997,13.683482,0.0
1,2,-0.1854520000000015,0.6097049999999999,13.564146000000001,0.0
1,3,-0.1329400000000014,0.6846800000000002,13.361684,0.0
1,4,-0.07862400000000136,0.7626549999999988,13.073443000000005,0.0
1,5,-0.022793000000000063,0.8476810000000015,12.677507999999992,0.0
1,6,0.03360600000000247,0.9300540000000019,12.209243999999988,0.0
1,7,0.08943999999999974,1.0074289999999984,11.689160000000012,0.0
1,8,0.14419699999999835,1.0983289999999997,10.998103000000004,0.0
1,9,0.1970470000000013,1.1818910000000002,10.276756999999996,0.0
1,10,0.24709100000000106,1.2667000000000002,9.463431999999997,0.0
1,11,0.2938249999999982,1.3466379999999987,8.617318000000015,0.0
1,12,0.46780000000000044,1.4232350000000018,7.600775999999978,0.0
1,13,0.5122849999999985,1.4947400000000002,6.698231,0.0
1,14,0.551756000000001,1.5543720000000008,5.88354399999999,0.0
1,15,0.4387250000000016,1.617642,5.1107949999999995,0.0
1,16,0.6165519999999987,1.6698949999999968,4.149173000000051,0.0
1,17,0.6419090000000018,1.7279720000000047,3.194583999999921,0.0
1,18,0.6638449999999949,1.7638359999999977,2.5629600000000465,0.0
1,19,0.5168880000000016,1.7946170000000023,2.155858999999957,0.0
1,20,0.526760000000003,1.8223989999999972,1.618129000000053,0.0
1,21,0.7040440000000032,1.8645700000000005,0.597424999999987,0.0
1,22,0.7107049999999973,1.8891380000000026,0.07483599999994794,0.0
1,23,0.7159759999999977,1.9233969999999943,-0.6841329999998678,0.0
1,24,0.5459979999999973,1.9640580000000014,-1.4493580000000321,0.0
1,25,0.721938999999999,1.9937699999999978,-2.3383869999999476,0.0
1,26,0.7238920000000064,2.0193450000000013,-2.9797150000000414,0.0
1,27,0.7226640000000017,2.0761790000000033,-4.45617100000009,0.0
1,28,0.7198190000000011,2.1518779999999964,-6.4971989999999025,0.0
1,29,0.7169190000000043,2.2605140000000006,-9.536107000000023,0.0
1,30,0.7136840000000007,2.3820990000000037,-13.05883700000011,0.0
1,31,0.7081720000000047,2.511126999999995,-16.924164999999853,0.0
1,32,0.7027280000000076,2.6838610000000003,-22.27347500000002,0.0
1,33,0.6965789999999998,2.8943790000000007,-29.003902000000025,0.0
1,34,0.6909100000000024,3.173607000000004,-38.21275700000014,0.0
1,35,0.686318,3.538543000000004,-50.61598900000014,0.0
1,36,0.682068000000001,3.9524689999999936,-65.09914899999977,0.0
1,37,0.5039520000000124,4.435387000000006,-82.3060810000002,0.0
1,38,0.49883999999998707,5.050506999999996,-105.06040899999984,0.0
1,39,0.6900789999999972,5.795547999999997,-133.57102699999984,0.0
1,40,0.5061039999999934,6.670852999999994,-167.52394699999974,0.0
1,41,0.7043450000000036,7.740661000000003,-210.5145080000001,0.0
1,42,0.7249829999999946,9.084510999999992,-265.63299599999965,0.0
1,43,0.7493510000000043,11.053421,-348.351584,0.0
1,44,0.8012689999999907,13.766707999999994,-465.09759299999973,0.0
1,45,0.6220100000000457,18.081848000000008,-654.7844940000004,0.0
1,46,0.7764430000000004,25.66361999999998,-996.1186669999989,0.0
1,47,0.5880429999999706,39.93925499999982,-1652.6518359999914,0.0
1,48,0.588042999999999,66.912308,-2920.385327,0.0
2,0,-0.16226999999999947,0.5404549999999997,13.610214,0.0
2,1,-0.10861099999999979,0.5941139999999994,13.502896,0.0
2,2,-0.051880999999999844,0.6664349999999999,13.317115,0.0
2,3,0.006925999999999988,0.743487,13.045397,0.0
2,4,0.06729100000000088,0.8230199999999996,12.686067999999999,0.0
2,5,0.12883199999999917,0.9092219999999998,12.218178000000002,0.0
2,6,0.19023799999999724,0.99146,11.684176000000004,0.0
2,7,0.2508030000000012,1.0679940000000023,11.103841999999982,0.0
2,8,0.3096470000000018,1.1571730000000002,10.361900999999996,0.0
2,9,0.36595900000000015,1.2382029999999986,9.601037000000012,0.0
2,10,0.41884800000000055,1.3195890000000006,8.762784999999994,0.0
2,11,0.46780000000000044,1.3955899999999986,7.904871000000014,0.0
2,12,0.5122849999999985,1.46772,7.022471000000003,0.0
2,13,0.551756000000001,1.5342110000000027,6.145636999999965,0.0
2,14,0.5862929999999977,1.5889089999999975,5.365489000000039,0.0
2,15,0.6165519999999987,1.647901000000001,4.479082999999989,0.0
2,16,0.7388380000000012,1.695252,3.524245999999998,0.0
2,17,0.6638449999999949,1.7499079999999978,2.7997360000000455,0.0
2,18,0.6813470000000024,1.7813380000000052,2.230421999999905,0.0
2,19,0.694468999999998,1.807738999999998,1.7289600000000434,0.0
2,20,0.7040440000000032,1.8319740000000024,1.2493449999999484,0.0
2,21,0.7107049999999973,1.8712309999999945,0.4508830000001183,0.0
2,22,0.7159759999999977,1.8944090000000031,-0.04639700000006286,0.0
2,23,0.7192340000000002,1.9266549999999967,-0.762324999999926,0.0
2,24,0.721938999999999,1.9667630000000003,-1.6902190000000061,0.0
2,25,0.8335870000000014,1.9957230000000052,-2.6085550000001305,0.0
2,26,0.724022000000005,2.019475,-2.9832250000000045,0.0
2,27,0.8331109999999953,2.074821,-4.640398999999988,0.0
2,28,0.829898,2.1490329999999958,-6.637696999999882,0.0
2,29,0.8266059999999982,2.257614000000004,-9.671381000000103,0.0
2,30,0.7169190000000043,2.378864,-12.968257000000008,0.0
2,31,0.7136840000000007,2.505614999999999,-16.764316999999956,0.0
2,32,0.7081720000000047,2.678417000000003,-22.110155000000105,0.0
2,33,0.8071290000000033,2.888229999999993,-29.022084999999777,0.0
2,34,0.6965789999999998,3.1679380000000066,-38.03134900000022,0.0
2,35,0.6909100000000024,3.533951000000002,-50.46445300000006,0.0
2,36,0.686318,3.9482189999999946,-64.9546489999998,0.0
2,37,0.682068000000001,4.433464000000001,-82.41496900000004,0.0
2,38,0.6822580000000045,5.0526200000000046,-105.32412100000018,0.0
2,39,0.8095089999999914,5.795547999999997,-133.80988699999983,0.0
2,40,0.8239439999999973,6.685119,-168.532026,0.0
2,41,0.8706970000000069,7.786895000000001,-212.72216800000007,0.0
2,42,0.8706970000000069,9.108879000000002,-266.9235120000001,0.0
2,43,0.9207609999999988,11.106292999999994,-350.93873199999973,0.0
2,44,0.9285890000000165,13.774536000000012,-465.69666500000056,0.0
2,45,0.9118040000000178,18.094559000000004,-655.7441070000002,0.0
2,46,0.8103180000000236,25.629744999999957,-994.628166999998,0.0
2,47,0.8103180000000236,39.708496,-1642.250713,0.0
3,0,-0.057329000000001074,0.5941139999999994,13.400332000000002,0.0
3,1,0.0009980000000009426,0.6524410000000014,13.225350999999996,0.0
3,2,0.06223300000000087,0.7276699999999998,12.966416999999998,0.0
3,3,0.12502300000000055,0.8062769999999997,12.620833,0.0
3,4,0.1888450000000006,0.8868419999999997,12.187672,0.0
3,5,0.25328000000000017,0.9736569999999993,11.647107000000002,0.0
3,6,0.31680000000000064,1.0549800000000005,11.049931999999995,0.0
3,7,0.37898799999999966,1.1301820000000014,10.412155999999992,0.0
3,8,0.4387449999999973,1.2169299999999978,9.625649000000024,0.0
3,9,0.4953630000000011,1.2948210000000024,8.832666999999976,0.0
3,10,0.5479859999999981,1.3722119999999975,7.978279000000029,0.0
3,11,0.5961940000000006,1.443798000000001,7.117794999999987,0.0
3,12,0.6395020000000002,1.5110279999999996,6.2483410000000035,0.0
3,13,0.6774569999999969,1.5721659999999993,5.400820000000017,0.0
3,14,0.7102509999999995,1.6217030000000001,4.6584569999999985,0.0
3,15,0.7388380000000012,1.6764880000000026,3.805705999999958,0.0
3,16,0.7625310000000027,1.7189450000000015,3.0977719999999707,0.0
3,17,0.782543000000004,1.769919999999999,2.222136000000006,0.0
3,18,0.7986529999999945,1.7974479999999957,1.7058300000000912,0.0
3,19,0.810451999999998,1.8195380000000014,1.272812999999978,0.0
3,20,0.8188329999999979,1.8403550000000024,0.8521469999999596,0.0
3,21,0.8246080000000049,1.8770060000000015,0.10180199999995665,0.0
3,22,0.8289720000000003,1.8987729999999985,-0.3683969999999661,0.0
3,23,0.8315049999999999,1.9291879999999964,-1.045125999999918,0.0
3,24,0.8335870000000014,1.9688450000000017,-1.9634830000000463,0.0
3,25,0.8351559999999978,1.9972920000000016,-2.6509180000000327,0.0
3,26,0.8351559999999978,2.0192339999999973,-3.199467999999925,0.0
3,27,0.8349149999999952,2.073017,-4.59710299999999,0.0
3,28,0.8331109999999953,2.1458200000000005,-6.557372000000001,0.0
3,29,0.829898,2.254322000000002,-9.585789000000055,0.0
3,30,0.8266059999999982,2.3752449999999996,-13.082679999999982,0.0
3,31,0.8229869999999977,2.5008199999999974,-16.839072999999907,0.0
3,32,0.8181919999999963,2.673083999999996,-22.16487199999986,0.0
3,33,0.869811999999996,2.8825000000000074,-29.02104400000023,0.0
3,34,0.8672559999999976,3.163498000000004,-38.28631000000013,0.0
3,35,0.8671949999999953,3.531325999999993,-50.79227899999974,0.0
3,36,0.8671949999999953,3.947074999999998,-65.34349399999992,0.0
3,37,0.8015439999999927,4.436087999999998,-82.7510089999999,0.0
3,38,0.8095089999999914,5.060585000000003,-105.8812930000001,0.0
3,39,0.9144890000000032,5.831077000000008,-135.49602300000032,0.0
3,40,0.9144890000000032,6.706276000000003,-169.6287840000001,0.0
3,41,0.9668130000000019,7.813370000000006,-214.09599100000025,0.0
3,42,0.9668130000000019,9.135238999999999,-268.29261999999994,0.0
3,43,0.9207609999999988,11.106292999999994,-350.93873199999973,0.0
3,44,0.980781499999992,13.774536000000012,-465.85324250000053,0.0
3,45,0.922393999999997,18.083969000000025,-655.2993270000011,0.0
3,46,0.9118040000000178,25.524597,-990.0958170000001,0.0
4,0,0.034315000000001206,0.6524410000000014,13.125399999999996,0.0
4,1,0.09568699999999986,0.713813,12.879912000000001,0.0
4,2,0.1595139999999997,0.7914969999999997,12.546920000000002,0.0
4,3,0.22423000000000037,0.8709930000000004,12.129063999999998,0.0
4,4,0.2893010000000018,0.9519130000000011,11.62601999999999,0.0
4,5,0.35430000000000206,1.0386559999999996,11.019051999999995,0.0
4,6,0.4175830000000005,1.118262999999999,10.367885000000005,0.0
4,7,0.47889299999999935,1.1914920000000002,9.683271000000001,0.0
4,8,0.5586020000000005,1.2751030000000014,8.779157999999988,0.0
4,9,0.591469,1.3492239999999995,8.054722000000005,0.0
4,10,0.6414730000000013,1.4222159999999988,7.197778000000007,0.0
4,11,0.6867100000000015,1.4890350000000012,6.348639999999982,0.0
4,12,0.7268369999999997,1.5511549999999978,5.504812000000026,0.0
4,13,0.7615610000000004,1.60689,4.697095999999998,0.0
4,14,0.7910460000000015,1.6511880000000012,4.003281999999977,0.0
4,15,0.8165440000000004,1.7019860000000016,3.190117999999977,0.0
4,16,0.8374399999999937,1.7398409999999949,2.538709000000104,0.0
4,17,0.8546830000000014,1.7871630000000067,1.7125849999998835,0.0
4,18,0.8685910000000021,1.8113559999999964,1.2456720000000558,0.0
4,19,0.8784789999999987,1.829425999999998,0.880860000000041,0.0
4,20,0.8852949999999993,1.847171000000003,0.5164409999999435,0.0
4,21,0.920577999999999,1.8814589999999995,-0.31045099999998627,0.0
4,22,0.8928420000000017,1.9018670000000029,-0.6280750000000666,0.0
4,23,0.9253539999999987,1.9307969999999983,-1.3945829999999546,0.0
4,24,0.9259489999999957,1.9702720000000014,-2.3048880000000125,0.0
4,25,0.8967820000000017,1.998196,-2.858396000000006,0.0
4,26,0.8967820000000017,2.0184250000000006,-3.3641210000000186,0.0
4,27,0.895973000000005,2.0707009999999997,-4.720061000000008,0.0
4,28,0.9189000000000007,2.1421549999999954,-6.741026999999875,0.0
4,29,0.9149590000000032,2.2506449999999987,-9.76298299999997,0.0
4,30,0.8863149999999962,2.371425000000002,-13.151027000000049,0.0
4,31,0.9089129999999983,2.497242000000007,-17.015929000000213,0.0
4,32,0.8789170000000084,2.6685489999999987,-22.206461999999988,0.0
4,33,0.8743820000000113,2.877929999999992,-28.888513999999788,0.0
4,34,0.869811999999996,3.1609420000000057,-38.209630000000175,0.0
4,35,0.8672559999999976,3.5312649999999906,-50.790387999999666,0.0
4,36,0.8704830000000072,3.95036300000001,-65.47172600000039,0.0
4,37,0.9155279999999948,4.44438199999999,-83.43658999999963,0.0
4,38,0.8933949999999982,5.075203000000002,-106.68843500000007,0.0
4,39,0.9771810000000016,5.856789000000006,-136.74955900000026,0.0
4,40,1.0036159999999938,6.758559999999989,-172.05080299999952,0.0
4,41,1.0239859999999936,7.833740000000006,-215.15985300000023,0.0
4,42,1.0294369999999968,9.161105000000001,-269.6090730000001,0.0
4,43,1.0131609999999966,11.114838000000006,-351.6007550000002,0.0
4,44,0.980781499999992,13.774536000000012,-465.8532425000005,0.0037614999999959764
4,45,0.980781499999992,18.01938650000001,-652.6266645000005,0.0
5,0,0.11731400000000036,0.713813,12.793403999999999,0.0
5,1,0.18040500000000037,0.776904,12.477948999999999,0.0
5,2,0.24510599999999982,0.8561979999999991,12.075150000000002,0.0
5,3,0.31012600000000035,0.9519130000000011,11.542719999999996,0.0
5,4,0.3747349999999976,1.0165219999999984,11.025848000000018,0.0
5,5,0.43848999999999805,1.102411,10.363517000000009,0.0
5,6,0.49994099999999975,1.1797140000000006,9.669746999999997,0.0
5,7,0.5586020000000005,1.250153000000001,8.953807999999992,0.0
5,8,0.6134829999999987,1.3299839999999996,8.12058600000001,0.0
5,9,0.6641039999999983,1.3998449999999991,7.308593000000016,0.0
5,10,0.7100149999999985,1.468126999999999,6.464500000000015,0.0
5,11,0.7509799999999984,1.5300000000000011,5.640944999999995,0.0
5,12,0.786799000000002,1.5869740000000014,4.835135999999974,0.0
5,13,0.8172379999999997,1.6373289999999976,4.0786810000000315,0.0
5,14,0.8550540000000026,1.6765840000000019,3.3792859999999614,0.0
5,15,0.8644489999999969,1.7238009999999981,2.671273000000042,0.0
5,16,0.8820610000000002,1.7574529999999982,2.0784330000000253,0.0
5,17,0.9085239999999999,1.8013500000000064,1.2437659999998942,0.0
5,18,0.9197959999999981,1.8228259999999992,0.8223140000000271,0.0
5,19,0.9154960000000045,1.8372039999999998,0.5850099999999827,0.0
5,20,0.920577999999999,1.8522529999999975,0.273669000000055,0.0
5,21,0.9235720000000001,1.8844530000000006,-0.38530100000001255,0.0
5,22,0.9253539999999987,1.9036490000000015,-0.7973270000000241,0.0
5,23,0.9259489999999957,1.9313919999999953,-1.410647999999874,0.0
5,24,0.940094000000002,1.9713139999999996,-2.399579000000003,0.0
5,25,0.9272149999999968,1.998420000000003,-2.9857280000000586,0.0
5,26,0.938485,2.0170669999999973,-3.5082529999999323,0.0
5,27,0.9258569999999935,2.067772000000005,-4.763443000000102,0.0
5,28,0.9307739999999995,2.1381269999999972,-6.687612999999921,0.0
5,29,0.9189000000000007,2.246704000000001,-9.66839900000003,0.0
5,30,0.9232439999999968,2.3675500000000014,-13.194653000000024,0.0
5,31,0.9110840000000024,2.495071000000003,-16.959483000000105,0.0
5,32,0.9089129999999983,2.665397999999996,-22.228764999999868,0.0
5,33,0.9057619999999957,2.875350999999995,-28.931505999999814,0.0
5,34,0.9217830000000049,3.160812000000007,-38.43182400000026,0.0
5,35,0.9249729999999943,3.534690999999995,-51.1596599999998,0.0
5,36,0.9155279999999948,3.9594120000000004,-65.97766999999999,0.0
5,37,0.9303890000000052,4.459243000000001,-84.04589100000007,0.0
5,38,0.951469000000003,5.096283,-107.721771,0.0
5,39,1.021248,5.883003000000002,-137.9922400000001,0.0
5,40,1.0416110000000032,6.778922999999992,-173.0552979999997,0.0
5,41,1.042073666666667,7.83420266666667,-215.2692606666668,0.0
5,42,1.0294369999999968,9.161105000000001,-269.6090730000001,0.000684000000035212
5,43,1.0131609999999966,11.114838000000006,-351.6007550000002,0.009177999999963049
5,44,1.0131609999999966,13.727164999999985,-463.93081599999937,0.0
6,0,0.19520299999999935,0.776904,12.403959000000004,0.0
6,1,0.2588779999999993,0.840579,12.021909000000004,0.0
6,2,0.3233689999999996,0.9206889999999994,11.554853000000003,0.0
6,3,0.387436000000001,1.0165219999999984,10.962343,0.0
6,4,0.45028800000000047,1.0793739999999978,10.396675000000005,0.0
6,5,0.5114990000000006,1.1636220000000002,9.692416999999995,0.0
6,6,0.5697590000000012,1.2379740000000012,8.971096999999986,0.0
6,7,0.6246030000000005,1.3049970000000002,8.239894999999997,0.0
6,8,0.6751119999999986,1.3804929999999977,7.408369000000025,0.0
6,9,0.7210280000000004,1.445761000000001,6.6107289999999885,0.0
6,10,0.7620870000000011,1.5091859999999997,5.793549999999996,0.0
6,11,0.7981510000000007,1.5660640000000008,5.008385999999987,0.0
6,12,0.8291789999999999,1.6180020000000006,4.250899999999994,0.0
6,13,0.8550540000000026,1.6632040000000003,3.553225999999981,0.0
6,14,0.8818729999999988,1.6976859999999974,2.944046000000043,0.0
6,15,0.8988720000000043,1.7418320000000023,2.224007999999941,0.0
6,16,0.9133190000000013,1.7717899999999958,1.6879560000000566,0.0
6,17,0.9246830000000017,1.8126220000000046,0.9664599999999126,0.0
6,18,0.9333039999999997,1.8319279999999978,0.5865320000000409,0.0
6,19,0.940258,1.8429800000000043,0.3458719999999218,0.0
6,20,0.9443009999999958,1.8557809999999932,0.07839500000015676,0.0
6,21,0.9463542500000001,1.8862420000000029,-0.5431445000000608,0.0
6,22,0.9454026363636362,1.9040800000000004,-0.9120328181818271,0.0
6,23,0.9404219999999981,1.9310639999999992,-1.4757969999999716,0.0
6,24,0.9409559999999999,1.9721759999999975,-2.4245769999999425,0.0
6,25,0.9409559999999999,1.9979060000000004,-3.0420970000000125,0.0
6,26,0.9401333333333343,2.015418666666663,-3.4752863333332513,0.0
6,27,0.9371679999999998,2.065568000000006,-4.76269400000016,0.0
6,28,0.9340390000000008,2.134861999999996,-6.615782999999894,0.0
6,29,0.9306449999999984,2.242836000000004,-9.618820000000113,0.0
6,30,0.9279830000000047,2.364016999999997,-13.117096999999937,0.0
6,31,0.9232439999999968,2.494037999999996,-16.989292999999876,0.0
6,32,0.9213330000000042,2.665397999999996,-22.290864999999897,0.0
6,33,0.9217830000000049,2.8758009999999956,-29.026460999999884,0.0
6,34,0.9346089999999947,3.1640019999999964,-38.61404999999985,0.0
6,35,0.933281000000008,3.542999000000009,-51.49198000000035,0.0
6,36,0.9484780000000086,3.974609000000001,-66.68951200000008,0.0
6,37,0.9695130000000063,4.480277999999998,-85.01980599999997,0.0
6,38,0.995034000000004,5.121803999999997,-108.90939399999992,0.0
6,39,1.0497049999999888,5.903113999999988,-138.94731099999944,0.0
6,40,1.0474396666666668,6.778922999999992,-173.09026999999966,0.0
6,41,1.042073666666667,7.83420266666667,-215.2692606666668,0.007014333333358991
6,42,1.0294369999999968,9.161105000000001,-269.6090730000001,0.012354000000016185
6,43,1.029436999999997,11.082286000000005,-350.29867500000023,0.0
7,0,0.26994599999999913,0.840579,11.955501000000005,0.0
7,1,0.3332580000000007,0.9206889999999994,11.495518999999996,0.0
7,2,0.39652000000000065,0.9839509999999994,10.989422999999997,0.0
7,3,0.4586119999999987,1.0793739999999978,10.346731000000016,0.0
7,4,0.5187300000000015,1.1394920000000006,9.745550999999988,0.0
7,5,0.5764640000000014,1.221356,9.01395699999999,0.0
7,6,0.6306709999999995,1.2921809999999994,8.280383000000008,0.0
7,7,0.6809499999999993,1.355276,7.549860000000006,0.0
7,8,0.729851,1.4260599999999997,6.712065000000003,0.0
7,9,0.767278000000001,1.4865220000000008,5.966379999999987,0.0
7,10,0.8031690000000005,1.5450769999999991,5.188148000000005,0.0
7,11,0.8342039999999997,1.597099,4.4506830000000015,0.0
7,12,0.8604219999999998,1.6442200000000007,3.748825999999994,0.0
7,13,0.8818729999999988,1.6846549999999993,3.113449000000017,0.0
7,14,0.8988720000000043,1.714685000000003,2.604065999999932,0.0
7,15,0.9149969999999996,1.7562789999999993,1.908875000000016,0.0
7,16,0.9262699999999953,1.7831539999999961,1.4268390000000934,0.0
7,17,0.9413180000000025,1.8275680000000065,0.6045539999998724,0.0
7,18,0.9413180000000025,1.8388819999999981,0.412216000000015,0.0
7,19,0.9443009999999958,1.847023,0.2447970000000268,0.0
7,20,0.9468720833333334,1.8578910000000022,0.020307416666623723,0.0
7,21,0.9463542500000001,1.8862420000000029,-0.5431445000000608,0.0010717500000012592
7,22,0.9454026363636362,1.9040800000000004,-0.912032818181828,0.0013023636363698188
7,23,0.9437977000000004,1.9310639999999992,-1.4960511999999895,0.0017703000000039992
7,24,0.9432067777777777,1.9721759999999975,-2.438081666666605,0.0028572222222251753
7,25,0.9420552857142864,1.9979060000000004,-3.0486927142857354,0.0028597142857194058
7,26,0.9401333333333343,2.0154186666666636,-3.4752863333332584,0.002325666666664006
7,27,0.9371679999999998,2.065568000000006,-4.76269400000016,0.0012659999999939942
7,28,0.9340390000000008,2.134861999999996,-6.615782999999894,0.0002230000000054133
7,29,0.9314800000000005,2.2418720000000008,-9.596709000000025,0.0
7,30,0.9304649999999981,2.3615350000000035,-13.060011000000088,0.0
7,31,0.9279830000000047,2.493858000000003,-17.01232700000012,0.0
7,32,0.9299999999999926,2.6667169999999913,-22.385074999999674,0.0
7,33,0.938209999999998,2.8804099999999977,-29.280720999999915,0.0
7,34,0.9421990000000022,3.171592000000004,-38.91765000000015,0.0
7,35,0.9571759999999898,3.5579759999999965,-52.15954499999981,0.0
7,36,0.9784089999999992,3.9958420000000103,-67.63348600000036,0.0
7,37,1.003738999999996,4.505607999999995,-86.16237199999979,0.0
7,38,1.029594000000003,5.147659000000004,-110.09924400000018,0.0
7,39,1.0504330000000028,5.903113999999988,-138.95240699999957,0.0
7,40,1.0474396666666668,6.778922999999992,-173.0902699999997,0.00976533333334828
7,41,1.042073666666667,7.83420266666667,-215.2692606666668,0.01676666666668325
7,42,1.042073666666667,9.135831666666661,-268.63604966666645,0.0
8,0,0.3422730000000005,0.9038910000000016,11.449211999999996,0.0
8,1,0.4043159999999997,0.9659340000000007,10.952868000000002,0.0
8,2,0.4655249999999995,1.0451599999999992,10.383970000000005,0.0
8,3,0.5248190000000008,1.1214660000000016,9.75700599999999,0.0
8,4,0.5814159999999973,1.196088999999997,9.080361000000032,0.0
8,5,0.6349979999999995,1.2921809999999994,8.250094000000008,0.0
8,6,0.6845530000000011,1.341736000000001,7.605878999999987,0.0
8,7,0.729851,1.4005739999999989,6.890467000000008,0.0
8,8,0.7702179999999998,1.4664269999999995,6.106560000000005,0.0
8,9,0.8057119999999998,1.5220160000000007,5.377895999999996,0.0
8,10,0.8364919999999998,1.5758569999999992,4.64708700000001,0.0
8,11,0.8626350000000009,1.6232420000000012,3.9640929999999805,0.0
8,12,0.8843350000000001,1.6659199999999998,3.321035000000002,0.0
8,13,0.9017010000000028,1.702021000000002,2.748894999999955,0.0
8,14,0.9149969999999996,1.7279809999999998,2.305047000000009,0.0
8,15,0.9268949999999947,1.767551999999995,1.6558690000001164,0.0
8,16,0.9349929999999986,1.7918769999999995,1.226210000000016,0.0
8,17,0.9463539999999995,1.8320040000000049,0.4888539999999253,0.0
8,18,0.9464760000000041,1.8441620000000043,0.2810699999998931,0.0
8,19,0.9476315714285717,1.848178571428567,0.1995271428572245,0.001362428571427543
8,20,0.9468720833333334,1.8578910000000022,0.0203074166666255,0.0030679166666658375
8,21,0.9463542500000001,1.8862420000000029,-0.5431445000000608,0.005244500000003427
8,22,0.9454026363636362,1.9040800000000004,-0.912032818181828,0.0050037272727294635
8,23,0.9437977000000004,1.9310639999999992,-1.4960511999999895,0.005196600000004992
8,24,0.9432067777777777,1.9721759999999975,-2.438081666666605,0.006710444444436803
8,25,0.9420552857142864,1.9979060000000004,-3.0486927142857354,0.006067428571434164
8,26,0.9401333333333343,2.0154186666666636,-3.4752863333332584,0.004594333333329814
8,27,0.9371679999999998,2.065568000000006,-4.76269400000016,0.002105999999997721
8,28,0.9340390000000008,2.134861999999996,-6.615782999999894,0.00033099999999564034
8,29,0.9327619999999968,2.2393080000000083,-9.532609000000214,0.0
8,30,0.9314800000000005,2.3603400000000008,-13.032281000000026,0.0
8,31,0.932196999999988,2.495589999999993,-17.09551699999969,0.0
8,32,0.938209999999998,2.6727300000000014,-22.634961000000033,0.0
8,33,0.9477990000000034,2.889999000000003,-29.66428100000013,0.0
8,34,0.9614179999999948,3.1852109999999954,-39.515228999999806,0.0
8,35,0.983001999999999,3.5795600000000007,-53.09576700000002,0.0
8,36,1.0084309999999874,4.021270999999999,-68.75908399999986,0.0
8,37,1.0371550000000127,4.531227000000001,-87.34729200000015,0.0
8,38,1.052875499999999,5.16648450000001,-110.97758350000036,0.0009804999999971642
8,39,1.0504330000000028,5.903113999999988,-138.95240699999954,0.010762999999997191
8,40,1.0474396666666668,6.778922999999992,-173.0902699999997,0.01865366666669388
8,41,1.047439666666667,7.82347066666667,-214.87217666666677,0.0
9,0,0.41212100000000085,0.9659340000000007,10.890427999999993,0.0
9,1,0.47212099999999957,1.0451599999999992,10.331202000000005,0.0
9,2,0.5305159999999987,1.1214660000000016,9.711430000000007,0.0
9,3,0.586309,1.196088999999997,9.04121700000001,0.0
9,4,0.6388320000000007,1.2486119999999978,8.410941000000001,0.0
9,5,0.6877810000000011,1.3238870000000027,7.6692999999999785,0.0
9,6,0.7323319999999995,1.3862869999999994,6.956341000000009,0.0
9,7,0.7724720000000005,1.4407139999999998,6.268518999999998,0.0
9,8,0.8076149999999984,1.5015699999999974,5.526240000000033,0.0
9,9,0.8379539999999999,1.5523550000000021,4.846908999999982,0.0
9,10,0.8638539999999999,1.6017569999999992,4.1691910000000085,0.0
9,11,0.8854559999999978,1.644843999999999,3.5439030000000287,0.0
9,12,0.9030400000000007,1.6835040000000028,2.9603869999999617,0.0
9,13,0.9168199999999942,1.7158009999999955,2.448803000000108,0.0
9,14,0.9285470000000018,1.7380560000000003,2.0539449999999775,0.0
9,15,0.9354240000000047,1.776081000000005,1.4597019999998864,0.0
9,16,0.9419180000000011,1.798370999999996,1.0669060000000528,0.0
9,17,0.9463539999999995,1.8320040000000049,0.4888539999999253,0.0
9,18,0.9480402857142852,1.8457262857142864,0.2403985714285639,0.001941714285717211
9,19,0.9476315714285717,1.848178571428567,0.1995271428572245,0.0049908571428609605
9,20,0.9468720833333334,1.8578910000000022,0.0203074166666255,0.007417833333335011
9,21,0.9463542500000001,1.8862420000000029,-0.5431445000000608,0.010280249999993885
9,22,0.9454026363636362,1.9040800000000004,-0.912032818181828,0.009350090909087783
9,23,0.9437977000000004,1.9310639999999992,-1.4960511999999895,0.008633899999999528
9,24,0.9432067777777777,1.9721759999999975,-2.438081666666605,0.009517666666667424
9,25,0.9420552857142864,1.9979060000000004,-3.0486927142857354,0.007803142857149226
9,26,0.9401333333333343,2.0154186666666636,-3.4752863333332584,0.005176000000005843
9,27,0.9371679999999998,2.065568000000006,-4.76269400000016,0.0014949999999984698
9,28,0.9346999999999994,2.1322180000000017,-6.547700000000042,0.0
9,29,0.9340390000000008,2.235476999999996,-9.4330029999999,0.0
9,30,0.9343719999999962,2.36195,-13.103716999999975,0.0
9,31,0.9394690000000026,2.500686999999999,-17.311700000000002,0.0
9,32,0.9497680000000059,2.6830290000000048,-23.056993000000205,0.0
9,33,0.9652030000000025,2.9054339999999996,-30.31286800000001,0.0
9,34,0.9848100000000102,3.204818000000003,-40.36900300000019,0.0
9,35,1.0113680000000045,3.606117999999995,-54.25222499999987,0.0
9,36,1.0371550000000127,4.047058000000007,-69.91720800000036,0.0
9,37,1.0548152500000008,4.548887249999989,-88.14200324999962,0.0018097500000067157
9,38,1.052875499999999,5.16648450000001,-110.97758350000036,0.011855999999994538
9,39,1.0504330000000028,5.903113999999988,-138.95240699999954,0.01930499999997437
9,40,1.050433000000003,6.770670999999997,-172.78712999999993,0.0
10,0,0.4791059999999998,1.0259339999999995,10.287563000000002,0.0
10,1,0.536302000000001,1.0831300000000006,9.71560299999999,0.0
10,2,0.5912530000000018,1.177259000000003,9.053210999999976,0.0
10,3,0.6430089999999993,1.2486119999999978,8.373348000000014,0.0
10,4,0.6910170000000022,1.2966200000000008,7.749243999999976,0.0
10,5,0.735047999999999,1.3679179999999995,7.023742000000013,0.0
10,6,0.7744490000000006,1.4407139999999998,6.250725999999997,0.0
10,7,0.8094450000000002,1.4757099999999994,5.690790000000003,0.0
10,8,0.8395270000000004,1.5316519999999976,4.998376000000015,0.0
10,9,0.8649540000000009,1.5777820000000027,4.375065999999968,0.0
10,10,0.8863519999999987,1.623154999999997,3.7527290000000413,0.0
10,11,0.9038690000000003,1.6623610000000006,3.1854989999999894,0.0
10,12,0.9186080000000025,1.6974360000000033,2.6522839999999377,0.0
10,13,0.9294239999999974,1.7265469999999965,2.1947920000000707,0.0
10,14,0.9377059999999986,1.745426000000002,1.866544999999988,0.0
10,15,0.9421469999999985,1.782311,1.305745000000016,0.0
10,16,0.9471589999999992,1.8030389999999983,0.9447050000000345,0.0
10,17,0.948437615384615,1.833626615384619,0.4425169999999454,0.001277384615381294
10,18,0.9480402857142852,1.8457262857142864,0.2403985714285639,0.005920428571432268
10,19,0.9476315714285717,1.848178571428567,0.1995271428572245,0.009629285714288116
10,20,0.9468720833333334,1.8578910000000022,0.0203074166666255,0.011915749999992897
10,21,0.9463542500000001,1.8862420000000029,-0.5431445000000608,0.014807999999995047
10,22,0.9454026363636362,1.9040800000000004,-0.912032818181828,0.013173454545452046
10,23,0.9437977000000004,1.9310639999999992,-1.4960511999999895,0.011072200000000976
10,24,0.9432067777777777,1.9891697777777781,-2.8459323333333373,0.010600888888887994
10,25,0.9420552857142864,1.9979060000000004,-3.0486927142857354,0.007550857142859968
10,26,0.9401333333333343,2.0154186666666636,-3.4752863333332584,0.004026666666668177
10,27,0.9371679999999998,2.065568000000006,-4.76269400000016,0.00017899999999571037
10,28,0.9371679999999998,2.122081999999999,-6.2885719999999665,0.0
10,29,0.9365200000000087,2.237297000000005,-9.508112000000239,0.0
10,30,0.9420400000000058,2.3674699999999973,-13.338328999999973,0.0
10,31,0.9520720000000011,2.5107189999999946,-17.736118999999846,0.0
10,32,0.9671400000000006,2.698097000000004,-23.695517000000137,0.0
10,33,0.9881659999999926,2.9264599999999916,-31.213392999999655,0.0
10,34,1.0152520000000038,3.2285160000000133,-41.45210100000048,0.0
10,35,1.0390090000000072,3.6332629999999995,-55.45106900000005,0.0
10,36,1.0563067499999974,4.064355749999997,-70.71229274999988,0.0023782500000066875
10,37,1.0548152500000008,4.548887249999989,-88.14200324999962,0.012744499999996606
10,38,1.052875499999999,5.16648450000001,-110.97758350000036,0.0199245000000019
10,39,1.052875499999999,5.8957865,-138.6910595,0.0
11,0,0.5426359999999999,1.0831300000000006,9.652263000000001,0.0
11,1,0.5964179999999999,1.1585059999999991,9.039067000000003,0.0
11,2,0.6473900000000015,1.2094780000000007,8.427402999999984,0.0
11,3,0.6946949999999994,1.2966200000000008,7.712464000000004,0.0
11,4,0.7379239999999996,1.339849000000001,7.107258000000002,0.0
11,5,0.7769030000000008,1.425688000000001,6.316341999999988,0.0
11,6,0.811197,1.4599820000000001,5.767638000000002,0.0
11,7,0.8411879999999989,1.5057009999999984,5.163423000000023,0.0
11,8,0.8664970000000025,1.5569610000000011,4.526203999999964,0.0
11,9,0.8873730000000002,1.5986580000000004,3.9629919999999963,0.0
11,10,0.9047230000000006,1.6405049999999974,3.395519000000018,0.0
11,11,0.9186080000000025,1.6762460000000026,2.8853739999999455,0.0
11,12,0.9294239999999974,1.708251999999998,2.4143320000000514,0.0
11,13,0.9377059999999986,1.7348289999999977,2.0043060000000423,0.0
11,14,0.9428289999999961,1.7505489999999995,1.7435930000000468,0.0
11,15,0.9471589999999992,1.786641000000003,1.1906749999999633,0.0
11,16,0.9489027692307695,1.8047827692307685,0.8993670000000069,0.001403230769227548
11,17,0.948437615384615,1.833626615384619,0.4425169999999454,0.004793769230765577
11,18,0.9480402857142852,1.8457262857142864,0.2403985714285639,0.011100142857149109
11,19,0.9476315714285717,1.848178571428567,0.1995271428572245,0.014596714285715962
11,20,0.9468720833333334,1.8578910000000022,0.0203074166666255,0.016039666666664232
11,21,0.9463542500000001,1.8862420000000029,-0.5431445000000608,0.018015749999996444
11,22,0.9454026363636362,1.9040800000000004,-0.912032818181828,0.01568181818181813
11,23,0.9437977000000004,1.9310639999999992,-1.4960511999999895,0.011934500000009507
11,24,0.9432067777777777,1.9721759999999975,-2.438081666666605,0.009697111111108825
11,25,0.9420552857142864,1.9979060000000004,-3.0486927142857354,0.005509571428575555
11,26,0.9401333333333343,2.0154186666666636,-3.4752863333332584,0.0018243333333316514
11,27,0.9401333333333343,2.0494243333333335,-4.359433666666682,0.0
11,28,0.9385639999999995,2.1234779999999986,-6.341619999999956,0.0
11,29,0.944320999999988,2.2430539999999937,-9.753074999999697,0.0
11,30,0.9546809999999937,2.377830000000003,-13.775539000000023,0.0
11,31,0.9728929999999991,2.5266340000000014,-18.439991000000035,0.0
11,32,0.990509000000003,2.7180100000000067,-24.566423000000242,0.0
11,33,1.0152520000000038,2.9512029999999925,-32.300771999999796,0.0
11,34,1.0392379999999974,3.252502000000007,-42.5074850000002,0.0
11,35,1.0571059999999974,3.6511309999999995,-56.257418999999956,0.0028610000000099944
11,36,1.0563067499999974,4.064355749999997,-70.71229274999988,0.013317499999999427
11,37,1.0548152500000008,4.548887249999989,-88.14200324999962,0.020429250000006505
11,38,1.0548152500000008,5.1606652500000045,-110.77778925000017,0.0
12,0,0.6021659999999986,1.1369120000000006,8.997433000000015,0.0
12,1,0.651999,1.2094780000000007,8.376704,0.0
12,2,0.6986029999999985,1.2763199999999983,7.730376000000021,0.0
12,3,0.7412169999999989,1.339849000000001,7.071035000000009,0.0
12,4,0.7795379999999987,1.4068970000000007,6.381312000000012,0.0
12,5,0.8134979999999992,1.4599820000000001,5.74232700000001,0.0
12,6,0.8428329999999988,1.5057009999999984,5.145328000000024,0.0
12,7,0.8680939999999993,1.5309619999999988,4.6906300000000165,0.0
12,8,0.8890229999999981,1.5986580000000004,3.944842000000019,0.0
12,9,0.9057669999999973,1.6154019999999996,3.609962000000035,0.0
12,10,0.9195480000000025,1.6542860000000026,3.094633999999946,0.0
12,11,0.9303360000000005,1.6870340000000006,2.6376979999999897,0.0
12,12,0.9385339999999971,1.7164499999999947,2.2157460000000953,0.0
12,13,0.9448360000000022,1.7411310000000029,1.8439499999999356,0.0
12,14,0.9481470000000058,1.753860000000003,1.6387409999998894,0.0
12,15,0.9496958461538463,1.7881898461538435,1.139537000000038,0.0012391538461571372
12,16,0.9489027692307695,1.8047827692307685,0.8993670000000069,0.0053124615384607665
12,17,0.948437615384615,1.833626615384619,0.4425169999999454,0.009775153846147688
12,18,0.9480402857142852,1.8457262857142864,0.2403985714285639,0.01683685714285943
12,19,0.9476315714285717,1.848178571428567,0.1995271428572245,0.019460142857141705
12,20,0.9468720833333334,1.8804890833333316,-0.4316542499999656,0.019477583333333826
12,21,0.9463542500000001,1.8862420000000029,-0.5431445000000608,0.019712499999997135
12,22,0.9454026363636362,1.915014636363641,-1.1525948181819246,0.016411181818185128
12,23,0.9437977000000004,1.9310639999999992,-1.4960511999999895,0.010935799999998608
12,24,0.9432067777777777,1.9721759999999975,-2.438081666666605,0.007019333333332156
12,25,0.9420552857142864,1.9979060000000004,-3.0486927142857354,0.002479285714287016
12,26,0.9412579999999977,2.0083620000000195,-3.3053090000004772,0.0
12,27,0.940883999999997,2.050174999999996,-4.387958999999853,0.0
12,28,0.9461789999999937,2.1287729999999954,-6.5736449999998,0.0
12,29,0.9580839999999995,2.253852000000009,-10.218717000000254,0.0
12,30,0.9728929999999991,2.393745999999993,-14.453350999999785,0.0
12,31,0.9940260000000052,2.5477670000000074,-19.32757700000029,0.0
12,32,1.0202560000000034,2.7417839999999956,-25.6568639999999,0.0
12,33,1.0425110000000046,2.975914000000003,-33.416084000000154,0.0
12,34,1.0576572499999983,3.2676482500000006,-43.225069250000004,0.0026607500000039863
12,35,1.0571059999999974,3.6511309999999995,-56.257418999999956,0.01386200000000315
12,36,1.0563067499999974,4.064355749999997,-70.71229274999988,0.020768750000002
12,37,1.0563067499999974,4.544412749999999,-87.99434474999994,0.0
13,0,0.6571500000000015,1.186745000000002,8.337624999999981,0.0
13,1,0.7026499999999984,1.2560819999999993,7.72228800000002,0.0
13,2,0.7446249999999992,1.3189339999999987,7.092884000000012,0.0
13,3,0.7824230000000014,1.3781700000000008,6.461599999999979,0.0
13,4,0.8158640000000013,1.4408570000000012,5.80955999999998,0.0
13,5,0.8449449999999992,1.4893169999999998,5.218288000000012,0.0
13,6,0.8696230000000007,1.5309619999999988,4.672281999999999,0.0
13,7,0.8904759999999996,1.57789,4.093550000000004,0.0
13,8,0.9074550000000023,1.5948690000000028,3.753969999999949,0.0
13,9,0.9206320000000012,1.6285789999999984,3.312988999999998,0.0
13,10,0.9313329999999986,1.664987,2.846204000000018,0.0
13,11,0.9395139999999955,1.6952149999999975,2.4375710000000836,0.0
13,12,0.945522000000004,1.7224580000000032,2.0597939999999113,0.0
13,13,0.9501569999999973,1.7457659999999962,1.7198430000000826,0.0
13,14,0.9503663846153844,1.7540693846153905,1.6091769999999226,0.0016566153846149234
13,15,0.9496958461538463,1.7881898461538435,1.139537000000038,0.005072307692307376
13,16,0.9489027692307695,1.8047827692307685,0.8993670000000069,0.010786692307691581
13,17,0.948437615384615,1.8440388076923082,0.265509730769228,0.015541538461540938
13,18,0.9483387857142854,1.844631785714285,0.2563185714285865,0.022471071428570966
13,19,0.9476315714285717,1.848178571428567,0.1995271428572245,0.023736571428573328
13,20,0.9468720833333334,1.8578910000000022,0.0203074166666255,0.02187749999999511
13,21,0.9463542500000001,1.8862420000000029,-0.5431445000000608,0.01994824999999878
13,22,0.9454026363636362,1.9040800000000004,-0.912032818181828,0.015180545454548167
13,23,0.9437977000000004,1.9310639999999992,-1.4960511999999895,0.008311100000007343
13,24,0.9432067777777777,1.9721759999999975,-2.438081666666605,0.003463555555555331
13,25,0.9425309999999953,1.9945760000000377,-2.971627000000879,0.0
13,26,0.9420552857142864,2.002780999999999,-3.170567714285692,0.0
13,27,0.9480470000000025,2.0575970000000012,-4.674309000000065,0.0
13,28,0.9589090000000056,2.1388099999999923,-7.008265999999864,0.0
13,29,0.9747239999999948,2.270896999999991,-10.912701999999669,0.0
13,30,0.9967199999999963,2.4149929999999955,-15.377433999999823,0.0
13,31,1.0218050000000005,2.5720520000000135,-20.41530900000042,0.0
13,32,1.0444480000000027,2.765975999999995,-26.72131199999987,0.0
13,33,1.0592059999999996,2.990672,-34.103438,0.00397999999999854
13,34,1.0576572499999983,3.2676482500000006,-43.225069250000004,0.013782500000019127
13,35,1.0571059999999974,3.6511309999999995,-56.257418999999956,0.02110299999999654
13,36,1.0571059999999974,4.061957999999997,-70.63636399999987,0.0
14,0,0.7071059999999996,1.232244999999999,7.688197000000006,0.0
14,1,0.7480060000000002,1.298057,7.090684999999997,0.0
14,2,0.7852370000000022,1.356732000000001,6.489331999999969,0.0
14,3,0.8182219999999987,1.3897169999999974,5.961572000000025,0.0
14,4,0.8469300000000004,1.469937999999999,5.289377999999999,0.0
14,5,0.8713920000000002,1.5139950000000013,4.751086999999991,0.0
14,6,0.891766999999998,1.5518149999999977,4.259292000000041,0.0
14,7,0.908609000000002,1.5948690000000028,3.7389679999999537,0.0
14,8,0.9220989999999993,1.608359,3.4556780000000096,0.0
14,9,0.932345999999999,1.6388259999999981,3.06848400000003,0.0
14,10,0.940455,1.673096000000001,2.6465279999999893,0.0
14,11,0.946431000000004,1.7011910000000015,2.2819139999999294,0.0
14,12,0.9513239999999996,1.7266499999999994,1.9333630000000142,0.0
14,13,0.9509871428571434,1.7461301428571392,1.7043172857143247,0.0027408571428608752
14,14,0.9503663846153844,1.7540693846153905,1.6091769999999226,0.005716230769229114
14,15,0.9496958461538463,1.7881898461538435,1.139537000000038,0.010241461538464947
14,16,0.9489027692307695,1.8047827692307685,0.8993670000000069,0.01668692307691977
14,17,0.948437615384615,1.8440388076923082,0.265509730769228,0.02113292307692305
14,18,0.9483387857142854,1.844631785714285,0.2563185714285865,0.02707428571428494
14,19,0.9480402857142852,1.8457262857142864,0.2403985714285639,0.026723999999996195
14,20,0.9468720833333334,1.8578910000000022,0.0203074166666255,0.022671416666668165
14,21,0.9463542500000001,1.8862420000000029,-0.5431445000000608,0.0184110000000004
14,22,0.9454026363636362,1.9040800000000004,-0.912032818181828,0.012164909090913056
14,23,0.9437977000000004,1.9310639999999992,-1.4960511999999895,0.004737399999996228
14,24,0.9432067777777777,1.9721759999999975,-2.438081666666605,0.0004157777777749061
14,25,0.9432067777777777,1.9891697777777781,-2.8459323333333444,0.0
14,26,0.947414000000002,2.0076640000000054,-3.3671890000001667,0.0
14,27,0.9589090000000056,2.069398000000014,-5.134142000000445,0.0
14,28,0.9743190000000084,2.154219999999995,-7.640075999999979,0.0
14,29,0.9967199999999963,2.294762999999989,-11.890763999999635,0.0
14,30,1.0218050000000005,2.440680999999998,-16.47417899999995,0.0
14,31,1.0461659999999995,2.595665000000011,-21.46475300000033,0.0
14,32,1.0593855000000012,2.7813555000000143,-27.407643500000468,0.00470949999998993
14,33,1.0592059999999996,2.990672,-34.103438,0.015315999999991448
14,34,1.0576572499999983,3.2676482500000006,-43.225069250000004,0.02112725000000637
14,35,1.0576572499999983,3.649477249999997,-56.207255249999875,0.0
15,0,0.7517430000000012,1.2731449999999995,7.063278999999984,0.0
15,1,0.7879190000000023,1.335288000000002,6.494671999999966,0.0
15,2,0.8203849999999981,1.367753999999998,5.975216000000032,0.0
15,3,0.8487180000000016,1.4403190000000023,5.382821999999969,0.0
15,4,0.8728999999999978,1.4943999999999988,4.827950000000037,0.0
15,5,0.8930930000000004,1.5343699999999991,4.345397999999999,0.0
15,6,0.9095690000000012,1.5686570000000017,3.909011999999972,0.0
15,7,0.9227999999999987,1.5818879999999993,3.6311610000000236,0.0
15,8,0.933285999999999,1.6388259999999981,3.055324000000031,0.0
15,9,0.9412230000000008,1.646763,2.872772999999988,0.0
15,10,0.9471580000000017,1.679031000000002,2.4933359999999567,0.0
15,11,0.9513239999999996,1.7053569999999993,2.1675860000000142,0.0
15,12,0.9518139230769233,1.7271399230769229,1.9206249999999994,0.002215076923075543
15,13,0.9509871428571434,1.7461301428571392,1.7043172857143247,0.007361714285714527
15,14,0.9503663846153844,1.7540693846153905,1.6091769999999226,0.010678846153842514
15,15,0.9496958461538463,1.7881898461538435,1.139537000000038,0.01540261538461607
15,16,0.9489027692307695,1.8047827692307685,0.8993670000000069,0.021771153846156466
15,17,0.948437615384615,1.8440388076923082,0.265509730769228,0.025443307692306405
15,18,0.948437615384615,1.8440388076923082,0.265509730769228,0.029796499999992676
15,19,0.9480402857142852,1.8457262857142864,0.2403985714285639,0.027128714285710842
15,20,0.9468720833333334,1.8578910000000022,0.0203074166666255,0.021154333333328168
15,21,0.9463542500000001,1.8862420000000029,-0.5431445000000608,0.014859749999999394
15,22,0.9454026363636362,1.9040800000000004,-0.912032818181828,0.007741272727272985
15,23,0.9437977000000004,1.9310639999999992,-1.4960511999999895,0.0013156999999992536
15,24,0.9437977000000005,1.9668576999999938,-2.3193062999998606,0.0
15,25,0.9486160000000012,1.9947510000000008,-3.061192000000041,0.0
15,26,0.958908000000001,2.017018,-3.7722470000000214,0.0
15,27,0.9743339999999989,2.0854940000000113,-5.784684000000283,0.0
15,28,0.9948499999999996,2.1748350000000016,-8.504730000000038,0.0
15,29,1.0212020000000024,2.321754999999996,-13.016279999999924,0.0
15,30,1.0461659999999995,2.466118999999992,-17.578372999999758,0.0
15,31,1.0590324999999972,2.6096004999999955,-22.07688449999981,0.004978499999992891
15,32,1.0593855000000012,2.7813555000000143,-27.407643500000468,0.015941999999999013
15,33,1.0592059999999996,2.990672,-34.103438,0.02205000000000723
15,34,1.0592059999999996,3.2630019999999966,-43.090327999999886,0.0
16,0,0.7910389999999978,1.3093210000000006,6.473839000000034,0.0
16,1,0.8225109999999987,1.367753999999998,5.943326000000024,0.0
16,2,0.8503700000000016,1.418050000000001,5.424848999999973,0.0
16,3,0.8742699999999992,1.4645009999999985,4.926996000000017,0.0
16,4,0.8942890000000006,1.5145930000000014,4.426342999999985,0.0
16,5,0.9105929999999987,1.550846,4.000518000000021,0.0
16,6,0.9236350000000009,1.5818879999999993,3.6186359999999915,0.0
16,7,0.9336650000000013,1.5919179999999997,3.397975999999982,0.0
16,8,0.9415419999999983,1.6267219999999973,3.0283160000000464,0.0
16,9,0.9477619999999973,1.6531109999999956,2.71755600000008,0.0
16,10,0.9518890000000013,1.683158000000006,2.381100999999923,0.0
16,11,0.952331846153846,1.7057998461538442,2.1475970000000224,0.002220153846153039
16,12,0.9518139230769233,1.7271399230769229,1.9206249999999994,0.006421153846154937
16,13,0.9509871428571434,1.7461301428571392,1.7043172857143247,0.012497571428569998
16,14,0.9503663846153844,1.7540693846153905,1.6091769999999226,0.015341461538461942
16,15,0.9496958461538463,1.7881898461538435,1.139537000000038,0.019472769230771902
16,16,0.9489027692307695,1.8047827692307685,0.8993670000000069,0.02507438461538314
16,17,0.948437615384615,1.8440388076923082,0.265509730769228,0.027658692307696242
16,18,0.948437615384615,1.8440388076923082,0.265509730769228,0.02990288461538526
16,19,0.9480402857142852,1.8457262857142864,0.2403985714285639,0.024862428571426065
16,20,0.9468720833333334,1.8578910000000022,0.0203074166666255,0.0171832499999951
16,21,0.9463542500000001,1.8862420000000029,-0.5431445000000608,0.00954850000000107
16,22,0.9454026363636362,1.9040800000000004,-0.912032818181828,0.0029246363636374895
16,23,0.9454026363636361,1.9150146363636413,-1.1525948181819246,0.0
16,24,0.9484440000000021,1.9719610000000003,-2.5114800000000415,0.0
16,25,0.958908000000001,2.0053059999999974,-3.4794469999999507,0.0
16,26,0.9743199999999987,2.031772999999994,-4.387713999999832,0.0
16,27,0.9947509999999937,2.105911000000006,-6.642198000000064,0.0
16,28,1.0186920000000015,2.1986770000000035,-9.52993600000012,0.0
16,29,1.0450890000000044,2.3478230000000053,-14.130557000000223,0.0
16,30,1.0587652500000004,2.48241724999999,-18.256309249999717,0.00532875000001809
16,31,1.0590324999999972,2.6096004999999955,-22.07688449999981,0.016044999999994758
16,32,1.0593855000000012,2.7813555000000143,-27.407643500000468,0.022298499999998
16,33,1.0593855000000012,2.9901334999999953,-34.08853949999987,0.0
17,0,0.8251610000000014,1.3407930000000015,5.927886999999977,0.0
17,1,0.8520590000000006,1.3956130000000009,5.44269899999999,0.0
17,2,0.8755869999999994,1.4419499999999985,4.973577000000013,0.0
17,3,0.8953950000000006,1.4845199999999998,4.5289389999999905,0.0
17,4,0.9116299999999988,1.5308969999999995,4.08367100000002,0.0
17,5,0.9245009999999994,1.5638880000000022,3.7127799999999986,0.0
17,6,0.9345689999999998,1.5919179999999997,3.3835120000000067,0.0
17,7,0.9419319999999978,1.6267219999999973,3.0220760000000553,0.0
17,8,0.9476340000000008,1.6324240000000003,2.8852279999999837,0.0
17,9,0.9523500000000027,1.6579850000000036,2.600281999999922,0.0
17,10,0.9529019999999995,1.6837100000000027,2.3593729999999837,0.0020739999999968006
17,11,0.952331846153846,1.7057998461538442,2.1475970000000224,0.006324307692306519
17,12,0.9518139230769233,1.7271399230769229,1.9206249999999994,0.011444230769230401
17,13,0.9509871428571434,1.7461301428571392,1.7043172857143247,0.01724142857142752
17,14,0.9503663846153844,1.7540693846153905,1.6091769999999226,0.01893907692307728
17,15,0.9496958461538463,1.7881898461538435,1.139537000000038,0.02184492307692132
17,16,0.9489027692307695,1.8047827692307685,0.8993670000000069,0.026057615384614152
17,17,0.948437615384615,1.833626615384619,0.4425169999999454,0.027303076923075764
17,18,0.948437615384615,1.8440388076923082,0.265509730769228,0.027243269230769585
17,19,0.9483387857142854,1.844631785714285,0.2563185714285865,0.01983314285714144
17,20,0.9468720833333334,1.8578910000000022,0.0203074166666255,0.011268166666660306
17,21,0.9463542500000001,1.8862420000000029,-0.5431445000000608,0.0038572499999958154
17,22,0.94635425,1.8936122499999983,-0.697919749999965,0.0
17,23,0.9479869999999977,1.9178360000000012,-1.258835999999988,0.0
17,24,0.9586450000000042,1.9829710000000063,-2.9389360000002185,0.0
17,25,0.9743199999999987,2.02102,-4.118888999999982,0.0
17,26,0.9947740000000067,2.052227000000002,-5.246782000000167,0.0
17,27,1.0198740000000015,2.130379000000005,-7.705434000000153,0.0
17,28,1.042907999999997,2.222342999999995,-10.580039999999812,0.0
17,29,1.057840500000001,2.3638174999999997,-14.798421500000007,0.005125500000005445
17,30,1.0587652500000004,2.48241724999999,-18.256309249999717,0.016487500000017974
17,31,1.0590324999999972,2.6096004999999955,-22.07688449999981,0.022342500000000598
17,32,1.0593855000000012,2.7813555000000143,-27.407643500000475,0.0
18,0,0.8543810000000001,1.3676910000000007,5.431146999999999,0.0
18,1,0.8769889999999982,1.3902989999999988,5.024203000000032,0.0
18,2,0.8964259999999982,1.4617579999999997,4.5796980000000325,0.0
18,3,0.912551999999998,1.500754999999998,4.18856500000004,0.0
18,4,0.9254270000000027,1.543768,3.797637999999953,0.0
18,5,0.9353580000000008,1.5536989999999982,3.579155999999994,0.0
18,6,0.9429300000000005,1.5992809999999977,3.1971970000000063,0.0
18,7,0.9481970000000004,1.6045479999999976,3.0707890000000084,0.0
18,8,0.952064,1.6574129999999982,2.6100060000000127,0.0
18,9,0.9534582857142857,1.6590932857142864,2.5714665714285676,0.0019027142857162005
18,10,0.9529019999999995,1.6837100000000027,2.3593729999999837,0.005935999999994834
18,11,0.952331846153846,1.7057998461538442,2.1475970000000224,0.011149461538462191
18,12,0.9518139230769233,1.7271399230769229,1.9206249999999994,0.01636430769230479
18,13,0.9509871428571434,1.7461301428571392,1.7043172857143247,0.021164285714281306
18,14,0.9503663846153844,1.7540693846153905,1.6091769999999226,0.021167692307693997
18,15,0.9496958461538463,1.795265846153848,1.0333969999999688,0.022329076923078617
18,16,0.9489027692307695,1.8047827692307685,0.8993670000000069,0.02471084615384278
18,17,0.948437615384615,1.833626615384619,0.4425169999999454,0.02434546153845929
18,18,0.948437615384615,1.8440388076923082,0.265509730769228,0.022011653846153223
18,19,0.9483387857142854,1.844631785714285,0.2563185714285865,0.012847357142856453
18,20,0.9468720833333334,1.8578910000000022,0.0203074166666255,0.00478308333332933
18,21,0.9468720833333333,1.8804890833333316,-0.4316542499999656,0.0
18,22,0.9477499999999992,1.8951339999999988,-0.7551259999999616,0.0
18,23,0.9578360000000004,1.928252999999998,-1.6658599999999595,0.0
18,24,0.9740179999999938,1.9995759999999905,-3.5987969999996636,0.0
18,25,0.9949259999999995,2.0420489999999987,-4.994915999999961,0.0
18,26,1.0198740000000015,2.0780710000000084,-6.345426000000245,0.0
18,27,1.0444490000000002,2.154549000000003,-8.776204000000078,0.0
18,28,1.0570297500000017,2.235328749999997,-11.183710749999946,0.004577249999989874
18,29,1.057840500000001,2.3638174999999997,-14.798421500000007,0.016215999999996455
18,30,1.0587652500000004,2.48241724999999,-18.256309249999717,0.022594250000011584
18,31,1.0590324999999972,2.6096004999999955,-22.076884499999814,0.0
19,0,0.878971,1.3902989999999988,4.988527000000001,0.0
19,1,0.8976000000000006,1.4385779999999997,4.604925999999988,0.0
19,2,0.9134139999999995,1.4778839999999995,4.241662000000009,0.0
19,3,0.9262750000000004,1.5136300000000027,3.902925999999983,0.0
19,4,0.9362639999999978,1.5536989999999982,3.5628480000000486,0.0
19,5,0.9436460000000011,1.5815280000000023,3.290826999999968,0.0
19,6,0.9491499999999995,1.6045479999999976,3.0536350000000247,0.0
19,7,0.9528880000000015,1.6082859999999997,2.9601849999999743,0.0
19,8,0.9539487142857145,1.6373517142857121,2.736571428571441,0.0013242857142827802
19,9,0.9534582857142857,1.6590932857142864,2.5714665714285676,0.005593428571422976
19,10,0.9529019999999995,1.6837100000000027,2.3593729999999837,0.01056899999999672
19,11,0.952331846153846,1.7057998461538442,2.1475970000000224,0.015894615384613786
19,12,0.9518139230769231,1.740321999999999,1.7624400769230881,0.020459384615381992
19,13,0.9509871428571434,1.7461301428571392,1.7043172857143247,0.02401514285714157
19,14,0.9503663846153844,1.7540693846153905,1.6091769999999226,0.021900307692311216
19,15,0.9496958461538463,1.795265846153848,1.0333969999999688,0.020974230769230218
19,16,0.9489027692307695,1.8047827692307685,0.8993670000000069,0.021200076923078015
19,17,0.948437615384615,1.833626615384619,0.4425169999999454,0.018965846153843557
19,18,0.948437615384615,1.8440388076923082,0.265509730769228,0.015019038461534961
19,19,0.9483387857142854,1.844631785714285,0.2563185714285865,0.005510571428576583
19,20,0.9470329999999976,1.8559600000000316,0.05586999999941611,0.0
19,21,0.9476239999999976,1.8818319999999957,-0.473389999999867,0.0
19,22,0.9572680000000062,1.9047250000000062,-1.137452000000252,0.0
19,23,0.9727859999999993,1.9441799999999958,-2.3012809999998893,0.0
19,24,0.9945030000000017,2.0219379999999987,-4.504215000000002,0.0
19,25,1.018977999999997,2.0668369999999925,-6.047551999999762,0.0
19,26,1.0444490000000002,2.1043090000000007,-7.469964000000019,0.0
19,27,1.057231999999999,2.1705520000000003,-9.438378999999983,0.005436000000003105
19,28,1.0570297500000017,2.235328749999997,-11.183710749999946,0.015792499999989218
19,29,1.057840500000001,2.3638174999999997,-14.798421500000007,0.02247849999999829
19,30,1.0587652500000004,2.4824172499999904,-18.256309249999724,0.0
20,0,0.8993040000000008,1.4089279999999995,4.602199999999986,0.0
20,1,0.9143760000000007,1.4543919999999986,4.270367999999987,0.0
20,2,0.9269500000000015,1.4907450000000004,3.958755999999969,0.0
20,3,0.9369910000000026,1.523619,3.6693549999999497,0.0
20,4,0.9444830000000017,1.5610810000000015,3.37715899999996,0.0
20,5,0.949777000000001,1.5870320000000007,3.1468179999999784,0.0
20,6,0.9535680000000006,1.6082859999999997,2.947264999999991,0.0
20,7,0.9544653571428572,1.6091833571428564,2.9239337142857167,0.0016846428571462013
20,8,0.9539487142857145,1.6527177142857132,2.6136434285714323,0.0048105714285746615
20,9,0.9534582857142857,1.6590932857142864,2.5714665714285676,0.01033714285713927
20,10,0.9529019999999995,1.6837100000000027,2.3593729999999837,0.015399999999999636
20,11,0.952331846153846,1.7207069999999973,1.983618307692339,0.02012876923076945
20,12,0.9518139230769231,1.740321999999999,1.7624400769230881,0.02348346153846137
20,13,0.9516928571428573,1.7418958571428556,1.745248714285733,0.025573999999995323
20,14,0.9503663846153844,1.7540693846153905,1.6091769999999226,0.02105392307692533
20,15,0.9496958461538463,1.7881898461538435,1.139537000000038,0.017960384615390623
20,16,0.9489027692307695,1.8047827692307685,0.8993670000000069,0.016031307692307095
20,17,0.948437615384615,1.833626615384619,0.4425169999999454,0.01189223076923085
20,18,0.948437615384615,1.8440388076923082,0.265509730769228,0.007655423076922574
20,19,0.9483387857142854,1.844631785714285,0.2563185714285865,3.8785714288280815e-05
20,20,0.9483387857142854,1.8446317857142855,0.2563185714285794,0.0
20,21,0.9571950000000058,1.8920010000000076,-0.8687880000002721,0.0
20,22,0.9718090000000004,1.9192660000000004,-1.7336330000000117,0.0
20,23,0.9926260000000013,1.9650689999999997,-3.1586880000000193,0.0
20,24,1.0182420000000008,2.0476949999999974,-5.573423999999953,0.0
20,25,1.0427860000000067,2.0915760000000034,-7.118379000000218,0.0
20,26,1.0564269999999993,2.1219559999999973,-8.156367999999915,0.0059590000000042664
20,27,1.057231999999999,2.1705520000000003,-9.438378999999983,0.0168910000000011
20,28,1.0570297500000017,2.235328749999997,-11.183710749999946,0.022330749999994737
20,29,1.057840500000001,2.3638174999999997,-14.798421500000003,0.0
21,0,0.9159100000000002,1.4239999999999995,4.2700799999999965,0.0
21,1,0.9278370000000002,1.4669659999999993,3.9885739999999963,0.0
21,2,0.9375989999999987,1.5007860000000015,3.725694000000022,0.0
21,3,0.9452210000000001,1.5311109999999992,3.482279000000002,0.0
21,4,0.9506259999999997,1.5663750000000007,3.2331230000000026,0.0
21,5,0.954189999999997,1.569938999999998,3.1440230000000717,0.0
21,6,0.9548474285714287,1.6042164285714282,2.946093857142859,0.0017425714285650429
21,7,0.9544653571428572,1.6091833571428564,2.9239337142857167,0.005372285714287273
21,8,0.9539487142857145,1.6373517142857121,2.736571428571441,0.009506857142856262
21,9,0.9534582857142857,1.6590932857142864,2.5714665714285676,0.015428857142854469
21,10,0.9529019999999995,1.6837100000000027,2.3593729999999837,0.01989099999999766
21,11,0.952331846153846,1.7057998461538442,2.1475970000000224,0.023435923076920773
21,12,0.9518139230769233,1.7271399230769229,1.9206249999999994,0.025084538461536354
21,13,0.9516928571428573,1.7418958571428556,1.745248714285733,0.024911142857142465
21,14,0.9503663846153844,1.7540693846153905,1.6091769999999226,0.018624538461542883
21,15,0.9496958461538463,1.7881898461538435,1.139537000000038,0.013546538461541857
21,16,0.9489027692307695,1.8047827692307685,0.8993670000000069,0.00983553846153562
21,17,0.948437615384615,1.833626615384619,0.4425169999999454,0.0047426153846146235
21,18,0.948437615384615,1.8440388076923082,0.265509730769228,0.0023908076923113697
21,19,0.948437615384615,1.8440388076923082,0.265509730769228,0.0
21,20,0.9578705000000021,1.8528900000000021,-0.10075350000008498,0.0
21,21,0.9720389999999952,1.9071169999999924,-1.4831039999997415,0.0
21,22,0.9915769999999995,1.9388040000000046,-2.558829000000088,0.0
21,23,1.0162240000000011,1.9894680000000022,-4.1918250000000725,0.0
21,24,1.0418550000000053,2.0733760000000103,-6.662028000000355,0.0
21,25,1.05500975,2.1090707500000043,-7.800222750000106,0.00555225000000803
21,26,1.0564269999999993,2.1219559999999973,-8.156367999999915,0.01725799999999822
21,27,1.057231999999999,2.1705520000000003,-9.438378999999983,0.022921999999994114
21,28,1.057231999999999,2.234722000000005,-11.170969000000113,0.0
22,0,0.9292990000000003,1.4359269999999995,3.9889109999999945,0.0
22,1,0.9385259999999995,1.4451539999999987,3.785917000000012,0.0
22,2,0.9458790000000015,1.5084080000000029,3.536569999999962,0.0
22,3,0.9514749999999985,1.5365159999999989,3.334730000000036,0.0
22,4,0.9551739999999995,1.569938999999998,3.1233590000000184,0.0
22,5,0.9553835714285714,1.5845105714285754,3.0461001428571226,0.0019314285714280288
22,6,0.9548474285714287,1.6042164285714282,2.946093857142859,0.005483142857144685
22,7,0.9544653571428572,1.6091833571428564,2.9239337142857167,0.009940928571431584
22,8,0.9539487142857145,1.6373517142857121,2.736571428571441,0.014478142857139886
22,9,0.9534582857142857,1.6590932857142864,2.5714665714285676,0.020104571428571916
22,10,0.9529019999999995,1.6837100000000027,2.3593729999999837,0.023372000000001947
22,11,0.952331846153846,1.7057998461538442,2.1475970000000224,0.025232076923078495
22,12,0.9518139230769231,1.740321999999999,1.7624400769230881,0.0248586153846162
22,13,0.9516928571428573,1.7418958571428556,1.745248714285733,0.022433285714278384
22,14,0.9503663846153844,1.7540693846153905,1.6091769999999226,0.014597153846155564
22,15,0.9496958461538463,1.7881898461538435,1.139537000000038,0.008247692307689292
22,16,0.9489027692307695,1.8047827692307685,0.8993670000000069,0.003791769230764075
22,17,0.9489027692307695,1.8280447692307646,0.5271750000000708,0.0
22,18,0.9496010000000012,1.8446205000000013,0.23002649999994773,0.002204500000001275
22,19,0.9591500000000011,1.8537430000000015,-0.1446830000000503,0.0
22,20,0.9720425000000006,1.8663600000000002,-0.6680410000000165,0.0
22,21,0.9925150000000045,1.927726000000007,-2.3458890000002413,0.0
22,22,1.0154229999999984,1.9617119999999986,-3.563570999999932,0.0
22,23,1.039786999999997,2.0132329999999996,-5.2332429999999235,0.0
22,24,1.053691999999998,2.090496999999999,-7.321508999999935,0.005710999999990918
22,25,1.05500975,2.1090707500000043,-7.800222750000106,0.016750499999997004
22,26,1.0564269999999993,2.1219559999999973,-8.156367999999915,0.023094000000000392
22,27,1.057231999999999,2.1705520000000007,-9.438378999999998,0.0
23,0,0.9399699999999989,1.4451539999999987,3.7541490000000266,0.0
23,1,0.9469239999999992,1.4840809999999998,3.562234000000018,0.0
23,2,0.9522590000000015,1.514004,3.3850179999999668,0.0
23,3,0.9562050000000006,1.5348219999999912,3.235752000000012,0.0
23,4,0.9558197857142857,1.5644777857142849,3.1309965714285752,0.0026052142857153626
23,5,0.9553835714285714,1.5845105714285754,3.0461001428571226,0.005999857142857223
23,6,0.9548474285714287,1.6042164285714282,2.946093857142859,0.010455714285715345
23,7,0.9544653571428572,1.6091833571428564,2.9239337142857167,0.014574571428575211
23,8,0.9539487142857145,1.6527177142857132,2.6136434285714323,0.018960428571428878
23,9,0.9534582857142857,1.6590932857142864,2.5714665714285676,0.023604285714284856
23,10,0.9529019999999995,1.6837100000000027,2.3593729999999837,0.025190000000002044
23,11,0.952331846153846,1.7057998461538442,2.1475970000000224,0.0250642307692317
23,12,0.9518139230769233,1.7271399230769229,1.9206249999999994,0.022499692307691888
23,13,0.9516928571428573,1.7418958571428556,1.745248714285733,0.01813942857142692
23,14,0.9503663846153844,1.7540693846153905,1.6091769999999226,0.00939876923077243
23,15,0.9496958461538463,1.7881898461538435,1.139537000000038,0.0030938461538507767
23,16,0.9496958461538463,1.795265846153848,1.0333969999999688,0.0
23,17,0.9496010000000012,1.8287429999999958,0.4999440000000419,0.0
23,18,0.9597010000000026,1.8540185000000022,-0.16203950000009826,0.002228500000001077
23,19,0.9744869999999963,1.867989666666664,-0.754413333333197,0.0006426666666712322
23,20,0.9923819999999992,1.8858846666666669,-1.506003333333318,0.0
23,21,1.0169799999999967,1.9526039999999938,-3.4065569999997933,0.0
23,22,1.0410949999999985,1.9843169999999972,-4.627174999999909,0.0
23,23,1.052370999999999,2.027032999999994,-5.8274909999998386,0.005341999999998848
23,24,1.053691999999998,2.090496999999999,-7.321508999999935,0.016936999999998648
23,25,1.05500975,2.1090707500000043,-7.800222750000106,0.022775750000000983
23,26,1.0564269999999993,2.1219559999999973,-8.156367999999915,0.0
24,0,0.9483069999999998,1.452107999999999,3.5623980000000053,0.0
24,1,0.9533459999999998,1.489416000000002,3.409193000000002,0.0
24,2,0.9568107999999997,1.5122758000000047,3.2837829999999997,0.00021719999999447737
24,3,0.9564055000000001,1.5322154999999977,3.238960000000004,0.003178500000000639
24,4,0.9558197857142857,1.5644777857142849,3.1309965714285752,0.007355428571425904
24,5,0.9553835714285714,1.5845105714285754,3.0461001428571226,0.011271285714283152
24,6,0.9548474285714287,1.6042164285714282,2.946093857142859,0.015965285714280242
24,7,0.9544653571428572,1.6306353571428565,2.77376971428572,0.018960214285712595
24,8,0.9539487142857145,1.6373517142857121,2.736571428571441,0.02246271428571589
24,9,0.9534582857142857,1.6590932857142864,2.5714665714285676,0.02533899999999889
24,10,0.9529019999999995,1.6837100000000027,2.3593729999999837,0.024890000000002743
24,11,0.952331846153846,1.7057998461538442,2.1475970000000224,0.022584384615385034
24,12,0.9518139230769233,1.7271399230769229,1.9206249999999994,0.017996769230768095
24,13,0.9516928571428573,1.7418958571428556,1.745248714285733,0.012404571428568545
24,14,0.9503663846153844,1.7540693846153905,1.6091769999999226,0.003986384615389582
24,15,0.9503663846153845,1.7801433846153856,1.244140999999992,0.0
24,16,0.9504499999999965,1.7960199999999986,1.0039850000001067,0.0
24,17,0.9597010000000026,1.837994000000002,0.11037699999990735,0.0
24,18,0.9744869999999963,1.867989666666664,-0.754413333333197,0.002677333333330978
24,19,0.9938700000000011,1.8868766666666683,-1.560067333333393,0.0013246666666617557
24,20,1.016567000000002,1.909661333333337,-2.5377916666667844,0.0
24,21,1.0410949999999985,1.9776789999999949,-4.487776999999859,0.0
24,22,1.052067000000001,1.9969680000000025,-5.157853000000081,0.005733999999996797
24,23,1.052370999999999,2.027032999999994,-5.8274909999998386,0.016660999999992043
24,24,1.053691999999998,2.090496999999999,-7.321508999999935,0.02289899999999534
24,25,1.05500975,2.1090707500000043,-7.800222750000103,0.0
25,0,0.9544749999999986,1.457146999999999,3.414366000000033,0.0
25,1,0.9574003999999999,1.4846263999999998,3.316677000000002,0.0005676000000001125
25,2,0.9568107999999997,1.5122758000000047,3.2837829999999997,0.0036573999999944817
25,3,0.9564055000000001,1.5322154999999977,3.238960000000004,0.008432999999996582
25,4,0.9558197857142857,1.5644777857142849,3.1309965714285752,0.013075642857138803
25,5,0.9553835714285714,1.5845105714285754,3.0461001428571226,0.01676471428571702
25,6,0.9548474285714287,1.6042164285714282,2.946093857142859,0.021208857142859472
25,7,0.9544653571428572,1.6306353571428565,2.77376971428572,0.022757857142856608
25,8,0.9539487142857145,1.6373517142857121,2.736571428571441,0.02450799999999731
25,9,0.9534582857142857,1.6590932857142864,2.5714665714285676,0.024761714285713055
25,10,0.9529019999999995,1.6837100000000027,2.3593729999999837,0.022111000000002434
25,11,0.952331846153846,1.7057998461538442,2.1475970000000224,0.017758538461542628
25,12,0.9518139230769233,1.7271399230769229,1.9206249999999994,0.011705846153846622
25,13,0.9516928571428573,1.7418958571428556,1.745248714285733,0.006031714285711587
25,14,0.9504969999999985,1.7525020000000222,1.6278549999997285,0.0
25,15,0.9512789999999995,1.7818380000000005,1.196819000000005,0.0
25,16,0.9598089999999999,1.8046539999999993,0.6412250000000128,0.0
25,17,0.9744869999999963,1.853361999999997,-0.5057429999998604,0.0
25,18,0.9938700000000011,1.8868766666666683,-1.560067333333393,0.0031653333333352407
25,19,1.016567000000002,1.909661333333337,-2.5377916666667844,0.0016993333333346072
25,20,1.0401349999999994,1.933884333333334,-3.587883666666663,0.0
25,21,1.0516472500000003,1.994007249999994,-5.083924249999882,0.006896750000002783
25,22,1.052067000000001,1.9969680000000025,-5.157853000000081,0.017241999999995983
25,23,1.052370999999999,2.027032999999994,-5.8274909999998386,0.022739000000001397
25,24,1.053691999999998,2.090496999999999,-7.321508999999935,0.0
26,0,0.9579556666666666,1.4522986666666675,3.327349333333334,0.0007653333333337287
26,1,0.9574003999999999,1.4846263999999998,3.316677000000002,0.004065199999999436
26,2,0.9568107999999997,1.5122758000000047,3.2837829999999997,0.008857599999995358
26,3,0.9564055000000001,1.5322154999999977,3.238960000000004,0.014471500000002635
26,4,0.9558197857142857,1.5644777857142849,3.1309965714285752,0.018600857142857308
26,5,0.9553835714285714,1.5845105714285754,3.0461001428571226,0.021429142857144257
26,6,0.9548474285714287,1.6042164285714282,2.946093857142859,0.025258428571422797
26,7,0.9544653571428572,1.6091833571428564,2.9239337142857167,0.025331500000003615
26,8,0.9539487142857145,1.6373517142857121,2.736571428571441,0.024775285714284223
26,9,0.9534582857142857,1.6590932857142864,2.5714665714285676,0.021765428571427492
26,10,0.9529019999999995,1.6837100000000027,2.3593729999999837,0.017039000000004023
26,11,0.952331846153846,1.7057998461538442,2.1475970000000224,0.011204692307693165
26,12,0.9518139230769233,1.7271399230769229,1.9206249999999994,0.004902923076924637
26,13,0.9516928571428573,1.7418958571428556,1.745248714285733,0.0008638571428569719
26,14,0.9516928571428573,1.7418958571428556,1.745248714285733,0.0
26,15,0.9597049999999996,1.7913050000000013,0.8441639999999921,0.0
26,16,0.9737969999999976,1.819431999999992,0.055077000000189,0.0
26,17,0.9938700000000011,1.8741869999999992,-1.3443430000000163,0.0
26,18,1.016567000000002,1.909661333333337,-2.5377916666667844,0.003557666666665682
26,19,1.0401349999999994,1.933884333333334,-3.587883666666663,0.0018123333333335268
26,20,1.050203250000001,1.948680250000003,-4.135508250000079,0.006841749999995983
26,21,1.0516472500000003,1.994007249999994,-5.083924249999882,0.018539499999999265
26,22,1.052067000000001,1.9969680000000025,-5.157853000000081,0.023272999999996102
26,23,1.052370999999999,2.027032999999994,-5.827490999999846,0.0
27,0,0.9579556666666666,1.4522986666666675,3.327349333333334,0.004170666666666989
27,1,0.9574003999999999,1.4846263999999998,3.316677000000002,0.009121800000002622
27,2,0.9568107999999997,1.5122758000000047,3.2837829999999997,0.014622799999997937
27,3,0.9564055000000001,1.5322154999999977,3.238960000000004,0.020259000000002914
27,4,0.9558197857142857,1.5644777857142849,3.1309965714285752,0.023120071428568423
27,5,0.9553835714285714,1.5845105714285754,3.0461001428571226,0.02453857142856819
27,6,0.9548474285714287,1.6042164285714282,2.946093857142859,0.02738899999999944
27,7,0.9544653571428572,1.6306353571428565,2.77376971428572,0.025974142857137394
27,8,0.9539487142857145,1.6373517142857121,2.736571428571441,0.02291357142857109
27,9,0.9534582857142857,1.6590932857142864,2.5714665714285676,0.01683514285713983
27,10,0.9529019999999995,1.6837100000000027,2.3593729999999837,0.010598000000005214
27,11,0.952331846153846,1.7057998461538442,2.1475970000000224,0.004512846153843952
27,12,0.9521139999999959,1.723539000000048,1.955733999999536,0.0
27,13,0.9518139230769231,1.740321999999999,1.7624400769230881,0.0
27,14,0.959614000000002,1.748866999999997,1.4407529999999866,0.0
27,15,0.9730070000000026,1.8056600000000032,0.28298699999988486,0.0
27,16,0.9924280000000039,1.8390660000000025,-0.7434730000001437,0.0
27,17,1.016303999999998,1.898699999999998,-2.3443479999999184,0.0
27,18,1.0401349999999994,1.933884333333334,-3.587883666666663,0.003967666666667924
27,19,1.0466575000000002,1.9404068333333349,-3.881396166666704,0.011420833333332325
27,20,1.050203250000001,1.948680250000003,-4.135508250000079,0.018287499999999568
27,21,1.0516472500000003,1.994007249999994,-5.083924249999882,0.023929250000009006
27,22,1.052067000000001,1.9969680000000025,-5.157853000000081,0.0
28,0,0.9579556666666666,1.4522986666666675,3.327349333333334,0.009049000000000973
28,1,0.9574003999999999,1.4846263999999998,3.316677000000002,0.014742399999999378
28,2,0.9568107999999997,1.492880800000002,3.322573000000002,0.020129999999998205
28,3,0.9564055000000001,1.517949999999999,3.2817565,0.025099499999996056
28,4,0.9558197857142857,1.5644777857142849,3.1309965714285752,0.02620828571428291
28,5,0.9553835714285714,1.5845105714285754,3.0461001428571226,0.025808000000001385
28,6,0.9548474285714287,1.5914804285714321,3.022509857142836,0.027226571428570878
28,7,0.9544653571428572,1.6091833571428564,2.9239337142857167,0.02416878571428782
28,8,0.9539487142857145,1.6527177142857132,2.6136434285714323,0.01889285714285549
28,9,0.9534582857142857,1.6590932857142864,2.5714665714285676,0.01081885714285491
28,10,0.9529019999999995,1.6837100000000027,2.3593729999999837,0.0042860000000075615
28,11,0.9528579999999992,1.699486000000005,2.202316999999967,0.0
28,12,0.952331846153846,1.7207069999999973,1.983618307692339,0.0
28,13,0.959614000000002,1.7478220000000064,1.454337999999865,0.0
28,14,0.9719540000000038,1.7612069999999989,0.9348129999999131,0.0
28,15,0.9914249999999996,1.8251200000000054,-0.5061990000000662,0.0
28,16,1.0142249999999962,1.8615039999999965,-1.690999999999839,0.0
28,17,1.038170000000001,1.9228359999999967,-3.345041999999971,0.0
28,18,1.0466575000000002,1.9404068333333349,-3.881396166666704,0.012627166666668188
28,19,1.050203250000001,1.948680250000003,-4.135508250000079,0.02327449999999942
28,20,1.050203250000001,1.948680250000003,-4.135508250000079,0.02376025000000226
28,21,1.0516472500000003,1.994007249999994,-5.083924249999882,0.0
29,0,0.9579556666666666,1.4522986666666675,3.327349333333334,0.014514333333334406
29,1,0.9574003999999999,1.4846263999999998,3.316677000000002,0.020194000000000045
29,2,0.9568107999999997,1.5122758000000047,3.2837829999999997,0.024802199999996333
29,3,0.9564055000000001,1.5322154999999977,3.238960000000004,0.028499000000000052
29,4,0.9558197857142857,1.5644777857142849,3.1309965714285752,0.027755500000001376
29,5,0.9553835714285714,1.5701485714285701,3.1179101428571485,0.02527342857142756
29,6,0.9548474285714287,1.6042164285714282,2.946093857142859,0.024684142857136493
29,7,0.9544653571428572,1.6306353571428565,2.77376971428572,0.01986442857142734
29,8,0.9539487142857145,1.6373517142857121,2.736571428571441,0.012973142857138242
29,9,0.9534582857142857,1.6590932857142864,2.5714665714285676,0.004816571428573724
29,10,0.9529019999999995,1.6837100000000027,2.3593729999999837,0.0
29,11,0.9529019999999995,1.698914000000002,2.2073329999999913,0.0
29,12,0.9612499999999997,1.729098999999998,1.6332060000000297,0.0
29,13,0.973555999999995,1.7601280000000017,0.903984000000122,0.0
29,14,0.9903829999999942,1.7780339999999981,0.18322300000018998,0.0
29,15,1.0135839999999945,1.848159999999993,-1.472250999999737,0.0
29,16,1.0359000000000052,1.8831940000000102,-2.644940000000311,0.0
29,17,1.0466575000000002,1.9365034999999988,-3.8150394999999904,0.00717949999999945
29,18,1.0466575000000002,1.9404068333333349,-3.881396166666704,0.02553566666666285
29,19,1.050203250000001,1.948680250000003,-4.135508250000079,0.027900249999994742
29,20,1.050203250000001,1.9486802500000031,-4.135508250000086,0.0
30,0,0.9579556666666666,1.4522986666666675,3.327349333333334,0.019765666666668125
30,1,0.9574003999999999,1.4846263999999998,3.316677000000002,0.024791600000000358
30,2,0.9568107999999997,1.5122758000000047,3.2837829999999997,0.02802539999999709
30,3,0.9564055000000001,1.517949999999999,3.2817565,0.03001350000000258
30,4,0.9558197857142857,1.5644777857142849,3.1309965714285752,0.027589714285713995
30,5,0.9553835714285714,1.5845105714285754,3.0461001428571226,0.022995857142859677
30,6,0.9548474285714287,1.5914804285714321,3.022509857142836,0.019985714285709832
30,7,0.9544653571428572,1.6091833571428564,2.9239337142857167,0.013634071428569428
30,8,0.9539487142857145,1.6527177142857132,2.6136434285714323,0.006354428571423654
30,9,0.9534582857142857,1.6590932857142864,2.5714665714285676,0.0003442857142843536
30,10,0.9534582857142857,1.6767282857142853,2.4127515714285757,0.0
30,11,0.9614329999999995,1.707408000000001,1.866500000000002,0.0
30,12,0.974609000000001,1.7426630000000003,1.0830269999999658,0.0
30,13,0.9923915000000001,1.7780339999999981,0.12497650000002025,6.649999999908118e-05
30,14,1.012703000000002,1.7983455,-0.7484180000000578,0.0
30,15,1.0358850000000004,1.8714489999999984,-2.46831499999999,0.0
30,16,1.0453624999999995,1.8942785000000022,-3.096704500000019,0.006658499999996792
30,17,1.0466575000000002,1.9404068333333349,-3.881396166666704,0.018490000000003448
30,18,1.050203250000001,1.948680250000003,-4.135508250000079,0.031087250000002342
30,19,1.050203250000001,1.948680250000003,-4.135508250000079,0.003273999999994004
31,0,0.9579556666666666,1.4522986666666675,3.327349333333334,0.02411299999999983
31,1,0.9574003999999999,1.4846263999999998,3.316677000000002,0.02792020000000406
31,2,0.9568107999999997,1.5122758000000047,3.2837829999999997,0.02933259999999649
31,3,0.9564055000000001,1.517949999999999,3.2817565,0.029288999999998566
31,4,0.9558197857142857,1.5644777857142849,3.1309965714285752,0.02538692857142877
31,5,0.9553835714285714,1.5845105714285754,3.0461001428571226,0.018952285714281203
31,6,0.9548474285714287,1.6042164285714282,2.946093857142859,0.013659285714282987
31,7,0.9544653571428572,1.6091833571428564,2.9239337142857167,0.006784714285721805
31,8,0.9539487142857145,1.6527177142857132,2.6136434285714323,0.0010447142857117342
31,9,0.9539487142857144,1.6527177142857132,2.613643428571436,0.0
31,10,0.9612199999999973,1.6846239999999923,2.100943000000157,0.0
31,11,0.974221,1.7204949999999997,1.338903000000002,0.0
31,12,0.9922680000000028,1.7608720000000062,0.33474899999983876,0.0
31,13,1.0132100000000008,1.7985989999999994,-0.767177000000018,0.0015409999999995705
31,14,1.0348970000000008,1.8206615,-1.726662000000026,0.0
31,15,1.0449570000000001,1.8848459999999996,-2.9414300000000004,0.0072199999999966735
31,16,1.0453624999999995,1.9300284999999953,-3.668704499999908,0.018034999999994028
31,17,1.0466575000000002,1.9404068333333349,-3.881396166666704,0.02381950000000188
31,18,1.050203250000001,1.948680250000003,-4.135508250000079,0.0051339999999981956
32,0,0.9579556666666666,1.4522986666666675,3.327349333333334,0.027014333333330143
32,1,0.9574003999999999,1.4600724000000014,3.3412310000000005,0.029149800000002557
32,2,0.9568107999999997,1.5122758000000047,3.2837829999999997,0.02841279999999813
32,3,0.9564055000000001,1.5322154999999977,3.238960000000004,0.026126500000000163
32,4,0.9558197857142857,1.5644777857142849,3.1309965714285752,0.020838142857140696
32,5,0.9553835714285714,1.5845105714285754,3.0461001428571226,0.01331771428571571
32,6,0.9548474285714287,1.5914804285714321,3.022509857142836,0.006805857142854421
32,7,0.9544653571428572,1.6091833571428564,2.9239337142857167,0.0012943571428536416
32,8,0.9544653571428572,1.6306353571428565,2.77376971428572,0.0
32,9,0.9610860000000017,1.6599080000000015,2.3276749999999353,0.0
32,10,0.9739220000000017,1.697462999999999,1.5787909999999528,0.0
32,11,0.9917179999999988,1.7383309999999952,0.6003000000000895,0.0
32,12,1.0132100000000008,1.7824170000000024,-0.5729930000000536,0.0
32,13,1.0348970000000008,1.8206615,-1.726662000000026,0.0027825000000021305
32,14,1.0438757499999998,1.8334857499999995,-2.184542749999988,0.007253250000005096
32,15,1.0449570000000001,1.8848459999999996,-2.9414300000000004,0.01875500000000585
32,16,1.0453624999999995,1.8942785000000022,-3.096704500000019,0.023625499999997857
32,17,1.0466575000000002,1.9365034999999988,-3.8150394999999904,0.0
33,0,0.9579556666666666,1.4522986666666675,3.327349333333334,0.02807066666666458
33,1,0.9574003999999999,1.4600724000000014,3.3412310000000005,0.0282004000000029
33,2,0.9568107999999997,1.5122758000000047,3.2837829999999997,0.025154000000000565
33,3,0.9564055000000001,1.5322154999999977,3.238960000000004,0.02069099999999935
33,4,0.9558197857142857,1.5644777857142849,3.1309965714285752,0.014310357142854002
33,5,0.9553835714285714,1.5845105714285754,3.0461001428571226,0.0068821428571475
33,6,0.9548474285714287,1.6042164285714282,2.946093857142859,0.0013374285714249368
33,7,0.9548474285714287,1.6042164285714282,2.946093857142859,0.0
33,8,0.9610330000000005,1.6372029999999995,2.5110639999999904,0.0
33,9,0.9737849999999995,1.6726560000000035,1.806574999999988,0.0
33,10,0.991379000000002,1.7151370000000057,0.8434269999998776,0.0
33,11,1.0126070000000027,1.759635000000003,-0.30249200000012166,0.0
33,12,1.0341459999999998,1.8040360000000035,-1.5023730000000342,0.0
33,13,1.0419529999999992,1.827717499999998,-2.0441819999999495,0.011824500000003013
33,14,1.0438757499999998,1.8334857499999995,-2.184542749999988,0.01875150000000758
33,15,1.0449570000000001,1.8848459999999996,-2.9414300000000004,0.024022000000009314
33,16,1.0453624999999995,1.8942785000000022,-3.096704500000019,0.0
34,0,0.9579556666666666,1.4522986666666675,3.327349333333334,0.027191999999995886
34,1,0.9574003999999999,1.4600724000000014,3.3412310000000005,0.025112000000000023
34,2,0.9568107999999997,1.5122758000000047,3.2837829999999997,0.01985119999999796
34,3,0.9564055000000001,1.5322154999999977,3.238960000000004,0.013702499999993734
34,4,0.9558197857142857,1.5644777857142849,3.1309965714285752,0.0070225714285712115
34,5,0.9553835714285714,1.5845105714285754,3.0461001428571226,0.0014765714285722709
34,6,0.9548474285714287,1.5914804285714321,3.022509857142836,0.0
34,7,0.9612229999999968,1.610591999999997,2.6910710000001288,0.0
34,8,0.9737359999999953,1.672557999999995,1.8090250000001973,0.0
34,9,0.9911619999999957,1.6901709999999923,1.0754990000002138,0.0
34,10,1.0121919999999989,1.7363050000000015,-0.05508199999997743,0.0
34,11,1.0334629999999976,1.781021999999993,-1.2259969999998432,0.0
34,12,1.0419529999999995,1.815241999999998,-1.8944759999999548,0.007458999999997218
34,13,1.0419529999999992,1.827717499999998,-2.0441819999999495,0.02454050000000052
34,14,1.0438757499999998,1.8334857499999995,-2.184542749999988,0.024065750000005437
34,15,1.0449570000000001,1.8848459999999996,-2.9414300000000004,0.0
35,0,0.9579556666666666,1.4522986666666675,3.327349333333334,0.024451333333335157
35,1,0.9574003999999999,1.4846263999999998,3.316677000000002,0.020245599999995534
35,2,0.9568107999999997,1.5122758000000047,3.2837829999999997,0.013281400000003885
35,3,0.9564055000000001,1.5322154999999977,3.238960000000004,0.006503999999992516
35,4,0.9558197857142857,1.5644777857142849,3.1309965714285752,0.0012527857142856647
35,5,0.9553835714285714,1.5845105714285754,3.0461001428571226,0.0
35,6,0.9614679999999964,1.610591999999997,2.682741000000142,0.0
35,7,0.9737739999999988,1.6228979999999993,2.178195000000045,0.0
35,8,0.991024000000003,1.667073000000002,1.2651129999998787,0.0
35,9,1.0118369999999999,1.7111319999999992,0.1839000000000084,0.0
35,10,1.0329320000000024,1.7575220000000016,-0.972412000000098,0.0
35,11,1.0411032500000008,1.7917852499999987,-1.6041612500000184,0.007571750000003874
35,12,1.0419529999999995,1.815241999999998,-1.8944759999999548,0.018838999999992723
35,13,1.0438757499999998,1.8334857499999995,-2.184542749999988,0.029038750000001556
35,14,1.0438757499999998,1.8334857499999995,-2.184542749999988,0.0
36,0,0.9579556666666666,1.4522986666666675,3.327349333333334,0.020040666666663043
36,1,0.9574003999999999,1.4846263999999998,3.316677000000002,0.014154200000000117
36,2,0.9568107999999997,1.5122758000000047,3.2837829999999997,0.006604600000002847
36,3,0.9564055000000001,1.5322154999999977,3.238960000000004,0.0010984999999976708
36,4,0.9558197857142857,1.5644777857142849,3.1309965714285752,0.0
36,5,0.9616510000000034,1.5703090000000017,2.897747999999872,0.0
36,6,0.9738729999999975,1.6028169999999946,2.295216000000117,0.0
36,7,0.9909170000000032,1.6400060000000067,1.4584339999998406,0.0
36,8,1.0115509999999972,1.7105599999999939,0.1987720000001474,0.0
36,9,1.032455000000006,1.7321730000000102,-0.727099000000301,0.0
36,10,1.0403225000000003,1.7678965000000046,-1.3348245000000531,0.0076854999999937945
36,11,1.0411032500000008,1.7917852499999987,-1.6041612500000184,0.018951500000007115
36,12,1.0419529999999995,1.815241999999998,-1.8944759999999548,0.023989999999997735
36,13,1.0438757499999998,1.8334857499999995,-2.184542749999988,0.004357999999999862
37,0,0.9579556666666666,1.4522986666666675,3.327349333333334,0.014313000000004905
37,1,0.9574003999999999,1.4846263999999998,3.316677000000002,0.0077078000000057045
37,2,0.9568107999999997,1.5122758000000047,3.2837829999999997,0.0014198000000007482
37,3,0.9564055000000001,1.5322154999999977,3.238960000000004,0.0
37,4,0.9626620000000017,1.5703090000000017,2.8613519999999326,0.0
37,5,0.9739299999999957,1.6028169999999946,2.293164000000182,0.0
37,6,0.9908530000000013,1.619850999999997,1.5817319999999668,0.0
37,7,1.0112769999999998,1.6605810000000005,0.5814490000000063,0.0
37,8,1.032032000000001,1.7313270000000003,-0.7046800000000388,0.0
37,9,1.039576499999999,1.7420604999999971,-1.0724604999999343,0.007802500000003931
37,10,1.0403225000000003,1.7678965000000046,-1.3348245000000531,0.019074999999993736
37,11,1.0411032500000008,1.8109932500000046,-1.8154492500000856,0.024067250000008755
37,12,1.0419529999999995,1.8152419999999978,-1.8944759999999548,0.0
38,0,0.9579556666666666,1.4522986666666675,3.327349333333334,0.00788433333333316
38,1,0.9574003999999999,1.4846263999999998,3.316677000000002,0.002212399999997672
38,2,0.9568107999999997,1.5122758000000047,3.2837829999999997,0.0
38,3,0.9629599999999954,1.5384719999999987,2.977674000000178,0.0
38,4,0.9748459999999994,1.5815769999999958,2.3654720000000395,0.0
38,5,0.9907420000000045,1.6196290000000033,1.5870599999998163,0.0
38,6,1.0110620000000026,1.6403190000000052,0.7111909999998716,0.0
38,7,1.0315930000000009,1.7079159999999973,-0.5015880000000124,0.0
38,8,1.0388850000000005,1.7183550000000025,-0.8544650000000402,0.007908999999997945
38,9,1.039576499999999,1.7420604999999971,-1.0724604999999343,0.019201000000002466
38,10,1.0403225000000003,1.7678965000000046,-1.3348245000000531,0.02413649999999734
38,11,1.0411032500000008,1.7917852499999984,-1.6041612500000184,0.0
39,0,0.9579556666666666,1.4522986666666675,3.327349333333334,0.0022366666666719937
39,1,0.9574003999999999,1.4846263999999998,3.316677000000002,0.0
39,2,0.9624780000000044,1.5179430000000096,3.057094999999812,0.0
39,3,0.9747120000000038,1.5502240000000072,2.4958419999998327,0.0
39,4,0.9912369999999981,1.5974730000000008,1.6790300000000684,0.0
39,5,1.0108029999999957,1.6398009999999914,0.7238820000002093,0.0
39,6,1.0312350000000023,1.6805390000000031,-0.2967030000001074,0.0
39,7,1.0382079999999991,1.7149699999999957,-0.8023359999999311,0.008017999999992753
39,8,1.0388850000000005,1.7183550000000025,-0.8544650000000402,0.019320999999997923
39,9,1.039576499999999,1.7420604999999971,-1.0724604999999343,0.02421149999999983
39,10,1.0403225000000003,1.7678965000000044,-1.3348245000000496,0.0
40,0,0.9579556666666666,1.4522986666666675,3.327349333333334,0.0
40,1,0.9621010000000041,1.489327000000003,3.1286529999998365,0.0
40,2,0.9739000000000004,1.5298469999999966,2.587828999999992,0.0
40,3,0.9909589999999966,1.5666049999999956,1.8130660000001484,0.0
40,4,1.0108529999999973,1.6170389999999983,0.8357420000001099,0.0
40,5,1.030807000000003,1.6600640000000055,-0.15758900000014364,0.0
40,6,1.0376072499999989,1.6698672499999938,-0.4811902499999192,0.008126750000002403
40,7,1.0382079999999991,1.6902729999999992,-0.6294569999999595,0.019442999999995436
40,8,1.0388850000000005,1.7386030000000048,-1.0164490000000583,0.024285999999996477
40,9,1.039576499999999,1.7641664999999982,-1.2714144999999455,0.0
41,0,0.962890999999999,1.4564440000000047,3.1299360000000362,0.0
41,1,0.9735719999999972,1.5011749999999964,2.657965000000118,0.0
41,2,0.9900249999999957,1.5467839999999953,1.9089550000001836,0.0
41,3,1.0105940000000047,1.5865180000000052,0.967926999999797,0.0
41,4,1.030571000000002,1.636757000000003,-0.03185000000009097,0.0
41,5,1.0369635000000006,1.6666485000000026,-0.4367715000000363,0.008267500000002315
41,6,1.0376072499999989,1.6872692499999982,-0.5856022499999405,0.019557499999997674
41,7,1.0382079999999991,1.6902729999999992,-0.6294569999999595,0.024353000000004954
41,8,1.0388850000000005,1.7386030000000048,-1.0164490000000583,0.0
42,0,0.9745410000000021,1.467125000000003,2.6522859999999113,0.0
42,1,0.989882999999999,1.5178140000000013,1.9725750000000417,0.0
42,2,1.0095170000000024,1.5672100000000029,1.0689309999998926,0.0
42,3,1.0301819999999964,1.6063649999999896,0.10527800000018317,0.0
42,4,1.0363922500000005,1.6428142500000025,-0.2947502500000283,0.008323750000002406
42,5,1.0369635000000006,1.6456705000000031,-0.331881500000037,0.01966300000000132
42,6,1.0376072499999989,1.6872692499999982,-0.5856022499999405,0.024427249999995126
42,7,1.0382079999999991,1.7149699999999957,-0.8023359999999311,0.0
43,0,0.9907000000000039,1.4824669999999998,1.9736079999998353,0.0
43,1,1.0097159999999974,1.5375900000000016,1.1198130000001072,0.0
43,2,1.0291939999999968,1.5879639999999995,0.20098900000013487,0.0
43,3,1.0359132500000001,1.6124852499999989,-0.15379525000000172,0.008431749999999738
43,4,1.0363922500000005,1.6428142500000025,-0.2947502500000283,0.019786499999995044
43,5,1.0369635000000006,1.6666485000000026,-0.4367715000000363,0.02449349999999839
43,6,1.0376072499999989,1.6872692499999982,-0.5856022499999405,0.0
44,0,1.0100929999999977,1.5014829999999932,1.139709000000103,0.0
44,1,1.0297060000000045,1.557068000000001,0.24076499999980427,0.0
44,2,1.0352765000000002,1.5950345000000024,-0.07469950000001191,0.008272500000003902
44,3,1.0359132500000001,1.6124852499999989,-0.15379525000000172,0.019882500000001357
44,4,1.0363922500000005,1.6428142500000025,-0.2947502500000283,0.024559249999995814
44,5,1.0369635000000006,1.6456705000000031,-0.3318815000000388,0.0
45,0,1.0294799999999995,1.520869999999995,0.28668100000002283,0.0
45,1,1.0352525000000004,1.562614499999997,-0.008827500000011312,0.00873849999999976
45,2,1.0352765000000002,1.5950345000000024,-0.07469950000001191,0.019776000000000238
45,3,1.0359132500000001,1.6124852499999989,-0.15379525000000172,0.02462225000000018
45,4,1.0363922500000005,1.6428142500000025,-0.2947502500000283,0.0
46,0,1.034639499999999,1.5262554999999978,0.054503500000045335,0.008691499999997632
46,1,1.0352525000000004,1.5293205000000043,0.024466499999981295,0.020383999999992852
46,2,1.0352765000000002,1.5950345000000024,-0.07469950000001191,0.02458750000000265
46,3,1.0359132500000001,1.6124852499999989,-0.15379525000000172,0.0
47,0,1.034639499999999,1.5262554999999978,0.054503500000045335,0.020156999999997538
47,1,1.0352525000000004,1.562614499999997,-0.008827500000011312,0.024990499999994142
47,2,1.0352765000000002,1.5950345000000024,-0.07469950000001191,0.0
48,0,1.034639499999999,1.5262554999999978,0.054503500000045335,0.02477050000000247
48,1,1.0352525000000004,1.562614499999997,-0.008827500000011312,0.0
49,0,1.034639499999999,1.5262554999999978,0.054503500000045335,0.0
