0,0,-0.9757754999999992,0.5799010000000031,21.143976,0.0
0,1,-0.9757754999999992,0.5799010000000031,21.143976,0.0
0,2,-0.976188999999998,0.6498529999999967,21.074024000000005,0.0
0,3,-0.9768340000000002,0.7297630000000019,20.914203999999994,0.0
0,4,-0.9776209999999992,0.8115559999999995,20.668825000000002,0.0
0,5,-0.978505000000002,0.8949490000000004,20.335252999999998,0.0
0,6,-0.9795009999999991,0.9821939999999998,19.899028,0.0
0,7,-0.9806630000000034,1.0777880000000017,19.32546399999999,0.0
0,8,-0.9819479999999992,1.1818459999999966,18.597058000000025,0.0
0,9,-0.9834199999999989,1.277516000000002,17.83169799999998,0.0
0,10,-0.9850390000000004,1.3780460000000012,16.92692799999999,0.0
0,11,-0.9868070000000024,1.4794330000000002,15.913058,0.0
0,12,-0.988781000000003,1.5748630000000006,14.863327999999996,0.0
0,13,-0.990916999999996,1.6596679999999964,13.845668000000046,0.0
0,14,-0.993191000000003,1.7698940000000007,12.41272999999999,0.0
0,15,-0.9956200000000024,1.8679500000000004,11.039945999999993,0.0
0,16,-0.9981989999999996,1.9657440000000008,9.573035999999988,0.0
0,17,-1.0008690000000016,2.0703239999999994,7.899756000000011,0.0
0,18,-1.0037339999999944,2.1445579999999964,6.637778000000061,0.0
0,19,-1.006740999999998,2.2395330000000016,4.928227999999969,0.0
0,20,-1.0098920000000007,2.3314670000000035,3.1814819999999315,0.0
0,21,-1.0132030000000043,2.43074,1.1960219999999993,0.0
0,22,-1.0166319999999942,2.5299909999999954,-0.8882489999999024,0.0
0,23,-1.0202829999999992,2.6188509999999994,-2.843168999999989,0.0
0,24,-1.0239909999999952,2.7439880000000016,-5.721320000000041,0.0
0,25,-1.0279310000000024,2.8551750000000027,-8.389808000000066,0.0
0,26,-1.032164999999992,3.0551029999999955,-13.388007999999886,0.0
0,27,-1.036566999999991,3.285544999999999,-19.37949999999998,0.0
0,28,-1.0413970000000035,3.572991000000002,-27.140542000000053,0.0
0,29,-1.046607999999992,3.989998,-38.816738,0.0
0,30,-1.0524599999999964,4.595084999999997,-56.36426099999993,0.0
0,31,-1.0587310000000087,5.513031000000012,-83.90264100000037,0.0
0,32,-1.0660019999999975,6.772834999999986,-122.95656499999957,0.0
0,33,-1.0746160000000202,8.650009000000011,-183.02613300000036,0.0
0,34,-1.0863339999999653,11.630347999999998,-281.37731999999994,0.0
0,35,-1.1043240000000196,16.572502,-449.41055599999993,0.0
0,36,-1.1365509999999404,25.377105999999998,-757.571696,0.0
0,37,-1.1973570000000109,41.667328,-1344.0196879999999,0.0
0,38,-1.3128360000000612,70.77328499999999,-2420.9400969999997,0.0
0,39,-1.3128360000000612,120.55526700000001,-4312.655413,0.0
1,0,-0.9757754999999992,0.5799010000000031,21.143976,0.0006095000000012618
1,1,-0.9756150000000012,0.5802219999999991,21.143655000000003,0.0
1,2,-0.9756150000000012,0.6492789999999999,21.074598,0.0
1,3,-0.9746610000000011,0.7291179999999997,20.913966000000002,0.0
1,4,-0.9768340000000002,0.8107690000000005,20.671186,0.0
1,5,-0.9776209999999992,0.8940649999999977,20.33878900000001,0.0
1,6,-0.9725549999999998,0.9811980000000027,19.898057999999985,0.0
1,7,-0.9721360000000026,1.0766259999999974,19.32507100000002,0.0
1,8,-0.971898999999997,1.1805610000000009,18.59728899999999,0.0
1,9,-0.9819479999999992,1.2760440000000024,17.84347399999998,0.0
1,10,-0.9834199999999989,1.3764269999999996,16.941499000000004,0.0
1,11,-0.9726639999999982,1.4776649999999982,15.918363000000017,0.0
1,12,-0.9868070000000024,1.572889,14.885042000000002,0.0
1,13,-0.988781000000003,1.6575320000000033,13.871299999999962,0.0
1,14,-0.9759479999999954,1.7676199999999938,12.42732300000008,0.0
1,15,-0.993191000000003,1.865521000000001,11.073951999999984,0.0
1,16,-0.9956200000000024,1.9631650000000036,9.611720999999946,0.0
1,17,-0.9807969999999955,2.0676539999999974,7.925074000000038,0.0
1,18,-1.0008690000000016,2.1416930000000036,6.686482999999939,0.0
1,19,-0.9852180000000033,2.236525999999998,4.963838000000045,0.0
1,20,-0.987679,2.328316000000001,3.222288999999982,0.0
1,21,-0.9902839999999955,2.4274289999999965,1.2426340000000664,0.0
1,22,-1.0132030000000043,2.5265620000000055,-0.8162400000001142,0.0
1,23,-1.0166319999999942,2.6151999999999944,-2.76284699999988,0.0
1,24,-0.999130000000001,2.7402800000000056,-5.65718900000013,0.0
1,25,-1.002865,2.8512349999999955,-8.316373999999897,0.0
1,26,-1.0279310000000024,3.050869000000006,-13.282158000000145,0.0
1,27,-1.032164999999992,3.281143,-19.265048000000007,0.0
1,28,-1.036566999999991,3.5681609999999893,-27.010131999999714,0.0
1,29,-1.0165030000000002,3.9847870000000114,-38.695724000000325,0.0
1,30,-1.0190350000000024,4.589232999999993,-56.22212599999979,0.0
1,31,-1.0524600000000106,5.50676,-83.714511,0.0
1,32,-1.019440000000003,6.765563999999998,-122.77045499999993,0.0
1,33,-1.0174559999999957,8.641395000000003,-182.7990310000001,0.0
1,34,-1.0746160000000486,11.618629999999996,-280.99062599999985,0.0
1,35,-1.0863339999999084,16.554512000000017,-448.79889600000064,0.0
1,36,-1.0235440000000153,25.34487899999999,-756.5245309999997,0.0
1,37,-1.136551000000054,41.606521999999984,-1341.8306719999994,0.0
1,38,-1.0937809999999786,70.657806,-2416.7709499999996,0.0
2,0,-0.9757754999999992,0.5799010000000031,21.143976,0.0
2,1,-0.9754350000000009,0.5804019999999994,21.143295000000002,0.0
2,2,-0.9746610000000011,0.6500529999999998,21.072096000000002,0.0
2,3,-0.9738539999999993,0.7299250000000015,20.910737999999995,0.0
2,4,-0.9731200000000015,0.8115029999999983,20.66453600000001,0.0
2,5,-0.9725549999999998,0.8946299999999994,20.330898,0.0
2,6,-0.9721360000000026,0.981617,19.895125000000004,0.0
2,7,-0.971898999999997,1.076863000000003,19.323174999999974,0.0
2,8,-0.9716899999999988,1.180769999999999,18.595408000000006,0.0
2,9,-0.9716899999999988,1.2759210000000003,17.834199999999996,0.0
2,10,-0.9718130000000009,1.376093000000001,16.932897999999994,0.0
2,11,-0.9721469999999997,1.4771479999999997,15.923016000000004,0.0
2,12,-0.9726639999999982,1.5721109999999996,14.879457000000002,0.0
2,13,-0.8915019999999991,1.6562920000000005,13.706960999999993,0.0
2,14,-0.9746820000000014,1.7663539999999998,12.442515000000007,0.0
2,15,-0.8901219999999981,1.8640329999999992,10.905889000000009,0.0
2,16,-0.8900259999999989,1.9614479999999972,9.44447200000004,0.0
2,17,-0.9791530000000037,2.0660100000000057,7.949733999999914,0.0
2,18,-0.9807969999999955,2.1395489999999953,6.702859000000075,0.0
2,19,-0.9829410000000038,2.2342489999999984,5.002547000000035,0.0
2,20,-0.8933210000000003,2.3258550000000042,3.082792999999917,0.0
2,21,-0.987679,2.424824000000001,1.2921289999999814,0.0
2,22,-0.9902839999999955,2.5238039999999984,-0.781240999999973,0.0
2,23,-0.9930420000000026,2.612129000000003,-2.718875000000061,0.0
2,24,-0.996112999999994,2.7372629999999987,-5.590814999999978,0.0
2,25,-0.9026870000000002,2.8474999999999966,-8.423354999999916,0.0
2,26,-0.9047739999999962,3.0475390000000004,-13.42015600000002,0.0
2,27,-1.009567000000004,3.281143,-19.287645999999995,0.0
2,28,-1.0131609999999966,3.5681609999999893,-27.03353799999971,0.0
2,29,-0.9073099999999954,3.981445000000008,-38.81719200000023,0.0
2,30,-1.0165030000000002,4.586700999999991,-56.15122999999973,0.0
2,31,-1.0190350000000024,5.506354999999999,-83.73578599999999,0.0
2,32,-0.8922879999999935,6.767548000000005,-123.08626300000017,0.0
2,33,-1.0124199999999917,8.646431000000007,-182.97025500000024,0.0
2,34,-1.0056989999999928,11.625350999999995,-281.28805699999987,0.0
2,35,-1.004349000000019,16.55586199999999,-448.9281309999997,0.0
2,36,-0.7736060000000009,25.325683999999995,-756.3333869999999,0.0
2,37,-0.7736060000000009,41.53628500000002,-1339.915023000001,0.0
3,0,-0.9257379999999991,0.5804019999999994,21.043900999999998,0.0
3,1,-0.9221019999999989,0.5840379999999996,21.032992999999998,0.0
3,2,-0.9187219999999989,0.6534329999999997,20.953457999999998,0.0
3,3,-0.9151249999999997,0.7335220000000007,20.782488999999998,0.0
3,4,-0.911605999999999,0.815021999999999,20.527432,0.0
3,5,-0.9082329999999992,0.8980029999999992,20.185389,0.0
3,6,-0.9050959999999968,0.9847540000000023,19.742222999999978,0.0
3,7,-0.9022370000000031,1.0797219999999967,19.16383800000003,0.0
3,8,-0.8991959999999999,1.1838110000000022,18.426091999999983,0.0
3,9,-0.896803000000002,1.2783139999999982,17.66288900000002,0.0
3,10,-0.7904470000000003,1.3781680000000023,16.44513499999998,0.0
3,11,-0.7851710000000018,1.4789589999999997,15.42139700000001,0.0
3,12,-0.7802360000000022,1.573526000000001,14.366354999999995,0.0
3,13,-0.8907200000000017,1.657073999999998,13.695231000000032,0.0
3,14,-0.8901219999999981,1.7669520000000034,12.26502299999995,0.0
3,15,-0.8898810000000026,1.8642739999999947,10.901792000000086,0.0
3,16,-0.8898810000000026,1.961303000000001,9.446356999999992,0.0
3,17,-0.8900259999999989,2.065853000000004,7.773991999999929,0.0
3,18,-0.8901830000000004,2.1386679999999956,6.536608000000079,0.0
3,19,-0.7629960000000011,2.233246000000001,4.452642999999981,0.0
3,20,-0.8920669999999973,2.3246010000000012,3.1041109999999676,0.0
3,21,-0.8933210000000003,2.4233929999999972,1.1320330000000567,0.0
3,22,-0.894752000000004,2.522217000000005,-0.9389780000000911,0.0
3,23,-0.8963389999999976,2.609859,-2.862341000000008,0.0
3,24,-0.7640150000000006,2.735583999999996,-6.150987999999899,0.0
3,25,-0.9002880000000033,2.8451009999999997,-8.370576999999983,0.0
3,26,-0.9026870000000002,3.0454520000000045,-13.372155000000113,0.0
3,27,-0.9047739999999962,3.276492999999995,-19.372959999999885,0.0
3,28,-0.7630999999999943,3.563309000000004,-27.542014000000123,0.0
3,29,-0.9068749999999994,3.981880000000004,-38.83067700000011,0.0
3,30,-0.7548910000000006,4.590553,-56.93814599999999,0.0
3,31,-0.7411420000000106,5.517089999999996,-84.77550299999984,0.0
3,32,-0.8719490000000008,6.787886999999998,-123.77778899999993,0.0
3,33,-0.8405690000000021,8.677811000000005,-184.34949700000016,0.0
3,34,-0.8010490000000061,11.66487099999999,-283.04103699999973,0.0
3,35,-0.5234449999999953,16.589775000000003,-451.32058500000005,0.0
3,36,-0.7671359999999936,25.319213999999988,-756.1198769999996,0.0
4,0,-0.8523860000000028,0.5840379999999996,20.82384500000001,0.0
4,1,-0.8450540000000011,0.5913700000000013,20.794517000000003,0.0
4,2,-0.8381019999999992,0.6603850000000016,20.697693999999995,0.0
4,3,-0.830686,0.7409379999999999,20.506924,0.0
4,4,-0.8233469999999983,0.8223610000000008,20.23329899999999,0.0
4,5,-0.8161869999999993,0.9051629999999982,19.873451000000006,0.0
4,6,-0.8093720000000033,0.9915689999999984,19.41416100000002,0.0
4,7,-0.8029939999999982,1.0861000000000018,18.82146299999998,0.0
4,8,-0.7962039999999995,1.190601000000001,18.06279599999999,0.0
4,9,-0.7904470000000003,1.2840709999999973,17.292008000000024,0.0
4,10,-0.6668639999999968,1.3834440000000008,15.903318999999978,0.0
4,11,-0.7802360000000022,1.4838939999999994,15.352307000000014,0.0
4,12,-0.7759230000000024,1.5778390000000009,14.301659999999998,0.0
4,13,-0.7720909999999996,1.6609060000000007,13.28952799999999,0.0
4,14,-0.7690620000000052,1.7699809999999978,11.85943700000005,0.0
4,15,-0.76661,1.8667259999999999,10.495199,0.0
4,16,-0.7646939999999987,1.9632190000000023,9.040139999999958,0.0
4,17,-0.7636450000000039,2.066901999999999,7.377016000000033,0.0
4,18,-0.7629960000000011,2.1393169999999984,6.143365000000031,0.0
4,19,-0.7624780000000015,2.2337640000000007,4.44124699999999,0.0
4,20,-0.762311000000004,2.324767999999999,2.711503000000036,0.0
4,21,-0.613391,2.423340000000003,0.14438299999993376,0.0
4,22,-0.762363999999998,2.522038000000002,-1.3323830000000498,0.0
4,23,-0.7625430000000009,2.608485999999999,-3.233522999999977,0.0
4,24,-0.6120069999999984,2.735484999999997,-6.7566439999999375,0.0
4,25,-0.610672000000001,2.8449170000000024,-9.388352000000062,0.0
4,26,-0.7641989999999979,3.0450409999999977,-13.77734399999995,0.0
4,27,-0.7630999999999943,3.2780030000000053,-19.838752000000156,0.0
4,28,-0.7610480000000024,3.565360999999996,-27.605625999999873,0.0
4,29,-0.7548910000000006,3.9880370000000056,-39.465182000000155,0.0
4,30,-0.5823440000000062,4.60430199999999,-58.02705499999968,0.0
4,31,-0.7148970000000077,5.543334999999999,-85.66783299999993,0.0
4,32,-0.6683570000000003,6.834427000000005,-125.87784500000015,0.0
4,33,-0.6023860000000099,8.743781999999996,-187.24108899999982,0.0
4,34,-0.2257759999999962,11.849968000000004,-291.3578230000001,0.0
4,35,-0.46152499999999463,16.651695000000004,-453.6735450000002,0.0
5,0,-0.7656079999999967,0.5913700000000013,20.476732999999985,0.0
5,1,-0.7540779999999998,0.6028999999999982,20.419083,0.0
5,2,-0.7429070000000024,0.6715559999999989,20.294572000000013,0.0
5,3,-0.7311940000000021,0.7526510000000002,20.07381700000001,0.0
5,4,-0.7195250000000009,0.834030000000002,19.771334999999997,0.0
5,5,-0.7081279999999985,0.9165600000000005,19.38422999999999,0.0
5,6,-0.6972329999999971,1.0024639999999998,18.900234999999988,0.0
5,7,-0.686985,1.096347999999999,18.285691000000007,0.0
5,8,-0.6763019999999997,1.2012840000000011,17.49772399999999,0.0
5,9,-0.5511150000000029,1.2935090000000002,16.133989000000014,0.0
5,10,-0.6581440000000001,1.3921639999999975,15.781239000000024,0.0
5,11,-0.6498309999999989,1.4922070000000005,14.739243999999989,0.0
5,12,-0.6424669999999999,1.585203,13.679468,0.0
5,13,-0.6351240000000011,1.6682489999999994,12.646201000000012,0.0
5,14,-0.6296079999999975,1.7754970000000014,11.224396999999968,0.0
5,15,-0.6248590000000007,1.8714749999999967,9.85696000000005,0.0
5,16,-0.620941000000002,1.967137000000001,8.402439999999991,0.0
5,17,-0.6189150000000012,2.0689279999999997,6.76365400000001,0.0
5,18,-0.6169169999999937,2.141315000000006,5.523084999999867,0.0
5,19,-0.614882999999999,2.2357979999999955,3.812221000000079,0.0
5,20,-0.613391,2.3262599999999978,2.0859830000000414,0.0
5,21,-0.6121979999999994,2.424533000000004,0.11455799999991712,0.0
5,22,-0.6111410000000035,2.523094999999998,-1.9605289999999371,0.0
5,23,-0.4583860000000044,2.6076200000000043,-4.583854000000073,0.0
5,24,-0.610672000000001,2.7368199999999945,-6.794023999999865,0.0
5,25,-0.45579099999999784,2.847454000000006,-10.223645000000154,0.0
5,26,-0.6068539999999985,3.0463219999999964,-14.440029999999915,0.0
5,27,-0.4487609999999975,3.282599999999995,-21.373722999999877,0.0
5,28,-0.5960919999999987,3.5715260000000058,-28.438070000000167,0.0
5,29,-0.4291759999999982,4.001784999999998,-41.319901999999956,0.0
5,30,-0.5552829999999886,4.6313630000000074,-58.947129000000274,0.0
5,31,-0.5099409999999978,5.58867699999999,-87.8932589999997,0.0
5,32,-0.2942199999999957,6.9112010000000055,-129.9701080000002,0.0
5,33,-0.1883009999999956,8.845016999999999,-192.38181499999996,0.0
5,34,-0.2257759999999962,11.849968000000004,-291.3578230000001,0.0
6,0,-0.6736960000000014,0.6028999999999982,20.017173000000007,0.0
6,1,-0.6578750000000007,0.6187209999999972,19.922247000000006,0.0
6,2,-0.6419959999999989,0.6874350000000007,19.758258999999992,0.0
6,3,-0.6258920000000003,0.7687549999999987,19.498995000000004,0.0
6,4,-0.6098700000000008,0.8500520000000016,19.158972,0.0
6,5,-0.5942059999999998,0.9322240000000015,18.736299999999993,0.0
6,6,-0.5792430000000017,1.0174269999999979,18.220507000000023,0.0
6,7,-0.5651930000000007,1.110398,17.578381000000004,0.0
6,8,-0.5511150000000029,1.215361999999999,16.759165000000024,0.0
6,9,-0.5381280000000004,1.3064960000000028,15.952170999999979,0.0
6,10,-0.5260320000000007,1.4042599999999972,14.999719000000031,0.0
6,11,-0.5144239999999982,1.503815000000003,13.934520999999958,0.0
6,12,-0.5041089999999997,1.5955179999999984,12.863898000000017,0.0
6,13,-0.49377299999999735,1.6785850000000018,11.805077999999963,0.0
6,14,-0.48595000000000255,1.7833199999999962,10.396585000000066,0.0
6,15,-0.479182999999999,1.8782420000000002,9.02707499999999,0.0
6,16,-0.4734499999999997,1.9728700000000003,7.573256999999991,0.0
6,17,-0.4704939999999951,2.0718840000000043,5.9712969999999,0.0
6,18,-0.4674530000000061,2.144355999999995,4.721027000000127,0.0
6,19,-0.4642940000000024,2.238956999999999,2.9992550000000264,0.0
6,20,-0.46176599999999723,2.328788000000003,1.2772979999999237,0.0
6,21,-0.45963199999999915,2.426667000000002,-0.6930860000000436,0.0
6,22,-0.3110509999999991,2.525019999999998,-3.6499849999999583,0.0
6,23,-0.30876500000000107,2.606940999999999,-5.465962999999974,0.0
6,24,-0.30876500000000107,2.739415000000001,-8.51286500000002,0.0
6,25,-0.3052029999999988,2.851768,-11.230708999999997,0.0
6,26,-0.4487609999999975,3.049038000000003,-15.301111000000091,0.0
6,27,-0.44061999999999557,3.290740999999997,-21.634234999999947,0.0
6,28,-0.2838210000000032,3.582970000000003,-30.465212000000065,0.0
6,29,-0.4054179999999974,4.025542999999999,-42.127673999999985,0.0
6,30,-0.36222100000000523,4.67456,-61.208348999999956,0.0
6,31,-0.2942199999999957,5.656677999999999,-91.07989500000001,0.0
6,32,-0.1883009999999956,7.017120000000006,-133.88911100000018,0.0
6,33,-0.06637600000000532,8.966941999999989,-197.0149649999996,0.0
7,0,-0.5801909999999992,0.6187209999999972,19.456142999999997,0.0
7,1,-0.5601090000000006,0.6388029999999993,19.315569000000004,0.0
7,2,-0.539517,0.7080270000000013,19.102200999999997,0.0
7,3,-0.5191669999999995,0.7891049999999993,18.797594999999998,0.0
7,4,-0.49888500000000136,0.8703339999999997,18.41193400000001,0.0
7,5,-0.47911700000000224,0.9519920000000006,17.946926000000012,0.0
7,6,-0.46034999999999826,1.0361940000000018,17.394546999999978,0.0
7,7,-0.4427400000000006,1.1280079999999977,16.72039300000002,0.0
7,8,-0.4257889999999982,1.2323130000000013,15.871600999999977,0.0
7,9,-0.40948900000000066,1.3227960000000003,15.033637000000002,0.0
7,10,-0.39435499999999735,1.4193940000000005,14.058316999999978,0.0
7,11,-0.37972600000000156,1.5184439999999988,12.965414000000024,0.0
7,12,-0.3667349999999985,1.6085090000000015,11.883761999999972,0.0
7,13,-0.3540670000000006,1.6912529999999997,10.80215800000001,0.0
7,14,-0.3442919999999958,1.793095000000001,9.409786999999959,0.0
7,15,-0.335803999999996,1.88673,8.039480999999974,0.0
7,16,-0.3286319999999989,1.9800419999999974,6.589597000000033,0.0
7,17,-0.3245240000000038,2.0759919999999994,5.025641000000036,0.0
7,18,-0.3208500000000001,2.1480299999999986,3.775277000000024,0.0
7,19,-0.3168679999999995,2.242939,2.0390409999999974,0.0
7,20,-0.31372799999999756,2.331928000000005,0.32626999999988726,0.0
7,21,-0.17035700000000276,2.4293440000000004,-2.6256469999999865,0.0
7,22,-0.16737000000000535,2.527518999999998,-4.70823099999992,0.0
7,23,-0.16459600000000307,2.606727999999997,-6.470246999999908,0.0
7,24,-0.16357,2.7429770000000033,-9.61115600000008,0.0
7,25,-0.15913400000000166,2.8570059999999984,-12.378903999999949,0.0
7,26,-0.15336200000000133,3.0534290000000013,-17.329883000000024,0.0
7,27,-0.14662899999999723,3.302493999999996,-23.85270399999991,0.0
7,28,-0.13095899999999006,3.601500999999999,-32.035583000000045,0.0
7,29,-0.10272199999999998,4.061813999999998,-45.122005999999956,0.0
7,30,-0.051337999999987005,4.736587,-65.0501110000001,0.0
7,31,-0.07620300000000668,5.747467,-95.20245599999997,0.0
7,32,0.04598199999999508,7.139305000000007,-139.2047290000002,0.0
8,0,-0.4857090000000017,0.6388029999999993,18.794769000000013,0.0
8,1,-0.46158399999999844,0.6629280000000008,18.601768999999987,0.0
8,2,-0.4365939999999995,0.7330170000000003,18.331759999999996,0.0
8,3,-0.4122179999999993,0.8134809999999995,17.975823999999996,0.0
8,4,-0.38796199999999814,0.8945900000000009,17.538448999999982,0.0
8,5,-0.3643660000000004,0.9755879999999983,17.02568900000001,0.0
8,6,-0.34206600000000265,1.0584939999999996,16.432759000000022,0.0
8,7,-0.3212319999999984,1.148842000000002,15.723998999999974,0.0
8,8,-0.30152100000000104,1.2520239999999987,14.844037000000018,0.0
8,9,-0.2822630000000004,1.342054000000001,13.969732999999994,0.0
8,10,-0.2644030000000015,1.4372539999999994,12.970053000000018,0.0
8,11,-0.24707099999999826,1.535776000000002,11.846176999999965,0.0
8,12,-0.23166700000000162,1.6239129999999982,10.753438000000035,0.0
8,13,-0.21733599999999953,1.7055840000000018,9.658737999999975,0.0
8,14,-0.20592700000000264,1.8045039999999979,8.28150600000005,0.0
8,15,-0.1960639999999998,1.8965930000000029,6.913355999999958,0.0
8,16,-0.18774400000000213,1.988361999999995,5.470261000000093,0.0
8,17,-0.18243700000000018,2.0812990000000013,3.9408129999999773,0.0
8,18,-0.17835999999999785,2.152107000000001,2.7044609999999665,0.0
8,19,-0.17387399999999786,2.247425,0.9528489999999863,0.0
8,20,-0.17035700000000276,2.335445,-0.7476669999999785,0.0
8,21,-0.031230999999998232,2.432330999999998,-3.798394999999971,0.0
8,22,-0.02815599999999563,2.5302930000000003,-5.880197000000045,0.0
8,23,-0.025222999999996887,2.607754,-7.607803000000025,0.0
8,24,-0.15913400000000166,2.7474130000000017,-9.748672000000028,0.0
8,25,-0.017811000000001798,2.8627779999999987,-13.648015999999949,0.0
8,26,-0.01099800000000073,3.0601620000000054,-18.63712000000013,0.0
8,27,-0.0005730000000028213,3.318164000000003,-25.42857200000006,0.0
8,28,0.020728999999988673,3.629737999999989,-34.01148599999961,0.0
8,29,-0.051337999999987005,4.113198000000011,-46.97183000000042,0.0
8,30,0.12876799999999378,4.8171839999999975,-68.82827199999987,0.0
8,31,0.13292700000000934,5.851134999999999,-99.88007400000005,0.0
9,0,-0.39025599999999905,0.6629280000000008,18.03114499999999,0.0
9,1,-0.3623119999999993,0.6908720000000024,17.779648999999992,0.0
9,2,-0.3334450000000011,0.7618839999999985,17.448834000000012,0.0
9,3,-0.30535400000000124,0.8415719999999993,17.03663900000001,0.0
9,4,-0.27739500000000206,0.9225490000000001,16.542077000000017,0.0
9,5,-0.25036599999999964,1.0026170000000008,15.978543999999992,0.0
9,6,-0.22496199999999789,1.0838980000000014,15.343502999999973,0.0
9,7,-0.20103399999999993,1.1727699999999999,14.594919,0.0
9,8,-0.1785679999999985,1.2744900000000001,13.680684999999986,0.0
9,9,-0.15666699999999878,1.3639550000000007,12.767855999999984,0.0
9,10,-0.13642499999999913,1.457495999999999,11.743809000000002,0.0
9,11,-0.1170100000000005,1.5551910000000007,10.592123999999998,0.0
9,12,-0.09947400000000073,1.641448999999998,9.48546200000003,0.0
9,13,-0.08382600000000195,1.7212320000000005,8.38723400000001,0.0
9,14,-0.07107699999999895,1.817253000000001,7.024219999999978,0.0
9,15,-0.06010000000000559,1.9075699999999962,5.660989000000104,0.0
9,16,-0.0508959999999945,1.9975660000000062,4.228212999999855,0.0
9,17,-0.04450299999999885,2.087691999999997,2.7286600000000405,0.0
9,18,-0.0398750000000021,2.1567349999999976,1.513277000000059,0.0
9,19,-0.034965999999997166,2.2523340000000047,-0.2516860000001131,0.0
9,20,-0.031230999999998232,2.339179999999999,-1.9353749999999934,0.0
9,21,-0.02815599999999563,2.4354060000000004,-3.8875700000000464,0.0
9,22,-0.025222999999996887,2.533225999999999,-5.9681870000000075,0.0
9,23,-0.022659999999994795,2.610317000000002,-7.68725600000009,0.0
9,24,-0.017811000000001798,2.7522619999999947,-10.995631999999858,0.0
9,25,-0.01099800000000073,2.869591,-13.872844999999991,0.0
9,26,-0.0005730000000028213,3.0705870000000033,-18.99157000000006,0.0
9,27,0.020728999999988673,3.3394659999999945,-26.17414199999976,0.0
9,28,0.061798000000010234,3.6708070000000106,-35.48997000000038,0.0
9,29,0.2280579999999901,4.180167999999995,-51.24841799999976,0.0
9,30,0.21820799999998997,4.906623999999994,-72.22699199999973,0.0
10,0,-0.2943289999999994,0.6908719999999988,17.167801999999995,0.0
10,1,-0.26286900000000024,0.7618839999999985,16.813650000000003,0.0
10,2,-0.23061199999999893,0.8415719999999993,16.36396099999999,0.0
10,3,-0.19915699999999958,0.8730269999999987,15.986500999999999,0.0
10,4,-0.16782399999999953,0.9538820000000001,15.430605999999994,0.0
10,5,-0.13770299999999835,1.032738000000002,14.813971999999975,0.0
10,6,-0.1095940000000013,1.1120069999999984,14.136537000000022,0.0
10,7,-0.08254799999999918,1.199816000000002,13.33922299999998,0.0
10,8,-0.05751599999999968,1.2995219999999996,12.390961,0.0
10,9,-0.03333700000000306,1.3881339999999973,11.440275000000053,0.0
10,10,-0.011053000000000424,1.4797800000000016,10.392620999999988,0.0
10,11,0.009624999999999773,1.5758690000000009,9.224950999999994,0.0
10,12,0.02895600000000087,1.660779999999999,8.097620000000003,0.0
10,13,0.04568800000000195,1.7379640000000016,7.004091999999961,0.0
10,14,0.05956099999999864,1.8311259999999976,5.654256000000046,0.0
10,15,0.07139200000000301,1.9194010000000006,4.300095999999961,0.0
10,16,0.08134099999999478,2.007514999999998,2.8788960000000827,0.0
10,17,0.08858899999999892,2.094940000000001,1.4076159999999902,0.0
10,18,0.09453900000000459,2.1626850000000033,0.19645099999989668,0.0
10,19,0.09967799999999727,2.2574729999999974,-1.5611229999999239,0.0
10,20,0.10353500000000082,2.3430370000000025,-3.225409000000056,0.0
10,21,0.10669299999999993,2.4385639999999995,-5.167528999999988,0.0
10,22,0.109733999999996,2.536266999999995,-7.249701999999857,0.0
10,23,0.11361300000000085,2.614196000000007,-9.002930000000163,0.0
10,24,0.24331299999999345,2.756915999999997,-13.582489999999858,0.0
10,25,0.24823800000000062,2.8785179999999997,-16.550188,0.0
10,26,0.2609169999999992,3.0865360000000024,-21.87742800000005,0.0
10,27,0.172820999999999,3.3691439999999915,-28.344275999999766,0.0
10,28,0.32400600000001134,3.7260440000000017,-39.492426000000165,0.0
10,29,0.3847510000000085,4.254181000000003,-54.887712000000164,0.0
11,0,-0.19871000000000016,0.7223320000000015,16.211612000000002,0.0
11,1,-0.16410199999999975,0.7941409999999998,15.793722999999998,0.0
11,2,-0.12888900000000092,0.8730269999999987,15.283821000000012,0.0
11,3,-0.09452699999999936,0.9073890000000002,14.837114999999992,0.0
11,4,-0.06024899999999889,0.9881600000000006,14.217743999999986,0.0
11,5,-0.027499000000002383,1.0654879999999984,13.548182000000033,0.0
11,6,0.0030570000000018638,1.1425630000000027,12.826690999999965,0.0
11,7,0.03293599999999941,1.2296949999999995,11.97523000000001,0.0
11,8,0.06021699999999797,1.3268029999999982,10.995383000000036,0.0
11,9,0.08630600000000044,1.4142229999999998,10.009043999999996,0.0
11,10,0.11029600000000173,1.503770000000003,8.939230999999953,0.0
11,11,0.13163899999999984,1.597211999999999,7.770038000000014,0.0
11,12,0.15220599999999962,1.6813469999999988,6.618316000000018,0.0
11,13,0.16980599999999768,1.7555639999999997,5.534112000000029,0.0
11,14,0.18451800000000418,1.845838000000004,4.1987179999999,0.0
11,15,0.19709000000000287,1.9319729999999993,2.8545359999999818,0.0
11,16,0.20754600000000067,2.0179709999999957,1.449550000000059,0.0
11,17,0.2154730000000029,2.1028670000000034,0.00401699999991223,0.0
11,18,0.2228279999999998,2.17004,-1.2188289999999995,0.0
11,19,0.22815700000000305,2.2628020000000006,-2.9471640000000434,0.0
11,20,0.23207899999999881,2.3469589999999982,-4.589288999999951,0.0
11,21,0.2352679999999978,2.4417529999999985,-6.520247999999945,0.0
11,22,0.23854800000000154,2.539546999999999,-8.610001999999994,0.0
11,23,0.24331299999999345,2.6189609999999988,-10.409524999999903,0.0
11,24,0.24823800000000062,2.761841000000004,-13.749940000000102,0.0
11,25,0.2609169999999992,2.8911969999999982,-16.993952999999955,0.0
11,26,0.2842599999999962,3.1098789999999994,-22.717775999999944,0.0
11,27,0.419903000000005,3.4088900000000066,-31.984135000000222,0.0
11,28,0.4629889999999932,3.786788999999999,-42.66135399999989,0.0
12,0,-0.10477800000000137,0.7569400000000002,15.178360000000016,0.0
12,1,-0.06750000000000078,0.8293539999999986,14.69588800000001,0.0
12,2,-0.02984799999999943,0.9073890000000002,14.125645999999993,0.0
12,3,0.0069179999999988695,0.9881600000000006,13.47890700000001,0.0
12,4,0.0435939999999988,1.0654879999999984,12.76615900000002,0.0
12,5,0.07845700000000022,1.1003509999999999,12.208350999999997,0.0
12,6,0.11133799999999994,1.1754440000000024,11.438313999999988,0.0
12,7,0.14340199999999825,1.2617589999999979,10.535656000000035,0.0
12,8,0.17245700000000141,1.3558580000000013,9.528302999999973,0.0
12,9,0.19998500000000163,1.441751,8.51082299999998,0.0
12,10,0.2252510000000001,1.5290360000000014,7.422065999999987,0.0
12,11,0.24712999999999852,1.6190909999999974,6.258968000000046,0.0
12,12,0.26801100000000133,1.7022280000000016,5.093888999999965,0.0
12,13,0.28618200000000016,1.7737349999999985,4.017753000000017,0.0
12,14,0.3014569999999992,1.8611130000000031,2.6985389999999683,0.0
12,15,0.3144489999999962,1.9449649999999963,1.3687070000001,0.0
12,16,0.32524500000000245,2.028767000000002,-0.01787500000006048,0.0
12,17,0.333556999999999,2.111179,-1.436210999999986,0.0
12,18,0.3418889999999948,2.178371999999996,-2.6784759999998684,0.0
12,19,0.3472450000000009,2.268158000000007,-4.358896000000136,0.0
12,20,0.351073999999997,2.3507879999999943,-5.974813999999853,0.0
12,21,0.3541980000000038,2.4448770000000053,-7.894082000000154,0.0
12,22,0.3579599999999985,2.5433089999999936,-10.006297999999845,0.0
12,23,0.36367100000000363,2.624672000000004,-11.864816000000133,0.0
12,24,0.37040299999999604,2.7685729999999964,-15.25532299999987,0.0
12,25,0.38842000000000354,2.9092140000000057,-18.846911000000183,0.0
12,26,0.419903000000005,3.141362000000001,-25.02840700000008,0.0
12,27,0.4629889999999932,3.451975999999995,-33.62140299999977,0.0
13,0,-0.013739999999998531,0.7942180000000008,14.085903999999982,0.0
13,1,0.02568499999999929,0.8670059999999999,13.540016000000008,0.0
13,2,0.0652980000000003,0.9441549999999985,12.910362,0.0
13,3,0.10389600000000243,0.9827530000000007,12.331391999999967,0.0
13,4,0.14221799999999973,1.1003509999999999,11.443219000000003,0.0
13,5,0.17858500000000177,1.136718000000002,10.824979999999968,0.0
13,6,0.2133660000000006,1.2102250000000012,10.005291999999987,0.0
13,7,0.24673300000000253,1.2951259999999998,9.06211499999997,0.0
13,8,0.27690099999999873,1.3860259999999975,8.033631000000035,0.0
13,9,0.30533399999999844,1.4701839999999997,6.990738000000022,0.0
13,10,0.33134199999999936,1.5550440000000023,5.888893999999986,0.0
13,11,0.3536740000000016,1.6414229999999996,4.734787999999984,0.0
13,12,0.37421999999999755,1.7227739999999976,3.572829000000059,0.0
13,13,0.39264299999999963,1.7921580000000006,2.500721999999996,0.0
13,14,0.40817999999999444,1.876649999999998,1.2003450000000981,0.0
13,15,0.4213450000000023,1.9581300000000041,-0.1115200000000911,0.0
13,16,0.43225499999999784,2.0396769999999975,-1.4765549999999337,0.0
13,17,0.44067799999999835,2.1196020000000004,-2.864853999999987,0.0
13,18,0.4491690000000048,2.1868630000000024,-4.118674000000105,0.0
13,19,0.45429599999999937,2.2732850000000013,-5.740921000000014,0.0
13,20,0.4579050000000038,2.3543969999999987,-7.3289660000000225,0.0
13,21,0.5512689999999978,2.4479399999999956,-10.413557999999881,0.0
13,22,0.4654920000000047,2.5478330000000042,-11.396210000000153,0.0
13,23,0.472766,2.6319459999999992,-13.341257999999982,0.0
13,24,0.48329200000000583,2.779099000000002,-16.862615000000126,0.0
13,25,0.507244,2.933166,-20.871598999999996,0.0
13,26,0.5398589999999999,3.1739770000000007,-27.315869000000014,0.0
14,0,0.07357499999999995,0.8336429999999986,12.950809000000001,0.0
14,1,0.1145770000000006,0.906619000000001,12.34480699999999,0.0
14,2,0.15564999999999962,0.9827530000000007,11.658590000000004,0.0
14,3,0.19543399999999878,1.0225369999999998,11.022046000000017,0.0
14,4,0.2344280000000012,1.136718000000002,10.099020999999976,0.0
14,5,0.27166599999999974,1.1739560000000004,9.428737000000002,0.0
14,6,0.3075399999999995,1.246099000000001,8.565786000000003,0.0
14,7,0.3413769999999978,1.3289629999999981,7.594884000000043,0.0
14,8,0.3720239999999997,1.4166729999999994,6.551856000000008,0.0
14,9,0.40079700000000074,1.4989570000000008,5.490761999999982,0.0
14,10,0.42706099999999836,1.581308,4.381907000000023,0.0
14,11,0.4496210000000005,1.6639830000000018,3.239316999999975,0.0
14,12,0.46966200000000313,1.7428150000000002,2.091590999999955,0.0
14,13,0.48798200000000236,1.8104779999999998,1.0231549999999707,0.0
14,14,0.5034410000000022,1.8921089999999978,-0.25447400000000187,0.0
14,15,0.5164720000000003,1.9711610000000022,-1.5436360000000349,0.0
14,16,0.5271450000000044,2.0503500000000017,-2.8808930000000856,0.0
14,17,0.5353890000000021,2.127845999999998,-4.236244999999997,0.0
14,18,0.5433230000000009,2.194797000000001,-5.485488000000032,0.0
14,19,0.5480149999999995,2.277977,-7.048415999999989,0.0
14,20,0.5512689999999978,2.357650999999997,-8.607777999999911,0.0
14,21,0.5544550000000044,2.451126000000002,-10.521882000000105,0.0
14,22,0.5604399999999998,2.5538179999999997,-12.76220399999999,0.0
14,23,0.5701600000000013,2.6416660000000007,-14.830940000000034,0.0
14,24,0.585369,2.794308000000001,-18.55463200000002,0.0
14,25,0.6086740000000006,2.9564710000000005,-22.77281400000001,0.0
15,0,0.15646199999999943,0.8746449999999992,11.790391000000009,0.0
15,1,0.19846300000000028,0.947692,11.129329999999996,0.0
15,2,0.24039300000000097,1.0225369999999998,10.392619999999987,0.0
15,3,0.280775000000002,1.0629190000000008,9.70612599999997,0.0
15,4,0.31965800000000044,1.1739560000000004,8.756848999999992,0.0
15,5,0.3571549999999988,1.2114529999999988,8.044406000000023,0.0
15,6,0.3931830000000005,1.2821270000000027,7.150615999999978,0.0
15,7,0.4268129999999992,1.3625929999999968,6.163370000000032,0.0
15,8,0.4573859999999996,1.4472459999999998,5.1122040000000055,0.0
15,9,0.4859490000000015,1.5275200000000027,4.041566999999954,0.0
15,10,0.511965,1.6073239999999984,2.933091000000015,0.0
15,11,0.5344219999999993,1.686440000000001,1.8050759999999997,0.0
15,12,0.5539949999999969,1.7623879999999978,0.6760530000000706,0.0
15,13,0.5718589999999999,1.8283420000000028,-0.38335500000003364,0.0
15,14,0.5868910000000014,1.9071409999999993,-1.6332220000000106,0.0
15,15,0.599457000000001,1.9837270000000018,-2.89391600000004,0.0
15,16,0.6096569999999986,2.060549999999999,-4.199260999999964,0.0
15,17,0.6173859999999962,2.135574999999996,-5.515595999999874,0.0
15,18,0.6244399999999999,2.201851000000005,-6.748098000000084,0.0
15,19,0.628547999999995,2.282084999999995,-8.253929999999833,0.0
15,20,0.6315390000000036,2.3606420000000057,-9.791378000000165,0.0
15,21,0.6351629999999986,2.454749999999997,-11.727897999999918,0.0
15,22,0.6433680000000024,2.5620230000000035,-14.103706000000109,0.0
15,23,0.6559179999999998,2.654215999999998,-16.320201999999952,0.0
15,24,0.669632,2.808022000000001,-20.063450000000024,0.0
16,0,0.23437900000000056,0.9166460000000001,10.621635999999992,0.0
16,1,0.276783,0.9590499999999995,9.943172,0.0
16,2,0.31901900000000083,1.0629190000000008,9.132465999999987,0.0
16,3,0.3593849999999996,1.1410349999999987,8.292628000000011,0.0
16,4,0.3977259999999987,1.2114529999999988,7.435841000000025,0.0
16,5,0.4349039999999995,1.2486309999999996,6.692281000000008,0.0
16,6,0.4703179999999989,1.317541000000002,5.781107000000006,0.0
16,7,0.5032180000000004,1.3954929999999983,4.7869950000000046,0.0
16,8,0.5331670000000024,1.4771950000000018,3.735896999999948,0.0
16,9,0.5610539999999986,1.5554069999999989,2.664009000000032,0.0
16,10,0.5863690000000013,1.632639000000001,1.56388099999997,0.0
16,11,0.6083029999999994,1.7083739999999992,0.45558700000001906,0.0
16,12,0.6273770000000027,1.7814620000000012,-0.6535650000000572,0.0
16,13,0.6444689999999973,1.8454339999999974,-1.6947009999999239,0.0
16,14,0.6587979999999973,1.9214699999999993,-2.9124329999999503,0.0
16,15,0.6706159999999954,1.995545,-4.138570999999928,0.0
16,16,0.6800039999999967,2.0699380000000005,-5.404673999999957,0.0
16,17,0.6870420000000053,2.1426130000000043,-6.680082000000155,0.0
16,18,0.6930309999999977,2.2078399999999974,-7.884764999999916,0.0
16,19,0.696583000000004,2.2856370000000013,-9.341943000000086,0.0
16,20,0.6995429999999985,2.363602,-10.870637999999978,0.0
16,21,0.7042879999999982,2.459494999999997,-12.864417999999908,0.0
16,22,0.7148969999999935,2.5726319999999987,-15.41003899999987,0.0
16,23,0.7240409999999997,2.6633600000000044,-17.552359000000095,0.0
17,0,0.30712399999999995,0.9590499999999995,9.457716000000001,0.0
17,1,0.3493739999999992,1.0318580000000015,8.708908000000012,0.0
17,2,0.3913839999999986,1.1032849999999996,7.893894000000024,0.0
17,3,0.4311669999999985,1.1793759999999978,7.029093000000032,0.0
17,4,0.4686930000000018,1.2486309999999996,6.151656999999972,0.0
17,5,0.5050300000000014,1.2849679999999992,5.38857999999998,0.0
17,6,0.5392130000000002,1.3954929999999983,4.211075000000008,0.0
17,7,0.5708920000000006,1.4271719999999988,3.4824579999999976,0.0
17,8,0.599812,1.5061150000000012,2.438216999999991,0.0
17,9,0.6266080000000009,1.5822029999999998,1.3739809999999864,0.0
17,10,0.6508690000000001,1.6569000000000003,0.28927099999999584,0.0
17,11,0.6719420000000014,1.7294470000000004,-0.7944400000000265,0.0
17,12,0.690372,1.7998919999999998,-1.8826449999999966,0.0
17,13,0.7064090000000007,1.861470999999998,-2.8942219999999885,0.0
17,14,0.7197160000000054,1.934777000000004,-4.073419000000143,0.0
17,15,0.7305139999999994,2.006342999999994,-5.258908999999903,0.0
17,16,0.7389259999999993,2.0783500000000004,-6.4820179999999965,0.0
17,17,0.7449569999999994,2.1486440000000044,-7.709249000000064,0.0
17,18,0.7499540000000025,2.2128370000000004,-8.885479000000046,0.0
17,19,0.7531430000000015,2.2888260000000002,-10.307494000000027,0.0
17,20,0.7565869999999961,2.367045999999995,-11.852221999999834,0.0
17,21,0.7624700000000004,2.465378000000001,-13.918873000000033,0.0
17,22,0.7693590000000015,2.5795209999999997,-16.43298900000002,0.0
18,0,0.3747429999999987,1.0012999999999987,8.308193000000022,0.0
18,1,0.41632900000000106,1.042886000000001,7.55964499999998,0.0
18,2,0.4576570000000011,1.1430679999999995,6.687686999999983,0.0
18,3,0.4964089999999999,1.216902000000001,5.807400999999999,0.0
18,4,0.5327909999999996,1.2849679999999992,4.916643000000011,0.0
18,5,0.5678540000000005,1.3517240000000008,3.986791999999987,0.0
18,6,0.600362999999998,1.4271719999999988,2.9814510000000425,0.0
18,7,0.6304569999999998,1.4572660000000006,2.2591949999999983,0.0
18,8,0.6579419999999985,1.5822029999999998,0.8413030000000283,0.0
18,9,0.6833379999999991,1.6075990000000004,0.1810070000000117,0.0
18,10,0.7062489999999997,1.6798110000000008,-0.881299000000002,0.0
18,11,0.7261649999999982,1.749362999999999,-1.9353069999999555,0.0
18,12,0.7437310000000004,1.817458000000002,-3.0005400000000293,0.0
18,13,0.7584760000000017,1.8762159999999994,-3.9710460000000225,0.0
18,14,0.7705449999999985,1.9468460000000007,-5.106477999999981,0.0
18,15,0.7801060000000035,2.015903999999999,-6.245388000000048,0.0
18,16,0.7872810000000001,2.085524999999997,-7.418852999999956,0.0
18,17,0.8267140000000026,2.153687000000005,-9.21923900000013,0.0
18,18,0.7964899999999986,2.2170029999999983,-9.751578999999943,0.0
18,19,0.7995799999999988,2.2919160000000005,-11.155632999999987,0.0
18,20,0.8033220000000014,2.3707879999999975,-12.721556999999976,0.0
18,21,0.8044510000000002,2.466507,-14.656259000000006,0.0
19,0,0.4376640000000016,1.042886000000001,7.17561499999997,0.0
19,1,0.4781469999999999,1.115196000000001,6.374611000000002,0.0
19,2,0.5181369999999994,1.1818199999999983,5.521543000000015,0.0
19,3,0.5556809999999999,1.2532840000000007,4.631359,0.0
19,4,0.5906619999999982,1.3200310000000002,3.7347130000000313,0.0
19,5,0.6240950000000005,1.3534640000000024,2.965753999999979,0.0
19,6,0.6545939999999995,1.4572660000000006,1.824729000000005,0.0
19,7,0.6827600000000018,1.485432000000003,1.120578999999946,0.0
19,8,0.7085360000000023,1.6075990000000004,-0.27255700000004524,0.0
19,9,0.7323209999999989,1.631383999999997,-0.9147519999999538,0.0
19,10,0.7536360000000002,1.7011260000000021,-1.9474150000000243,0.0
19,11,0.7722760000000015,1.7680030000000002,-2.97034500000003,0.0
19,12,0.7887649999999979,1.8339469999999984,-4.009019999999943,0.0
19,13,0.8020220000000009,1.8894730000000024,-4.9272150000000465,0.0
19,14,0.8126609999999985,1.9574849999999984,-6.013511999999949,0.0
19,15,0.8208199999999977,2.024062999999998,-7.10062499999993,0.0
19,16,0.8267140000000026,2.091419000000002,-8.22295100000008,0.0
19,17,0.8308219999999977,2.157795,-9.363018999999959,0.0
19,18,0.8344340000000017,2.2206150000000022,-10.49958700000007,0.0
19,19,0.8374820000000014,2.2949640000000002,-11.895781000000028,0.0
19,20,0.8374820000000014,2.3687669999999983,-13.298037999999991,0.0
20,0,0.4964299999999984,1.0833689999999994,6.059061000000032,0.0
20,1,0.5354600000000005,1.1223990000000015,5.278460999999989,0.0
20,2,0.573404,1.2193639999999988,4.396382000000003,0.0
20,3,0.6095620000000004,1.288264999999999,3.502676999999995,0.0
20,4,0.6427840000000025,1.3534640000000024,2.610662999999942,0.0
20,5,0.6743299999999977,1.3850099999999976,1.8535590000000575,0.0
20,6,0.7026160000000026,1.4430180000000021,0.9977989999999366,0.0
20,7,0.7286000000000001,1.5593760000000003,-0.2679890000000036,0.0
20,8,0.7525349999999982,1.631383999999997,-1.2988179999999403,0.0
20,9,0.7745449999999998,1.6533939999999987,-1.9150979999999862,0.0
20,10,0.794160999999999,1.7207420000000013,-2.9135499999999936,0.0
20,11,0.8113729999999997,1.7852150000000009,-3.9025200000000027,0.0
20,12,0.8266440000000017,1.8492180000000005,-4.911973000000039,0.0
20,13,0.8382719999999964,1.901100999999997,-5.7671289999998905,0.0
20,14,0.8473320000000015,1.9665450000000035,-6.799101000000078,0.0
20,15,0.8540610000000015,2.030791999999998,-7.833139000000003,0.0
20,16,0.858787999999997,2.0961459999999974,-8.907988999999901,0.0
20,17,0.8843460000000007,2.1611740000000026,-10.459597000000059,0.0
20,18,0.8834149999999994,2.223702000000003,-11.503953000000038,0.0
20,19,0.8834149999999994,2.291922999999997,-12.731930999999932,0.0
21,0,0.5511710000000001,1.1223990000000015,4.964240999999998,0.0
21,1,0.5884719999999994,1.1597000000000008,4.180920000000011,0.0
21,2,0.6239910000000002,1.2555219999999991,3.3123259999999988,0.0
21,3,0.6582620000000006,1.2897929999999995,2.52409299999999,0.0
21,4,0.6894919999999978,1.3527169999999984,1.679491000000052,0.0
21,5,0.7189410000000009,1.4144590000000008,0.8140939999999759,0.0
21,6,0.7451059999999998,1.469183000000001,-0.008991000000001748,0.0
21,7,0.7687530000000002,1.5833109999999984,-1.238593999999992,0.0
21,8,0.7906760000000013,1.6533939999999987,-2.237718000000015,0.0
21,9,0.8108370000000029,1.6735550000000003,-2.822387000000063,0.0
21,10,0.8285650000000011,1.7384699999999995,-3.7789100000000175,0.0
21,11,0.8443660000000008,1.8010160000000006,-4.736191000000023,0.0
21,12,0.8578879999999955,1.8627399999999952,-5.699116999999852,0.0
21,13,0.8677630000000036,1.9109760000000051,-6.485324000000141,0.0
21,14,0.8752589999999998,1.9740409999999997,-7.46258499999999,0.0
21,15,0.8806269999999969,2.0361599999999953,-8.444978999999869,0.0
21,16,0.8843460000000007,2.099865000000001,-9.478653000000037,0.0
21,17,0.8869139999999973,2.163741999999999,-10.554612999999932,0.0
21,18,0.8869139999999973,2.220203000000005,-11.514450000000032,0.0
22,0,0.6015529999999991,1.1597000000000008,3.906219000000018,0.0
22,1,0.636889,1.2286490000000008,3.0952139999999986,0.0
22,2,0.6699090000000005,1.2897929999999995,2.2795059999999907,0.0
22,3,0.7017249999999997,1.3216089999999987,1.5159220000000104,0.0
22,4,0.730753,1.3817449999999987,0.6968980000000045,0.0
22,5,0.7580090000000013,1.441715000000002,-0.14261400000003732,0.0
22,6,0.7824919999999977,1.535063000000001,-1.1893769999999577,0.0
22,7,0.8036549999999991,1.6052339999999994,-2.1249969999999756,0.0
22,8,0.823485999999999,1.6735550000000003,-3.088015999999982,0.0
22,9,0.8417630000000003,1.6918320000000016,-3.636326000000018,0.0
22,10,0.857606999999998,1.7543139999999973,-4.54723199999993,0.0
22,11,0.8718000000000004,1.815209000000003,-5.4684280000000385,0.0
22,12,0.8827210000000036,1.8736609999999985,-6.351662000000061,0.0
22,13,0.8908619999999985,1.919117,-7.076235999999966,0.0
22,14,0.8967969999999994,1.9799760000000006,-7.997972999999995,0.0
22,15,0.9009320000000045,2.0402950000000004,-8.933409000000104,0.0
22,16,0.9035870000000017,2.1025199999999984,-9.925194000000012,0.0
22,17,0.899318000000001,2.163741999999999,-10.815097000000009,0.0
23,0,0.6474660000000014,1.1950360000000018,2.896132999999967,0.0
23,1,0.6806100000000015,1.2616690000000013,2.100331999999966,0.0
23,2,0.7112349999999985,1.3216089999999987,1.306702000000037,0.0
23,3,0.7403070000000014,1.3506810000000016,0.5799019999999651,0.0
23,4,0.7669670000000011,1.4084049999999984,-0.206450000000018,0.0
23,5,0.7918449999999986,1.4665929999999996,-1.0113959999999658,0.0
23,6,0.8147690000000019,1.5165900000000008,-1.788633000000047,0.0
23,7,0.8337420000000009,1.6250649999999993,-2.9257280000000137,0.0
23,8,0.851420000000001,1.6918320000000016,-3.8487800000000334,0.0
23,9,0.8678219999999968,1.7082339999999974,-4.3572419999999035,0.0
23,10,0.881649000000003,1.7681410000000035,-5.214426000000103,0.0
23,11,0.8938709999999972,1.8274309999999971,-6.088431999999905,0.0
23,12,0.9019729999999981,1.8817629999999994,-6.872429999999952,0.0
23,13,0.9083820000000031,1.925526000000005,-7.544993000000133,0.0
23,14,0.9129299999999958,1.9845239999999933,-8.416570999999813,0.0
23,15,0.9156869999999984,2.043052000000003,-9.299374000000007,0.0
23,16,0.9156869999999984,2.097946999999998,-10.12279899999993,0.0
24,0,0.688994000000001,1.2281800000000018,1.940988999999977,0.0
24,1,0.7197949999999977,1.2922939999999983,1.1684520000000553,0.0
24,2,0.7480620000000009,1.3506810000000016,0.4015369999999763,0.0
24,3,0.7743569999999984,1.4084049999999984,-0.3764199999999569,0.0
24,4,0.7985630000000015,1.4326110000000014,-1.0299820000000395,0.0
24,5,0.8210809999999995,1.4891109999999976,-1.7964139999999773,0.0
24,6,0.8422069999999984,1.5377159999999996,-2.54646299999996,0.0
24,7,0.8595169999999968,1.6427429999999994,-3.6422989999999196,0.0
24,8,0.8750029999999995,1.7082339999999974,-4.522404999999967,0.0
24,9,0.8895250000000026,1.7227560000000004,-4.987109000000064,0.0
24,10,0.9014060000000015,1.7800220000000024,-5.787647000000057,0.0
24,11,0.9109230000000039,1.8369479999999996,-6.585315000000087,0.0
24,12,0.916478000000005,1.8873180000000005,-7.272705000000123,0.0
24,13,0.9213409999999982,1.9303889999999981,-7.906268999999931,0.0
24,14,0.924274000000004,1.9874569999999991,-8.718545000000084,0.0
24,15,0.924274000000004,2.0384329999999977,-9.432209000000064,0.0
25,0,0.7265409999999974,1.2589809999999986,1.0398610000000623,0.0
25,1,0.7549290000000006,1.3205610000000014,0.29696899999998294,0.0
25,2,0.7808649999999986,1.376975999999999,-0.43832499999996344,0.0
25,3,0.804435999999999,1.4326110000000014,-1.1709339999999813,0.0
25,4,0.8261799999999972,1.4891109999999976,-1.9187899999999232,0.0
25,5,0.8463020000000014,1.5092330000000018,-2.5023280000000447,0.0
25,6,0.865202,1.5566159999999982,-3.2117429999999914,0.0
25,7,0.8810460000000013,1.6582290000000022,-4.267397000000049,0.0
25,8,0.8943370000000002,1.7227560000000004,-5.1025970000000065,0.0
25,9,0.9070199999999957,1.7800220000000024,-5.922382999999918,0.0
25,10,0.9169919999999934,1.789994,-6.261430999999838,0.0
25,11,0.923606999999997,1.8435630000000032,-6.962495999999959,0.0
25,12,0.9273489999999995,1.891060000000003,-7.578513000000022,0.0
25,13,0.9305269999999979,1.9335669999999965,-8.168046999999902,0.0
25,14,0.9305269999999979,1.9828600000000023,-8.808855999999977,0.0
26,0,0.76051,1.2873690000000018,0.1906359999999978,0.0
26,1,0.7864320000000014,1.3464969999999994,-0.5165420000000331,0.0
26,2,0.8100069999999988,1.4005469999999995,-1.21401699999997,0.0
26,3,0.8309460000000009,1.4214860000000016,-1.800309000000027,0.0
26,4,0.8501779999999997,1.4735869999999984,-2.4566439999999865,0.0
26,5,0.8678840000000001,1.5269390000000023,-3.1304080000000134,0.0
26,6,0.884367000000001,1.5730989999999991,-3.7897660000000215,0.0
26,7,0.898493000000002,1.671520000000001,-4.796609000000057,0.0
26,8,0.9095359999999992,1.735438999999996,-5.584035999999948,0.0
26,9,0.920533000000006,1.7464360000000028,-5.957934000000179,0.0
26,10,0.9286950000000047,1.8435630000000032,-7.089696000000153,0.0
26,11,0.9329639999999984,1.8478319999999968,-7.243379999999924,0.0
26,12,0.9346654999999977,1.8927615000000024,-7.781843499999969,0.0004574999999995555
26,13,0.9306260000000037,1.9335669999999965,-8.170522000000048,0.0
27,0,0.7910960000000031,1.313291000000003,-0.6046000000000831,0.0
27,1,0.8145949999999971,1.3700719999999968,-1.2723549999999193,0.0
27,2,0.8358210000000028,1.4214860000000016,-1.927059000000078,0.0
27,3,0.8545030000000011,1.4735869999999984,-2.5690940000000246,0.0
27,4,0.8712020000000003,1.4902859999999976,-3.0700639999999986,0.0
27,5,0.8865829999999981,1.5423200000000001,-3.6934869999999513,0.0
27,6,0.9005890000000001,1.622479000000002,-4.5078180000000145,0.0
27,7,0.9126789999999971,1.634568999999999,-4.906787999999917,0.0
27,8,0.9216180000000023,1.7464360000000028,-5.986144000000081,0.0
27,9,0.9305489999999992,1.7981559999999988,-6.683829999999965,0.0
27,10,0.9372490000000013,1.804856000000001,-6.925030000000042,0.0
27,11,0.9384900000000016,1.849072999999997,-7.400707000000011,0.0009519999999980655
27,12,0.9346654999999977,1.8927615000000024,-7.781843499999969,0.0
28,0,0.8185690000000001,1.336789999999997,-1.3463710000000013,0.0
28,1,0.8396370000000033,1.3912980000000026,-1.9697150000000931,0.0
28,2,0.8585809999999974,1.440168,-2.578942999999928,0.0
28,3,0.8755689999999987,1.4571560000000012,-3.088582999999968,0.0
28,4,0.8897740000000027,1.5044910000000016,-3.6283280000000815,0.0
28,5,0.902903000000002,1.5554489999999994,-4.199772000000053,0.0
28,6,0.9145430000000019,1.634568999999999,-4.957116000000045,0.0
28,7,0.9244620000000019,1.6915020000000034,-5.623460000000076,0.0
28,8,0.9313849999999988,1.7553669999999997,-6.321300999999963,0.0
28,9,0.937858999999996,1.804856000000001,-6.941499999999898,0.0
28,10,0.941672999999998,1.8095009999999936,-7.090927999999877,0.0013079999999980885
28,11,0.9384900000000016,1.849072999999997,-7.400707000000011,0.0
29,0,0.8430209999999967,1.3578580000000002,-2.0310269999999058,0.0
29,1,0.8617629999999998,1.4102419999999967,-2.6081869999999903,0.0
29,2,0.8784360000000007,1.4571560000000012,-3.1688590000000225,0.0
29,3,0.8940160000000006,1.4727360000000012,-3.6518390000000203,0.0
29,4,0.9057320000000004,1.5162070000000014,-4.122016000000016,0.0
29,5,0.9167059999999978,1.598745000000001,-4.802735999999943,0.0
29,6,0.9261779999999966,1.6082169999999998,-5.124783999999902,0.0
29,7,0.9339670000000027,1.6984250000000003,-5.938061000000076,0.0
29,8,0.9391400000000019,1.7618409999999969,-6.590233000000026,0.0
29,9,0.9412575000000025,1.7639584999999975,-6.668580500000051,0.0015565000000030693
29,10,0.941672999999998,1.8095009999999938,-7.090927999999881,0.0
30,0,0.8646300000000018,1.3766000000000034,-2.6576880000000536,0.0
30,1,0.8811019999999985,1.393072,-3.151847999999955,0.0
30,2,0.8955510000000011,1.4727360000000012,-3.696354000000035,0.0
30,3,0.9096009999999985,1.5162070000000014,-4.234216999999962,0.0
30,4,0.9189129999999999,1.5664229999999968,-4.705128999999982,0.0
30,5,0.9278240000000011,1.575333999999998,-5.008103000000023,0.0
30,6,0.9353240000000014,1.615717,-5.435018000000042,0.0
30,7,0.9412229999999937,1.7035979999999995,-6.184695999999811,0.0
30,8,0.9430964999999993,1.7621195000000007,-6.707199499999984,0.001388500000000903
30,9,0.9412575000000025,1.8082545000000074,-7.06724450000014,0.0
31,0,0.8835160000000002,1.393072,-3.2242680000000057,0.0
31,1,0.8977509999999995,1.4073069999999994,-3.665552999999985,0.0
31,2,0.9101199999999992,1.4867859999999986,-4.161523999999972,0.0
31,3,0.9223630000000007,1.4991580000000013,-4.5659300000000265,0.0
31,4,0.9297059999999995,1.5328620000000015,-4.894674999999989,0.0
31,5,0.936755999999999,1.615717,-5.477977999999972,0.0
31,6,0.9425200000000018,1.6214810000000028,-5.685482000000071,0.0
31,7,0.9452840000000009,1.7032840000000036,-6.304328000000055,0.001173000000001423
31,8,0.9430964999999993,1.7621195000000007,-6.707199499999984,0.0
32,0,0.8998069999999991,1.4073069999999994,-3.729288999999973,0.0
32,1,0.9119109999999999,1.4194110000000002,-4.116616999999998,0.0
32,2,0.9222339999999996,1.4640559999999994,-4.4915979999999855,0.0
32,3,0.9326420000000013,1.5328620000000015,-4.985691000000045,0.0
32,4,0.9387949999999989,1.5823839999999976,-5.374521999999956,0.0
32,5,0.9442120000000003,1.6214810000000028,-5.737934000000024,0.0
32,6,0.9470369999999981,1.6243060000000007,-5.842458999999945,0.001068000000000069
32,7,0.9452840000000009,1.7032840000000036,-6.304328000000055,0.0
33,0,0.913609000000001,1.4194110000000002,-4.170953000000033,0.0
33,1,0.9237099999999998,1.4640559999999994,-4.538829999999994,0.0
33,2,0.9321359999999999,1.5089310000000005,-4.898211999999997,0.0
33,3,0.940842,1.5390149999999991,-5.266549999999995,0.0
33,4,0.9462820000000001,1.5444549999999992,-5.462389999999999,0.0
33,5,0.9486884999999994,1.5902074999999982,-5.724814499999972,0.0012475000000016223
33,6,0.9470369999999981,1.6243060000000007,-5.842458999999945,0.0
34,0,0.9251499999999986,1.429511999999999,-4.551805999999953,0.0
34,1,0.9333530000000003,1.4724819999999994,-4.865475000000011,0.0
34,2,0.9400510000000004,1.5173520000000025,-5.17624900000002,0.0
34,3,0.9472850000000008,1.526442000000003,-5.441450000000035,0.0
34,4,0.9501350000000013,1.5887609999999963,-5.766763000000026,0.0014729999999900656
34,5,0.9486884999999994,1.6226544999999994,-5.8870494999999785,0.0
35,0,0.9345409999999994,1.4377150000000043,-4.871099999999984,0.0
35,1,0.9410419999999995,1.4442160000000008,-5.098634999999987,0.0
35,2,0.9462200000000003,1.5243120000000019,-5.399915000000018,0.0
35,3,0.9503955000000008,1.5470445000000002,-5.609014500000027,0.0015924999999938905
35,4,0.9501350000000013,1.5887609999999963,-5.766763000000026,0.0
36,0,0.9421330000000019,1.4442159999999973,-5.136820000000068,0.0
36,1,0.9471340000000019,1.4492170000000009,-5.316856000000069,0.0
36,2,0.9489010000000011,1.4861249999999995,-5.417376000000036,0.0015989999999987958
36,3,0.9503955000000008,1.5470445000000002,-5.609014500000027,0.0
37,0,0.9484640000000013,1.4492170000000009,-5.364736000000047,0.0
37,1,0.9505720000000011,1.4844539999999995,-5.475861000000037,0.0012559999999979254
37,2,0.9489010000000011,1.5280580000000032,-5.501242000000044,0.0
38,0,0.9525344999999987,1.449362500000003,-5.5153444999999515,0.0011524999999998897
38,1,0.9505720000000011,1.4844539999999995,-5.475861000000037,0.0
39,0,0.9525344999999987,1.449362500000003,-5.5153444999999515,0.0
