0,0,-0.9584774999999999,0.0014129999999994425,16.429882,0.0
0,1,-0.9584774999999999,0.0014129999999994425,16.429882,0.0
0,2,-0.9583424999999997,0.0022380000000019606,16.429056999999997,0.0
0,3,-0.9581695000000003,0.004145999999998651,16.425241000000003,0.0
0,4,-0.9579499999999994,0.005202000000000595,16.422072999999997,0.0
0,5,-0.9576830000000003,0.0073539999999994166,16.413465000000002,0.0
0,6,-0.9573574999999996,0.009871000000000407,16.400879999999997,0.0
0,7,-0.9569475000000001,0.011331000000001978,16.392119999999988,0.0
0,8,-0.9564465000000011,0.014421999999999713,16.370483000000004,0.0
0,9,-0.9558435000000003,0.018914999999999793,16.334539000000003,0.0
0,10,-0.955108000000001,0.024646999999998087,16.28295100000002,0.0
0,11,-0.9542275,0.031212000000000018,16.217301,0.0
0,12,-0.953377999999999,0.0404030000000013,16.116199999999985,0.0
0,13,-0.9526130000000013,0.048633999999999844,16.017428000000002,0.0
0,14,-0.9516799999999996,0.060404999999999376,15.864405000000009,0.0
0,15,-0.9505959999999991,0.07592199999999849,15.647167000000021,0.0
0,16,-0.9493329999999975,0.09180700000000286,15.408891999999955,0.0
0,17,-0.9478780000000011,0.11567499999999953,15.027004000000009,0.0
0,18,-0.9461630000000021,0.14159799999999834,14.586313000000029,0.0
0,19,-0.9442009999999996,0.17368500000000253,14.008746999999953,0.0
0,20,-0.9419560000000011,0.2127089999999967,13.267291000000064,0.0
0,21,-0.9394039999999997,0.25688700000000253,12.383730999999948,0.0
0,22,-0.9365039999999993,0.3074419999999982,11.322076000000038,0.0
0,23,-0.9332940000000001,0.3677729999999997,9.994794000000006,0.0
0,24,-0.9298059999999992,0.44119300000000194,8.306133999999954,0.0
0,25,-0.9259839999999997,0.5234699999999997,6.331486000000009,0.0
0,26,-0.9219019999999993,0.6173649999999995,3.984111000000013,0.0
0,27,-0.9176259999999985,0.7226250000000007,1.2473509999999806,0.0
0,28,-0.9132570000000015,0.8420409999999983,-1.9768809999999526,0.0
0,29,-0.9088819999999984,0.9745559999999998,-5.687300999999994,0.0
0,30,-0.9048590000000019,1.1225320000000032,-9.978605000000094,0.0
0,31,-0.9008980000000051,1.2876879999999993,-14.933284999999973,0.0
0,32,-0.8973450000000014,1.4754599999999982,-20.754216999999944,0.0
0,33,-0.8942779999999999,1.6912090000000006,-27.65818500000002,0.0
0,34,-0.8917249999999939,1.9481070000000003,-36.13581900000001,0.0
0,35,-0.8892650000000089,2.251743000000001,-46.459443000000036,0.0
0,36,-0.8872539999999915,2.6312110000000004,-59.74082300000001,0.0
0,37,-0.8849640000000107,3.118915000000001,-77.29816700000003,0.0
0,38,-0.8798329999999766,3.7328039999999945,-100.0120599999998,0.0
0,39,-0.869437999999974,4.522781000000002,-130.03118600000008,0.0
0,40,-0.8503420000000119,5.556694,-170.353793,0.0
0,41,-0.8201710000000162,6.9417120000000025,-225.7545130000001,0.0
0,42,-0.7784119999999461,8.828830000000004,-303.12635100000017,0.0
0,43,-0.731177999999943,11.473731999999998,-414.21223499999996,0.0
0,44,-0.6886210000001256,15.486335999999994,-586.7542069999997,0.0
0,45,-0.6485440000000153,22.532325999999998,-896.7777669999998,0.0
0,46,-0.5655210000002171,37.67514799999999,-1578.2047569999995,0.0
0,47,-0.40135200000031546,74.14794900000001,-3255.9536030000004,0.0
1,0,-0.9584774999999999,0.0014129999999994425,16.429882,0.0017895000000001104
1,1,-0.9583424999999997,0.001682999999999879,16.429612,0.0017415000000013947
1,2,-0.9581695000000003,0.002584000000000586,16.428365,0.0016785000000005823
1,3,-0.9579500000000003,0.004585000000000505,16.423924,0.0015979999999995442
1,4,-0.9576830000000003,0.005735999999998853,16.419937000000004,0.0014930000000008548
1,5,-0.9573574999999996,0.008005000000000706,16.410209999999996,0.001371500000000303
1,6,-0.9569475000000001,0.011331000000001978,16.392119999999988,0.0012155000000007021
1,7,-0.9564465000000002,0.012332999999999927,16.385106,0.0010345000000011595
1,8,-0.9558435000000003,0.015628000000001308,16.36083499999999,0.0008074999999987398
1,9,-0.955108000000001,0.02038599999999846,16.321300000000015,0.0005329999999990065
1,10,-0.9542275,0.026407999999999987,16.265341,0.00019850000000154466
1,11,-0.953377999999999,0.03291100000000213,16.198611999999976,0.0
1,12,-0.952613,0.041539000000000804,16.10256799999999,0.0
1,13,-0.9512399999999985,0.04956700000000147,16.004858999999982,0.0
1,14,-0.9491930000000011,0.061488999999999905,15.847826000000003,0.0
1,15,-0.9493329999999975,0.07718500000000006,15.628221999999997,0.0
1,16,-0.9478780000000011,0.09326199999999929,15.385612000000013,0.0
1,17,-0.9407580000000006,0.11738999999999855,14.992444000000024,0.0
1,18,-0.9369289999999992,0.1435600000000008,14.543724999999984,0.0
1,19,-0.9419560000000011,0.17593000000000103,13.966091999999982,0.0
1,20,-0.9394039999999997,0.21526099999999815,13.216251000000035,0.0
1,21,-0.9365039999999993,0.2597870000000029,12.32283099999994,0.0
1,22,-0.9332940000000001,0.3106519999999975,11.251456000000054,0.0
1,23,-0.9298059999999992,0.3712610000000005,9.914569999999987,0.0
1,24,-0.8998980000000003,0.4450150000000015,8.188319999999965,0.0
1,25,-0.9219019999999993,0.527552,6.229436,0.0
1,26,-0.8816810000000004,0.6216410000000003,3.836989999999993,0.0
1,27,-0.8716940000000015,0.7269939999999977,1.0878250000000627,0.0
1,28,-0.8613490000000006,0.8464160000000014,-2.146914000000038,0.0
1,29,-0.8508279999999999,0.9785789999999999,-5.857998999999996,0.0
1,30,-0.8408219999999993,1.126493,-10.157511,0.0
1,31,-0.8307490000000008,1.2912409999999994,-15.110023999999981,0.0
1,32,-0.8942779999999999,1.4785269999999997,-20.85236099999999,0.0
1,33,-0.891725000000001,1.6937619999999995,-27.742433999999985,0.0
1,34,-0.8892649999999946,1.9505669999999995,-36.219458999999986,0.0
1,35,-0.8872539999999987,2.2537540000000007,-46.52982800000002,0.0
1,36,-0.8849640000000036,2.633500999999999,-59.82326299999996,0.0
1,37,-0.778576000000001,3.124046,-77.58927099999998,0.0
1,38,-0.7619469999999993,3.743199000000004,-100.51456100000016,0.0
1,39,-0.7333190000000016,4.5418769999999995,-130.89295299999998,0.0
1,40,-0.6858860000000035,5.586864999999996,-171.69491799999983,0.0
1,41,-0.778412000000003,6.9834710000000015,-227.46663200000006,0.0
1,42,-0.7311779999999999,8.876064000000007,-305.1101790000003,0.0
1,43,-0.41686200000000895,11.516289,-416.313945,0.0
1,44,-0.6485440000000153,15.526412999999991,-588.5175949999996,0.0
1,45,-0.1916659999999979,22.61534900000001,-900.8876570000004,0.0
1,46,-0.4013520000000881,37.83931699999998,-1585.756530999999,0.0
2,0,-0.9584774999999999,0.0014129999999994425,16.429882,0.0
2,1,-0.9583424999999997,0.001682999999999879,16.429612,0.0
2,2,-0.9581695000000003,0.002584000000000586,16.428365,0.0
2,3,-0.9579500000000003,0.004585000000000505,16.423924,0.0
2,4,-0.9576830000000003,0.005735999999998853,16.419937000000004,0.0
2,5,-0.9573574999999996,0.008005000000000706,16.410209999999996,0.0
2,6,-0.9569475000000001,0.010690999999999562,16.395960000000002,0.0
2,7,-0.9564465000000002,0.012332999999999927,16.385106,0.0
2,8,-0.9558435000000003,0.015628000000001308,16.36083499999999,0.0
2,9,-0.955108000000001,0.02038599999999846,16.321300000000015,0.0
2,10,-0.9542275,0.026407999999999987,16.265341,0.0
2,11,-0.9529840000000007,0.03330500000000036,16.193883999999997,0.0
2,12,-0.9512399999999985,0.04291200000000117,16.084718999999986,0.0
2,13,-0.9491930000000011,0.05161399999999894,15.976201000000016,0.0
2,14,-0.9467890000000008,0.0638930000000002,15.811765999999999,0.0
2,15,-0.9439610000000016,0.08001299999999922,15.580430000000014,0.0
2,16,-0.9407580000000006,0.09646500000000024,15.327243999999997,0.0
2,17,-0.9369289999999992,0.12121899999999997,14.923521999999998,0.0
2,18,-0.9325159999999997,0.14797300000000035,14.459877999999993,0.0
2,19,-0.8866979999999991,0.18098600000000076,13.774007999999984,0.0
2,20,-0.8784580000000002,0.22102100000000036,12.996862999999994,0.0
2,21,-0.9151010000000017,0.2663859999999989,12.162849000000026,0.0
2,22,-0.9078279999999985,0.3179250000000007,11.065983999999983,0.0
2,23,-0.8998980000000003,0.3791909999999987,9.702272000000029,0.0
2,24,-0.8911219999999993,0.4537910000000025,7.96891999999994,0.0
2,25,-0.8193190000000001,0.5369929999999989,5.828466000000027,0.0
2,26,-0.8039729999999992,0.6316279999999992,3.431899000000019,0.0
2,27,-0.7876930000000009,0.7373389999999986,0.650853000000037,0.0
2,28,-0.7708499999999994,0.8569370000000021,-2.6119790000000584,0.0
2,29,-0.7536869999999993,0.9885850000000005,-6.332449000000015,0.0
2,30,-0.7370760000000018,1.1365659999999984,-10.65711999999995,0.0
2,31,-0.821280999999999,1.3007090000000012,-15.413000000000043,0.0
2,32,-0.8125269999999993,1.4872809999999994,-21.214239999999982,0.0
2,33,-0.8044820000000001,1.7018069999999987,-28.09516199999996,0.0
2,34,-0.6759109999999993,1.958941000000003,-36.8377260000001,0.0
2,35,-0.7880669999999981,2.2617949999999993,-46.91044999999997,0.0
2,36,-0.6459539999999997,2.642991999999996,-60.53657099999986,0.0
2,37,-0.6274529999999956,3.1406750000000017,-78.49016100000007,0.0
2,38,-0.5968790000000013,3.771827000000002,-101.90393300000007,0.0
2,39,-0.5471270000000032,4.589309999999998,-133.0677909999999,0.0
2,40,-0.6156349999999975,5.657116000000002,-174.5752090000001,0.0
2,41,-0.3602109999999996,7.076766999999997,-231.87209699999988,0.0
2,42,-0.41686200000000895,8.981541,-309.85452899999996,0.0
2,43,-0.313477000000006,11.619674000000003,-420.8628850000001,0.0
2,44,-0.1916659999999979,15.648223999999999,-594.334157,0.0
2,45,0.3104019999999963,22.832313999999997,-911.4382529999999,0.0
3,0,-0.9320339999999998,0.001682999999999879,16.376995,0.0
3,1,-0.9317209999999996,0.002584000000000586,16.375467999999998,0.0
3,2,-0.9313310000000001,0.002974000000000032,16.373908,0.0
3,3,-0.9308370000000004,0.005079000000000278,16.368216,0.0
3,4,-0.9302309999999991,0.00634200000000007,16.362609,0.0
3,5,-0.9295080000000002,0.008727999999999625,16.350896000000002,0.0
3,6,-0.9285629999999987,0.01163600000000109,16.33352099999999,0.0
3,7,-0.9274489999999993,0.01344699999999932,16.319313,0.0
3,8,-0.9260809999999999,0.016996000000000677,16.290365999999995,0.0
3,9,-0.9244149999999998,0.022051999999998628,16.24492000000001,0.0
3,10,-0.922428,0.028394999999999726,16.181872000000002,0.0
3,11,-0.920064,0.035669000000000395,16.102039999999995,0.0
3,12,-0.917212000000001,0.04576400000000014,15.982439000000001,0.0
3,13,-0.9138599999999997,0.05496600000000029,15.861958999999995,0.0
3,14,-0.9099450000000004,0.06780799999999942,15.683268000000009,0.0
3,15,-0.9053169999999984,0.0846410000000013,15.433721999999976,0.0
3,16,-0.9001289999999997,0.10165299999999888,15.162978000000017,0.0
3,17,-0.8938869999999994,0.12746100000000027,14.731323999999994,0.0
3,18,-0.8866979999999991,0.1551620000000007,14.238839999999986,0.0
3,19,-0.8784580000000002,0.18922599999999967,13.600968000000007,0.0
3,20,-0.8690660000000001,0.23041300000000042,12.790238999999993,0.0
3,21,-0.8582809999999998,0.27717099999999917,11.822724000000017,0.0
3,22,-0.8464390000000002,0.32976700000000037,10.682681999999993,0.0
3,23,-0.8335829999999991,0.3920469999999998,9.273954000000002,0.0
3,24,-0.8193190000000001,0.46805500000000144,7.482977999999967,0.0
3,25,-0.8039729999999992,0.5523389999999999,5.414124000000001,0.0
3,26,-0.7876930000000009,0.6479079999999975,2.976059000000067,0.0
3,27,-0.6948019999999993,0.7541820000000001,-0.06573800000000674,0.0
3,28,-0.6711499999999972,0.8741000000000021,-3.374480000000066,0.0
3,29,-0.7370760000000018,1.005195999999998,-6.847389999999937,0.0
3,30,-0.6231039999999979,1.1531870000000026,-11.481045000000083,0.0
3,31,-0.5997570000000003,1.3164939999999987,-16.45029599999996,0.0
3,32,-0.6898780000000002,1.5020729999999993,-21.932881999999978,0.0
3,33,-0.6759109999999993,1.7157739999999997,-28.813214999999992,0.0
3,34,-0.6610550000000011,1.9737970000000011,-37.37254200000004,0.0
3,35,-0.6459539999999997,2.2768960000000007,-47.723211000000035,0.0
3,36,-0.4916230000000006,2.661493,-61.647099,0.0
3,37,-0.46143,3.171248999999996,-80.08889399999984,0.0
3,38,-0.5471270000000032,3.821579,-103.89401299999999,0.0
3,39,-0.3415899999999965,4.666935000000002,-136.6341520000001,0.0
3,40,-0.2346679999999992,5.766407000000001,-179.83432600000003,0.0
3,41,-0.09153700000000242,7.216144999999997,-238.2532389999999,0.0
3,42,-0.06390399999999374,9.138470000000005,-317.1514630000002,0.0
3,43,0.10313399999999717,11.786711999999994,-428.87874099999976,0.0
3,44,0.3104019999999963,15.855491999999998,-604.4580849999999,0.0
4,0,-0.9000760000000003,0.001996000000001885,16.281121,0.0
4,1,-0.8990449999999992,0.0035480000000003287,16.275901999999995,0.0
4,2,-0.8983170000000005,0.005806999999999007,16.268472000000003,0.0
4,3,-0.8983170000000005,0.00634200000000007,16.266867,0.0
4,4,-0.8974250000000001,0.007234000000000407,16.260623,0.0
4,5,-0.8964110000000005,0.009741999999999251,16.246535000000005,0.0
4,6,-0.895036000000001,0.01301100000000055,16.224690000000002,0.0
4,7,-0.8934350000000002,0.015048000000000172,16.206063999999998,0.0
4,8,-0.8914350000000013,0.01899599999999957,16.17042800000001,0.0
4,9,-0.8890269999999987,0.02446000000000126,16.117083999999984,0.0
4,10,-0.8861469999999994,0.031274999999999054,16.04422900000001,0.0
4,11,-0.8827280000000002,0.03908799999999957,15.952423000000005,0.0
4,12,-0.8785749999999997,0.049917000000000655,15.81669199999999,0.0
4,13,-0.8737589999999997,0.059782000000000224,15.679047999999996,0.0
4,14,-0.868148999999999,0.0734180000000002,15.479339999999993,0.0
4,15,-0.8615100000000009,0.09127999999999936,15.202716000000013,0.0
4,16,-0.854163999999999,0.10899900000000073,14.907546999999985,0.0
4,17,-0.8452260000000003,0.13639899999999905,14.433395000000017,0.0
4,18,-0.8349580000000003,0.16543000000000063,13.89879599999999,0.0
4,19,-0.8232239999999997,0.20096000000000025,13.212319999999995,0.0
4,20,-0.8097900000000013,0.24384699999999881,12.343731000000028,0.0
4,21,-0.7943689999999997,0.29259200000000085,11.307146999999981,0.0
4,22,-0.7246670000000002,0.34657299999999935,9.894738000000014,0.0
4,23,-0.7594799999999999,0.41013000000000055,8.635735999999987,0.0
4,24,-0.7393250000000009,0.4882100000000005,6.759275999999993,0.0
4,25,-0.7176720000000003,0.5739920000000005,4.61389599999999,0.0
4,26,-0.6948019999999993,0.6707779999999985,2.1027660000000346,0.0
4,27,-0.6711499999999972,0.7778340000000021,-0.7752980000000669,0.0
4,28,-0.6470640000000003,0.898185999999999,-4.121145999999971,0.0
4,29,-0.533495000000002,1.0291560000000004,-8.242582000000002,0.0
4,30,-0.5997570000000003,1.1765340000000002,-12.251496000000003,0.0
4,31,-0.5774940000000015,1.3387569999999975,-17.207237999999915,0.0
4,32,-0.5564520000000002,1.5231150000000007,-23.00650400000002,0.0
4,33,-0.5362049999999989,1.736021000000001,-29.900484000000034,0.0
4,34,-0.3888680000000022,1.9950510000000001,-39.037822000000006,0.0
4,35,-0.4916230000000006,2.300224,-49.002684,0.0
4,36,-0.3284610000000008,2.6916860000000007,-63.35650200000002,0.0
4,37,-0.2837460000000007,3.2182770000000005,-82.49263800000001,0.0
4,38,-0.3415899999999965,3.894390999999999,-107.27747999999997,0.0
4,39,-0.2346679999999992,4.773857,-141.124876,0.0
4,40,0.009197000000000344,5.909537999999998,-186.39189499999992,0.0
4,41,0.08452199999999976,7.3922039999999996,-245.999835,0.0
4,42,0.2856209999999919,9.339568999999997,-326.6461959999998,0.0
4,43,0.6009520000000066,11.99766600000001,-439.54759400000046,0.0
5,0,-0.8655789999999985,0.002453000000002703,16.14313299999999,0.0
5,1,-0.864153,0.004329000000000249,16.134771999999998,0.0
5,2,-0.864153,0.005806999999999007,16.131816000000004,0.0
5,3,-0.8631440000000001,0.007234000000000407,16.123499,0.0
5,4,-0.8619020000000006,0.008475999999999928,16.113563000000003,0.0
5,5,-0.8605319999999992,0.011112000000000677,16.096168999999993,0.0
5,6,-0.8586609999999997,0.014882000000000062,16.067963999999996,0.0
5,7,-0.8565240000000003,0.017184999999999562,16.043461000000004,0.0
5,8,-0.8538149999999991,0.02170500000000075,15.99827599999999,0.0
5,9,-0.850562,0.02771300000000032,15.933946999999998,0.0
5,10,-0.8466690000000003,0.035167999999998756,15.847387000000014,0.0
5,11,-0.8420550000000002,0.043701999999999686,15.738977000000004,0.0
5,12,-0.8363960000000006,0.05557600000000029,15.580067999999999,0.0
5,13,-0.8299230000000009,0.06625499999999995,15.419555000000004,0.0
5,14,-0.8224970000000003,0.0808440000000008,15.19276799999999,0.0
5,15,-0.8136089999999996,0.10016800000000003,14.877791999999998,0.0
5,16,-0.8038160000000012,0.11879199999999912,14.54946700000002,0.0
5,17,-0.7919429999999998,0.1482720000000004,14.018421999999992,0.0
5,18,-0.7783230000000003,0.17905000000000015,13.427095999999999,0.0
5,19,-0.7627870000000012,0.21649599999999936,12.675388000000018,0.0
5,20,-0.7449870000000001,0.26164699999999996,11.728519,0.0
5,21,-0.7246670000000002,0.31291200000000075,10.601618999999985,0.0
5,22,-0.7026209999999988,0.3686190000000007,9.32154199999998,0.0
5,23,-0.6789760000000005,0.4337749999999989,7.769885000000027,0.0
5,24,-0.652711,0.5144750000000009,5.782459999999979,0.0
5,25,-0.6245970000000014,0.6021059999999991,3.538746000000028,0.0
5,26,-0.5949880000000007,0.7003869999999992,0.9336760000000233,0.0
5,27,-0.56447,0.8083520000000028,-2.026004000000075,0.0
5,28,-0.4521080000000026,0.929160999999997,-5.849656999999905,0.0
5,29,-0.5016810000000014,1.060970000000001,-9.292444000000025,0.0
5,30,-0.47167900000000174,1.2065359999999998,-13.663867999999987,0.0
5,31,-0.44300099999999887,1.3674350000000004,-18.634228000000018,0.0
5,32,-0.4156739999999992,1.5504420000000003,-24.444080000000014,0.0
5,33,-0.3888680000000022,1.762826999999998,-31.37442999999992,0.0
5,34,-0.2372269999999972,2.022592000000003,-40.70488000000012,0.0
5,35,-0.2022970000000015,2.3330899999999986,-51.43646199999994,0.0
5,36,-0.2837460000000007,2.7364010000000007,-65.14510200000001,0.0
5,37,-0.21859299999999848,3.2834300000000027,-85.16391100000011,0.0
5,38,-0.015370000000004325,3.9899289999999965,-112.32048899999985,0.0
5,39,0.10014400000000023,4.906109000000001,-147.71289900000002,0.0
5,40,0.17933700000000385,6.079678000000001,-193.87805500000007,0.0
5,41,0.385895000000005,7.598762000000001,-255.6742050000001,0.0
5,42,0.6009520000000066,9.554625999999999,-336.93991399999993,0.0
6,0,-0.8294770000000007,0.003097999999999601,15.962623000000004,0.0
6,1,-0.8286230000000003,0.004329000000000249,15.957122000000002,0.0
6,2,-0.8276140000000005,0.006815999999998823,15.947103000000006,0.0
6,3,-0.8246529999999996,0.010101999999999833,15.920813999999998,0.0
6,4,-0.8227679999999999,0.01299700000000037,15.897923999999998,0.0
6,5,-0.8204650000000004,0.017184999999999562,15.863166000000005,0.0
6,6,-0.8201289999999997,0.017352999999999952,15.860309999999998,0.0
6,7,-0.817556999999999,0.019925000000000637,15.82944599999999,0.0
6,8,-0.8140330000000002,0.025228999999999502,15.771174000000006,0.0
6,9,-0.8098350000000014,0.031910999999999135,15.692530000000016,0.0
6,10,-0.8047829999999987,0.04022000000000148,15.587436999999978,0.0
6,11,-0.7988159999999986,0.04966899999999974,15.457144999999995,0.0
6,12,-0.791447999999999,0.06294399999999989,15.266911999999996,0.0
6,13,-0.7831440000000001,0.07455899999999893,15.077708000000014,0.0
6,14,-0.7737119999999997,0.09027600000000113,14.816794999999983,0.0
6,15,-0.762334000000001,0.11154599999999881,14.450747000000023,0.0
6,16,-0.7496089999999995,0.13151700000000055,14.074831999999988,0.0
6,17,-0.734534,0.1633469999999999,13.475102000000001,0.0
6,18,-0.7173010000000009,0.19628299999999932,12.811792000000017,0.0
6,19,-0.6976939999999985,0.23610300000000173,11.977389999999959,0.0
6,20,-0.6752099999999999,0.2841309999999986,10.929954000000027,0.0
6,21,-0.6500489999999992,0.3380730000000014,9.700147999999967,0.0
6,22,-0.5704630000000002,0.3961309999999987,8.00341400000003,0.0
6,23,-0.5928529999999999,0.4634590000000003,6.656537999999992,0.0
6,24,-0.5603220000000011,0.5470059999999997,4.539771000000014,0.0
6,25,-0.525682999999999,0.6367450000000012,2.178200999999964,0.0
6,26,-0.4893619999999981,0.7367080000000001,-0.5388000000000144,0.0
6,27,-0.4521080000000026,0.8456059999999983,-3.593671999999941,0.0
6,28,-0.414399999999997,0.9668690000000026,-7.09402100000009,0.0
6,29,-0.3756559999999993,1.0997139999999987,-11.046144999999967,0.0
6,30,-0.3392809999999997,1.2429109999999994,-15.417107999999985,0.0
6,31,-0.3044170000000008,1.4022989999999993,-20.407931999999974,0.0
6,32,-0.1630490000000009,1.583954000000002,-26.88744500000006,0.0
6,33,-0.123344000000003,1.7965049999999998,-33.92730699999997,0.0
6,34,-0.08238400000000112,2.0575219999999987,-42.78662799999995,0.0
6,35,-0.15864499999999992,2.376742,-53.182542,0.0
6,36,-0.09853000000000023,2.7965160000000004,-68.23532200000002,0.0
6,37,-0.015370000000004325,3.3665899999999986,-89.25694599999993,0.0
6,38,0.10014400000000023,4.105443000000001,-117.28759100000002,0.0
6,39,0.25284599999999813,5.058810999999999,-154.43178699999993,0.0
6,40,0.4471319999999963,6.273963999999999,-202.98846999999995,0.0
6,41,0.6879460000000037,7.8071899999999985,-265.7623939999999,0.0
7,0,-0.7920219999999993,0.0039519999999999555,15.737892999999996,0.0
7,1,-0.7909199999999998,0.005053999999999448,15.730179,0.0
7,2,-0.7879279999999991,0.009885000000000588,15.701114999999993,0.0
7,3,-0.7879279999999991,0.010101999999999833,15.700463999999995,0.0
7,4,-0.7858140000000002,0.01299700000000037,15.6762,0.0
7,5,-0.7831250000000001,0.015686000000000533,15.646620999999998,0.0
7,6,-0.7793590000000012,0.020521999999999707,15.59607900000001,0.0
7,7,-0.7764540000000011,0.025228999999999502,15.54570000000001,0.0
7,8,-0.7719839999999998,0.029699000000000808,15.483119999999992,0.0
7,9,-0.7667519999999985,0.03714300000000037,15.386943999999987,0.0
7,10,-0.7603950000000008,0.0465769999999992,15.257539000000014,0.0
7,11,-0.75291,0.05715400000000059,15.099373999999994,0.0
7,12,-0.7436620000000005,0.07219199999999937,14.869220000000011,0.0
7,13,-0.733312999999999,0.08490800000000043,14.644184999999988,0.0
7,14,-0.7216450000000005,0.10194399999999959,14.34104100000001,0.0
7,15,-0.7074839999999991,0.12570700000000024,13.90923199999999,0.0
7,16,-0.6912059999999993,0.14779500000000034,13.46396599999999,0.0
7,17,-0.6726670000000006,0.18188599999999866,12.788737000000026,0.0
7,18,-0.6515609999999992,0.21738900000000072,12.037443999999981,0.0
7,19,-0.6276500000000009,0.26001399999999997,11.102817000000007,0.0
7,20,-0.6002869999999998,0.3114939999999997,9.933156000000004,0.0
7,21,-0.5704630000000002,0.36789700000000103,8.59632799999998,0.0
7,22,-0.5373330000000003,0.42926099999999856,7.075774000000033,0.0
7,23,-0.5010899999999996,0.499702000000001,5.272370999999975,0.0
7,24,-0.4623019999999993,0.5857939999999999,3.020738999999997,0.0
7,25,-0.421183000000001,0.6778639999999996,0.5232260000000171,0.0
7,26,-0.37830100000000044,0.7795900000000007,-2.320098000000014,0.0
7,27,-0.3345260000000003,0.8893809999999984,-5.481088999999955,0.0
7,28,-0.29045500000000146,1.0109400000000015,-9.071679000000032,0.0
7,29,-0.24623100000000164,1.1439379999999986,-13.105190999999948,0.0
7,30,-0.11451499999999726,1.2853150000000007,-18.12713600000004,0.0
7,31,-0.1630490000000009,1.4430769999999988,-22.520257999999956,0.0
7,32,-0.020036999999998528,1.623659,-29.11938400000001,0.0
7,33,0.02585200000000043,1.8374650000000017,-36.282399000000055,0.0
7,34,0.07444399999999973,2.1013149999999996,-45.32959299999999,0.0
7,35,0.016662000000000177,2.4319950000000006,-56.16823900000003,0.0
7,36,0.09122699999999995,2.871081,-72.058204,0.0
7,37,0.1905750000000026,3.4659380000000013,-94.16849200000007,0.0
7,38,0.3953479999999985,4.238002999999999,-124.16830799999997,0.0
7,39,0.4955399999999983,5.231215999999996,-162.61174599999984,0.0
7,40,0.7144240000000011,6.466370000000005,-212.3149400000002,0.0
8,0,-0.7530340000000013,0.005053999999999448,15.46497700000001,0.0
8,1,-0.7516479999999994,0.0064400000000013335,15.453888999999995,0.0
8,2,-0.7479190000000013,0.012082999999998734,15.414458000000014,0.0
8,3,-0.7479190000000013,0.012215999999998672,15.414059000000014,0.0
8,4,-0.7452569999999987,0.015686000000000533,15.381544999999988,0.0
8,5,-0.7415839999999996,0.020521999999999707,15.331653999999999,0.0
8,6,-0.7365149999999989,0.024509000000000114,15.271166999999991,0.0
8,7,-0.73292,0.02810399999999902,15.220837000000007,0.0
8,8,-0.727405000000001,0.035213999999999857,15.126947000000008,0.0
8,9,-0.7210060000000009,0.043542000000000414,15.009131000000004,0.0
8,10,-0.7131779999999992,0.054405000000000925,14.848739999999985,0.0
8,11,-0.704008,0.06632399999999983,14.656190000000002,0.0
8,12,-0.6929119999999998,0.08328799999999958,14.380818000000003,0.0
8,13,-0.6803179999999998,0.09750200000000042,14.109497999999993,0.0
8,14,-0.6659240000000004,0.11633799999999894,13.749478000000018,0.0
8,15,-0.6487110000000005,0.14292000000000016,13.239626000000001,0.0
8,16,-0.628794000000001,0.16771199999999986,12.70841000000001,0.0
8,17,-0.6065679999999993,0.2041120000000003,11.94820199999999,0.0
8,18,-0.5813589999999991,0.24259800000000098,11.092267999999976,0.0
8,19,-0.5529279999999996,0.2884449999999994,10.039574000000009,0.0
8,20,-0.5207719999999991,0.34365000000000023,8.733430999999989,0.0
8,21,-0.4378780000000013,0.40260799999999897,6.891119000000032,0.0
8,22,-0.44725899999999896,0.4680630000000008,5.591611999999975,0.0
8,23,-0.4046769999999995,0.5422840000000004,3.618093999999987,0.0
8,24,-0.35977199999999954,0.6306989999999999,1.2253089999999993,0.0
8,25,-0.31246299999999927,0.7251729999999998,-1.4205389999999998,0.0
8,26,-0.2633970000000012,0.8286559999999987,-4.400141999999958,0.0
8,27,-0.21358699999999864,0.939191000000001,-7.672532000000038,0.0
8,28,-0.16365000000000052,1.0608769999999996,-11.357549999999986,0.0
8,29,-0.11451499999999726,1.1930730000000018,-15.45211800000007,0.0
8,30,-0.06652700000000067,1.3333029999999972,-19.902691999999913,0.0
8,31,-0.020036999999998528,1.489567000000001,-24.962532000000042,0.0
8,32,0.02585200000000043,1.669547999999999,-30.90905499999997,0.0
8,33,0.07444399999999973,1.886057000000001,-38.22607900000003,0.0
8,34,0.22983699999999985,2.154682000000001,-48.33384800000003,0.0
8,35,0.1944279999999985,2.498611999999998,-59.74419599999992,0.0
8,36,0.28166900000000084,2.9583220000000026,-76.5319740000001,0.0
8,37,0.3953479999999985,3.579616999999999,-99.80802599999993,0.0
8,38,0.5971830000000011,4.388590999999998,-131.35474399999995,0.0
8,39,0.7144240000000011,5.399704,-170.714966,0.0
9,0,-0.7127029999999994,0.0064400000000013335,15.142328999999995,0.0
9,1,-0.7109860000000009,0.008141999999999872,15.126876000000008,0.0
9,2,-0.7063579999999998,0.014829999999999899,15.073728999999998,0.0
9,3,-0.7030550000000009,0.018181000000000225,15.033949000000007,0.0
9,4,-0.6986980000000003,0.023716000000000292,14.972596000000001,0.0
9,5,-0.6951030000000014,0.02810399999999902,14.918301000000017,0.0
9,6,-0.6923510000000004,0.029479999999999507,14.886653000000006,0.0
9,7,-0.6874909999999996,0.03434000000000026,14.813752999999995,0.0
9,8,-0.6808029999999992,0.04190200000000033,14.70062699999999,0.0
9,9,-0.6730599999999995,0.051285000000000025,14.555875999999996,0.0
9,10,-0.6635860000000005,0.06387900000000002,14.357264000000004,0.0
9,11,-0.6525470000000002,0.07736300000000007,14.123073000000002,0.0
9,12,-0.6397209999999998,0.09611400000000003,13.801377999999998,0.0
9,13,-0.6246670000000005,0.11255599999999966,13.46858800000001,0.0
9,14,-0.6069929999999992,0.13401200000000024,13.03059399999999,0.0
9,15,-0.5865729999999996,0.16333999999999982,12.436221999999999,0.0
9,16,-0.5631120000000003,0.19117299999999915,11.807578000000015,0.0
9,17,-0.5369989999999998,0.2302250000000008,10.947728999999985,0.0
9,18,-0.5075430000000001,0.2720540000000007,9.97153199999999,0.0
9,19,-0.4745000000000008,0.32148799999999866,8.784333000000032,0.0
9,20,-0.4378780000000013,0.3802719999999997,7.337839000000017,0.0
9,21,-0.39796499999999924,0.44252100000000105,5.733641999999971,0.0
9,22,-0.3536590000000004,0.5123689999999996,3.8680800000000115,0.0
9,23,-0.30533199999999994,0.5906110000000009,1.7118129999999798,0.0
9,24,-0.25470400000000026,0.6813269999999996,-0.830306999999987,0.0
9,25,-0.20172600000000074,0.7781509999999994,-3.6308849999999797,0.0
9,26,-0.1471089999999986,0.8832730000000009,-6.7504880000000345,0.0
9,27,-0.09196700000000035,0.9943329999999992,-10.134325999999978,0.0
9,28,0.028178999999999732,1.1159310000000016,-14.49878600000004,0.0
9,29,0.016848999999997005,1.2468349999999973,-18.062127999999895,0.0
9,30,0.14543200000000311,1.386408000000003,-23.266992000000116,0.0
9,31,0.20303399999999883,1.5413779999999981,-28.434509999999936,0.0
9,32,0.17369500000000215,1.7214780000000012,-33.75355900000006,0.0
9,33,0.3172409999999992,1.9421989999999987,-42.10854499999995,0.0
9,34,0.38009699999999924,2.2171580000000013,-51.74789600000003,0.0
9,35,0.36899700000000024,2.575295999999998,-63.82468799999994,0.0
9,36,0.46749499999999955,3.056820000000002,-81.56451000000006,0.0
9,37,0.5971830000000011,3.7093050000000005,-106.22116200000002,0.0
9,38,0.770629999999997,4.534016000000001,-138.296492,0.0
10,0,-0.6718320000000002,0.008141999999999427,14.774490000000002,0.0
10,1,-0.6695809999999994,0.010207999999999995,14.751979999999994,0.0
10,2,-0.6638819999999992,0.018181000000000225,14.681391999999992,0.0
10,3,-0.6598120000000005,0.022213999999999956,14.628630000000005,0.0
10,4,-0.6598120000000005,0.023716000000000292,14.622622000000003,0.0
10,5,-0.6548020000000001,0.028726000000000695,14.552481999999998,0.0
10,6,-0.6474539999999998,0.03558400000000006,14.444711999999997,0.0
10,7,-0.6409739999999999,0.041983000000000104,14.341517999999999,0.0
10,8,-0.633083000000001,0.049873999999999086,14.207371000000016,0.0
10,9,-0.6236180000000004,0.060750000000000526,14.025713,0.0
10,10,-0.6123209999999997,0.0751760000000008,13.78290899999999,0.0
10,11,-0.5992530000000009,0.09043099999999882,13.499679000000022,0.0
10,12,-0.5843970000000009,0.11097000000000001,13.125190000000009,0.0
10,13,-0.5667030000000004,0.1302500000000002,12.716890000000001,0.0
10,14,-0.5456730000000007,0.1550419999999999,12.184294000000008,0.0
10,15,-0.5220599999999997,0.1869530000000008,11.501409999999986,0.0
10,16,-0.4950759999999992,0.2181569999999997,10.763509999999997,0.0
10,17,-0.4649610000000006,0.26033999999999935,9.787432000000017,0.0
10,18,-0.4312050000000003,0.305810000000001,8.676881999999985,0.0
10,19,-0.39356599999999986,0.3591269999999991,7.340786000000016,0.0
10,20,-0.3524199999999986,0.42141800000000096,5.745796999999968,0.0
10,21,-0.3073309999999996,0.4876100000000001,3.9710669999999944,0.0
10,22,-0.2578390000000006,0.5618609999999986,1.9168760000000358,0.0
10,23,-0.20442600000000155,0.6440239999999999,-0.4248399999999837,0.0
10,24,-0.14868200000000087,0.7370710000000003,-3.122360999999998,0.0
10,25,-0.09076299999999904,0.8360700000000012,-6.077527000000037,0.0
10,26,-0.03141500000000086,0.942620999999999,-9.334781999999967,0.0
10,27,0.08204300000000053,1.0539269999999998,-13.363318,0.0
10,28,0.08749899999999755,1.1752509999999994,-16.69362599999996,0.0
10,29,0.2078729999999993,1.3047680000000028,-21.523842000000073,0.0
10,30,0.20303399999999883,1.4440099999999987,-25.51346999999995,0.0
10,31,0.3307450000000003,1.5981020000000008,-31.41334000000003,0.0
10,32,0.3916000000000004,1.778960999999999,-37.62851899999997,0.0
10,33,0.38009699999999924,2.0050549999999987,-44.74849699999995,0.0
10,34,0.450251999999999,2.287313000000001,-54.764561000000015,0.0
10,35,0.5359750000000005,2.6610189999999996,-68.327795,0.0
10,36,0.647872999999997,3.1687179999999984,-87.21623999999991,0.0
10,37,0.7980769999999993,3.8320620000000005,-112.59866400000003,0.0
11,0,-0.6310139999999995,0.010208000000000439,14.366309999999995,0.0
11,1,-0.6282880000000015,0.012744999999998896,14.336324000000017,0.0
11,2,-0.624962,0.01607100000000017,14.296412,0.0
11,3,-0.6206839999999989,0.022355000000000125,14.236785999999988,0.0
11,4,-0.6159729999999994,0.028726000000000695,14.164191999999991,0.0
11,5,-0.6100900000000005,0.03558400000000006,14.071072000000004,0.0
11,6,-0.6017850000000005,0.042936000000000085,13.942957000000003,0.0
11,7,-0.5932569999999995,0.050669000000000075,13.802750999999994,0.0
11,8,-0.584611999999999,0.05931400000000053,13.647140999999985,0.0
11,9,-0.5729740000000003,0.07238799999999923,13.41453100000001,0.0
11,10,-0.5596870000000003,0.08846300000000085,13.123698999999995,0.0
11,11,-0.5444399999999998,0.10567799999999927,12.783832000000006,0.0
11,12,-0.5271159999999995,0.12829400000000035,12.34449199999999,0.0
11,13,-0.5066269999999999,0.15073899999999973,11.849773000000003,0.0
11,14,-0.4823519999999988,0.17931700000000106,11.211233999999973,0.0
11,15,-0.4557359999999999,0.21356899999999968,10.438930000000004,0.0
11,16,-0.4251819999999995,0.24871100000000013,9.575705999999993,0.0
11,17,-0.390979999999999,0.29454199999999986,8.466187999999992,0.0
11,18,-0.3529549999999997,0.34383500000000033,7.209931999999991,0.0
11,19,-0.3108360000000001,0.40124599999999866,5.713225000000026,0.0
11,20,-0.26511300000000126,0.4671409999999998,3.958267000000017,0.0
11,21,-0.2151720000000008,0.5375510000000006,2.000715999999997,0.0
11,22,-0.1609879999999997,0.6160449999999997,-0.24368199999999796,0.0
11,23,-0.10316100000000006,0.7018509999999996,-2.767510999999992,0.0
11,24,-0.043060999999999794,0.7971710000000005,-5.620971000000015,0.0
11,25,0.01890500000000017,0.8980360000000012,-8.72335700000003,0.0
11,26,0.1258589999999984,1.0057589999999994,-12.592925999999967,0.0
11,27,0.19184399999999968,1.1170369999999998,-16.211988999999992,0.0
11,28,0.2575250000000011,1.2379709999999982,-20.199697999999962,0.0
11,29,0.3227940000000018,1.3661720000000024,-24.507285000000092,0.0
11,30,0.38686999999999827,1.505478,-29.251994999999983,0.0
11,31,0.4513549999999995,1.658957000000001,-34.56570000000002,0.0
11,32,0.5152699999999975,1.8411039999999979,-40.915321999999904,0.0
11,33,0.5219590000000025,2.073271000000002,-48.41824500000009,0.0
11,34,0.6536259999999992,2.364265999999997,-59.46941699999989,0.0
11,35,0.6958330000000004,2.7579400000000014,-73.31861000000006,0.0
11,36,0.7980769999999993,3.2709619999999973,-92.3990639999999,0.0
12,0,-0.5905240000000003,0.012745000000000672,13.920920000000002,0.0
12,1,-0.5872789999999997,0.01599000000000217,13.881979999999995,0.0
12,2,-0.5827819999999999,0.02056799999999992,13.823438,0.0
12,3,-0.5774990000000004,0.0273519999999996,13.746474000000006,0.0
12,4,-0.5720210000000003,0.03460899999999967,13.657188000000005,0.0
12,5,-0.5650189999999995,0.042936000000000085,13.538530999999994,0.0
12,6,-0.5555819999999994,0.05152100000000015,13.382361999999992,0.0
12,7,-0.5453790000000014,0.06051899999999932,13.205938000000021,0.0
12,8,-0.5353470000000007,0.07055100000000003,13.015330000000008,0.0
12,9,-0.5214359999999996,0.08629900000000035,12.722413999999992,0.0
12,10,-0.505992,0.10390700000000042,12.378613999999995,0.0
12,11,-0.48842499999999944,0.12324499999999983,11.974429999999995,0.0
12,12,-0.4683510000000002,0.1483679999999996,11.457189000000007,0.0
12,13,-0.44492200000000004,0.17416799999999988,10.866441000000002,0.0
12,14,-0.4176220000000006,0.2066170000000005,10.117004000000001,0.0
12,15,-0.3878029999999999,0.24338800000000038,9.244381999999995,0.0
12,16,-0.35361500000000134,0.2828989999999987,8.241461000000037,0.0
12,17,-0.31534500000000065,0.33281200000000055,6.983612999999998,0.0
12,18,-0.2731860000000008,0.38599400000000017,5.573611000000007,0.0
12,19,-0.22681399999999918,0.4476180000000003,3.907914999999985,0.0
12,20,-0.17671199999999843,0.5172430000000006,1.9838159999999707,0.0
12,21,-0.12246399999999902,0.591799,-0.1582800000000102,0.0
12,22,-0.06422399999999939,0.6742849999999994,-2.589365999999993,0.0
12,23,-0.0027159999999994966,0.7633589999999995,-5.287089999999992,0.0
12,24,0.06084800000000001,0.860735,-8.289506000000001,0.0
12,25,0.1618890000000004,0.9630469999999995,-11.957485999999994,0.0
12,26,0.19184399999999968,1.0717440000000007,-15.034371000000014,0.0
12,27,0.29690800000000017,1.1827180000000013,-19.180463000000035,0.0
12,28,0.36430000000000007,1.3032399999999988,-23.24326099999997,0.0
12,29,0.43127799999999894,1.4302479999999989,-27.603220999999955,0.0
12,30,0.4971100000000028,1.5699630000000013,-32.444940000000074,0.0
12,31,0.5634440000000005,1.7228719999999988,-37.82821799999998,0.0
12,32,0.5808590000000002,1.9066930000000006,-43.73564900000002,0.0
12,33,0.6536259999999992,2.146038000000001,-52.267893000000015,0.0
12,34,0.7393640000000019,2.450004,-63.32762700000002,0.0
12,35,0.8239100000000015,2.842486000000001,-77.68656700000004,0.0
13,0,-0.5505430000000002,0.01599000000000217,13.441148000000002,0.0
13,1,-0.5462660000000001,0.02026700000000048,13.385547000000003,0.0
13,2,-0.5408750000000007,0.0259589999999994,13.30977200000001,0.0
13,3,-0.5343829999999992,0.033337000000000394,13.210619999999988,0.0
13,4,-0.5280579999999997,0.04161100000000051,13.101623999999994,0.0
13,5,-0.5197510000000003,0.04991799999999991,12.960405000000005,0.0
13,6,-0.5092569999999998,0.06126699999999996,12.767237999999999,0.0
13,7,-0.4972810000000001,0.07189699999999988,12.547770000000002,0.0
13,8,-0.4852159999999994,0.08396200000000054,12.306469999999988,0.0
13,9,-0.4691010000000002,0.10241399999999956,11.949359000000007,0.0
13,10,-0.4513280000000002,0.12168000000000045,11.544915999999997,0.0
13,11,-0.431273,0.14329999999999998,11.068001,0.0
13,12,-0.40827800000000014,0.1713629999999995,10.460373000000008,0.0
13,13,-0.3817969999999997,0.2006490000000003,9.764687999999992,0.0
13,14,-0.35165500000000005,0.23675900000000016,8.903412,0.0
13,15,-0.3183820000000006,0.2766609999999998,7.912235000000011,0.0
13,16,-0.28057299999999863,0.32070800000000066,6.760012999999972,0.0
13,17,-0.23836799999999947,0.3750169999999997,5.342403999999998,0.0
13,18,-0.19230400000000003,0.4320579999999996,3.7738750000000074,0.0
13,19,-0.14203100000000113,0.4978909999999992,1.9353320000000291,0.0
13,20,-0.0880030000000005,0.5712710000000012,-0.16125200000001705,0.0
13,21,-0.030111000000001553,0.6496909999999989,-2.4822479999999576,0.0
13,22,0.03141199999999955,0.7358080000000005,-5.090504000000005,0.0
13,23,0.09578800000000065,0.8277350000000006,-7.949786000000021,0.0
13,24,0.1618890000000004,0.9268359999999998,-11.088422,0.0
13,25,0.2289860000000008,1.030144,-14.440075000000009,0.0
13,26,0.29690800000000017,1.139666,-18.061111000000004,0.0
13,27,0.39672599999999925,1.2501100000000012,-22.23028900000002,0.0
13,28,0.46497099999999847,1.3702179999999977,-26.360389999999917,0.0
13,29,0.5327890000000011,1.4960800000000027,-30.766160000000095,0.0
13,30,0.5992569999999979,1.636296999999999,-35.69653699999994,0.0
13,31,0.6661149999999978,1.7884390000000003,-41.129950999999984,0.0
13,32,0.7326049999999995,1.975237,-47.78505899999999,0.0
13,33,0.8060229999999997,2.2252159999999996,-56.73882099999999,0.0
13,34,0.8470039999999983,2.520274999999998,-67.00852099999992,0.0
14,0,-0.5111289999999995,0.02026700000000048,12.928765999999992,0.0
14,1,-0.5057970000000003,0.0259589999999994,12.853758000000004,0.0
14,2,-0.49950199999999967,0.032254000000000005,12.759332999999994,0.0
14,3,-0.4916130000000001,0.040443999999999924,12.632507,0.0
14,4,-0.4842139999999997,0.04991799999999991,12.498423999999996,0.0
14,5,-0.47442899999999977,0.06126699999999996,12.314473999999997,0.0
14,6,-0.4627629999999989,0.07241500000000034,12.095409999999983,0.0
14,7,-0.44894800000000146,0.08509599999999917,11.825914000000026,0.0
14,8,-0.4344109999999999,0.09963300000000075,11.520636999999994,0.0
14,9,-0.4161969999999995,0.12062799999999996,11.097680999999994,0.0
14,10,-0.39594800000000063,0.1419289999999993,10.622486000000016,0.0
14,11,-0.3731070000000001,0.16614100000000054,10.060591999999996,0.0
14,12,-0.3470879999999994,0.19738200000000017,9.35267499999999,0.0
14,13,-0.31747800000000037,0.23025899999999933,8.543611000000013,0.0
14,14,-0.2843410000000004,0.26989600000000014,7.5644120000000035,0.0
14,15,-0.24750300000000003,0.3134990000000002,6.4382379999999975,0.0
14,16,-0.20614199999999983,0.36206900000000086,5.130633999999985,0.0
14,17,-0.16041300000000014,0.4207459999999994,3.5515960000000124,0.0
14,18,-0.11075499999999927,0.4817160000000005,1.819893999999982,0.0
14,19,-0.05702799999999897,0.5516179999999995,-0.19052000000000469,0.0
14,20,0.00032500000000013074,0.6286240000000003,-2.456576000000007,0.0
14,21,0.061069000000001594,0.7104350000000004,-4.943212000000029,0.0
14,22,0.12506100000000053,0.7997999999999994,-7.715764999999994,0.0
14,23,0.19145600000000051,0.8941300000000005,-10.720555000000019,0.0
14,24,0.25918000000000063,0.9945599999999999,-13.978581000000005,0.0
14,25,0.32763899999999957,1.0986029999999989,-17.434038999999963,0.0
14,26,0.42171100000000017,1.2087529999999997,-21.504796999999996,0.0
14,27,0.4913759999999989,1.3183550000000004,-25.329759,0.0
14,28,0.5595950000000016,1.4380360000000003,-29.51621200000003,0.0
14,29,0.6271950000000004,1.5625479999999996,-33.948947999999994,0.0
14,30,0.693245000000001,1.7031549999999989,-38.951250999999985,0.0
14,31,0.7599870000000024,1.854929000000002,-44.4388590000001,0.0
14,32,0.828951,2.048655,-51.409861,0.0
14,33,0.8664570000000005,2.2856500000000004,-59.518785000000015,0.0
15,0,-0.4722180000000007,0.025598999999999705,12.38401200000001,0.0
15,1,-0.46588399999999996,0.03193299999999866,12.289002,0.0
15,2,-0.45857100000000006,0.040443999999999924,12.169919,0.0
15,3,-0.44921200000000105,0.04882299999999962,12.012776000000017,0.0
15,4,-0.44031900000000057,0.0577160000000001,11.852702000000008,0.0
15,5,-0.42890799999999984,0.07111400000000057,11.627944999999995,0.0
15,6,-0.4157630000000001,0.08532799999999963,11.359700000000004,0.0
15,7,-0.40007000000000037,0.10032700000000006,11.034311000000006,0.0
15,8,-0.38286400000000054,0.11753299999999989,10.65577900000001,0.0
15,9,-0.3626010000000006,0.14089099999999988,10.164970000000011,0.0
15,10,-0.33973099999999956,0.16479900000000036,9.606747999999989,0.0
15,11,-0.31378100000000053,0.19209099999999957,8.944578000000012,0.0
15,12,-0.28469500000000014,0.22646800000000056,8.130140999999995,0.0
15,13,-0.25189799999999973,0.26305599999999973,7.199129999999999,0.0
15,14,-0.21554200000000012,0.30625199999999975,6.092242000000005,0.0
15,15,-0.17519699999999983,0.3538440000000005,4.82077899999999,0.0
15,16,-0.13044300000000053,0.40682300000000016,3.3547840000000058,0.0
15,17,-0.08171300000000059,0.46947599999999934,1.6213860000000198,0.0
15,18,-0.028866999999999976,0.5345620000000011,-0.2777660000000193,0.0
15,19,0.027777000000000385,0.6082619999999999,-2.4540260000000025,0.0
15,20,0.08775400000000033,0.6886010000000002,-4.880122000000009,0.0
15,21,0.15053499999999964,0.7732159999999997,-7.514136999999986,0.0
15,22,0.21615899999999932,0.8654239999999991,-10.43486499999997,0.0
15,23,0.3045460000000002,0.9617509999999996,-13.879863999999994,0.0
15,24,0.352328,1.0631080000000015,-16.927805000000035,0.0
15,25,0.4414479999999994,1.167985999999999,-20.781676999999966,0.0
15,26,0.5112319999999997,1.2784179999999985,-24.589236999999958,0.0
15,27,0.5595950000000016,1.386574000000003,-28.126738000000106,0.0
15,28,0.6479699999999973,1.505635999999999,-32.66703699999994,0.0
15,29,0.693245000000001,1.6285980000000002,-36.78909800000002,0.0
15,30,0.7796169999999982,1.7698970000000003,-42.18234899999998,0.0
15,31,0.8476180000000006,1.9238929999999996,-47.822244,0.0
15,32,0.893031999999998,2.101113999999999,-53.99730499999994,0.0
16,0,-0.43359299999999923,0.03193299999999866,11.804636999999989,0.0
16,1,-0.42621600000000015,0.039309999999998624,11.686605000000004,0.0
16,2,-0.41771699999999967,0.048066000000000386,11.541864999999994,0.0
16,3,-0.4070020000000003,0.05862699999999954,11.349303000000006,0.0
16,4,-0.3962709999999996,0.07111400000000057,11.13838999999999,0.0
16,5,-0.38306299999999993,0.08532799999999963,10.869200000000001,0.0
16,6,-0.3681339999999995,0.10032700000000006,10.555270999999992,0.0
16,7,-0.35045599999999943,0.11776900000000001,10.167770999999991,0.0
16,8,-0.33050399999999946,0.13772099999999998,9.708874999999992,0.0
16,9,-0.30796199999999985,0.16479900000000036,9.130212999999994,0.0
16,10,-0.28234400000000015,0.19041700000000006,8.489763000000002,0.0
16,11,-0.25326299999999957,0.22117200000000015,7.7169169999999925,0.0
16,12,-0.2210749999999999,0.2586560000000002,6.789584999999995,0.0
16,13,-0.18510000000000026,0.2990309999999994,5.729485000000011,0.0
16,14,-0.1454499999999994,0.3459020000000006,4.485761999999983,0.0
16,15,-0.1017809999999999,0.397513,3.0645039999999995,0.0
16,16,-0.05387500000000056,0.4547289999999995,1.4397680000000168,0.0
16,17,-0.0024210000000000065,0.5209299999999999,-0.44271199999999844,0.0
16,18,0.053119999999999834,0.5901030000000009,-2.5073090000000136,0.0
16,19,0.11210799999999921,0.6672499999999992,-4.839762999999973,0.0
16,20,0.17401799999999845,0.7505109999999995,-7.412281999999966,0.0
16,21,0.2380399999999998,0.837238000000001,-10.171174000000017,0.0
16,22,0.3045460000000002,0.9319299999999995,-13.223801999999992,0.0
16,23,0.3727050000000016,1.029910000000001,-16.469906000000048,0.0
16,24,0.4414479999999994,1.1318509999999993,-19.91443699999997,0.0
16,25,0.5267379999999999,1.2377699999999994,-23.821132999999982,0.0
16,26,0.580834000000003,1.3480200000000018,-27.442919000000092,0.0
16,27,0.6642319999999984,1.4537099999999974,-31.5252269999999,0.0
16,28,0.7142759999999981,1.571942,-35.51819499999997,0.0
16,29,0.7938130000000001,1.6939390000000003,-40.20670300000001,0.0
16,30,0.8599379999999996,1.8378980000000027,-45.439514000000074,0.0
16,31,0.9024679999999989,1.969306999999997,-50.062263999999885,0.0
17,0,-0.395054,0.039309999999998624,11.188013000000002,0.0
17,1,-0.3865020000000001,0.048066000000000386,11.042425000000001,0.0
17,2,-0.37663700000000055,0.057930999999999955,10.86485500000001,0.0
17,3,-0.3645939999999994,0.07001400000000046,10.635957999999988,0.0
17,4,-0.3518119999999998,0.08279600000000009,10.380317999999995,0.0
17,5,-0.3366510000000007,0.09948299999999932,10.055833000000014,0.0
17,6,-0.3195170000000003,0.11776900000000001,9.672747000000005,0.0
17,7,-0.2997240000000003,0.13756199999999996,9.217508000000006,0.0
17,8,-0.2771170000000005,0.1603279999999998,8.67382700000001,0.0
17,9,-0.2519739999999997,0.19041700000000006,8.003842999999994,0.0
17,10,-0.2235149999999999,0.21887599999999985,7.263909,0.0
17,11,-0.1914220000000002,0.25326499999999985,6.374438000000006,0.0
17,12,-0.15614300000000014,0.2939350000000003,5.327324999999998,0.0
17,13,-0.11704699999999946,0.33812700000000007,4.132388999999989,0.0
17,14,-0.0742130000000003,0.38873599999999975,2.7462940000000096,0.0
17,15,-0.027482000000000006,0.4442440000000003,1.1747549999999958,0.0
17,16,0.023236999999999952,0.5054479999999995,-0.6055279999999907,0.0
17,17,0.07718799999999959,0.5748809999999995,-2.633622999999986,0.0
17,18,0.13490099999999927,0.6478160000000006,-4.854638999999999,0.0
17,19,0.19562200000000018,0.7279710000000001,-7.329686000000006,0.0
17,20,0.2587880000000009,0.8136770000000002,-10.03192200000002,0.0
17,21,0.3234149999999989,0.901864999999999,-12.894340999999963,0.0
17,22,0.39016999999999946,0.998685,-16.062395999999993,0.0
17,23,0.45834699999999984,1.0980870000000014,-19.40824900000003,0.0
17,24,0.5267379999999999,1.2002419999999994,-22.92046099999998,0.0
17,25,0.6078869999999998,1.3066519999999997,-26.853833999999992,0.0
17,26,0.6642319999999984,1.416632,-30.56119899999997,0.0
17,27,0.7411789999999989,1.518808,-34.52587399999998,0.0
17,28,0.8042660000000019,1.6364249999999991,-38.77401200000001,0.0
17,29,0.8599379999999996,1.7600639999999999,-43.18232799999999,0.0
17,30,0.9024679999999989,1.880428000000002,-47.39589400000004,0.0
18,0,-0.35660200000000053,0.04786199999999852,10.53432900000001,0.0
18,1,-0.34670500000000004,0.057930999999999955,10.356011,0.0
18,2,-0.33529699999999973,0.06933900000000026,10.139258999999996,0.0
18,3,-0.3218129999999997,0.0831470000000003,9.868930999999993,0.0
18,4,-0.30684800000000045,0.09811199999999953,9.55466600000001,0.0
18,5,-0.2895759999999994,0.11739100000000047,9.166017999999987,0.0
18,6,-0.27010299999999976,0.1368640000000001,8.718138999999995,0.0
18,7,-0.2478290000000003,0.15983599999999942,8.17937500000001,0.0
18,8,-0.22266799999999964,0.18548900000000046,7.54690599999999,0.0
18,9,-0.19472500000000004,0.2165189999999999,6.795692000000002,0.0
18,10,-0.16336999999999957,0.25326499999999985,5.897553999999994,0.0
18,11,-0.12834599999999963,0.2882889999999998,4.916881999999996,0.0
18,12,-0.09005300000000016,0.33222799999999975,3.744279000000006,0.0
18,13,-0.04797700000000038,0.38020299999999985,2.4112110000000087,0.0
18,14,-0.002200000000000202,0.4345129999999999,0.8811950000000044,0.0
18,15,0.047244999999999315,0.4936889999999998,-0.8372789999999855,0.0
18,16,0.10034900000000047,0.5585520000000006,-2.766096000000018,0.0
18,17,0.15639300000000134,0.6309250000000004,-4.932856000000031,0.0
18,18,0.21568700000000085,0.7279710000000001,-7.670791000000017,0.0
18,19,0.2774789999999996,0.7897629999999989,-9.895302999999972,0.0
18,20,0.3412570000000006,0.8774550000000012,-12.709455000000034,0.0
18,21,0.40618599999999994,0.9667939999999984,-15.664956999999967,0.0
18,22,0.472665000000001,1.065164000000001,-18.927349000000042,0.0
18,23,0.5404079999999993,1.1658299999999997,-22.36137499999998,0.0
18,24,0.6078869999999998,1.2677209999999999,-25.919489999999996,0.0
18,25,0.6748909999999988,1.3736559999999987,-29.668001999999944,0.0
18,26,0.7491190000000003,1.48292,-33.73570600000001,0.0
18,27,0.812223000000003,1.581895000000003,-37.44492800000013,0.0
18,28,0.8752879999999976,1.700454999999998,-41.7812179999999,0.0
18,29,0.9118630000000003,1.7998979999999989,-45.223971999999975,0.0
19,0,-0.3180749999999999,0.057758999999999006,9.840842999999998,0.0
19,1,-0.3066559999999998,0.06917799999999907,9.623881999999996,0.0
19,2,-0.29353300000000004,0.08246200000000004,9.361261,0.0
19,3,-0.2784059999999995,0.0981930000000002,9.04238599999999,0.0
19,4,-0.26115699999999986,0.11675500000000039,8.657655999999996,0.0
19,5,-0.24161300000000008,0.13629900000000017,8.208144,0.0
19,6,-0.21968600000000027,0.1587909999999999,7.679071000000006,0.0
19,7,-0.19482,0.1847019999999997,7.051151000000002,0.0
19,8,-0.16699200000000047,0.2165189999999999,6.29649800000001,0.0
19,9,-0.13616899999999976,0.24734200000000062,5.46427699999999,0.0
19,10,-0.1019180000000004,0.2844819999999997,4.479248000000011,0.0
19,11,-0.06404500000000013,0.32616200000000006,3.342861000000002,0.0
19,12,-0.022861999999999938,0.38020299999999985,1.9591410000000007,0.0
19,13,0.0219750000000003,0.4250400000000001,0.5691939999999933,0.0
19,14,0.07037100000000063,0.48290900000000025,-1.1026270000000151,0.0
19,15,0.12209500000000073,0.5454129999999999,-2.9604390000000125,0.0
19,16,0.17708100000000027,0.6135380000000001,-5.027048000000007,0.0
19,17,0.23467400000000005,0.6885180000000002,-7.3209950000000035,0.0
19,18,0.29493100000000005,0.7897629999999989,-10.20943899999998,0.0
19,19,0.3572009999999999,0.8520329999999987,-12.513428999999974,0.0
19,20,0.42103999999999964,0.941294000000001,-15.422329000000012,0.0
19,21,0.4861690000000003,1.031922999999999,-18.472359999999988,0.0
19,22,0.5519370000000006,1.1309320000000014,-21.80114100000004,0.0
19,23,0.6187620000000003,1.2326549999999994,-25.30872199999999,0.0
19,24,0.6846429999999994,1.333601999999999,-28.88224199999997,0.0
19,25,0.7491190000000003,1.4381319999999995,-32.61600599999999,0.0
19,26,0.812223000000003,1.5460240000000027,-36.51228200000013,0.0
19,27,0.8752879999999976,1.6449599999999975,-40.28285299999989,0.0
19,28,0.9151939999999996,1.7370300000000007,-43.52695700000001,0.0
20,0,-0.279223,0.06917799999999907,9.102655,0.0
20,1,-0.2660969999999998,0.0823040000000006,8.840134999999997,0.0
20,2,-0.2510979999999998,0.09746100000000002,8.524997999999997,0.0
20,3,-0.23399000000000036,0.11530099999999965,8.147158000000008,0.0
20,4,-0.2144680000000001,0.13496400000000008,7.697729000000002,0.0
20,5,-0.19252700000000011,0.1587909999999999,7.163050000000003,0.0
20,6,-0.16803599999999985,0.18328200000000017,6.550774999999996,0.0
20,7,-0.14047499999999946,0.2122630000000001,5.825668999999989,0.0
20,8,-0.10992800000000003,0.24386399999999941,4.993522000000005,0.0
20,9,-0.07623000000000069,0.28103999999999996,4.022154000000014,0.0
20,10,-0.03913399999999978,0.32616200000000006,2.869551999999995,0.0
20,11,0.0014839999999995968,0.36677999999999944,1.651012000000014,0.0
20,12,0.04534299999999991,0.4250400000000001,0.1252020000000007,0.0
20,13,0.092638,0.47233500000000017,-1.388238000000002,0.0
20,14,0.14326499999999953,0.5335359999999998,-3.1963909999999878,0.0
20,15,0.19680499999999945,0.5989529999999998,-5.183028999999987,0.0
20,16,0.27103699999999975,0.669886,-7.731663999999995,0.0
20,17,0.311693,0.7470580000000009,-9.779536000000014,0.0
20,18,0.37234999999999907,0.8280239999999992,-12.369097999999967,0.0
20,19,0.4345990000000004,0.914282,-15.166722000000009,0.0
20,20,0.49804099999999885,1.0047359999999994,-18.154187999999966,0.0
20,21,0.562811,1.0966930000000001,-21.288728000000006,0.0
20,22,0.6274029999999993,1.1955240000000007,-24.656019,0.0
20,23,0.6926260000000006,1.2978780000000008,-28.21226700000003,0.0
20,24,0.7561,1.3970759999999984,-31.763300999999963,0.0
20,25,0.8180119999999995,1.500043999999999,-35.472772999999975,0.0
20,26,0.8796019999999984,1.6076140000000017,-39.39382300000001,0.0
20,27,0.9151939999999996,1.6805519999999987,-42.00205099999996,0.0
21,0,-0.2397990000000001,0.0823040000000006,8.314175000000002,0.0
21,1,-0.2247950000000003,0.09746100000000002,7.998938000000005,0.0
21,2,-0.20777299999999999,0.11448300000000033,7.624453999999998,0.0
21,3,-0.18843799999999966,0.13463599999999998,7.178112999999993,0.0
21,4,-0.1665709999999998,0.15683099999999994,6.652320999999996,0.0
21,5,-0.14211000000000018,0.18328200000000017,6.032255000000003,0.0
21,6,-0.11497600000000041,0.2122630000000001,5.315689000000008,0.0
21,7,-0.08464600000000022,0.24386399999999941,4.487882000000009,0.0
21,8,-0.051393999999999274,0.28103999999999996,3.5254339999999855,0.0
21,9,-0.014889999999999404,0.3175439999999998,2.4668179999999893,0.0
21,10,0.02492800000000006,0.36677999999999944,1.1821320000000046,0.0
21,11,0.06810900000000064,0.409961,-0.15647900000001336,0.0
21,12,0.11436400000000013,0.46352499999999974,-1.7170379999999996,0.0
21,13,0.1637569999999995,0.5217279999999995,-3.4527269999999834,0.0
21,14,0.2349060000000005,0.5859770000000006,-5.782093000000019,0.0
21,15,0.2887050000000002,0.6537919999999993,-7.861281999999994,0.0
21,16,0.34432300000000104,0.7270409999999998,-10.12799500000002,0.0
21,17,0.3871349999999989,0.8060010000000002,-12.29040699999998,0.0
21,18,0.44772000000000034,0.8886090000000006,-14.967028000000019,0.0
21,19,0.5095240000000008,0.9760860000000005,-17.83949800000002,0.0
21,20,0.5722170000000002,1.0674289999999989,-20.89156799999998,0.0
21,21,0.635879000000001,1.160355000000001,-24.086990000000043,0.0
21,22,0.6986930000000005,1.2583380000000002,-27.463727000000013,0.0
21,23,0.7615780000000001,1.3607630000000004,-31.03766200000001,0.0
21,24,0.8224870000000024,1.4579850000000008,-34.55285700000007,0.0
21,25,0.883301000000003,1.5608579999999996,-38.29890300000005,0.0
21,26,0.9166990000000013,1.641012,-41.00411100000002,0.0
22,0,-0.19961299999999982,0.09730799999999906,7.4702689999999965,0.0
22,1,-0.1825669999999997,0.11435400000000051,7.095256999999993,0.0
22,2,-0.16338500000000034,0.1336649999999997,6.653942000000008,0.0
22,3,-0.1416900000000001,0.15633100000000022,6.131320000000001,0.0
22,4,-0.11734700000000009,0.18117399999999995,5.521245000000002,0.0
22,5,-0.06044499999999964,0.2402470000000001,4.002633999999992,0.0
22,6,-0.06044499999999964,0.24259300000000028,3.9885579999999905,0.0
22,7,-0.027317000000000036,0.27711600000000036,3.0512089999999983,0.0
22,8,0.008566999999999325,0.3175439999999998,1.974221000000016,0.0
22,9,0.047746000000000066,0.36139600000000005,0.7567939999999984,0.0
22,10,0.09008599999999944,0.40373599999999943,-0.5557459999999823,0.0
22,11,0.13557299999999994,0.4554480000000005,-2.073580000000004,0.0
22,12,0.1838519999999999,0.5118039999999997,-3.7556339999999944,0.0
22,13,0.2349060000000005,0.5727820000000001,-5.610558000000013,0.0
22,14,0.2887050000000002,0.6397760000000003,-7.665058000000009,0.0
22,15,0.34432300000000104,0.7094100000000001,-9.863530000000024,0.0
22,16,0.4017970000000002,0.784514999999999,-12.254532999999988,0.0
22,17,0.46066500000000055,0.8648690000000006,-14.835293000000021,0.0
22,18,0.5207909999999991,0.9487349999999992,-17.583786999999965,0.0
22,19,0.581821999999999,1.0371170000000003,-20.51734499999998,0.0
22,20,0.6433440000000008,1.1289510000000007,-23.61567500000003,0.0
22,21,0.7051479999999994,1.2221589999999996,-26.83952299999998,0.0
22,22,0.7656519999999993,1.318842,-30.20095399999999,0.0
22,23,0.826039999999999,1.421151,-33.78028799999998,0.0
22,24,0.885787999999998,1.5177329999999998,-37.31612999999995,0.0
22,25,0.9182449999999989,1.5933150000000005,-39.844151999999994,0.0
23,0,-0.15850700000000018,0.11435400000000051,6.5659370000000035,0.0
23,1,-0.13926700000000025,0.13359400000000043,6.123417000000005,0.0
23,2,-0.11777299999999968,0.15515900000000027,5.607489999999992,0.0
23,3,-0.09360599999999986,0.18049800000000005,5.000970999999996,0.0
23,4,-0.06668699999999994,0.20809299999999986,4.299048999999999,0.0
23,5,-0.036967000000000194,0.2402470000000001,3.486118000000004,0.0
23,6,-0.004429000000000016,0.2757209999999999,2.557438000000001,0.0
23,7,0.0314350000000001,0.3129999999999997,1.5074769999999997,0.0
23,8,0.06984800000000035,0.351413,0.35508699999999216,0.0
23,9,0.11149699999999996,0.39837200000000017,-0.9785120000000003,0.0
23,10,0.1560940000000004,0.44833299999999987,-2.4538920000000077,0.0
23,11,0.2035499999999999,0.502904,-4.091089999999998,0.0
23,12,0.25343800000000005,0.5616919999999999,-5.8851819999999995,0.0
23,13,0.305663,0.6250070000000001,-7.8461370000000015,0.0
23,14,0.36029399999999967,0.694407,-10.004849999999992,0.0
23,15,0.4162090000000003,0.7653250000000007,-12.283747000000016,0.0
23,16,0.47355700000000134,0.841863,-14.75082100000003,0.0
23,17,0.5319769999999995,0.9232889999999987,-17.397296999999966,0.0
23,18,0.6009180000000001,1.0080910000000003,-20.424574000000007,0.0
23,19,0.6512060000000002,1.09699,-23.181380000000004,0.0
23,20,0.7110279999999989,1.1887729999999994,-26.301162999999963,0.0
23,21,0.7702989999999996,1.2814300000000003,-29.517535999999996,0.0
23,22,0.8285740000000015,1.377117000000002,-32.86728800000007,0.0
23,23,0.8878580000000014,1.480435,-36.50381600000003,0.0
23,24,0.9191509999999994,1.5490259999999978,-38.801147999999934,0.0
24,0,-0.11636599999999975,0.13359400000000043,5.596693999999994,0.0
24,1,-0.09478900000000046,0.15516499999999978,5.078846000000011,0.0
24,2,-0.07080799999999998,0.17914600000000025,4.479320999999999,0.0
24,3,-0.04406800000000022,0.2072379999999998,3.7813770000000058,0.0
24,4,-0.014518000000000253,0.23764299999999983,2.9809620000000066,0.0
24,5,0.017832999999999988,0.2727850000000003,2.0630279999999988,0.0
24,6,0.05306899999999981,0.311585,1.0198000000000045,0.0
24,7,0.09145299999999956,0.351413,-0.14182799999998963,0.0
24,8,0.13236199999999965,0.39837200000000017,-1.4584069999999931,0.0
24,9,0.17622999999999944,0.44833299999999987,-2.9170199999999857,0.0
24,10,0.2227559999999995,0.502904,-4.532827999999989,0.0
24,11,0.2717830000000001,0.5519310000000006,-6.199746000000009,0.0
24,12,0.32282800000000034,0.6127370000000001,-8.093692000000008,0.0
24,13,0.37577199999999955,0.6779509999999993,-10.146915999999981,0.0
24,14,0.4305690000000002,0.7492040000000006,-12.388333000000014,0.0
24,15,0.4863659999999985,0.821121999999999,-14.73431299999995,0.0
24,16,0.5432479999999984,0.8987449999999999,-17.26382599999996,0.0
24,17,0.6009180000000001,0.9809590000000004,-19.963330000000006,0.0
24,18,0.6674559999999996,1.0663280000000004,-23.011514999999996,0.0
24,19,0.7173750000000005,1.1552100000000003,-25.80944700000002,0.0
24,20,0.7748970000000011,1.246295,-28.920590000000026,0.0
24,21,0.8315940000000008,1.338127,-32.11795800000002,0.0
24,22,0.8892009999999999,1.434724000000001,-35.52906300000002,0.0
24,23,0.9199249999999992,1.5111589999999993,-37.94800899999996,0.0
25,0,-0.07305800000000007,0.15516500000000022,4.557302000000002,0.0
25,1,-0.04900100000000061,0.1791839999999998,3.955877000000015,0.0
25,2,-0.022367000000000026,0.20581800000000028,3.263393,0.0
25,3,0.006997000000000142,0.23660199999999998,2.4677249999999966,0.0
25,4,0.03919800000000029,0.269844,1.562973999999993,0.0
25,5,0.074106,0.3080210000000001,0.5362959999999992,0.0
25,6,0.11196099999999998,0.34996899999999975,-0.623911999999998,0.0
25,7,0.1525490000000005,0.39055700000000027,-1.882140000000014,0.0
25,8,0.19596999999999998,0.44223999999999997,-3.3359429999999994,0.0
25,9,0.24174400000000063,0.49485899999999994,-4.908090000000015,0.0
25,10,0.28981800000000035,0.5519310000000006,-6.632586000000015,0.0
25,11,0.33999500000000005,0.6021080000000003,-8.388781000000005,0.0
25,12,0.3917729999999997,0.6779509999999993,-10.530939999999985,0.0
25,13,0.4449930000000002,0.7311709999999998,-12.500080000000002,0.0
25,14,0.49933799999999984,0.8035490000000003,-14.799619,0.0
25,15,0.5546870000000013,0.8764710000000004,-17.20425200000004,0.0
25,16,0.6108430000000009,0.9549009999999996,-19.784602000000014,0.0
25,17,0.6674559999999996,1.037571999999999,-22.522662999999973,0.0
25,18,0.7241149999999994,1.1229870000000002,-25.391192999999987,0.0
25,19,0.7858169999999998,1.2112480000000012,-28.52244100000002,0.0
25,20,0.8353570000000001,1.3014989999999997,-31.47571,0.0
25,21,0.8909310000000001,1.393701,-34.70910000000001,0.0
25,22,0.9203239999999973,1.4641169999999981,-36.92266099999989,0.0
26,0,-0.028443999999999914,0.1791839999999998,3.441951999999998,0.0
26,1,-0.0018859999999998323,0.20574199999999987,2.751443999999996,0.0
26,2,0.027486999999999817,0.23519099999999993,1.9582970000000048,0.0
26,3,0.05948399999999987,0.26859900000000003,1.0595590000000032,0.0
26,4,0.09428199999999975,0.3067509999999998,0.03824600000000711,0.0
26,5,0.131656,0.344125,-1.082974,0.0
26,6,0.1719330000000001,0.39055700000000027,-2.3667400000000045,0.0
26,7,0.21452899999999975,0.43574299999999955,-3.7479419999999903,0.0
26,8,0.260097,0.4880140000000006,-5.305310000000006,0.0
26,9,0.3073839999999999,0.5429329999999997,-6.981755999999994,0.0
26,10,0.3565750000000003,0.5921240000000001,-8.703441000000009,0.0
26,11,0.4074580000000001,0.6529910000000001,-10.635069000000003,0.0
26,12,0.4595079999999996,0.7311709999999998,-12.862954999999987,0.0
26,13,0.5126360000000005,0.7842990000000007,-14.881819000000023,0.0
26,14,0.5663009999999993,0.857213999999999,-17.22500399999997,0.0
26,15,0.6209670000000003,0.9311370000000014,-19.681242000000026,0.0
26,16,0.6761040000000005,1.0100379999999998,-22.298319000000006,0.0
26,17,0.731223,1.0926909999999985,-25.053860999999976,0.0
26,18,0.7858169999999998,1.177581,-27.916434999999993,0.0
26,19,0.843769,1.2651190000000003,-30.99887100000001,0.0
26,20,0.8940020000000004,1.3558130000000013,-34.028115000000035,0.0
26,21,0.9210999999999991,1.4207989999999988,-36.03238299999995,0.0
27,0,0.017557000000000045,0.20574199999999987,2.245925999999999,0.0
27,1,0.046705999999999914,0.23519099999999993,1.4586030000000023,0.0
27,2,0.07870599999999994,0.26719099999999996,0.5626030000000015,0.0
27,3,0.11328400000000016,0.30464199999999986,-0.4473700000000038,0.0
27,4,0.1505740000000002,0.3419319999999999,-1.5660700000000047,0.0
27,5,0.190264,0.3838149999999998,-2.805231999999999,0.0
27,6,0.23266600000000004,0.4331529999999999,-4.201374,0.0
27,7,0.2770520000000003,0.47753900000000016,-5.666112000000009,0.0
27,8,0.3240300000000005,0.5353010000000005,-7.345864000000017,0.0
27,9,0.37237600000000004,0.5921240000000001,-9.114267000000002,0.0
27,10,0.4221919999999999,0.64194,-10.907642999999997,0.0
27,11,0.47330699999999926,0.7041059999999995,-12.909407999999974,0.0
27,12,0.5252210000000002,0.7684790000000001,-15.019189000000006,0.0
27,13,0.5779029999999992,0.8369809999999998,-17.263626999999975,0.0
27,14,0.6308230000000012,0.9101340000000011,-19.64345600000005,0.0
27,15,0.6844819999999991,0.9847959999999993,-22.137516999999967,0.0
27,16,0.7381469999999997,1.0637030000000003,-24.770076999999997,0.0
27,17,0.7912550000000014,1.1457990000000002,-27.517529000000042,0.0
27,18,0.843769,1.2300949999999986,-30.368438999999974,0.0
27,19,0.8968430000000005,1.3181930000000008,-33.38720100000003,0.0
27,20,0.9227050000000006,1.3816750000000013,-35.29163300000004,0.0
28,0,0.06485099999999999,0.23489099999999974,0.9689880000000004,0.0
28,1,0.09658800000000012,0.26719099999999996,0.07978899999999678,0.0
28,2,0.13111700000000015,0.30172,-0.9215520000000041,0.0
28,3,0.1681499999999998,0.3419319999999999,-2.040621999999994,0.0
28,4,0.20773199999999958,0.3815139999999997,-3.2676639999999875,0.0
28,5,0.24950399999999995,0.42558700000000016,-4.613572,0.0
28,6,0.293666,0.47753900000000016,-6.11469,0.0
28,7,0.33949799999999986,0.523371,-7.672977999999996,0.0
28,8,0.3873039999999994,0.583647,-9.441029999999984,0.0
28,9,0.436223,0.64194,-11.286480000000001,0.0
28,10,0.4862120000000001,0.691929,-13.136073000000003,0.0
28,11,0.537141000000001,0.7550350000000003,-15.193145000000031,0.0
28,12,0.588572000000001,0.8369809999999998,-17.551690000000022,0.0
28,13,0.6405170000000009,0.8889259999999997,-19.62949000000002,0.0
28,14,0.6924869999999999,0.9847959999999993,-22.353651999999986,0.0
28,15,0.7446870000000008,1.0369960000000003,-24.546052000000024,0.0
28,16,0.7963810000000002,1.1153969999999997,-27.169499000000002,0.0
28,17,0.8474899999999987,1.1969079999999988,-29.904726999999944,0.0
28,18,0.8992750000000012,1.281880000000001,-32.79923100000005,0.0
28,19,0.9239190000000015,1.3428370000000012,-34.58648900000006,0.0
29,0,0.1133989999999998,0.26662799999999987,-0.3903559999999944,0.0
29,1,0.14766000000000012,0.30172,-1.3847560000000034,0.0
29,2,0.18457899999999983,0.3386389999999997,-2.492325999999994,0.0
29,3,0.22387200000000007,0.3815139999999997,-3.719584000000001,0.0
29,4,0.26548499999999997,0.4231269999999996,-5.051199999999998,0.0
29,5,0.3089979999999999,0.4691000000000001,-6.496968999999996,0.0
29,6,0.35450099999999996,0.523371,-8.093061999999998,0.0
29,7,0.40135399999999954,0.5760949999999996,-9.774013999999983,0.0
29,8,0.44956700000000005,0.6325660000000006,-11.575746000000006,0.0
29,9,0.49861799999999956,0.691929,-13.483440999999988,0.0
29,10,0.5483789999999997,0.7416900000000002,-15.374358999999995,0.0
29,11,0.5988099999999985,0.8054659999999991,-17.47461799999995,0.0
29,12,0.6494899999999983,0.87059,-19.660701999999954,0.0
29,13,0.7003950000000003,0.9398310000000016,-21.96783900000003,0.0
29,14,0.7510139999999996,1.0127229999999994,-24.38338599999998,0.0
29,15,0.8012919999999983,1.087273999999999,-26.885161999999934,0.0
29,16,0.8510419999999996,1.165147000000001,-29.496007000000006,0.0
29,17,0.9015110000000011,1.2473770000000002,-32.27528800000003,0.0
29,18,0.924925,1.305294,-33.938883000000004,0.0
30,0,0.16316500000000023,0.3008890000000002,-1.8335700000000066,0.0
30,1,0.199824,0.3386389999999997,-2.9344309999999996,0.0
30,2,0.23895200000000028,0.37776699999999996,-4.147399000000008,0.0
30,3,0.28023900000000035,0.4231269999999996,-5.47906600000001,0.0
30,4,0.3235530000000004,0.4691000000000001,-6.919064000000013,0.0
30,5,0.36841100000000004,0.5182200000000003,-8.465546000000003,0.0
30,6,0.41482499999999956,0.5702239999999996,-10.123575999999986,0.0
30,7,0.46222399999999997,0.6243080000000001,-11.876735,0.0
30,8,0.5104880000000005,0.6816170000000001,-13.734863000000015,0.0
30,9,0.5592969999999999,0.7416900000000002,-15.690980999999999,0.0
30,10,0.6085209999999996,0.8054659999999991,-17.75623699999998,0.0
30,11,0.658201,0.87059,-19.913321000000003,0.0
30,12,0.7078410000000002,0.9202300000000001,-21.948561000000005,0.0
30,13,0.7573219999999985,0.989312,-24.261974999999957,0.0
30,14,0.8061539999999994,1.0615550000000002,-26.666093999999987,0.0
30,15,0.8545700000000007,1.1356900000000003,-29.156464000000028,0.0
30,16,0.9037659999999992,1.2143429999999995,-31.812138999999966,0.0
30,17,0.9259269999999997,1.2695380000000007,-33.360089,0.0
31,0,0.21406999999999998,0.3375480000000004,-3.3607199999999997,0.0
31,1,0.25293699999999975,0.3764149999999997,-4.565596999999992,0.0
31,2,0.29402499999999954,0.4207900000000002,-5.885634999999986,0.0
31,3,0.33697799999999933,0.46644099999999966,-7.3111779999999795,0.0
31,4,0.38161299999999976,0.5139579999999997,-8.840295999999991,0.0
31,5,0.4273680000000004,0.5646339999999999,-10.466326000000011,0.0
31,6,0.47425300000000004,0.617623,-12.19081,0.0
31,7,0.5217530000000004,0.6725720000000006,-14.000453000000016,0.0
31,8,0.5697429999999999,0.7304259999999996,-15.902984999999994,0.0
31,9,0.6179990000000002,0.7909139999999999,-17.895057000000005,0.0
31,10,0.6664390000000004,0.8393540000000002,-19.832657000000015,0.0
31,11,0.715128,0.9038349999999991,-21.98682599999999,0.0
31,12,0.7633679999999998,0.989312,-24.443354999999997,0.0
31,13,0.811026,1.0369700000000002,-26.492649000000007,0.0
31,14,0.8581160000000008,1.108645000000001,-28.884214000000036,0.0
31,15,0.906054000000001,1.1836280000000006,-31.420054000000043,0.0
31,16,0.9269730000000003,1.2352619999999987,-32.84305299999999,0.0
32,0,0.26595199999999997,0.3764150000000006,-4.969061999999999,0.0
32,1,0.30676799999999993,0.41723100000000013,-6.275173999999998,0.0
32,2,0.3494970000000004,0.4615840000000002,-7.686855000000013,0.0
32,3,0.3937310000000007,0.5110760000000001,-9.204426000000023,0.0
32,4,0.4392839999999998,0.5597130000000003,-10.811116999999996,0.0
32,5,0.4854719999999997,0.6115189999999995,-12.501974999999987,0.0
32,6,0.532394,0.6651230000000004,-14.278181000000004,0.0
32,7,0.5796289999999997,0.7205620000000001,-16.13053899999999,0.0
32,8,0.6270500000000006,0.7786819999999999,-18.065550000000016,0.0
32,9,0.6745110000000007,0.8393540000000002,-20.082889000000023,0.0
32,10,0.7219040000000003,0.9038349999999991,-22.196882000000002,0.0
32,11,0.7692750000000004,0.9512059999999991,-24.186464,0.0
32,12,0.8157360000000011,1.0369700000000002,-26.63865900000004,0.0
32,13,0.8616790000000005,1.0829129999999996,-28.660151000000013,0.0
32,14,0.9083760000000005,1.155342000000001,-31.09603200000003,0.0
32,15,0.9280729999999995,1.2033249999999995,-32.398097999999976,0.0
33,0,0.31856799999999996,0.41723100000000013,-6.652773999999999,0.0
33,1,0.3609980000000004,0.4615840000000002,-8.054887000000011,0.0
33,2,0.40498499999999993,0.5079770000000003,-9.555256999999997,0.0
33,3,0.450075,0.5566289999999992,-11.144092999999998,0.0
33,4,0.496143,0.6059010000000002,-12.815357000000002,0.0
33,5,0.5422880000000001,0.6584409999999998,-14.554697000000003,0.0
33,6,0.5888930000000006,0.712358,-16.369559000000017,0.0
33,7,0.635530000000001,0.767983000000001,-18.25131800000004,0.0
33,8,0.6821380000000001,0.8145910000000001,-20.115638000000004,0.0
33,9,0.7285429999999984,0.8867469999999997,-22.238449999999943,0.0
33,10,0.7745439999999988,0.9512059999999991,-24.35507199999995,0.0
33,11,0.820329000000001,0.9969910000000013,-26.323827000000044,0.0
33,12,0.865138,1.0597399999999997,-28.492762999999997,0.0
33,13,0.9107120000000002,1.1284869999999998,-30.821669000000004,0.0
33,14,0.9292059999999989,1.2033249999999995,-32.434353999999956,0.0
34,0,0.37162300000000004,0.45966099999999965,-8.403589,0.0
34,1,0.4152769999999997,0.5033150000000006,-9.887824999999989,0.0
34,2,0.4601090000000001,0.5530670000000004,-11.464529000000004,0.0
34,3,0.5056079999999996,0.6026969999999992,-13.114885999999983,0.0
34,4,0.5518080000000003,0.6520460000000003,-14.836882000000013,0.0
34,5,0.5975010000000003,0.7050460000000003,-16.609751000000013,0.0
34,6,0.6434749999999996,0.7589950000000005,-18.450586999999988,0.0
34,7,0.6892759999999996,0.8145910000000001,-20.351191999999983,0.0
34,8,0.7348169999999996,0.8725479999999983,-22.31770099999997,0.0
34,9,0.7798350000000003,0.9327480000000001,-24.34509500000001,0.0
34,10,0.8240829999999999,0.9969910000000013,-26.44770900000001,0.0
34,11,0.8684899999999995,1.041398000000001,-28.401616999999995,0.0
34,12,0.9129909999999999,1.1284869999999998,-30.896875999999992,0.0
34,13,0.9303550000000005,1.1458510000000004,-31.69562000000002,0.0
35,0,0.4248219999999998,0.5033150000000006,-10.212354999999995,0.0
35,1,0.46927200000000013,0.5504030000000002,-11.770743000000003,0.0
35,2,0.514519,0.5985659999999999,-13.405466999999998,0.0
35,3,0.5600139999999998,0.6488969999999998,-15.103289999999992,0.0
35,4,0.6059530000000004,0.6977390000000003,-16.860584000000017,0.0
35,5,0.6509099999999997,0.7510199999999996,-18.655526999999985,0.0
35,6,0.6960299999999995,0.8047960000000005,-20.512262999999983,0.0
35,7,0.7407509999999995,0.8601320000000001,-22.42012899999998,0.0
35,8,0.7849019999999989,0.917565999999999,-24.38073499999995,0.0
35,9,0.8282030000000002,0.9608670000000004,-26.242678000000012,0.0
35,10,0.8708210000000012,1.0196140000000007,-28.263031000000048,0.0
35,11,0.9151989999999994,1.104241,-30.68099599999998,0.0
35,12,0.9314830000000001,1.1205250000000007,-31.43006000000001,0.0
36,0,0.47789899999999985,0.5477650000000018,-12.070049999999995,0.0
36,1,0.5227199999999996,0.59565,-13.686669999999985,0.0
36,2,0.5679829999999999,0.6440609999999998,-15.367696999999996,0.0
36,3,0.6131190000000002,0.6948360000000005,-17.09978200000001,0.0
36,4,0.6583259999999997,0.7426959999999996,-18.87346699999999,0.0
36,5,0.7025220000000001,0.7961399999999994,-20.687547000000002,0.0
36,6,0.7465600000000006,0.8495170000000005,-22.54913900000002,0.0
36,7,0.7899209999999997,0.9042829999999995,-24.450135999999986,0.0
36,8,0.8324050000000014,0.9608670000000004,-26.389748000000054,0.0
36,9,0.8741660000000007,1.0026279999999996,-28.227232000000022,0.0
36,10,0.9164719999999988,1.0857759999999992,-30.52243599999995,0.0
36,11,0.9325840000000003,1.1018880000000006,-31.26358800000002,0.0
37,0,0.5305210000000002,0.5925860000000007,-13.964442000000009,0.0
37,1,0.5752990000000002,0.6409130000000003,-15.624777000000009,0.0
37,2,0.6202519999999998,0.6891970000000001,-17.339652999999995,0.0
37,3,0.6647360000000004,0.740043,-19.093615000000018,0.0
37,4,0.7087400000000006,0.7868919999999999,-20.86515500000002,0.0
37,5,0.7522319999999993,0.8401779999999999,-22.697296999999978,0.0
37,6,0.7949260000000002,0.8928779999999996,-24.550481000000005,0.0
37,7,0.8366590000000009,0.9467670000000012,-26.430092000000045,0.0
37,8,0.877675,1.0026279999999996,-28.35355599999999,0.0
37,9,0.9192040000000006,1.0619199999999989,-30.382228000000012,0.0
37,10,0.9332090000000015,1.1018880000000006,-31.286088000000067,0.0
38,0,0.5820819999999998,0.6373639999999998,-15.872198999999991,0.0
38,1,0.6264250000000002,0.6858659999999999,-17.56139200000001,0.0
38,2,0.6707610000000006,0.7336810000000007,-19.297454000000023,0.0
38,3,0.7143609999999994,0.7840470000000002,-21.061751999999974,0.0
38,4,0.757009,0.8303839999999987,-22.825075999999996,0.0
38,5,0.7994029999999999,0.8828720000000008,-24.656093999999996,0.0
38,6,0.8404629999999997,0.9346110000000003,-26.485747999999994,0.0
38,7,0.880749999999999,0.9877830000000003,-28.348570999999964,0.0
38,8,0.921576,1.0441570000000002,-30.310124999999996,0.0
38,9,0.9347759999999994,1.0759249999999998,-31.084436999999973,0.0
39,0,0.6321919999999999,0.6817069999999994,-17.776378999999995,0.0
39,1,0.6757679999999997,0.7302020000000002,-19.48076199999999,0.0
39,2,0.7192529999999993,0.7772809999999994,-21.227349999999973,0.0
39,3,0.7617100000000008,0.8266950000000008,-22.988958000000032,0.0
39,4,0.8029199999999985,0.8727779999999985,-24.739269999999934,0.0
39,5,0.8437000000000001,0.9239320000000006,-26.54468000000001,0.0
39,6,0.883324,0.9748979999999996,-28.356187999999996,0.0
39,7,0.9234350000000013,1.0286090000000012,-30.256383000000064,0.0
39,8,0.9358989999999991,1.0573569999999997,-30.959998999999964,0.0
40,0,0.6806730000000005,0.725283000000001,-19.667138000000023,0.0
40,1,0.7232200000000004,0.7736869999999998,-21.374875000000014,0.0
40,2,0.7656179999999999,0.819738000000001,-23.120499,0.0
40,3,0.8066589999999998,0.8679049999999986,-24.86559899999999,0.0
40,4,0.8462840000000007,0.9135580000000001,-26.59358600000003,0.0
40,5,0.8855470000000008,0.9635560000000005,-28.374833000000034,0.0
40,6,0.9249910000000003,1.015009000000001,-30.22186700000002,0.0
40,7,0.9367640000000002,1.041072999999999,-30.863462,0.0
41,0,0.7274029999999989,0.7678300000000036,-21.536337999999958,0.0
41,1,0.7686869999999999,0.8160849999999993,-23.235952999999995,0.0
41,2,0.8097360000000009,0.8607790000000008,-24.967301000000038,0.0
41,3,0.8491129999999991,0.9075299999999995,-26.682633999999965,0.0
41,4,0.8873949999999997,0.9528210000000001,-28.395077999999987,0.0
41,5,0.9264050000000008,1.0030000000000001,-30.206373000000035,0.0
41,6,0.9375099999999996,1.0267820000000007,-30.79326499999999,0.0
42,0,0.7722460000000009,0.8091140000000046,-23.37490100000004,0.0
42,1,0.8120019999999997,0.8571340000000003,-25.052916999999987,0.0
42,2,0.8514730000000004,0.9001559999999991,-26.757272000000007,0.0
42,3,0.8894219999999997,0.9458120000000001,-28.45014899999999,0.0
42,4,0.9276350000000004,0.9918310000000012,-30.20095800000003,0.0
42,5,0.9382089999999987,1.014104999999999,-30.745861999999946,0.0
43,0,0.8150019999999998,0.8488700000000016,-25.17065299999999,0.0
43,1,0.8530390000000008,0.896605000000001,-26.81594200000003,0.0
43,2,0.8911419999999985,0.9381049999999984,-28.499267999999933,0.0
43,3,0.9289430000000003,0.9840250000000008,-30.22467000000001,0.0
43,4,0.9388459999999998,1.0024049999999995,-30.714115999999994,0.0
44,0,0.8555200000000003,0.8869069999999972,-26.91292700000001,0.0
44,1,0.8921109999999999,0.9347079999999988,-28.53414099999999,0.0
44,2,0.9300810000000013,0.9759060000000002,-30.249247000000057,0.0
44,3,0.9395030000000002,0.9939280000000004,-30.70845900000001,0.0
45,0,0.8940809999999999,0.9234979999999986,-28.609610999999994,0.0
45,1,0.9305969999999988,0.9726780000000002,-30.265494999999945,0.0
45,2,0.9400870000000001,0.9853279999999991,-30.708355,0.0
46,0,0.9320269999999997,0.9600140000000046,-30.31718099999999,0.0
46,1,0.9403040000000011,0.9821680000000015,-30.711800000000054,0.0
47,0,0.9410880000000006,0.9682910000000007,-30.733987000000027,0.0
