0,0,-0.9493785000000003,0.3061019999999992,9.710216,0.0
0,1,-0.9493785000000003,0.3061019999999992,9.710216,0.0
0,2,-0.9478935000000002,0.3740869999999994,9.642231,0.0
0,3,-0.9463204999999997,0.4559920000000002,9.478420999999999,0.0
0,4,-0.9446859999999999,0.5568030000000004,9.175987999999998,0.0
0,5,-0.9430379999999996,0.6800339999999991,8.683064000000003,0.0
0,6,-0.9414209999999992,0.8323780000000003,7.921343999999998,0.0
0,7,-0.9399009999999999,1.0209390000000003,6.789977999999998,0.0
0,8,-0.9389640000000004,1.254035,5.158306,0.0
0,9,-0.9401579999999985,1.5400139999999993,2.870474000000005,0.0
0,10,-0.9417319999999982,1.8862670000000001,-0.24580300000000221,0.0
0,11,-0.9436999999999998,2.300509999999999,-4.3882329999999925,0.0
0,12,-0.946044999999998,2.786759,-9.736972000000002,0.0
0,13,-0.9487109999999994,3.3614120000000014,-16.63280800000002,0.0
0,14,-0.9518379999999986,4.0348299999999995,-25.387241999999993,0.0
0,15,-0.955798999999999,4.829790000000003,-36.51668200000004,0.0
0,16,-0.961151000000001,5.714230000000001,-49.78328200000001,0.0
0,17,-0.9684329999999903,6.648112999999995,-64.72540999999993,0.0
0,18,-0.9778259999999932,7.5584109999999995,-80.20047600000001,0.0
0,19,-0.9893490000000043,8.508949000000001,-97.31016000000002,0.0
0,20,-1.003692000000001,9.777168000000003,-121.40632100000006,0.0
0,21,-1.0260319999999865,12.189194,-169.646841,0.0
0,22,-1.0260319999999865,18.673766999999998,-305.82287399999996,0.0
1,0,-0.9493785000000003,0.3061019999999992,9.710216,0.011851499999999238
1,1,-0.9478935000000002,0.3090719999999987,9.707246000000001,0.010547499999999488
1,2,-0.9463204999999997,0.3772330000000004,9.635938999999999,0.009116500000000194
1,3,-0.9446859999999999,0.4592609999999997,9.468614,0.007570000000000299
1,4,-0.9430379999999996,0.560099000000001,9.162803999999996,0.005912999999999613
1,5,-0.9414209999999992,0.683268,8.666894,0.004159000000000468
1,6,-0.9399009999999999,0.8354179999999989,7.903104000000006,0.0023249999999999105
1,7,-0.9385370000000002,1.0236669999999997,6.770882000000002,0.00041900000000083537
1,8,-0.9385370000000002,1.2536080000000005,5.1612949999999955,0.0
1,9,-0.9358079999999998,1.5388200000000012,2.8768699999999896,0.0
1,10,-0.932722,1.8846930000000004,-0.23907300000000298,0.0
1,11,-0.9295849999999994,2.2985419999999976,-4.380699999999976,0.0
1,12,-0.9259929999999983,2.7844140000000017,-9.728884000000022,0.0
1,13,-0.9460449999999945,3.358746,-16.600816000000002,0.0
1,14,-0.9487109999999994,4.031703,-25.346591000000004,0.0
1,15,-0.9081949999999992,4.825829000000002,-36.50487100000004,0.0
1,16,-0.955798999999999,5.708877999999999,-49.70300199999998,0.0
1,17,-0.895581,6.640830999999999,-64.67446799999998,0.0
1,18,-0.898966999999999,7.549017999999997,-80.11026099999992,0.0
1,19,-0.908528000000004,8.497426000000004,-97.17204400000007,0.0
1,20,-0.927864999999997,9.762825,-121.19528799999999,0.0
1,21,-0.927864999999997,12.166854,-169.275868,0.0
2,0,-0.9493785000000003,0.3061019999999992,9.710216,0.0
2,1,-0.9478935000000002,0.3090719999999987,9.707246000000001,0.0
2,2,-0.9463204999999997,0.3772330000000004,9.635938999999999,0.0
2,3,-0.9446859999999999,0.4592609999999997,9.468614,0.0
2,4,-0.9430379999999996,0.560099000000001,9.162803999999996,0.0
2,5,-0.9414209999999992,0.683268,8.666894,0.0
2,6,-0.9399009999999999,0.8354179999999989,7.903104000000006,0.0
2,7,-0.9385370000000002,1.0236669999999997,6.770882000000002,0.0
2,8,-0.9358079999999998,1.2563370000000003,5.136733999999997,0.0
2,9,-0.932722,1.5419060000000009,2.8460099999999926,0.0
2,10,-0.9295849999999994,1.887830000000001,-0.2735800000000097,0.0
2,11,-0.9259929999999983,2.302133999999999,-4.42380399999999,0.0
2,12,-0.7539809999999996,2.7889149999999994,-10.122418999999994,0.0
2,13,-0.7355359999999997,3.3647460000000002,-17.069281,0.0
2,14,-0.7123810000000006,4.0390000000000015,-25.880893000000018,0.0
2,15,-0.9007640000000023,4.833259999999999,-36.62376699999999,0.0
2,16,-0.6569140000000004,5.714061000000001,-50.32348200000001,0.0
2,17,-0.6332200000000014,6.641715999999995,-65.21334999999992,0.0
2,18,-0.6185599999999951,7.544747000000001,-80.59419700000002,0.0
2,19,-0.6259540000000001,8.487865,-97.55553299999998,0.0
2,20,-0.908528000000004,9.743488000000006,-120.84722200000012,0.0
3,0,-0.8766970000000001,0.30907200000000046,9.564853,0.0
3,1,-0.868322,0.3174469999999996,9.539728,0.0
3,2,-0.8592260000000005,0.3863289999999999,9.443558000000001,0.0
3,3,-0.8494539999999997,0.4690330000000005,9.248833999999999,0.0
3,4,-0.8391340000000014,0.5704189999999993,8.913716000000006,0.0
3,5,-0.8283560000000012,0.6940460000000002,8.386874000000002,0.0
3,6,-0.8172490000000003,0.8465249999999997,7.591158000000002,0.0
3,7,-0.8059019999999997,1.0350140000000003,6.426182999999996,0.0
3,8,-0.7943099999999994,1.2679290000000005,4.761001999999994,0.0
3,9,-0.7821980000000011,1.5540179999999992,2.4359540000000095,0.0
3,10,-0.7691190000000017,1.9009090000000004,-0.7253019999999992,0.0
3,11,-0.7539809999999996,2.317272000000001,-4.934346000000009,0.0
3,12,-0.4975430000000003,2.807359999999999,-11.09462799999999,0.0
3,13,-0.7123810000000006,3.3879009999999994,-17.41660599999999,0.0
3,14,-0.41531699999999816,4.066193000000002,-27.12559400000003,0.0
3,15,-0.3641530000000017,4.861533999999999,-38.41385999999997,0.0
3,16,-0.6332200000000014,5.737755,-50.749973999999995,0.0
3,17,-0.2691039999999987,6.656376000000002,-66.54025800000002,0.0
3,18,-0.6150019999999969,7.548304999999999,-80.665357,0.0
3,19,-0.6150019999999969,8.476912999999996,-97.38030099999995,0.0
4,0,-0.7458169999999997,0.3174469999999996,9.172213,0.0
4,1,-0.7292199999999998,0.3863289999999999,9.053539999999998,0.0
4,2,-0.7112109999999996,0.4043380000000001,8.963494999999998,0.0
4,3,-0.691853,0.488391,8.717957,0.0
4,4,-0.6713889999999996,0.5908829999999998,8.328624999999999,0.0
4,5,-0.6499279999999992,0.7155070000000006,7.744284999999994,0.0
4,6,-0.6276689999999991,0.8687839999999998,6.888863999999998,0.0
4,7,-0.6046959999999988,1.0579870000000007,5.661753999999991,0.0
4,8,-0.5809770000000007,1.2916479999999986,3.931251000000014,0.0
4,9,-0.5559049999999992,1.5790900000000008,1.53142699999999,0.0
4,10,-0.5287469999999992,1.9280670000000004,-1.7179980000000068,0.0
4,11,-0.4975430000000003,2.348476,-6.046903999999998,0.0
4,12,-0.46041500000000113,2.8444879999999984,-11.651547999999977,0.0
4,13,-0.41531699999999816,3.4329990000000024,-18.894072000000037,0.0
4,14,-0.3641530000000017,4.117356999999998,-27.99538199999997,0.0
4,15,-0.011889000000000038,4.913332000000004,-40.548088000000064,0.0
4,16,-0.2691039999999987,5.781005999999998,-52.53433799999997,0.0
4,17,0.11088099999999912,6.684252999999998,-68.50622999999996,0.0
4,18,0.140625,7.554425000000002,-83.41813000000005,0.0
5,0,-0.5878730000000001,0.3340439999999987,8.540437,0.0
5,1,-0.5618039999999995,0.36011299999999835,8.410091999999999,0.0
5,2,-0.5336309999999997,0.43251099999999987,8.196829,0.0
5,3,-0.503438,0.5185839999999997,7.873718000000001,0.0
5,4,-0.4715759999999998,0.6227450000000001,7.4019249999999985,0.0
5,5,-0.4381719999999998,0.7489110000000005,6.730240999999997,0.0
5,6,-0.4034980000000008,0.9034579999999988,5.784136000000011,0.0
5,7,-0.36760000000000126,1.0938850000000002,4.462084000000004,0.0
5,8,-0.33046699999999873,1.328781000000001,2.6321469999999856,0.0
5,9,-0.2912549999999996,1.618302,0.11991899999999944,0.0
5,10,-0.24909099999999995,1.970231,-3.258262,0.0
5,11,-0.20149299999999926,2.3960740000000005,-7.75468200000001,0.0
5,12,-0.1463809999999981,2.8995999999999995,-13.569028000000003,0.0
5,13,-0.08200300000000027,3.497377,-21.064242,0.0
5,14,-0.011889000000000038,4.187470999999999,-30.38603399999998,0.0
5,15,0.05626999999999782,4.981491000000002,-41.84310900000001,0.0
5,16,0.37711000000000183,5.835616999999999,-56.259198999999995,0.0
5,17,0.140625,6.713996999999999,-69.13085399999999,0.0
6,0,-0.42367000000000044,0.360113000000001,7.7194220000000024,0.0
6,1,-0.38833300000000026,0.3954500000000003,7.507400000000001,0.0
6,2,-0.35036300000000065,0.5185839999999997,7.108343000000003,0.0
6,3,-0.3098369999999999,0.5591100000000004,6.784134999999998,0.0
6,4,-0.26724000000000014,0.7489110000000005,5.875580999999999,0.0
6,5,-0.22267300000000034,0.7934780000000003,5.429911000000001,0.0
6,6,-0.17647499999999994,0.9496559999999992,4.371833000000004,0.0
6,7,-0.1287009999999995,1.1416590000000006,2.9331709999999926,0.0
6,8,-0.07947900000000097,1.3780029999999996,0.9834310000000084,0.0
6,9,-0.027927000000000035,1.6698540000000008,-1.6606890000000067,0.0
6,10,0.026627999999998764,2.024785999999999,-5.182406999999982,0.0
6,11,0.0866359999999986,2.4560820000000003,-9.855414999999994,0.0
6,12,0.15366900000000072,2.9666330000000016,-15.873674000000022,0.0
6,13,0.22847499999999954,3.572182999999999,-23.58910999999998,0.0
6,14,0.30595200000000133,4.264948,-33.05991700000001,0.0
6,15,0.37711000000000183,5.052649000000002,-44.514679000000044,0.0
6,16,0.4263919999999999,5.884898999999997,-57.294120999999954,0.0
7,0,-0.26658199999999965,0.3954500000000003,6.776893999999998,0.0
7,1,-0.22306899999999974,0.4389630000000002,6.472302999999998,0.0
7,2,-0.17662699999999987,0.5591100000000004,5.984874999999998,0.0
7,3,-0.12732800000000033,0.608409,5.541184000000002,0.0
7,4,-0.0757639999999995,0.7934780000000003,4.5484569999999955,0.0
7,5,-0.02200600000000108,0.8472359999999988,3.957119000000013,0.0
7,6,0.033478999999999814,1.005141,2.779199,0.0
7,7,0.09054500000000054,1.1987250000000014,1.2182329999999872,0.0
7,8,0.14871500000000104,1.4361730000000001,-0.8510930000000076,0.0
7,9,0.2086439999999996,1.7297829999999994,-3.6194759999999917,0.0
7,10,0.2705010000000012,2.0866430000000005,-7.2642150000000125,0.0
7,11,0.47194299999999956,2.521795000000001,-13.025829000000005,0.0
7,12,0.5360719999999972,3.036832999999998,-19.140149999999956,0.0
7,13,0.48061999999999827,3.646388999999999,-26.06665799999998,0.0
7,14,0.5525519999999986,4.336880000000001,-35.546565,0.0
7,15,0.609614999999998,5.109712000000002,-46.76565400000001,0.0
8,0,-0.12107700000000055,0.4389630000000002,5.758359000000004,0.0
8,1,-0.07079100000000071,0.48924900000000004,5.356071000000005,0.0
8,2,-0.017515999999999643,0.5701980000000004,4.848921999999996,0.0
8,3,0.03866700000000023,0.7169060000000007,4.053727999999996,0.0
8,4,0.09709099999999982,0.7753300000000003,3.4110640000000005,0.0
8,5,0.15764099999999992,0.9077859999999989,2.3968400000000054,0.0
8,6,0.21960900000000017,1.0671090000000003,1.1044809999999963,0.0
8,7,0.2825829999999989,1.2616990000000001,-0.5668509999999927,0.0
8,8,0.3456079999999986,1.4991979999999998,-2.7335439999999878,0.0
8,9,0.40886000000000067,1.7930350000000015,-5.590256000000018,0.0
8,10,0.47194299999999956,2.1497259999999994,-9.30513899999999,0.0
8,11,0.5360719999999972,2.5859239999999986,-14.180150999999963,0.0
8,12,0.6872439999999997,3.1017609999999998,-21.063733999999997,0.0
8,13,0.7842439999999975,3.7540720000000007,-29.711210999999988,0.0
8,14,0.7842439999999975,4.3897189999999995,-37.97462199999997,0.0
9,0,0.013490000000000002,0.48924900000000004,4.681823,0.0
9,1,0.06916200000000039,0.5449210000000004,4.180774999999996,0.0
9,2,0.1276659999999996,0.6645919999999998,3.4986780000000035,0.0
9,3,0.1889050000000001,0.7753300000000003,2.6765519999999983,0.0
9,4,0.2520889999999998,0.838514,1.918344000000002,0.0
9,5,0.3169320000000013,0.9726290000000004,0.7982969999999865,0.0
9,6,0.3823249999999998,1.1325019999999988,-0.5896049999999917,0.0
9,7,0.44747800000000026,1.3268520000000006,-2.3420820000000067,0.0
9,8,0.5108519999999999,1.5625719999999994,-4.562487999999995,0.0
9,9,0.5722189999999987,1.8544020000000003,-7.449430999999992,0.0
9,10,0.6308040000000013,2.208311000000002,-11.161877000000029,0.0
9,11,0.6872439999999997,2.642363999999997,-16.010366999999967,0.0
9,12,0.7955800000000011,3.155016,-22.62456300000001,0.0
9,13,0.8296360000000007,3.7540720000000007,-30.119739000000017,0.0
10,0,0.13910300000000042,0.5449210000000004,3.551305999999996,0.0
10,1,0.19886499999999963,0.6046829999999996,2.953686000000004,0.0
10,2,0.2611220000000003,0.7258310000000003,2.1750959999999964,0.0
10,3,0.325666,0.838514,1.256151,0.0
10,4,0.39150499999999955,0.9043529999999995,0.40024400000000604,0.0
10,5,0.45801799999999915,1.039142,-0.8040419999999919,0.0
10,6,0.5235990000000008,1.1980830000000005,-2.254557000000011,0.0
10,7,0.5870359999999994,1.3902889999999992,-4.04216299999999,0.0
10,8,0.6464210000000001,1.621957,-6.257689000000003,0.0
10,9,0.7013410000000011,1.9093220000000013,-9.105809000000024,0.0
10,10,0.7510429999999992,2.258013,-12.741047999999992,0.0
10,11,0.8374689999999987,2.686900999999999,-17.894187999999975,0.0
10,12,0.8641050000000021,3.1890719999999995,-23.684429000000016,0.0
11,0,0.2571979999999998,0.6046829999999996,2.370356000000002,0.0
11,1,0.31981400000000004,0.6672989999999999,1.6815799999999994,0.0
11,2,0.38436800000000027,0.790375,0.8135479999999973,0.0
11,3,0.450431,0.9043529999999995,-0.18901599999999874,0.0
11,4,0.5166769999999996,1.039142,-1.3906319999999965,0.0
11,5,0.5820420000000013,1.1045070000000017,-2.3711070000000216,0.0
11,6,0.6444360000000007,1.2604769999999998,-3.837291000000006,0.0
11,7,0.702433000000001,1.4482859999999995,-5.602112000000007,0.0
11,8,0.7541790000000006,1.6737029999999997,-7.749237000000004,0.0
11,9,0.7994310000000002,1.954574000000001,-10.49397700000001,0.0
11,10,0.8374689999999987,2.2960509999999985,-13.985687999999971,0.0
11,11,0.8641050000000021,2.7135370000000023,-18.453544000000047,0.0
12,0,0.3683620000000003,0.6672989999999999,1.1475519999999966,0.0
12,1,0.43256799999999984,0.7315049999999994,0.3770800000000021,0.0
12,2,0.49785900000000005,0.8564379999999998,-0.5669789999999999,0.0
12,3,0.5634389999999998,0.9705989999999991,-1.630841999999995,0.0
12,4,0.6275840000000006,1.0347439999999999,-2.593017000000007,0.0
12,5,0.6888159999999992,1.1657390000000003,-3.851780999999992,0.0
12,6,0.7448350000000001,1.4482859999999995,-6.068533999999998,0.0
12,7,0.7943800000000003,1.4978309999999997,-6.960344000000001,0.0
12,8,0.8360830000000004,1.7154059999999998,-8.983805000000002,0.0
12,9,0.8698329999999999,1.9883240000000004,-11.572149,0.0
12,10,0.8910830000000018,2.3173010000000005,-14.787942000000026,0.0
13,0,0.472556,0.7315049999999994,-0.10277599999999953,0.0
13,1,0.5369400000000004,0.7958889999999998,-0.9397680000000053,0.0
13,2,0.6011609999999994,0.9220179999999996,-1.9377629999999915,0.0
13,3,0.6639870000000005,0.9848440000000007,-2.880153000000009,0.0
13,4,0.7233710000000002,1.1657390000000003,-4.266441000000004,0.0
13,5,0.7776390000000006,1.2200070000000007,-5.188997000000011,0.0
13,6,0.8247529999999994,1.4978309999999997,-7.32481999999999,0.0
13,7,0.8640279999999994,1.5371059999999996,-8.07104499999999,0.0
13,8,0.8944949999999992,1.7458729999999996,-9.928484999999986,0.0
13,9,0.912234999999999,2.0060640000000003,-12.240632999999992,0.0
14,0,0.5693549999999998,0.7958889999999998,-1.3611629999999977,0.0
14,1,0.6322530000000004,0.8587870000000004,-2.2417350000000056,0.0
14,2,0.6933129999999998,0.9848440000000007,-3.2613909999999997,0.0
14,3,0.7509529999999991,1.0941279999999995,-4.338562999999986,0.0
14,4,0.8030439999999999,1.1462190000000003,-5.22411,0.0
14,5,0.8481809999999985,1.3636099999999995,-6.824057999999978,0.0
14,6,0.8850090000000002,1.5371059999999996,-8.343798,0.0
14,7,0.9132470000000001,1.5653439999999996,-8.908558,0.0
14,8,0.9283839999999994,1.7610099999999989,-10.490137999999984,0.0
15,0,0.6580070000000005,0.8587869999999995,-2.6022910000000055,0.0
15,1,0.7174620000000003,0.9182420000000002,-3.4941160000000027,0.0
15,2,0.7731170000000009,1.0017399999999999,-4.412439000000013,0.0
15,3,0.8232689999999998,1.1462190000000003,-5.507259999999999,0.0
15,4,0.8661930000000009,1.1891430000000014,-6.279892000000018,0.0
15,5,0.9011089999999999,1.3000599999999984,-7.247299999999992,0.0
15,6,0.9272340000000003,1.5653439999999996,-9.104376000000002,0.0
15,7,0.940633,1.5787429999999993,-9.385754999999996,0.0
16,0,0.737457,0.9182419999999993,-3.794041,0.0
16,1,0.7913549999999994,0.9721399999999996,-4.656408999999989,0.0
16,2,0.8394870000000001,1.0498720000000006,-5.504253000000002,0.0
16,3,0.88049,1.1891430000000014,-6.494347000000005,0.0
16,4,0.9133949999999995,1.222048000000001,-7.119541999999996,0.0
16,5,0.9379060000000017,1.3245710000000006,-7.921810000000029,0.0
16,6,0.9496909999999996,1.5787429999999993,-9.52162499999999,0.0
17,0,0.8064660000000003,0.9721399999999996,-4.898185000000005,0.0
17,1,0.8528369999999992,1.0185109999999984,-5.686491999999985,0.0
17,2,0.891947,1.0889820000000014,-6.421833000000003,0.0
17,3,0.9231370000000005,1.1648289999999992,-7.103757000000007,0.0
17,4,0.9459990000000005,1.2449100000000008,-7.732654000000011,0.0
17,5,0.9565829999999984,1.3351549999999985,-8.273561999999966,0.0
18,0,0.8639079999999986,1.0185109999999984,-5.874698999999975,0.0
18,1,0.9013780000000011,1.055981000000001,-6.549159000000021,0.0
18,2,0.9309359999999991,1.1648289999999992,-7.2363399999999825,0.0
18,3,0.9523989999999998,1.2449100000000008,-7.841453999999999,0.0
18,4,0.9617819999999995,1.3351549999999985,-8.361944999999984,0.0
19,0,0.9092190000000002,1.055981000000001,-6.690297000000005,0.0
19,1,0.9373589999999989,1.0841209999999997,-7.2249569999999785,0.0
19,2,0.9575270000000007,1.1387080000000012,-7.662736000000017,0.0
19,3,0.9658879999999996,1.2542930000000005,-8.112404999999995,0.0
20,0,0.9427040000000009,1.084120999999998,-7.326512000000017,0.0
20,1,0.961748,1.1031649999999988,-7.7073920000000005,0.0
20,2,0.9691720000000004,1.1946529999999989,-7.995881000000004,0.0
21,0,0.9652580000000004,1.103164999999997,-7.777592000000006,0.0
21,1,0.9718670000000014,1.1097739999999998,-7.91638100000003,0.0
22,0,0.9741109999999988,1.109773999999998,-7.963504999999975,0.0
