0,0,-0.645738999999999,0.924627000000001,11.122525,0.0
0,1,-0.645738999999999,0.924627000000001,11.122525,0.0
0,2,-0.629760000000001,1.0308599999999988,11.016292000000002,0.0
0,3,-0.6143099999999997,1.1350460000000009,10.807919999999998,0.0
0,4,-0.5999090000000002,1.2429640000000006,10.484165999999998,0.0
0,5,-0.5867620000000002,1.342807999999998,10.084790000000009,0.0
0,6,-0.5752600000000001,1.4426520000000025,9.585569999999986,0.0
0,7,-0.5653120000000023,1.5389799999999987,9.00760200000001,0.0
0,8,-0.5570939999999993,1.619178999999999,8.446209000000007,0.0
0,9,-0.5507239999999989,1.697693000000001,7.818096999999991,0.0
0,10,-0.5460840000000005,1.7556249999999984,7.296709000000014,0.0
0,11,-0.542938999999997,1.804748,6.805478999999998,0.0
0,12,-0.5413029999999992,1.8481430000000003,6.328133999999995,0.0
0,13,-0.5411760000000001,1.885225000000002,5.883149999999976,0.0
0,14,-0.5420629999999989,1.9204829999999973,5.424796000000036,0.0
0,15,-0.5430679999999981,1.9610210000000023,4.857263999999965,0.0
0,16,-0.5436279999999982,2.021571999999999,3.948999000000015,0.0
0,17,-0.5437049999999957,2.120975999999999,2.3585350000000176,0.0
0,18,-0.5437049999999957,2.2875289999999993,-0.47286599999998913,0.0
0,19,-0.5434610000000006,2.566746000000002,-5.498772000000038,0.0
0,20,-0.542664000000002,3.0189090000000007,-14.089869000000014,0.0
0,21,-0.5425650000000033,3.7641070000000028,-28.993829000000048,0.0
0,22,-0.546040000000005,4.993786,-54.817088,0.0
0,23,-0.5548629999999974,6.969550999999996,-98.2839179999999,0.0
0,24,-0.5688629999999932,10.258156,-173.921833,0.0
0,25,-0.5796739999999545,15.727333000000002,-305.18208100000004,0.0
0,26,-0.6008150000000114,25.989433000000005,-561.7345810000002,0.0
0,27,-0.6008150000000114,52.009322999999995,-1238.2517209999999,0.0
1,0,-0.645738999999999,0.924627000000001,11.122525,0.0
1,1,-0.629760000000001,0.9406059999999989,11.106546000000002,0.0
1,2,-0.6143099999999997,1.04631,10.985392,0.0
1,3,-0.5999090000000002,1.1494470000000003,10.764717,0.0
1,4,-0.5867620000000002,1.2561110000000006,10.431577999999998,0.0
1,5,-0.5752600000000001,1.3543099999999981,10.027280000000008,0.0
1,6,-0.5653120000000023,1.4526000000000003,9.525882,0.0
1,7,-0.5570939999999993,1.5471980000000016,8.950075999999989,0.0
1,8,-0.5507239999999989,1.6255489999999995,8.395249000000003,0.0
1,9,-0.5460840000000005,1.7023329999999994,7.776337000000005,0.0
1,10,-0.542938999999997,1.758770000000002,7.265258999999979,0.0
1,11,-0.5413029999999992,1.8063839999999978,6.787483000000023,0.0
1,12,-0.5408139999999975,1.848632000000002,6.322265999999974,0.0
1,13,0.030535000000000423,1.8848629999999993,5.3161450000000094,0.0
1,14,0.033134999999997916,1.9195959999999985,4.862016000000022,0.0
1,15,0.03477499999999978,1.960016000000003,4.294495999999956,0.0
1,16,0.036308999999995706,2.021011999999999,3.3780220000000227,0.0
1,17,0.03892499999999899,2.1208990000000014,1.7772139999999794,0.0
1,18,0.04267099999999857,2.2877729999999943,-1.0633899999998988,0.0
1,19,0.04702800000000451,2.5675430000000006,-6.103607000000018,0.0
1,20,0.052601000000002784,3.019623000000003,-14.69870000000006,0.0
1,21,0.0581239999999994,3.7634919999999994,-29.581602999999987,0.0
1,22,0.061180000000000234,4.990310999999998,-55.34785799999997,0.0
1,23,-0.5460399999999908,6.960728000000003,-98.08981200000007,0.0
1,24,0.04900299999999902,10.244156000000004,-174.20369900000009,0.0
1,25,0.04770599999999092,15.716521999999998,-305.5391859999999,0.0
1,26,-0.5796740000000682,25.96829199999999,-561.2060559999998,0.0
2,0,-0.2307389999999998,0.9406059999999989,10.707525,0.0
2,1,-0.19338299999999897,0.9779619999999998,10.632812999999999,0.0
2,2,-0.15718599999999938,1.0825069999999997,10.455874,0.0
2,3,-0.12327900000000014,1.1833539999999996,10.186366000000001,0.0
2,4,-0.09201900000000052,1.2873710000000003,9.811795,0.0
2,5,-0.06446699999999694,1.3818620000000017,9.378726999999987,0.0
2,6,-0.04017199999999832,1.476894999999999,8.854972000000004,0.0
2,7,-0.019612000000002183,1.5677579999999978,8.268674000000019,0.0
2,8,-0.003031000000000006,1.6421300000000016,7.714907999999987,0.0
2,9,0.009924000000001598,1.715288000000001,7.103733999999989,0.0
2,10,0.019754999999999967,1.7686010000000003,6.604254999999998,0.0
2,11,0.026302000000001158,1.812930999999999,6.14786100000001,0.0
2,12,0.4605789999999992,1.8528650000000013,4.840032999999988,0.0
2,13,0.033134999999997916,1.8874629999999968,5.2797450000000445,0.0
2,14,0.03477499999999978,1.9212360000000004,4.837415999999994,0.0
2,15,0.036308999999995706,1.961549999999999,4.269952000000021,0.0
2,16,0.03892499999999899,2.023628000000002,3.333549999999967,0.0
2,17,0.04267099999999857,2.124645000000001,1.709785999999987,0.0
2,18,0.04702800000000451,2.2921300000000002,-1.1461730000000117,0.0
2,19,0.052601000000002784,2.573115999999999,-6.2150669999999835,0.0
2,20,0.0581239999999994,3.0251459999999994,-14.814682999999988,0.0
2,21,0.061500999999999806,3.766869,-29.655896999999996,0.0
2,22,0.061500999999999806,4.989989999999999,-55.341437999999975,0.0
2,23,0.5144160000000042,6.954804000000003,-99.47317600000008,0.0
2,24,0.5118719999999968,10.237903000000003,-174.97936500000006,0.0
2,25,0.5118719999999968,15.71522499999999,-306.4350929999997,0.0
3,0,0.1115169999999992,0.9779619999999998,10.023013000000002,0.0
3,1,0.1627679999999998,1.0292130000000004,9.86926,0.0
3,2,0.21217299999999994,1.1319119999999998,9.618346,0.0
3,3,0.25826999999999956,1.2294509999999992,9.284977000000003,0.0
3,4,0.3005949999999995,1.3296960000000002,8.857267,0.0
3,5,0.3376679999999972,1.4189349999999994,8.38909200000001,0.0
3,6,0.3703399999999988,1.5095670000000005,7.837916,0.0
3,7,0.3978960000000029,1.595314000000002,7.240765999999979,0.0
3,8,0.42020199999999974,1.6644359999999985,6.689994000000013,0.0
3,9,0.43772399999999934,1.7328100000000006,6.090435999999997,0.0
3,10,0.45121199999999817,1.7820889999999991,5.606461000000014,0.0
3,11,0.4605789999999992,1.822298,5.176270000000002,0.0
3,12,0.4671309999999984,1.8594170000000005,4.748304999999998,0.0
3,13,0.471739000000003,1.8920710000000014,4.342632999999974,0.0
3,14,0.4753849999999993,1.9248819999999967,3.9051520000000473,0.0
3,15,0.47921300000000144,1.9653780000000012,3.3267239999999774,0.0
3,16,0.4842220000000026,2.0286370000000034,2.3628119999999413,0.0
3,17,0.4904250000000019,2.1308480000000003,0.7088269999999923,0.0
3,18,0.496696,2.2984009999999984,-2.158386999999969,0.0
3,19,0.5035549999999986,2.5799749999999975,-7.247295999999949,0.0
3,20,0.7512510000000034,3.0310750000000013,-16.561284000000036,0.0
3,21,0.7543599999999984,3.770183000000003,-31.352771000000054,0.0
3,22,0.7570649999999972,4.991607999999999,-57.010810999999975,0.0
3,23,0.7646900000000016,6.956989,-100.27280400000001,0.0
3,24,0.7646900000000016,10.233910000000002,-175.64198700000006,0.0
4,0,0.3283339999999999,1.0292130000000004,9.372562,0.0
4,1,0.38522700000000043,1.086106000000001,9.144989999999998,0.0
4,2,0.4395720000000001,1.1862569999999995,8.827459000000001,0.0
4,3,0.489846,1.2797249999999991,8.439427000000002,0.0
4,4,0.5356870000000011,1.3755370000000013,7.968626999999991,0.0
4,5,0.5752520000000025,1.4585000000000008,7.478514999999987,0.0
4,6,0.6099889999999988,1.5443039999999968,6.910547000000022,0.0
4,7,0.6389299999999984,1.6242550000000016,6.315076999999995,0.0
4,8,0.6622489999999992,1.6877549999999992,5.7773010000000085,0.0
4,9,0.6805319999999995,1.751093000000001,5.197464999999994,0.0
4,10,0.6947130000000001,1.7962699999999998,4.734148000000001,0.0
4,11,0.7048300000000012,1.832415000000001,4.332229999999985,0.0
4,12,0.7122230000000016,1.866810000000001,3.9243129999999837,0.0
4,13,0.7180189999999982,1.897866999999998,3.5284450000000334,0.0
4,14,0.723080000000003,1.9299430000000015,3.091212999999968,0.0
4,15,0.7285079999999979,1.970805999999996,2.4974190000000647,0.0
4,16,0.7346839999999943,2.0348129999999998,1.5126100000000235,0.0
4,17,0.7412569999999974,2.1374210000000033,-0.155410000000046,0.0
4,18,0.7466349999999977,2.3037789999999987,-3.005007999999968,0.0
4,19,0.7512510000000034,2.584591000000003,-8.078088000000072,0.0
4,20,0.7543599999999984,3.034183999999996,-16.63279099999992,0.0
4,21,0.7570649999999972,3.772888000000002,-31.41769100000002,0.0
4,22,0.7639539999999982,4.998497,-57.183036,0.0
4,23,0.7646900000000016,6.956989,-100.27280400000001,0.0
5,0,0.4662419999999994,1.086106000000001,8.820930000000002,0.0
5,1,0.5233799999999995,1.143244000000001,8.535240000000002,0.0
5,2,0.5772969999999997,1.2401739999999997,8.168725000000002,0.0
5,3,0.6265520000000002,1.3755370000000013,7.6051669999999945,0.0
5,4,0.6710709999999978,1.4585000000000008,7.0952390000000065,0.0
5,5,0.7087429999999983,1.4961720000000014,6.756191000000001,0.0
5,6,0.7415600000000033,1.5771210000000018,6.187360999999974,0.0
5,7,0.7684490000000004,1.6511439999999986,5.608778000000008,0.0
5,8,0.789988000000001,1.7092939999999999,5.094032999999996,0.0
5,9,0.8068680000000015,1.7679730000000013,4.540200999999982,0.0
5,10,0.820055,1.8094569999999983,4.100910000000017,0.0
5,11,0.8298489999999994,1.8422090000000004,3.7244199999999985,0.0
5,12,0.8374669999999966,1.8744279999999982,3.3319210000000368,0.0
5,13,0.8439660000000018,1.9043660000000031,2.940169999999952,0.0
5,14,0.8499300000000005,1.9359070000000003,2.5003169999999955,0.0
5,15,0.8561250000000058,1.9770010000000013,1.894025999999954,0.0
5,16,0.8619120000000038,2.0405999999999977,0.911106000000018,0.0
5,17,0.8668249999999986,2.142333999999998,-0.7412029999999632,0.0
5,18,0.8691069999999996,2.3060609999999997,-3.535971999999994,0.0
5,19,0.8701289999999986,2.585613000000002,-8.573018000000033,0.0
5,20,0.8717189999999988,3.0357739999999964,-17.134026999999925,0.0
5,21,0.8787960000000012,3.7799650000000042,-32.053232000000094,0.0
5,22,0.8834269999999975,5.003127999999997,-57.76280999999992,0.0
6,0,0.5635330000000014,1.143244000000001,8.334474999999992,0.0
6,1,0.6179249999999996,1.1976359999999993,8.008123000000003,0.0
6,2,0.6684739999999998,1.2907229999999998,7.611742000000001,0.0
6,3,0.713991,1.4200559999999989,7.034415000000003,0.0
6,4,0.7546420000000005,1.4607069999999993,6.668555999999999,0.0
6,5,0.788259,1.529789000000001,6.190525999999995,0.0
6,6,0.817259,1.6061210000000017,5.634865999999992,0.0
6,7,0.8405500000000004,1.674434999999999,5.085236000000005,0.0
6,8,0.8591589999999982,1.7279029999999977,4.599306000000027,0.0
6,9,0.8738589999999995,1.7826730000000026,4.07294599999998,0.0
6,10,0.8855749999999993,1.8211729999999982,3.6561500000000215,0.0
6,11,0.8948420000000006,1.8514760000000017,3.297517999999979,0.0
6,12,0.9025170000000031,1.8821030000000007,2.914570999999974,0.0
6,13,0.909402,1.911251,2.523485000000001,0.0
6,14,0.9155579999999972,1.9420629999999974,2.0859930000000517,0.0
6,15,0.9213109999999958,1.982754,1.4818010000000257,0.0
6,16,0.9251590000000007,2.0444480000000027,0.5333029999999539,0.0
6,17,0.9267770000000013,2.1439519999999987,-1.0684689999999861,0.0
6,18,0.9267770000000013,2.3048059999999992,-3.8029869999999946,0.0
6,19,0.9255220000000008,2.585453000000001,-8.847103000000025,0.0
6,20,0.9316980000000044,3.042110000000001,-17.560642000000044,0.0
6,21,0.9367829999999984,3.7850499999999982,-32.44995199999995,0.0
7,0,0.6397940000000002,1.1976359999999993,7.8769089999999995,0.0
7,1,0.6898590000000002,1.2477009999999993,7.526453999999999,0.0
7,2,0.7355970000000003,1.3744969999999999,7.041455999999998,0.0
7,3,0.776053000000001,1.4607069999999993,6.540089999999996,0.0
7,4,0.8116800000000026,1.496334000000001,6.1838199999999794,0.0
7,5,0.840447000000001,1.5585559999999994,5.733562999999997,0.0
7,6,0.8649429999999967,1.6306169999999973,5.2017860000000375,0.0
7,7,0.8843019999999981,1.6937940000000005,4.6872110000000085,0.0
7,8,0.8998220000000003,1.743423,4.231167999999997,0.0
7,9,0.9261420000000022,1.7952919999999999,3.631975999999984,0.0
7,10,0.9371800000000015,1.8315260000000002,3.2286039999999865,0.0
7,11,0.9317139999999995,1.8603960000000015,2.9781659999999874,0.0
7,12,0.9393699999999967,1.889758999999998,2.6015810000000457,0.0
7,13,0.9461099999999973,1.9179910000000007,2.215617000000009,0.0
7,14,0.9514580000000024,1.9474110000000024,1.7957209999999506,0.0
7,15,0.9552910000000026,1.986587,1.220425999999982,0.0
7,16,0.9558609999999987,2.045017999999999,0.3399710000000269,0.0
7,17,0.9558609999999987,2.142161999999999,-1.214332999999975,0.0
7,18,0.954070999999999,2.3029709999999994,-3.935555999999984,0.0
7,19,0.9759439999999984,2.5953779999999966,-9.356649999999924,0.0
7,20,0.9625239999999948,3.0471299999999957,-17.84599799999988,0.0
8,0,0.7033099999999983,1.2477009999999993,7.432297000000013,0.0
8,1,0.7482089999999992,1.336461,7.029244000000006,0.0
8,2,0.788468,1.4149530000000006,6.590446999999999,0.0
8,3,0.8233700000000006,1.4498550000000012,6.241426999999993,0.0
8,4,0.8535989999999991,1.5265629999999994,5.76947100000001,0.0
8,5,0.8774809999999995,1.5824379999999998,5.354915000000005,0.0
8,6,0.8975350000000013,1.6506709999999991,4.8533179999999945,0.0
8,7,0.9132880000000014,1.7095470000000006,4.3740379999999845,0.0
8,8,0.9261420000000022,1.7562770000000008,3.944095999999977,0.0
8,9,0.9371800000000015,1.806329999999999,3.4553679999999964,0.0
8,10,0.9465900000000005,1.8409359999999992,3.068634000000003,0.0
8,11,0.9551690000000015,1.8689750000000025,2.7196119999999624,0.0
8,12,0.9623830000000027,1.8969729999999991,2.35392199999999,0.0
8,13,0.9681020000000018,1.9237099999999998,1.9873259999999888,0.0
8,14,0.9713289999999972,1.9506379999999979,1.6114460000000506,0.0
8,15,0.9720000000000013,1.9872580000000042,1.0933979999999295,0.0
8,16,0.9720000000000013,2.042335999999999,0.26722800000001,0.0
8,17,0.9754369999999994,2.1399839999999983,-1.3226359999999673,0.0
8,18,0.9712870000000038,2.3071180000000027,-4.130714000000076,0.0
8,19,0.9832679999999954,2.5953779999999966,-9.4152419999999,0.0
9,0,0.7573240000000006,1.2926000000000002,7.000184999999995,0.0
9,1,0.7966800000000003,1.3767200000000006,6.601216999999997,0.0
9,2,0.8312229999999996,1.4498550000000012,6.178603000000001,0.0
9,3,0.8606029999999976,1.4792349999999992,5.855423000000023,0.0
9,4,0.8855579999999996,1.5515180000000015,5.413978999999998,0.0
9,5,0.9049209999999981,1.6018009999999983,5.0385800000000245,0.0
9,6,0.9210409999999989,1.666791,4.568550000000009,0.0
9,7,0.9338720000000009,1.7223780000000026,4.119548999999974,0.0
9,8,0.9447589999999977,1.7671639999999975,3.7080640000000393,0.0
9,9,0.9546929999999989,1.8162640000000003,3.225858000000006,0.0
9,10,0.9633660000000006,1.849609000000001,2.847695999999985,0.0
9,11,0.9713459999999969,1.8769549999999988,2.5024160000000393,0.0
9,12,0.9773859999999956,1.9030129999999978,2.1614180000000616,0.0
9,13,0.9858386666666684,1.927143000000001,1.7957839999999692,0.0
9,14,0.9808189999999968,1.9506119999999996,1.535864000000032,0.0
9,15,0.9805259999999976,1.985034000000006,1.0563259999999346,0.0
9,16,0.9783019999999993,2.039470999999999,0.2597870000000242,0.0
9,17,0.9794199999999975,2.1439669999999964,-1.422210999999919,0.0
9,18,0.9877810000000053,2.3109660000000005,-4.3364430000000596,0.0
10,0,0.8032350000000008,1.331956,6.5869859999999925,0.0
10,1,0.8369759999999999,1.365696999999999,6.249576000000001,0.0
10,2,0.865946000000001,1.4792349999999992,5.807335999999992,0.0
10,3,0.8900800000000011,1.5033689999999993,5.517727999999991,0.0
10,4,0.9101959999999991,1.5716339999999995,5.11177300000001,0.0
10,5,0.9257290000000005,1.6173339999999996,4.773642999999996,0.0
10,6,0.9386640000000028,1.6797260000000023,4.332332999999959,0.0
10,7,0.9494189999999989,1.7331329999999987,3.90434100000002,0.0
10,8,0.9589640000000017,1.7767090000000003,3.5038589999999807,0.0
10,9,0.9681300000000022,1.8254300000000008,3.0224309999999726,0.0
10,10,0.9759460000000004,1.8574249999999992,2.656316000000004,0.0
10,11,0.9825340000000047,1.883543000000003,2.3292559999999227,0.0
10,12,0.9861490000000046,1.9066279999999978,2.039170999999982,0.0
10,13,0.9858386666666684,1.927143000000001,1.7957839999999692,0.0004553333333348064
10,14,0.983150000000002,1.9506119999999996,1.5148849999999854,3.0999999999892225e-05
10,15,0.983150000000002,1.9821430000000007,1.0734509999999702,0.0
10,16,0.9899520000000024,2.0461990000000014,0.041253999999952384,0.0
10,17,0.9877810000000053,2.1478310000000036,-1.563148000000112,0.0
11,0,0.8418279999999996,1.365696999999999,6.201056000000005,0.0
11,1,0.8701100000000022,1.440233000000001,5.843699999999977,0.0
11,2,0.893847000000001,1.5033689999999993,5.4800579999999925,0.0
11,3,0.9133870000000002,1.5229089999999985,5.226038000000003,0.0
11,4,0.9293289999999992,1.5875759999999985,4.856675000000013,0.0
11,5,0.941866000000001,1.6298710000000014,4.549587999999982,0.0
11,6,0.9524779999999993,1.6903380000000006,4.130521000000005,0.0
11,7,0.9618900000000004,1.7425449999999998,3.713746999999998,0.0
11,8,0.970521999999999,1.785340999999999,3.3192230000000187,0.0
11,9,0.9787649999999992,1.833673000000001,2.841894,0.0
11,10,0.9850490000000001,1.863709,2.502445999999999,0.0
11,11,0.9888212499999991,1.887315250000002,2.2248887499999874,0.0002687500000000398
11,12,0.9877356666666657,1.9066279999999978,2.023304333333371,0.0016253333333366982
11,13,0.9858386666666684,1.927143000000001,1.7957839999999692,0.0009826666666690187
11,14,0.9858386666666684,1.9452346666666667,1.5605923333333145,0.0
11,15,0.9866150000000005,1.9856079999999992,0.9868260000000078,0.0
11,16,0.9912139999999994,2.0461990000000014,0.02737199999998552,0.0
12,0,0.8737570000000012,1.3939790000000016,5.849836999999987,0.0
12,1,0.8969949999999969,1.4172169999999973,5.570981000000039,0.0
12,2,0.9160879999999985,1.5229089999999985,5.1963270000000215,0.0
12,3,0.9317190000000011,1.5875759999999985,4.830384999999993,0.0
12,4,0.9443760000000019,1.6298710000000014,4.521977999999972,0.0
12,5,0.9548079999999999,1.6403029999999994,4.355066000000004,0.0
12,6,0.9638770000000001,1.6994070000000008,3.950717999999995,0.0
12,7,0.9724459999999979,1.7511139999999976,3.53764800000004,0.0
12,8,0.9800740000000019,1.792969000000003,3.153126999999955,0.0
12,9,0.9867160000000013,1.8403150000000004,2.694654999999983,0.0
12,10,0.9893868000000005,1.8663797999999994,2.428022200000001,0.00114120000000284
12,11,0.9888212499999991,1.887315250000002,2.2248887499999874,0.0024874999999973113
12,12,0.9877356666666657,1.9066279999999978,2.023304333333371,0.0019916666666688343
12,13,0.9877356666666657,1.9230386666666703,1.8263763333333003,0.0
12,14,0.9878349999999969,1.947230999999995,1.5106840000001043,0.0
12,15,0.9912139999999994,1.9889870000000016,0.8855519999999828,0.0
13,0,0.8997399999999978,1.4172169999999973,5.538041000000028,0.0
13,1,0.9185049999999997,1.4830630000000014,5.247015000000001,0.0
13,2,0.9336990000000007,1.5385400000000011,4.953732999999989,0.0
13,3,0.9463119999999989,1.6002329999999994,4.617298000000016,0.0
13,4,0.9566209999999984,1.6105419999999988,4.452354000000025,0.0
13,5,0.9657240000000016,1.6494060000000026,4.178558999999968,0.0
13,6,0.9737629999999982,1.7074459999999974,3.7838520000000386,0.0
13,7,0.9814010000000017,1.7587520000000012,3.376721999999969,0.0
13,8,0.9874549999999971,1.7990229999999983,3.01612300000005,0.0
13,9,0.9897838,1.8426438000000034,2.636882199999972,0.0016952000000003409
13,10,0.9893868000000005,1.8663797999999994,2.428022200000001,0.003568399999998917
13,11,0.9888212499999991,1.887315250000002,2.2248887499999874,0.0026492500000010466
13,12,0.9888212499999991,1.9033712499999975,2.0482727500000397,0.0
13,13,0.9886439999999936,1.9239469999999983,1.8036680000001013,0.0
13,14,0.9914970000000025,1.9500580000000056,1.4271359999998907,0.0
14,0,0.920534,1.4359819999999992,5.267719,0.0
14,1,0.9356100000000005,1.4982570000000024,5.0094559999999895,0.0
14,2,0.9477529999999987,1.5511529999999993,4.7458050000000185,0.0
14,3,0.9582329999999999,1.6105419999999988,4.431398000000005,0.0
14,4,0.9669900000000027,1.6494060000000026,4.162100999999954,0.0
14,5,0.9752679999999998,1.6576839999999997,4.0130970000000055,0.0
14,6,0.9822590000000027,1.7144370000000002,3.631457999999963,0.0
14,7,0.9884020000000007,1.7648949999999992,3.242707999999997,0.0
14,8,0.9898875000000006,1.8005084999999985,2.9726165000000044,0.002006500000000244
14,9,0.9897838,1.8426438000000034,2.636882199999972,0.00430539999999624
14,10,0.9893868000000005,1.8663797999999994,2.428022200000001,0.0035996000000011463
14,11,0.988933000000003,1.8869799999999906,2.2270120000000624,0.0
14,12,0.9888919999999999,1.9034419999999983,2.04650400000002,0.0
14,13,0.9914970000000025,1.9268420000000006,1.7289439999999558,0.0
15,0,0.9370919999999998,1.4510579999999997,5.035907000000002,0.0
15,1,0.9493100000000005,1.4632760000000005,4.852636999999991,0.0
15,2,0.9592790000000022,1.5616330000000005,4.5634809999999675,0.0
15,3,0.9683889999999984,1.6192990000000016,4.262943000000018,0.0
15,4,0.976146,1.6576839999999997,4.000805000000003,0.0
15,5,0.9835299999999982,1.665067999999998,3.860509000000036,0.0
15,6,0.9889739999999989,1.7198810000000009,3.5047840000000114,0.0
15,7,0.9902845000000001,1.7662055000000008,3.2071794999999916,0.0023475000000026114
15,8,0.9898875000000006,1.8005084999999985,2.9726165000000044,0.0047739999999976135
15,9,0.9897838,1.8426438000000034,2.636882199999972,0.004256599999992616
15,10,0.9893868000000005,1.8663797999999994,2.428022200000001,0.0005637999999983379
15,11,0.9893868000000005,1.8851648000000005,2.2401721999999893,0.0
15,12,0.9912070000000028,1.9061350000000061,1.9817779999998848,0.0
16,0,0.9503120000000003,1.4632760000000005,4.837606999999995,0.0
16,1,0.9605519999999999,1.5203690000000023,4.626913999999999,0.0
16,2,0.9691499999999991,1.5707429999999967,4.397196000000022,0.0
16,3,0.9772930000000031,1.6270560000000032,4.106111999999943,0.0
16,4,0.9840849999999968,1.665067999999998,3.852184000000058,0.0
16,5,0.9900659999999988,1.7198810000000009,3.4884040000000134,0.0
16,6,0.9904161666666665,1.720231166666669,3.4810504999999896,0.002621833333332546
16,7,0.9902845000000001,1.7662055000000008,3.2071794999999916,0.005320000000002878
16,8,0.9898875000000006,1.8005084999999985,2.9726165000000044,0.004838499999999968
16,9,0.9897838,1.8426438000000034,2.636882199999972,0.0010107999999959816
16,10,0.9897838,1.8647918000000012,2.4375501999999916,0.0
16,11,0.9907879999999949,1.8869789999999895,2.1991980000001945,0.0
17,0,0.9612100000000012,1.473516,4.6632389999999795,0.0
17,1,0.9702380000000019,1.5289670000000015,4.463339999999967,0.0
17,2,0.9778689999999983,1.5788860000000007,4.241406000000026,0.0
17,3,0.985040999999999,1.6338479999999969,3.9617680000000277,0.0
17,4,0.990399,1.671049,3.7272359999999978,0.0
17,5,0.9909430000000009,1.671593000000001,3.7158119999999784,0.003026000000003748
17,6,0.9904161666666665,1.7202311666666685,3.4810504999999896,0.005756666666664856
17,7,0.9902845000000001,1.7662055000000008,3.2071794999999916,0.005506500000002745
17,8,0.9898875000000006,1.8005084999999985,2.9726165000000044,0.001572999999996938
17,9,0.9898875000000006,1.842229000000001,2.638852499999981,0.0
17,10,0.9903750000000002,1.8657790000000034,2.418218999999965,0.0
18,0,0.9706079999999986,1.4825440000000008,4.5034730000000245,0.0
18,1,0.9788359999999976,1.536597999999998,4.309543000000044,0.0
18,2,0.9854970000000023,1.5860580000000013,4.097385999999958,0.0
18,3,0.9911729999999999,1.6385640000000024,3.8433759999999957,0.0
18,4,0.9910660000000006,1.639205999999998,3.843268999999996,0.00311100000000053
18,5,0.9909430000000009,1.671593000000001,3.7158119999999784,0.006429999999999936
18,6,0.9904161666666665,1.7202311666666685,3.4810504999999896,0.006054499999999408
18,7,0.9902845000000001,1.7662055000000008,3.2071794999999916,0.002240999999997939
18,8,0.9898875000000006,1.8005084999999985,2.9726165000000044,0.0003474999999930617
18,9,0.9899789999999982,1.842411999999996,2.6356500000000693,0.0
19,0,0.9789960000000022,1.4907719999999998,4.352488999999959,0.0
19,1,0.9863619999999997,1.5432590000000026,4.167414000000001,0.0
19,2,0.9915539999999972,1.5906520000000128,3.979172000000027,0.0
19,3,0.9913736666666662,1.6375606666666709,3.842773999999997,0.0034193333333369935
19,4,0.9910660000000006,1.670978000000002,3.7161809999999793,0.006572000000002021
19,5,0.9909430000000009,1.671593000000001,3.7158119999999784,0.0068539999999988055
19,6,0.9904161666666665,1.7202311666666685,3.4810504999999896,0.0028163333333370844
19,7,0.9902845000000001,1.7662055000000008,3.2071794999999916,0.0008175000000001376
19,8,0.9902845000000001,1.7985235000000008,2.9809534999999947,0.0
20,0,0.9863989999999987,1.4981379999999973,4.211832000000026,0.0
20,1,0.9921442857142857,1.5454772857142878,4.055332285714282,0.00019271428571698834
20,2,0.991648666666667,1.5901786666666635,3.978319999999999,0.00351233333333667
20,3,0.9913736666666662,1.6375606666666709,3.842773999999997,0.007080666666666957
20,4,0.9910660000000006,1.639205999999998,3.843268999999996,0.007042000000001991
20,5,0.9909430000000009,1.671593000000001,3.7158119999999784,0.0035859999999967584
20,6,0.9904161666666665,1.7202311666666685,3.4810504999999896,0.0012351666666656769
20,7,0.9904161666666665,1.7655471666666687,3.2091544999999897,0.0
21,0,0.9922245714285712,1.5034015714285687,4.0953205714285765,0.0001154285714264347
21,1,0.9921442857142857,1.5454772857142878,4.055332285714282,0.003905428571428615
21,2,0.991648666666667,1.5901786666666635,3.978319999999999,0.007240666666668005
21,3,0.9913736666666662,1.6375606666666709,3.842773999999997,0.0076630000000008636
21,4,0.9910660000000006,1.670978000000002,3.7161809999999793,0.0038350000000022533
21,5,0.9909430000000009,1.671593000000001,3.7158119999999784,0.0017729999999982482
21,6,0.9904161666666665,1.7202311666666685,3.4810504999999896,0.0
22,0,0.9922245714285712,1.5034015714285687,4.0953205714285765,0.0037588571428557316
22,1,0.9921442857142857,1.5454772857142878,4.055332285714282,0.007813142857145294
22,2,0.991648666666667,1.5901786666666635,3.978319999999999,0.007914000000003085
22,3,0.9913736666666662,1.6375606666666709,3.842773999999997,0.004439333333333906
22,4,0.9910660000000006,1.639205999999998,3.843268999999996,0.001972000000002083
22,5,0.9909430000000009,1.671593000000001,3.7158119999999784,0.0
23,0,0.9922245714285712,1.5034015714285687,4.0953205714285765,0.007651285714285194
23,1,0.9921442857142857,1.5454772857142878,4.055332285714282,0.008546857142857078
23,2,0.991648666666667,1.5901786666666635,3.978319999999999,0.004753333333333387
23,3,0.9913736666666662,1.6375606666666709,3.842773999999997,0.0024096666666721944
23,4,0.9910660000000006,1.639205999999998,3.843268999999996,0.0
24,0,0.9922245714285712,1.5034015714285687,4.0953205714285765,0.008472714285716165
24,1,0.9921442857142857,1.5454772857142878,4.055332285714282,0.005349571428574507
24,2,0.991648666666667,1.5901786666666635,3.978319999999999,0.0026716666666644073
24,3,0.9913736666666662,1.6375606666666709,3.842773999999997,0.0
25,0,0.9922245714285712,1.5034015714285687,4.0953205714285765,0.005370142857142213
25,1,0.9921442857142857,1.5454772857142878,4.055332285714282,0.003059285714286375
25,2,0.991648666666667,1.5901786666666635,3.978319999999999,0.0
26,0,0.9922245714285712,1.5034015714285687,4.0953205714285765,0.0031515714285710317
26,1,0.9921442857142857,1.5454772857142878,4.055332285714282,0.0
27,0,0.9922245714285712,1.5034015714285687,4.0953205714285765,0.0
