0,0,-0.4546019999999995,0.5677760000000003,12.384008,0.0
0,1,-0.4546019999999995,0.5677760000000003,12.384008,0.0
0,2,-0.3990840000000002,0.669098,12.282686,0.0
0,3,-0.34024199999999993,0.7755829999999992,12.069716000000001,0.0
0,4,-0.27950999999999837,0.8867170000000009,11.736313999999997,0.0
0,5,-0.21800700000000006,0.9996219999999987,11.284694000000005,0.0
0,6,-0.1566839999999985,1.1162380000000027,10.701613999999985,0.0
0,7,-0.09776100000000199,1.229016999999999,10.024940000000008,0.0
0,8,-0.0419230000000006,1.3370169999999995,9.268940000000004,0.0
0,9,0.009678000000000964,1.4383450000000018,8.458315999999986,0.0
0,10,0.056226999999999805,1.530583,7.628174000000001,0.0
0,11,0.09722099999999756,1.6136989999999969,6.797014000000033,0.0
0,12,0.13245600000000124,1.685533000000003,6.006839999999965,0.0
0,13,0.16180799999999707,1.7508009999999992,5.223624000000012,0.0
0,14,0.18494300000000052,1.7977929999999986,4.612728000000018,0.0
0,15,0.20379600000000053,1.8382970000000007,4.045671999999989,0.0
0,16,0.2179940000000009,1.8666969999999985,3.6196720000000226,0.0
0,17,0.22829800000000233,1.8845099999999988,3.334664000000018,0.0
0,18,0.236027,1.906880000000001,2.95437399999998,0.0
0,19,0.23990600000000484,1.9216419999999985,2.688658000000025,0.0
0,20,0.2422600000000017,1.9302630000000036,2.5248589999999282,0.0
0,21,0.24261099999999658,1.9383550000000014,2.363018999999973,0.0
0,22,0.22487599999998764,1.9417490000000015,2.2917449999999704,0.0
0,23,0.21956999999999738,1.9426333333333332,2.2722896666666728,0.003793666666666695
0,24,0.21956999999999738,1.9426333333333332,2.2722896666666728,0.003970333333327858
0,25,0.21956999999999738,1.9426333333333332,2.2722896666666728,0.006698999999997568
0,26,0.21956999999999738,1.9426333333333332,2.2722896666666728,0.003213666666660231
0,27,0.21956999999999738,1.9426333333333332,2.2722896666666728,1.4333333332672282e-05
0,28,0.21956999999999738,1.9426333333333332,2.2722896666666728,0.0
0,29,0.2142949999999999,1.9520529999999994,2.0085390000000203,0.0
0,30,0.20977800000000002,1.9810979999999958,1.1662340000001237,0.0
0,31,0.20476100000000486,2.0262379999999993,-0.18796599999998165,0.0
0,32,0.20053800000000876,2.115493999999998,-2.9549019999999473,0.0
0,33,0.19711300000000165,2.27091200000001,-7.928278000000319,0.0
0,34,0.19711300000000165,2.51621999999999,-16.023441999999662,0.0
0,35,0.19767000000000223,2.866112000000001,-27.919770000000042,0.0
0,36,0.20218599999999753,3.350136000000006,-44.86061000000022,0.0
0,37,0.21117399999999975,4.009367999999995,-68.59296199999982,0.0
0,38,0.22541100000002245,4.932282000000001,-102.74078000000003,0.0
0,39,0.24307199999998375,6.491248999999996,-161.98152599999986,0.0
0,40,0.2685470000000123,9.869873000000013,-293.7478620000005,0.0
0,41,0.3296659999999747,18.64904,-644.914542,0.0
0,42,0.369354999999814,45.303901999999994,-1737.7638839999997,0.0
1,0,-0.4546019999999995,0.5677760000000003,12.384008,0.0
1,1,-0.3990840000000002,0.6232939999999996,12.32849,0.0
1,2,-0.34024199999999993,0.7279400000000003,12.165002,0.0
1,3,-0.27950999999999837,0.8363150000000008,11.887519999999997,0.0
1,4,-0.21800700000000006,0.9482199999999992,11.490302000000003,0.0
1,5,-0.1566839999999985,1.0609450000000002,10.978078999999997,0.0
1,6,-0.09776100000000199,1.1751609999999992,10.348076000000006,0.0
1,7,-0.0419230000000006,1.2848550000000003,9.634073999999998,0.0
1,8,0.2660160000000005,1.388618000000001,8.599793999999992,0.0
1,9,0.3302829999999979,1.4848940000000006,7.765318999999998,0.0
1,10,0.09722099999999756,1.5715769999999978,7.218234000000024,0.0
1,11,0.43824599999999947,1.6489340000000006,6.103638999999994,0.0
1,12,0.4812870000000018,1.7148849999999989,5.33513700000001,0.0
1,13,0.18494300000000052,1.7739360000000026,4.922868999999967,0.0
1,14,0.5449939999999991,1.8166459999999987,4.00758800000002,0.0
1,15,0.5678960000000011,1.8524950000000011,3.4827999999999832,0.0
1,16,0.5850659999999976,1.877001,3.0980400000000046,0.0
1,17,0.597572999999997,1.8922389999999965,2.8417250000000607,0.0
1,18,0.6068230000000057,1.9107590000000059,2.517634999999892,0.0
1,19,0.6121749999999935,1.9239959999999954,2.274017000000093,0.0
1,20,0.6152950000000033,1.9309879999999993,2.1380490000000094,0.0
1,21,0.5989049999999949,1.9379810000000006,2.0145789999999906,0.0
1,22,0.5902639999999977,1.9392154285714287,1.997296999999996,0.0011075714285695426
1,23,0.5902639999999977,1.9392154285714287,1.997296999999996,0.00533114285715186
1,24,0.5902639999999977,1.9392154285714287,1.997296999999996,0.006285714285716892
1,25,0.5902639999999977,1.9392154285714287,1.997296999999996,0.009304285714286209
1,26,0.24261099999999658,1.9392154285714287,2.344949999999997,0.005525857142856694
1,27,0.5902639999999977,1.9392154285714287,1.997296999999996,0.001456428571430024
1,28,0.24261099999999658,1.9392154285714287,2.344949999999997,0.0
1,29,0.5843500000000006,1.946778000000002,1.7914589999999464,0.0
1,30,0.2142949999999999,1.976580999999996,1.2972270000001203,0.0
1,31,0.5755429999999961,2.021221000000004,-0.40322100000012284,0.0
1,32,0.5726629999999915,2.111271000000002,-3.191891000000055,0.0
1,33,0.5717539999999985,2.2674870000000027,-8.18989400000008,0.0
1,34,0.5717539999999985,2.5167769999999905,-16.416463999999678,0.0
1,35,0.5766370000000052,2.8706279999999964,-28.452280999999886,0.0
1,36,0.5870210000000071,3.3591240000000084,-45.56002500000031,0.0
1,37,0.22541100000000824,4.023605000000003,-69.11973100000013,0.0
1,38,0.24307199999999796,4.94994299999999,-103.41189799999964,0.0
1,39,0.6515509999999978,6.516724000000011,-163.35805500000038,0.0
1,40,0.3296659999999747,9.93099199999999,-296.1926219999996,0.0
1,41,0.7399070000000023,18.68872900000001,-646.9123430000003,0.0
2,0,-0.26431700000000014,0.6232939999999996,12.193723,0.0
2,1,-0.19114300000000028,0.6964679999999994,12.047375,0.0
2,2,-0.11425299999999972,0.8048300000000008,11.785232999999998,0.0
2,3,-0.03557500000000147,0.9149929999999991,11.407551000000005,0.0
2,4,0.04341299999999926,1.027208,10.912930000000001,0.0
2,5,0.12153599999999898,1.139068,10.309244000000001,0.0
2,6,0.195962999999999,1.2495879999999993,9.607790000000005,0.0
2,7,0.2660160000000005,1.3549080000000018,8.835763999999987,0.0
2,8,0.3302829999999979,1.4528849999999984,8.021391000000015,0.0
2,9,0.3878789999999981,1.5424900000000008,7.189358999999996,0.0
2,10,0.43824599999999947,1.6219439999999992,6.373539000000008,0.0
2,11,0.4812870000000018,1.691975000000003,5.587146999999966,0.0
2,12,0.516966,1.7505639999999971,4.871310000000033,0.0
2,13,0.7258530000000007,1.8019640000000017,3.836735999999977,0.0
2,14,0.7535610000000013,1.8395480000000006,3.2927279999999897,0.0
2,15,0.5850659999999976,1.8696649999999977,3.208080000000038,0.0
2,16,0.597572999999997,1.8895079999999993,2.885421000000015,0.0
2,17,0.6068230000000057,1.901489000000005,2.675224999999905,0.0
2,18,0.812304999999995,1.9161109999999937,2.0156870000001206,0.0
2,19,0.8178330000000003,1.9271160000000052,1.8065409999999034,0.0
2,20,0.8199170000000464,1.932227999999995,1.705245000000005,0.0
2,21,0.7907357500000041,1.9357772500000001,1.692622499999989,0.0020627500000012233
2,22,0.7907357500000041,1.9357772500000001,1.692622499999989,0.004651500000002251
2,23,0.7907357500000041,1.9357772500000001,1.692622499999989,0.009223249999998906
2,24,0.7907357500000041,1.9357772500000001,1.692622499999989,0.010756000000001542
2,25,0.616534999999999,1.9357772500000001,2.041024,0.013748749999997756
2,26,0.7907357500000041,1.9357772500000001,1.692622499999989,0.009112500000001411
2,27,0.7907357500000041,1.9357772500000001,1.692622499999989,0.003491249999997059
2,28,0.7907357500000041,1.9357772500000001,1.69262249999999,0.0
2,29,0.5902639999999977,1.9408640000000048,1.9511369999998678,0.0
2,30,0.5843500000000006,1.972408999999999,1.0481600000000313,0.0
2,31,0.5801780000000036,2.0165859999999967,-0.2688059999999055,0.0
2,32,0.5755429999999961,2.1083909999999975,-3.1054909999999154,0.0
2,33,0.5726629999999915,2.2665780000000098,-8.1617150000003,0.0
2,34,0.7838670000000008,2.521659999999997,-17.0018289999999,0.0
2,35,0.5870210000000071,2.8810119999999984,-28.826104999999956,0.0
2,36,0.6027289999999965,3.374831999999998,-46.141220999999916,0.0
2,37,0.6243669999999923,4.045242999999999,-70.31929299999996,0.0
2,38,0.8591080000000062,4.977126999999996,-105.26848299999986,0.0
2,39,0.8935700000000111,6.559723000000005,-165.4760550000002,0.0
2,40,0.9111170000000044,9.976348999999999,-298.75956299999996,0.0
3,0,-0.11107600000000062,0.6964679999999994,11.887241000000001,0.0
3,1,-0.027927000000000035,0.779617,11.637794,0.0
3,2,0.05832299999999968,0.8910800000000005,11.267581,0.0
3,3,0.1455700000000011,1.0022400000000005,10.783519999999996,0.0
3,4,0.23200600000000016,1.113643999999999,10.190000000000003,0.0
3,5,0.31622899999999987,1.2232909999999997,9.498743000000001,0.0
3,6,0.3956090000000003,1.3289679999999997,8.732218,0.0
3,7,0.46950100000000106,1.4288000000000025,7.9115499999999805,0.0
3,8,0.5364760000000004,1.5198599999999978,7.073205000000016,0.0
3,9,0.5957730000000012,1.6017870000000016,6.239897999999982,0.0
3,10,0.647037000000001,1.673207999999999,5.4433170000000075,0.0
3,11,0.6904059999999994,1.7353440000000013,4.691849999999988,0.0
3,12,0.7258530000000007,1.7860109999999985,4.028172000000016,0.0
3,13,0.7535610000000013,1.8296720000000022,3.4211159999999694,0.0
3,14,0.7760029999999993,1.8619899999999987,2.9336560000000205,0.0
3,15,0.7924350000000047,1.886097000000003,2.546861999999944,0.0
3,16,0.8041869999999989,1.9012599999999935,2.284161000000104,0.0
3,17,0.812304999999995,1.9096070000000012,2.1262549999999933,0.0
3,18,0.8178330000000003,1.921638999999999,1.9051270000000144,0.0
3,19,0.8204810000000009,1.9297640000000058,1.7509329999998897,0.0
3,20,0.8204810000000009,1.9321653333333333,1.7053076666666698,0.0009356666666633373
3,21,0.8204810000000009,1.9321653333333333,1.7053076666666698,0.006137333333327888
3,22,0.8204810000000009,1.9321653333333333,1.7053076666666698,0.009182999999993058
3,23,0.8204810000000009,1.9321653333333333,1.7053076666666698,0.014559666666663418
3,24,0.8204810000000009,1.9321653333333333,1.7053076666666698,0.016419333333331565
3,25,0.8204810000000009,1.9321653333333333,1.7053076666666698,0.01900699999999489
3,26,0.8204810000000009,1.9321653333333333,1.7053076666666698,0.013103666666665958
3,27,0.8204810000000009,1.9321653333333333,1.7053076666666698,0.005659333333326799
3,28,0.8204810000000009,1.9321653333333333,1.7053076666666698,0.0
3,29,0.7978210000000132,1.934989999999999,1.6941969999999884,0.0
3,30,0.7856489999999994,1.9689289999999957,0.7464820000001282,0.0
3,31,0.7821689999999961,2.013866,-0.5911879999999954,0.0
3,32,0.779861000000011,2.108803000000009,-3.52731100000031,0.0
3,33,0.7838670000000008,2.2705839999999995,-8.71632099999998,0.0
3,34,0.794990999999996,2.5327839999999924,-17.40229299999973,0.0
3,35,0.909546000000006,2.8978270000000066,-30.157420000000243,0.0
3,36,0.9317629999999895,3.3957209999999947,-47.650360999999776,0.0
3,37,0.8591080000000062,4.071656000000004,-71.76605600000019,0.0
3,38,0.8935700000000111,5.011589000000001,-106.64696300000006,0.0
3,39,0.9111170000000044,6.577269999999999,-166.19548199999997,0.0
4,0,0.013446000000000069,0.779617,11.513675,0.0
4,1,0.1012360000000001,0.867407,11.162514999999999,0.0
4,2,0.1907110000000003,0.9805550000000007,10.691466999999998,0.0
4,3,0.28002099999999963,1.0915499999999998,10.112237000000002,0.0
4,4,0.3671060000000015,1.2007290000000008,9.436359999999992,0.0
4,5,0.4503990000000009,1.306583999999999,8.679768000000001,0.0
4,6,0.5278010000000002,1.406369999999999,7.871230000000004,0.0
4,7,0.5988279999999975,1.4998269999999998,7.02638000000001,0.0
4,8,0.6622219999999999,1.5832540000000002,6.188814999999998,0.0
4,9,0.7174379999999978,1.6570029999999996,5.377959000000011,0.0
4,10,0.7643969999999989,1.720167,4.621647000000003,0.0
4,11,0.8036349999999999,1.7745820000000023,3.9205449999999757,0.0
4,12,0.8350200000000001,1.8173959999999987,3.324051000000015,0.0
4,13,0.8593649999999968,1.854016999999999,2.787219000000025,0.0
4,14,0.8787119999999966,1.8813369999999985,2.3546710000000317,0.0
4,15,0.8924329999999969,1.8998180000000033,2.0410529999999625,0.0
4,16,0.9031299999999973,1.9107819999999975,1.8338050000000479,0.0
4,17,0.9076810000000037,1.915333000000004,1.7427849999999196,0.0
4,18,0.9122010000000031,1.9261589999999984,1.5406630000000163,0.0
4,19,0.9122010000000031,1.9288685,1.4918919999999858,0.00248950000000292
4,20,0.9122010000000031,1.9288685,1.4918919999999858,0.006745999999999697
4,21,0.9122010000000031,1.9288685,1.4918919999999858,0.014007499999998174
4,22,0.9122010000000031,1.9288685,1.4918919999999858,0.016776000000000124
4,23,0.9122010000000031,1.9288685,1.4918919999999858,0.022771499999997502
4,24,0.9122010000000031,1.9288685,1.4918919999999858,0.024005999999999972
4,25,0.9150835000000015,1.9288685,1.4803619999999924,0.025401500000000965
4,26,0.9122010000000031,1.9288685,1.4918919999999858,0.01751499999999595
4,27,0.9122010000000031,1.9288685,1.4918919999999858,0.007763499999995815
4,28,0.9122010000000031,1.9288685,1.4918919999999858,0.0
4,29,0.9018780000000106,1.9299159999999986,1.503853999999997,0.0
4,30,0.8765599999999978,1.9668010000000038,0.5354609999998985,0.0
4,31,0.875267000000008,2.0147010000000023,-0.8963670000000974,0.0
4,32,0.8805769999999882,2.114112999999989,-3.9993789999996068,0.0
4,33,0.9315420000000074,2.281936999999999,-9.57360700000001,0.0
4,34,0.909546000000006,2.5504000000000104,-18.344902000000374,0.0
4,35,0.9738609999999994,2.92004399999999,-31.170057999999656,0.0
4,36,0.9559249999999935,3.4198829999999987,-48.59267899999993,0.0
4,37,1.0189890000000048,4.100518000000008,-73.34779500000033,0.0
4,38,0.9873429999999956,5.014144999999999,-107.02540999999995,0.0
5,0,0.12373100000000115,0.867407,11.072534999999995,0.0
5,1,0.21265499999999982,0.9563309999999987,10.627915000000002,0.0
5,2,0.3015030000000003,1.0694030000000012,10.070602999999997,0.0
5,3,0.3889200000000006,1.178967,9.414389999999997,0.0
5,4,0.47263000000000055,1.2844390000000008,8.679423999999996,0.0
5,5,0.5510289999999998,1.3849829999999983,7.885253000000009,0.0
5,6,0.6228049999999996,1.4781459999999988,7.060558000000007,0.0
5,7,0.6874460000000013,1.5644680000000015,6.219420999999983,0.0
5,8,0.7440370000000023,1.639845000000001,5.408826999999981,0.0
5,9,0.7924480000000003,1.7054139999999975,4.6422200000000196,0.0
5,10,0.8435230000000011,1.760511000000001,3.8909719999999837,0.0
5,11,0.8767530000000008,1.8078409999999998,3.251521999999998,0.0
5,12,0.9037150000000018,1.8432940000000002,2.726728999999988,0.0
5,13,0.9239710000000017,1.8737239999999993,2.260289,0.0
5,14,0.9269060000000025,1.8965870000000002,1.9483949999999837,0.0
5,15,0.9372710000000026,1.9101830000000035,1.706225999999937,0.0
5,16,0.9464460000000017,1.9176450000000003,1.5484209999999905,0.0
5,17,0.9475860000000011,1.9187849999999997,1.5244810000000015,0.0
5,18,0.9475860000000011,1.923536454545454,1.443706272727276,0.005410545454537896
5,19,0.9475860000000011,1.923536454545454,1.443706272727276,0.013591090909095271
5,20,0.9475860000000011,1.923536454545454,1.443706272727276,0.022206636363634402
5,21,0.938606,1.9259855454545451,1.4379917272727312,0.031874818181819364
5,22,0.938606,1.9259855454545451,1.4379917272727312,0.034325272727272704
5,23,0.937652000000007,1.9261589999999984,1.4388590000000008,0.04005000000000081
5,24,0.9308739999999958,1.9274330000000006,1.443039000000006,0.038612000000000535
5,25,0.9308739999999958,1.9274330000000006,1.443039000000006,0.036723999999999535
5,26,0.9308739999999958,1.9274330000000006,1.443039000000006,0.024817999999996232
5,27,0.9308739999999958,1.9274330000000006,1.443039000000006,0.011321999999999832
5,28,0.9308739999999958,1.9274330000000006,1.443039000000006,0.0007659999999987122
5,29,0.9308739999999958,1.9274330000000006,1.443039000000006,0.0
5,30,0.9142989999999998,1.9670640000000006,0.3766149999999868,0.0
5,31,0.9201209999999946,2.020522999999997,-1.2562649999998854,0.0
5,32,0.9315420000000074,2.125534000000002,-4.568711000000093,0.0
5,33,0.9649809999999945,2.301361,-10.36236999999997,0.0
5,34,0.9738609999999994,2.5732950000000017,-19.38059200000005,0.0
5,35,0.9996870000000087,2.9458699999999993,-32.177272000000016,0.0
5,36,1.0331729999999908,3.4448390000000018,-49.80861700000001,0.0
5,37,1.0331729999999908,4.094864000000001,-73.20951699999999,0.0
6,0,0.22674799999999884,0.9563309999999987,10.557450000000006,0.0
6,1,0.3143860000000007,1.0439690000000006,10.031621999999995,0.0
6,2,0.40018399999999943,1.155201,9.405602000000004,0.0
6,3,0.48327799999999854,1.2620609999999992,8.69331800000001,0.0
6,4,0.561361999999999,1.3625230000000013,7.923428000000001,0.0
6,5,0.6328360000000011,1.4564570000000003,7.118847999999993,0.0
6,6,0.6973149999999997,1.5426249999999975,6.301134000000015,0.0
6,7,0.7540900000000015,1.6212430000000033,5.4887759999999695,0.0
6,8,0.802783999999999,1.6885389999999987,4.7255400000000165,0.0
6,9,0.8435230000000011,1.7461529999999996,4.0201939999999965,0.0
6,10,0.8767530000000008,1.7937410000000007,3.392521999999989,0.0
6,11,0.9037150000000018,1.8348030000000008,2.820129999999981,0.0
6,12,0.9287279999999996,1.86355,2.3538350000000037,0.0
6,13,0.943954999999999,1.8887479999999996,1.9600970000000117,0.0
6,14,0.9498870000000039,1.9074790000000021,1.6810019999999497,0.0
6,15,0.9570090625000003,1.9173050624999994,1.5007047500000077,0.00010593749999543434
6,16,0.9568545454545453,1.9176450000000003,1.4963782727272728,0.004647454545450458
6,17,0.9562954999999995,1.9187849999999997,1.4809335000000097,0.007117499999996113
6,18,0.9558195714285711,1.919419571428571,1.4725254285714406,0.018097857142853613
6,19,0.9539775714285703,1.9212615714285717,1.4504214285714312,0.027828285714285528
6,20,0.9495568571428583,1.9230298571428566,1.4424641428571476,0.03597257142857124
6,21,0.9479260000000025,1.9234746363636355,1.4430571818181903,0.04376445454545319
6,22,0.9479260000000025,1.9234746363636355,1.4430571818181903,0.04579181818181155
6,23,0.9475860000000011,1.923536454545454,1.443706272727276,0.04990327272727768
6,24,0.9475860000000011,1.923536454545454,1.443706272727276,0.046966818181822134
6,25,0.938606,1.9259855454545451,1.4379917272727312,0.04269663636364385
6,26,0.938606,1.9259855454545451,1.4379917272727312,0.027256090909098418
6,27,0.938606,1.9259855454545451,1.4379917272727312,0.011137545454545261
6,28,0.938606,1.9259855454545451,1.4379917272727312,0.0
6,29,0.9353619999999978,1.9266170000000002,1.4397750000000045,0.0
6,30,0.9354089999999928,1.9715989999999977,0.13501500000010935,0.0
6,31,0.9472959999999944,2.0324099999999987,-1.7606369999999316,0.0
6,32,0.9649809999999945,2.143219000000002,-5.301826000000034,0.0
6,33,0.9949260000000066,2.326980000000006,-11.361848000000236,0.0
6,34,1.0230109999999968,2.5993270000000024,-20.517809000000057,0.0
6,35,1.0415799999999962,2.970817999999994,-33.259916999999774,0.001434000000003266
6,36,1.0415799999999962,3.4364319999999964,-49.55640699999985,0.0
7,0,0.32472300000000054,1.0439690000000006,9.969599999999996,0.0
7,1,0.4091869999999993,1.1284329999999994,9.378352000000005,0.0
7,2,0.4903379999999995,1.2363520000000001,8.702376000000003,0.0
7,3,0.5674920000000014,1.3392150000000012,7.956571999999987,0.0
7,4,0.6386350000000007,1.4336660000000006,7.175217999999994,0.0
7,5,0.7022759999999977,1.5200979999999973,6.384003000000028,0.0
7,6,0.7589000000000006,1.5992490000000004,5.591879999999993,0.0
7,7,0.8073769999999989,1.6697200000000016,4.829714999999997,0.0
7,8,0.8480589999999992,1.729220999999999,4.128434000000013,0.0
7,9,0.8813059999999986,1.779399999999999,3.4942730000000175,0.0
7,10,0.907747999999998,1.820183,2.9421320000000115,0.0
7,11,0.9305890000000012,1.8557830000000024,2.426244999999966,0.0
7,12,0.9460279999999983,1.8787769999999995,2.0652380000000186,0.0
7,13,0.9548229999999975,1.8996159999999982,1.7536050000000394,0.0
7,14,0.9594203749999988,1.9120763750000034,1.5594384999999615,0.0022686250000027997
7,15,0.9570090625000003,1.9173050624999994,1.5007047500000077,0.009355874999996239
7,16,0.9568545454545453,1.9176450000000003,1.4963782727272728,0.016431909090908192
7,17,0.9566445333333342,1.9182225333333303,1.4881878000000484,0.020302399999996723
7,18,0.9562954999999995,1.9187849999999997,1.4809335000000097,0.031168999999998448
7,19,0.9539775714285703,1.9212615714285717,1.4504214285714312,0.04136871428571354
7,20,0.9539775714285703,1.9212615714285717,1.4504214285714312,0.047754142857140636
7,21,0.9539775714285703,1.9212615714285717,1.4504214285714312,0.05353957142857624
7,22,0.9495568571428583,1.9230298571428566,1.4424641428571476,0.05426799999999954
7,23,0.9495568571428583,1.9230298571428566,1.4424641428571476,0.05322714285714536
7,24,0.9495568571428583,1.9230298571428566,1.4424641428571476,0.04570928571428734
7,25,0.9479260000000025,1.9234746363636355,1.4430571818181903,0.03939790909090135
7,26,0.9479260000000025,1.9234746363636355,1.4430571818181903,0.0225592727272641
7,27,0.9479260000000025,1.9234746363636355,1.4430571818181903,0.007111636363639207
7,28,0.9479260000000025,1.9234746363636355,1.4430571818181903,0.0
7,29,0.9436450000000036,1.9316560000000038,1.243945999999866,0.0
7,30,0.9545140000000032,1.9824679999999972,-0.30568499999994003,0.0
7,31,0.9726789999999994,2.050574999999995,-2.4760499999998444,0.0
7,32,0.9949260000000066,2.165466000000009,-6.193400000000338,0.0
7,33,1.0230109999999968,2.355064999999996,-12.457162999999852,0.0
7,34,1.0459709999999944,2.622287,-21.436208999999963,0.003208999999998241
7,35,1.0459709999999944,2.966426999999996,-33.13696899999982,0.0
8,0,0.41771699999999967,1.1284329999999994,9.318642000000002,0.0
8,1,0.4974710000000009,1.2081870000000006,8.680609999999993,0.0
8,2,0.5727000000000011,1.3115810000000003,7.975383999999991,0.0
8,3,0.6428199999999986,1.4093349999999987,7.218916000000014,0.0
8,4,0.7062189999999973,1.4970649999999992,6.4485340000000235,0.0
8,5,0.7618369999999999,1.575716,5.688986,0.0
8,6,0.8103289999999994,1.647741,4.940925000000004,0.0
8,7,0.8507339999999992,1.7101250000000014,4.243380999999996,0.0
8,8,0.8838329999999992,1.762319999999999,3.613224000000013,0.0
8,9,0.9101980000000012,1.805765000000001,3.0547439999999817,0.0
8,10,0.9305890000000012,1.8405740000000002,2.5783349999999885,0.0
8,11,0.9460279999999983,1.8712219999999995,2.1483430000000183,0.0
8,12,0.9573950000000018,1.8896770000000025,1.8544019999999577,0.0
8,13,0.9607014375000001,1.903389437499997,1.663401250000038,0.0036535625000055916
8,14,0.9594203749999988,1.9120763750000034,1.5594384999999615,0.01099524999999879
8,15,0.9586339374999985,1.914596937500002,1.5288692499999845,0.02244718749999919
8,16,0.9570090625000003,1.9173050624999994,1.5007047500000077,0.03094674999999647
8,17,0.9568545454545453,1.9176450000000003,1.4963782727272728,0.03502936363635989
8,18,0.9564638666666644,1.9185838666666701,1.483309799999959,0.04468766666666468
8,19,0.9562954999999995,1.9187849999999997,1.4809335000000097,0.05283549999999693
8,20,0.9539775714285703,1.9212615714285717,1.4504214285714312,0.057834571428571735
8,21,0.9539775714285703,1.9212615714285717,1.4504214285714312,0.05910400000000493
8,22,0.9539775714285703,1.9212615714285717,1.4504214285714312,0.05562742857143377
8,23,0.9539775714285703,1.9212615714285717,1.4504214285714312,0.05002685714286059
8,24,0.9539775714285703,1.9212615714285717,1.4504214285714312,0.03946328571428381
8,25,0.9495568571428583,1.9230298571428566,1.4424641428571476,0.03186057142857379
8,26,0.9495568571428583,1.9230298571428566,1.4424641428571476,0.013654714285713965
8,27,0.9495568571428583,1.9230298571428566,1.4424641428571476,0.00026585714285687345
8,28,0.949556857142858,1.9230298571428566,1.4424641428571503,0.0
8,29,0.9598769999999917,1.943606999999993,0.7837430000002641,0.0
8,30,0.977478000000005,2.0000690000000105,-0.9944630000003514,0.0
8,31,1.0003810000000044,2.0734779999999944,-3.3799569999998624,0.0
8,32,1.0252079999999921,2.190292999999997,-7.199837999999843,0.0
8,33,1.0484845000000007,2.3783415000000048,-13.403602000000163,0.003837500000003047
8,34,1.0484845000000007,2.6197734999999938,-21.3708579999998,0.0
9,0,0.5049600000000005,1.2081870000000006,8.620697999999996,0.0
9,1,0.5787849999999999,1.3115810000000003,7.926704000000001,0.0
9,2,0.6470959999999994,1.379892,7.243594000000005,0.0
9,3,0.7094009999999997,1.471639999999999,6.499353000000005,0.0
9,4,0.7644080000000031,1.5520720000000026,5.7629939999999635,0.0
9,5,0.8120350000000016,1.6233429999999984,5.049266999999993,0.0
9,6,0.8523750000000021,1.6880810000000004,4.362516999999979,0.0
9,7,0.8851820000000004,1.7429319999999997,3.738147999999999,0.0
9,8,0.9113880000000023,1.788526000000001,3.1831359999999727,0.0
9,9,0.9318329999999975,1.8260729999999974,2.6987550000000446,0.0
9,10,0.9468980000000009,1.8557760000000023,2.2958429999999694,0.0
9,11,0.9573950000000018,1.8817190000000004,1.9419399999999811,0.0
9,12,0.9608261250000001,1.8931081250000006,1.7857794999999932,0.003982874999994834
9,13,0.9607014375000001,1.903389437499997,1.663401250000038,0.012408124999999437
9,14,0.9594203749999988,1.9120763750000034,1.5594384999999615,0.022861875000003806
9,15,0.9591987499999987,1.9130367500000038,1.547322999999957,0.03584399999999821
9,16,0.9570090625000003,1.9173050624999994,1.5007047500000077,0.04568968749999769
9,17,0.9568545454545453,1.9176450000000003,1.4963782727272728,0.048267818181813915
9,18,0.9564638666666644,1.9185838666666701,1.483309799999959,0.05594779999999755
9,19,0.9564394666666693,1.9186204666666629,1.4828462000000506,0.06087873333333249
9,20,0.9562954999999995,1.9187849999999997,1.4809335000000097,0.06240300000000332
9,21,0.9558195714285711,1.919419571428571,1.4725254285714406,0.06107442857143397
9,22,0.9539775714285703,1.9212615714285717,1.4504214285714312,0.05292485714285888
9,23,0.9539775714285703,1.9212615714285717,1.4504214285714312,0.041549285714285844
9,24,0.9539775714285703,1.9212615714285717,1.4504214285714312,0.027246714285713125
9,25,0.9539775714285703,1.9212615714285717,1.4504214285714312,0.02005214285714274
9,26,0.9539775714285703,1.9212615714285717,1.4504214285714312,0.005230571428572972
9,27,0.9539775714285703,1.921261571428572,1.4504214285714276,0.0
9,28,0.9616579999999999,1.9351309999999984,1.0068230000000469,0.0
9,29,0.9809040000000095,1.963860000000011,0.02818999999959715,0.0
9,30,1.0038069999999948,2.0229719999999958,-1.8921849999998273,0.0
9,31,1.0294650000000019,2.0991360000000014,-4.408027000000061,0.0
9,32,1.0499650000000003,2.2107929999999953,-8.053893999999858,0.004187999999999192
9,33,1.0499650000000003,2.376861000000005,-13.368070000000174,0.0
10,0,0.585227999999999,1.282012,7.8982860000000095,0.0
10,1,0.6521740000000005,1.379892,7.197891999999996,0.0
10,2,0.7128810000000012,1.4405990000000006,6.530114999999988,0.0
10,3,0.7668870000000005,1.5256459999999983,5.819960999999999,0.0
10,4,0.8134209999999982,1.5986060000000002,5.135741000000017,0.0
10,5,0.8532440000000001,1.6880810000000004,4.354695999999997,0.0
10,6,0.8858399999999982,1.7429319999999997,3.7322260000000185,0.0
10,7,0.9117390000000007,1.7688310000000023,3.3178419999999775,0.0
10,8,0.9318329999999975,1.8088789999999975,2.836307000000044,0.0
10,9,0.9469090000000016,1.8415990000000022,2.4233369999999645,0.0
10,10,0.9577120000000008,1.8671440000000032,2.084836999999961,0.0
10,11,0.9609749375000001,1.8849819374999999,1.8738282500000025,0.0033690624999955787
10,12,0.9608261250000001,1.8931081250000006,1.7857794999999932,0.012089749999994126
10,13,0.9607014375000001,1.903389437499997,1.663401250000038,0.023172687499998013
10,14,0.9605622916666666,1.9086506249999995,1.59597983333334,0.03538050000000226
10,15,0.9591987499999987,1.9130367500000038,1.547322999999957,0.048198249999999554
10,16,0.9586339374999985,1.914596937500002,1.5288692499999845,0.057667374999996746
10,17,0.9570090625000003,1.9173050624999994,1.5007047500000077,0.058075562499993794
10,18,0.9566445333333342,1.9182225333333303,1.4881878000000484,0.06281226666666839
10,19,0.9564638666666644,1.9185838666666701,1.483309799999959,0.0640140666666662
10,20,0.9564394666666693,1.9186204666666629,1.4828462000000506,0.061108799999995966
10,21,0.9558195714285711,1.919419571428571,1.4725254285714406,0.05677685714285907
10,22,0.9558195714285711,1.919419571428571,1.4725254285714406,0.045953285714292136
10,23,0.9539775714285703,1.9212615714285717,1.4504214285714312,0.03028971428571481
10,24,0.9539775714285703,1.9212615714285717,1.4504214285714312,0.014294142857146142
10,25,0.9539775714285703,1.9212615714285717,1.4504214285714312,0.009265571428571207
10,26,0.9539775714285703,1.9212615714285717,1.4504214285714312,0.0007280000000022824
10,27,0.9617039999999974,1.929159333333331,1.167644000000088,0.0
10,28,0.9798970000000011,1.9540150000000054,0.31391999999983966,0.0
10,29,1.0045999999999964,1.9899739999999895,-0.9423799999996589,0.0
10,30,1.0305330000000055,2.0499650000000145,-2.9425090000004843,0.0
10,31,1.051395499999998,2.121578499999998,-5.301118999999911,0.005024500000002874
10,32,1.0513954999999982,2.2093624999999975,-8.022422999999904,0.0
11,0,0.6575620000000004,1.3489580000000014,7.174945999999995,0.0
11,1,0.7169939999999997,1.4083900000000007,6.521194000000003,0.0
11,2,0.7697509999999994,1.5256459999999983,5.791321000000011,0.0
11,3,0.815373000000001,1.5712679999999999,5.19823499999999,0.0
11,4,0.8538899999999998,1.637122999999999,4.576983000000006,0.0
11,5,0.8861470000000011,1.7206769999999985,3.8626859999999965,0.0
11,6,0.9117449999999998,1.7462749999999971,3.4531180000000177,0.0
11,7,0.9315739999999977,1.788764999999998,2.9799540000000384,0.0
11,8,0.9464590000000008,1.8238510000000012,2.5702709999999804,0.0
11,9,0.9571469999999991,1.852339999999998,2.2242880000000262,0.0
11,10,0.961351125,1.8707831250000024,2.0120544999999783,0.003091874999999078
11,11,0.9609749375000001,1.8849819374999999,1.8738282500000025,0.010778124999994532
11,12,0.9608261250000001,1.9015191249999965,1.6848475000000427,0.022047624999995463
11,13,0.9607014375000001,1.903389437499997,1.663401250000038,0.03411325000000165
11,14,0.9605622916666666,1.9086506249999995,1.59597983333334,0.045902208333332695
11,15,0.9594203749999988,1.9120763750000034,1.5594384999999615,0.05852575000000115
11,16,0.9588017500000007,1.9142277499999973,1.533031000000035,0.06628275000000272
11,17,0.9586339374999985,1.914596937500002,1.5288692499999845,0.0638115000000008
11,18,0.9568545454545453,1.9176450000000003,1.4963782727272728,0.06490972727272482
11,19,0.9566445333333342,1.9182225333333303,1.4881878000000484,0.06196419999999492
11,20,0.9564394666666693,1.9186204666666629,1.4828462000000506,0.05433433333332971
11,21,0.9564394666666693,1.9186204666666629,1.4828462000000506,0.048139866666666364
11,22,0.9558195714285711,1.919419571428571,1.4725254285714406,0.03411571428571847
11,23,0.9558195714285711,1.919419571428571,1.4725254285714406,0.018291142857144393
11,24,0.9539775714285703,1.9212615714285717,1.4504214285714312,0.003942571428570574
11,25,0.9539775714285703,1.9212615714285717,1.4504214285714312,0.004644000000002535
11,26,0.9617039999999974,1.929159333333331,1.167644000000088,0.0005563333333356013
11,27,0.9792059999999978,1.9473136666666637,0.5024570000000992,0.0
11,28,1.0021820000000048,1.9769210000000044,-0.5502980000001685,0.0
11,29,1.0294729999999959,2.0171139999999923,-1.9781699999997358,0.0
11,30,1.0506054999999959,2.07282949999999,-3.8291689999996485,0.005210499999995122
11,31,1.0513954999999982,2.1215784999999983,-5.301118999999929,0.0
12,0,0.7212650000000007,1.4083900000000007,6.474212999999992,0.0
12,1,0.7728950000000001,1.46002,5.854652999999999,0.0
12,2,0.8177009999999996,1.5712679999999999,5.172627000000006,0.0
12,3,0.8554379999999995,1.6090049999999998,4.644309000000007,0.0
12,4,0.8866189999999996,1.6683039999999991,4.092240000000007,0.0
12,5,0.9119379999999992,1.7462749999999971,3.450995000000024,0.0
12,6,0.9314689999999999,1.7658059999999978,3.118968000000013,0.0
12,7,0.9461130000000004,1.8231590000000004,2.579266999999991,0.0
12,8,0.9566440000000007,1.8342610000000015,2.3749559999999796,0.0
12,9,0.9616699375000002,1.8568629374999992,2.1338292500000033,0.0021840625000013603
12,10,0.961351125,1.8707831250000024,2.0120544999999783,0.010074749999999355
12,11,0.9609749375000001,1.8849819374999999,1.8738282500000025,0.020243187499998427
12,12,0.9608261250000001,1.9015191249999965,1.6848475000000427,0.032343499999999636
12,13,0.9607014375000001,1.903389437499997,1.663401250000038,0.0441298124999987
12,14,0.9605622916666666,1.9086506249999995,1.59597983333334,0.05458191666666856
12,15,0.9594203749999988,1.9120763750000034,1.5594384999999615,0.06612337500000542
12,16,0.9588017500000007,1.9142277499999973,1.533031000000035,0.07140899999999739
12,17,0.9586339374999985,1.914596937500002,1.5288692499999845,0.06411256249999919
12,18,0.9570090625000003,1.9173050624999994,1.5007047500000077,0.06258237499999453
12,19,0.9566445333333342,1.9182225333333303,1.4881878000000484,0.05527466666666392
12,20,0.9564638666666644,1.9185838666666701,1.483309799999959,0.043384466666664956
12,21,0.9564394666666693,1.9186204666666629,1.4828462000000506,0.03589140000000057
12,22,0.9564394666666693,1.9186204666666629,1.4828462000000506,0.02064393333332859
12,23,0.9558195714285711,1.919419571428571,1.4725254285714406,0.006398571428569255
12,24,0.9558195714285712,1.9194195714285707,1.472525428571446,0.0
12,25,0.9617039999999974,1.929159333333331,1.167644000000088,0.004540666666670745
12,26,0.9792059999999978,1.9473136666666637,0.5024570000000992,0.0009636666666708038
12,27,1.0015610000000095,1.970846333333346,-0.3788300000004483,0.0
12,28,1.0272059999999925,2.002730999999997,-1.5482419999998314,0.0
12,29,1.0492095000000032,2.0397115000000094,-2.8505990000003116,0.004996500000004289
12,30,1.050605499999996,2.0728294999999903,-3.8291689999996663,0.0
13,0,0.7761329999999997,1.46002,5.815797000000003,0.0
13,1,0.8199439999999996,1.5381619999999998,5.211923000000006,0.0
13,2,0.8570959999999985,1.6090049999999998,4.624413000000018,0.0
13,3,0.8877850000000009,1.6396940000000022,4.164077999999982,0.0
13,4,0.912388,1.6929069999999982,3.6846000000000068,0.0
13,5,0.9316539999999982,1.7658059999999978,3.116748000000033,0.0
13,6,0.9460580000000007,1.803249000000001,2.7192419999999835,0.0
13,7,0.9564190000000004,1.8137089999999993,2.5217449999999992,0.0
13,8,0.9620422499999999,1.8396592500000006,2.2669909999999955,0.0014497499999990282
13,9,0.9616699375000002,1.8568629374999992,2.1338292500000033,0.008442125000001965
13,10,0.961351125,1.8707831250000024,2.0120544999999783,0.019030624999997414
13,11,0.9609749375000001,1.8849819374999999,1.8738282500000025,0.030246249999994035
13,12,0.9608261250000001,1.9015191249999965,1.6848475000000427,0.041877374999995
13,13,0.9607014375000001,1.903389437499997,1.663401250000038,0.05243737499999934
13,14,0.9605622916666666,1.9086506249999995,1.59597983333334,0.06077862500000464
13,15,0.9605622916666666,1.9086506249999995,1.59597983333334,0.07049700000000314
13,16,0.9591987499999987,1.9130367500000038,1.547322999999957,0.07235825000000151
13,17,0.9588017500000007,1.9142277499999973,1.533031000000035,0.061027499999998014
13,18,0.9586339374999985,1.914596937500002,1.5288692499999845,0.05614268750000395
13,19,0.9566445333333342,1.9182225333333303,1.4881878000000484,0.045366133333331504
13,20,0.9566445333333342,1.9182225333333303,1.4881878000000484,0.030089600000003713
13,21,0.9564638666666644,1.9185838666666701,1.483309799999959,0.021558733333329805
13,22,0.9564394666666693,1.9186204666666629,1.4828462000000506,0.0077744666666603734
13,23,0.9564394666666693,1.9186204666666629,1.4828462000000506,0.0
13,24,0.961190000000002,1.926164,1.2462139999999735,0.0
13,25,0.9792059999999978,1.9473136666666637,0.5024570000000992,0.005429333333339059
13,26,1.0015610000000095,1.970846333333346,-0.3788300000004483,0.0016033333333353994
13,27,1.0264199999999875,1.9971496666666535,-1.387327999999485,0.0
13,28,1.0477789999999982,2.0255309999999933,-2.43351799999979,0.004871999999998877
13,29,1.0492095000000035,2.03971150000001,-2.8505990000003294,0.0
14,0,0.8224900000000002,1.503831,5.213155999999998,0.0
14,1,0.8587859999999985,1.5753139999999988,4.669825000000021,0.0
14,2,0.8888200000000026,1.6396940000000022,4.15062299999996,0.0
14,3,0.9132379999999998,1.6641119999999994,3.759935000000006,0.0
14,4,0.9320410000000017,1.71171,3.353898999999977,0.0
14,5,0.946239000000002,1.7802100000000003,2.8551229999999705,0.0
14,6,0.9563750000000013,1.8136210000000013,2.5228889999999744,0.0
14,7,0.9626718750000001,1.819961874999999,2.396687500000004,0.0006411249999995761
14,8,0.9620422499999999,1.8396592500000006,2.2669909999999955,0.007072499999999593
14,9,0.9616699375000002,1.8568629374999992,2.1338292500000033,0.016777187500002455
14,10,0.961351125,1.8707831250000024,2.0120544999999783,0.02846250000000161
14,11,0.9609749375000001,1.8849819374999999,1.8738282500000025,0.03958931249999864
14,12,0.9608261250000001,1.9015191249999965,1.6848475000000427,0.04971724999999694
14,13,0.9607014375000001,1.903389437499997,1.663401250000038,0.05819793749999835
14,14,0.9605622916666666,1.9086506249999995,1.59597983333334,0.06382033333333403
14,15,0.9605622916666666,1.9086506249999995,1.59597983333334,0.069987708333338
14,16,0.9591987499999987,1.9130367500000038,1.547322999999957,0.06911550000000322
14,17,0.9588017500000007,1.9142277499999973,1.533031000000035,0.05455375000000018
14,18,0.9586339374999985,1.914596937500002,1.5288692499999845,0.04563275000000555
14,19,0.9570090625000003,1.9173050624999994,1.5007047500000077,0.033242187499995524
14,20,0.9566445333333342,1.9182225333333303,1.4881878000000484,0.016469066666662258
14,21,0.9564638666666644,1.9185838666666701,1.483309799999959,0.007927866666665118
14,22,0.9564638666666644,1.9185838666666701,1.483309799999959,0.0
14,23,0.9598160000000036,1.9220850000000027,1.359266999999889,0.0
14,24,0.9772490000000005,1.9432529999999986,0.6273110000000273,0.0
14,25,1.0015610000000095,1.970846333333346,-0.3788300000004483,0.00692166666667049
14,26,1.0264199999999875,1.9971496666666535,-1.387327999999485,0.0023306666666726983
14,27,1.046665500000003,2.0202578333333365,-2.27444000000013,0.004917500000004793
14,28,1.0477789999999985,2.0255309999999938,-2.4335179999998076,0.0
15,0,0.8609270000000002,1.5401269999999982,4.675037999999997,0.0
15,1,0.8902490000000007,1.5694489999999988,4.235207999999989,0.0
15,2,0.913886999999999,1.6641119999999994,3.7508490000000165,0.0
15,3,0.932662999999998,1.6828879999999984,3.4316570000000333,0.0
15,4,0.9465509999999995,1.7255980000000015,3.095207000000002,0.0
15,5,0.9565559999999991,1.7903459999999995,2.660005000000016,0.0
15,6,0.9631724375000001,1.8124534374999985,2.4347302500000065,5.4562500000798764e-05
15,7,0.9626718750000001,1.819961874999999,2.396687500000004,0.005446250000002095
15,8,0.9620422499999999,1.8396592500000006,2.2669909999999955,0.014773249999999294
15,9,0.9616699375000002,1.8568629374999992,2.1338292500000033,0.025604250000004214
15,10,0.961351125,1.8707831250000024,2.0120544999999783,0.03715037500000129
15,11,0.9609749375000001,1.8849819374999999,1.8738282500000025,0.047264374999995695
15,12,0.9608261250000001,1.8931081250000006,1.7857794999999932,0.05514612500000027
15,13,0.9607014375000001,1.903389437499997,1.663401250000038,0.06087150000000552
15,14,0.9605622916666666,1.9086506249999995,1.59597983333334,0.06328004166667078
15,15,0.9605622916666666,1.9086506249999995,1.59597983333334,0.06545741666666594
15,16,0.9594203749999988,1.9120763750000034,1.5594384999999615,0.06164787500000557
15,17,0.9588017500000007,1.9142277499999973,1.533031000000035,0.04478799999999872
15,18,0.9588017500000007,1.9142277499999973,1.533031000000035,0.03266325000000769
15,19,0.9586339374999985,1.914596937500002,1.5288692499999845,0.019275874999999054
15,20,0.9566445333333342,1.9182225333333303,1.4881878000000484,0.005178533333330293
15,21,0.9566445333333342,1.9182225333333303,1.4881878000000484,0.0
15,22,0.9597279999999984,1.9218480000000042,1.3658009999999337,0.0
15,23,0.9762190000000004,1.9384879999999995,0.752356000000006,0.0
15,24,0.9980279999999979,1.9641689999999983,-0.16557899999992998,0.0
15,25,1.0264199999999875,1.9971496666666535,-1.387327999999485,0.008442333333334773
15,26,1.046665500000003,2.0202578333333365,-2.27444000000013,0.009171833333333268
15,27,1.0466655000000031,2.020257833333337,-2.2744400000001477,0.0
16,0,0.8921840000000003,1.5694489999999988,4.206182999999996,0.0
16,1,0.9152489999999993,1.6289860000000012,3.8006710000000083,0.0
16,2,0.9333039999999997,1.6828879999999984,3.4220420000000082,0.0
16,3,0.9470100000000023,1.696594000000001,3.1753339999999604,0.0
16,4,0.9568060000000003,1.7353939999999994,2.9021979999999985,0.0
16,5,0.9634609999999988,1.792634000000021,2.5449899999999133,0.0
16,6,0.9631724375000001,1.8124534374999985,2.4347302500000065,0.004212125000000455
16,7,0.9626718750000001,1.8302148749999976,2.3249165000000147,0.012301375000001613
16,8,0.9620422499999999,1.8396592500000006,2.2669909999999955,0.022961000000000453
16,9,0.9616699375000002,1.8568629374999992,2.1338292500000033,0.0337113124999977
16,10,0.961351125,1.8707831250000024,2.0120544999999783,0.04419125000000257
16,11,0.9609749375000001,1.8849819374999999,1.8738282500000025,0.05253743749999629
16,12,0.9608261250000001,1.8931081250000006,1.7857794999999932,0.05778699999999404
16,13,0.9607014375000001,1.903389437499997,1.663401250000038,0.060207062500004405
16,14,0.9605622916666666,1.9086506249999995,1.59597983333334,0.059214750000002425
16,15,0.9605622916666666,1.9086506249999995,1.59597983333334,0.05724512500000145
16,16,0.9594203749999988,1.9120763750000034,1.5594384999999615,0.05057650000000713
16,17,0.9591987499999987,1.9130367500000038,1.547322999999957,0.03187425000000221
16,18,0.9588017500000007,1.9142277499999973,1.533031000000035,0.018578500000003828
16,19,0.9586339374999985,1.914596937500002,1.5288692499999845,0.006683937499999182
16,20,0.9586339374999985,1.914596937500002,1.5288692499999845,0.0
16,21,0.96081199999999,1.922118999999995,1.3435790000002612,0.0
16,22,0.9773190000000014,1.938557000000003,0.7342689999999124,0.0
16,23,0.9978909999999956,1.9638949999999937,-0.15708499999978898,0.0
16,24,1.022086999999999,1.9882279999999994,-1.1038799999999753,0.0
16,25,1.0423715000000016,2.0131011666666674,-2.0253880000000493,0.01568083333334158
16,26,1.046665500000003,2.0202578333333365,-2.27444000000013,0.003018333333336898
17,0,0.9170699999999989,1.5925139999999978,3.8080070000000177,0.0
17,1,0.9346640000000015,1.6101080000000003,3.5089089999999743,0.0
17,2,0.9480730000000008,1.696594000000001,3.1583259999999846,0.0
17,3,0.9573429999999981,1.7058639999999983,2.9821960000000374,0.0
17,4,0.9638789999999986,1.74193,2.762886000000023,0.0
17,5,0.9636562666666667,1.7899002666666703,2.5555343999999796,0.004283733333336315
17,6,0.9631724375000001,1.8124534374999985,2.4347302500000065,0.010638687500000188
17,7,0.9626718750000001,1.819961874999999,2.396687500000004,0.019884499999998084
17,8,0.9620422499999999,1.8396592500000006,2.2669909999999955,0.03069475000000388
17,9,0.9616699375000002,1.8568629374999992,2.1338292500000033,0.040470374999996395
17,10,0.961351125,1.8707831250000024,2.0120544999999783,0.04913712499999967
17,11,0.9609749375000001,1.8849819374999999,1.8738282500000025,0.05506349999999571
17,12,0.9608261250000001,1.8931081250000006,1.7857794999999932,0.0575548749999939
17,13,0.9607014375000001,1.903389437499997,1.663401250000038,0.056281625000001334
17,14,0.9605622916666666,1.9086506249999995,1.59597983333334,0.05202145833333738
17,15,0.9605622916666666,1.9086506249999995,1.59597983333334,0.046176833333335665
17,16,0.9605622916666666,1.9086506249999995,1.59597983333334,0.036333208333333644
17,17,0.9591987499999987,1.9130367500000038,1.547322999999957,0.017827500000005436
17,18,0.9588017500000007,1.9142277499999973,1.533031000000035,0.006230750000005614
17,19,0.9588017500000007,1.9142277499999973,1.533031000000035,0.0
17,20,0.9625279999999989,1.918491000000003,1.3886829999999577,0.0
17,21,0.9789010000000005,1.938361999999998,0.7129220000000345,0.0
17,22,0.9994736666666691,1.9591943333333337,-0.07429233333338203,0.0006296666666720796
17,23,1.0230060000000023,1.983141000000001,-1.0015830000000605,0.0
17,24,1.0423715000000016,2.0075934999999987,-1.8932039999999972,0.004858499999997434
17,25,1.046665500000003,2.0202578333333365,-2.27444000000013,0.009722666666668545
18,0,0.9361519999999999,1.6101080000000003,3.483613000000002,0.0
18,1,0.9491380000000014,1.6604500000000009,3.212508999999976,0.0
18,2,0.9587679999999992,1.7058639999999983,2.9579710000000183,0.0
18,3,0.9644923125000002,1.7115883124999993,2.8434847499999947,0.00011068750000120531
18,4,0.9640232000000002,1.74193,2.7604345999999964,0.00457980000000191
18,5,0.9636562666666667,1.7899002666666703,2.5555343999999796,0.01133946666666752
18,6,0.9631724375000001,1.7969624375000006,2.527676249999997,0.01821324999999341
18,7,0.9626718750000001,1.8302148749999976,2.3249165000000147,0.02747862500000231
18,8,0.9620422499999999,1.8396592500000006,2.2669909999999955,0.03755950000000574
18,9,0.9616699375000002,1.8568629374999992,2.1338292500000033,0.04563543750000143
18,10,0.961351125,1.8707831250000024,2.0120544999999783,0.05185099999999743
18,11,0.9609749375000001,1.8849819374999999,1.8738282500000025,0.054861562499993966
18,12,0.9608261250000001,1.8931081250000006,1.7857794999999932,0.05451574999999664
18,13,0.9607014375,1.9065634374999973,1.622139250000032,0.04944818750000479
18,14,0.9605622916666666,1.9086506249999995,1.59597983333334,0.0424101666666683
18,15,0.9605622916666666,1.9086506249999995,1.59597983333334,0.03352854166666752
18,16,0.9605622916666666,1.9086506249999995,1.59597983333334,0.022223916666666454
18,17,0.9591987499999987,1.9130367500000038,1.547322999999957,0.00586375000000583
18,18,0.9591987499999987,1.9130367500000038,1.547322999999957,0.0
18,19,0.9637039999999999,1.9184769999999958,1.3683040000000801,0.0
18,20,0.9789010000000005,1.9343410000000034,0.7933419999999245,0.0
18,21,0.9994736666666691,1.9591943333333337,-0.07429233333338203,0.0013313333333258015
18,22,1.0230060000000023,1.983141000000001,-1.0015830000000605,0.0030050000000017008
18,23,1.0426830000000034,2.0053360000000064,-1.846577000000206,0.0054019999999930235
18,24,1.0426830000000038,2.0072819999999965,-1.8913349999999838,0.0
19,0,0.9501799999999996,1.6230940000000018,3.231109000000007,0.0
19,1,0.9593259999999972,1.6700799999999987,3.0194950000000524,0.0
19,2,0.9650162499999999,1.7037292500000039,2.8497719999999944,0.0009737499999999955
19,3,0.9644923125000002,1.7348933125,2.773569749999993,0.005085375000003722
19,4,0.9640232000000002,1.74193,2.7604345999999964,0.012087600000000975
19,5,0.9636562666666667,1.7899002666666703,2.5555343999999796,0.019897200000000836
19,6,0.9631724375000001,1.7969624375000006,2.527676249999997,0.02624181249999502
19,7,0.9626718750000001,1.819961874999999,2.396687500000004,0.034693750000000634
19,8,0.9620422499999999,1.8396592500000006,2.2669909999999955,0.04336725000000463
19,9,0.9616699375000002,1.8568629374999992,2.1338292500000033,0.04916749999999759
19,10,0.961351125,1.8707831250000024,2.0120544999999783,0.05248687499999782
19,11,0.9609749375000001,1.8849819374999999,1.8738282500000025,0.05224562499999408
19,12,0.9608261250000001,1.9015191249999965,1.6848475000000427,0.04852762499999841
19,13,0.9607014375000001,1.903389437499997,1.663401250000038,0.03989275000000436
19,14,0.9605622916666666,1.9086506249999995,1.59597983333334,0.030806875000001455
19,15,0.9605622916666666,1.9086506249999995,1.59597983333334,0.02055625000000383
19,16,0.9605622916666666,1.9086506249999995,1.59597983333334,0.0105026249999991
19,17,0.9605622916666666,1.9086506249999995,1.59597983333334,0.0
19,18,0.9637039999999999,1.9175420000000045,1.3851339999999226,0.0
19,19,0.9793769999999995,1.9341499999999954,0.7884030000000948,0.0
19,20,0.999214000000002,1.954178000000006,0.03096799999984512,0.0
19,21,1.0230060000000023,1.983141000000001,-1.0015830000000605,0.0031219999999976267
19,22,1.0426830000000034,2.0053360000000064,-1.846577000000206,0.011511999999999745
19,23,1.0426830000000038,2.005336000000007,-1.8465770000002237,0.0
20,0,0.9598900000000015,1.6322399999999995,3.0466189999999713,0.0
20,1,0.9655579375000001,1.6676449374999986,2.9035232499999974,0.00039006250000284126
20,2,0.9650162499999999,1.7037292500000039,2.8497719999999944,0.006249499999999131
20,3,0.9644923125000002,1.7348933125,2.773569749999993,0.01265806250000523
20,4,0.9640232000000002,1.74193,2.7604345999999964,0.02082940000000022
20,5,0.9636562666666667,1.7899002666666703,2.5555343999999796,0.028639933333336032
20,6,0.9631724375000001,1.7969624375000006,2.527676249999997,0.034037374999998704
20,7,0.9626718750000001,1.8302148749999976,2.3249165000000147,0.040973875000004156
20,8,0.9620422499999999,1.8396592500000006,2.2669909999999955,0.047717000000004006
20,9,0.9616699375000002,1.8568629374999992,2.1338292500000033,0.05075856250000221
20,10,0.961351125,1.8707831250000024,2.0120544999999783,0.05082574999999956
20,11,0.9609749375000001,1.8908759375000006,1.8089942499999907,0.04716168750000094
20,12,0.9608261250000001,1.8931081250000006,1.7857794999999932,0.03971549999999624
20,13,0.9607014375,1.9065634374999973,1.622139250000032,0.028226312499999295
20,14,0.9605622916666666,1.9086506249999995,1.59597983333334,0.018086583333337458
20,15,0.9605622916666666,1.9086506249999995,1.59597983333334,0.009219958333334333
20,16,0.9605622916666666,1.9086506249999995,1.59597983333334,0.004359333333335158
20,17,0.9643060000000006,1.912665333333334,1.4565993333333083,0.0
20,18,0.9797969999999978,1.9330330000000018,0.8005290000000116,0.0
20,19,0.9995840000000058,1.9539370000000034,0.028516999999823156,0.0
20,20,1.021763,1.9763570000000001,-0.8410429999999991,0.0
20,21,1.0389059999999972,1.9990409999999958,-1.6375829999998572,0.01068300000000022
20,22,1.0426830000000034,2.0053360000000064,-1.846577000000206,0.005262999999995799
21,0,0.9662609375,1.6273629374999956,2.919200250000003,2.306249999506349e-05
21,1,0.9655579375000001,1.6676449374999986,2.9035232499999974,0.004759125000003195
21,2,0.9650162499999999,1.7037292500000039,2.8497719999999944,0.013591249999997501
21,3,0.9644923125000002,1.7348933125,2.773569749999993,0.02102975000000029
21,4,0.9640232000000002,1.74193,2.7604345999999964,0.029248199999997837
21,5,0.9636562666666667,1.7899002666666703,2.5555343999999796,0.036212666666669335
21,6,0.9631724375000001,1.8124534374999985,2.4347302500000065,0.040641937500000225
21,7,0.9626718750000001,1.819961874999999,2.396687500000004,0.04540000000000255
21,8,0.9620422499999999,1.8512782500000036,2.174038999999972,0.049736750000000995
21,9,0.9616699375000002,1.8568629374999992,2.1338292500000033,0.049736624999999535
21,10,0.961351125,1.8707831250000024,2.0120544999999783,0.04642562499999592
21,11,0.9609749375000001,1.8908759375000006,1.8089942499999907,0.039555750000001666
21,12,0.9608261250000001,1.9015191249999965,1.6848475000000427,0.02889037499999958
21,13,0.9607014375,1.9065634374999973,1.622139250000032,0.01613387500000485
21,14,0.9605622916666666,1.9086506249999995,1.59597983333334,0.006602291666672144
21,15,0.9605622916666666,1.9086506249999995,1.59597983333334,0.003072666666673385
21,16,0.9643060000000006,1.912665333333334,1.4565993333333083,0.004710333333331818
21,17,0.980319999999999,1.9295553333333306,0.8491893333333991,0.0
21,18,0.9998440000000031,1.9525840000000088,0.04767099999978086,0.0
21,19,1.022077999999997,1.9763570000000001,-0.8473429999999382,5.499999999969418e-05
21,20,1.0389059999999968,1.9951436666666633,-1.5596363333331986,0.005786999999997988
21,21,1.0426830000000034,2.0053360000000064,-1.846577000000206,0.0037049999999965166
22,0,0.9662609375,1.6273629374999956,2.919200250000003,0.0042041249999975605
22,1,0.9655579375000001,1.637907937499996,2.93326025,0.0114321875000023
22,2,0.9650162499999999,1.7037292500000039,2.8497719999999944,0.02148299999999992
22,3,0.9644923125000002,1.7348933125,2.773569749999993,0.028978437500001064
22,4,0.9640232000000002,1.74193,2.7604345999999964,0.03639399999999782
22,5,0.9636562666666667,1.770865999999998,2.650705733333341,0.04186739999999922
22,6,0.9631724375000001,1.8124534374999985,2.4347302500000065,0.04515050000000009
22,7,0.9626718750000001,1.8302148749999976,2.3249165000000147,0.04709112500000323
22,8,0.9620422499999999,1.8512782500000036,2.174038999999972,0.048662500000002495
22,9,0.9616699375000002,1.8568629374999992,2.1338292500000033,0.04543668749999874
22,10,0.961351125,1.8707831250000024,2.0120544999999783,0.0389014999999997
22,11,0.9609749375000001,1.8849819374999999,1.8738282500000025,0.02947781249999437
22,12,0.9608261250000001,1.8931081250000006,1.7857794999999932,0.017191249999996217
22,13,0.9607014375000001,1.903389437499997,1.663401250000038,0.005734437500003686
22,14,0.9607014375,1.9065634374999973,1.622139250000032,0.0
22,15,0.9643060000000006,1.912665333333334,1.4565993333333083,0.00359066666666763
22,16,0.980319999999999,1.9295553333333306,0.8491893333333991,0.004510333333332284
22,17,0.9998170000000002,1.950406666666666,0.08527966666667197,0.0
22,18,1.022077999999997,1.9763570000000001,-0.8473429999999382,0.0
22,19,1.0389059999999968,1.9951436666666633,-1.5596363333331986,0.007858666666663794
22,20,1.0389059999999972,1.9951436666666638,-1.5596363333332164,0.0
23,0,0.9662609375,1.6273629374999956,2.919200250000003,0.010933187499997388
23,1,0.9655579375000001,1.6676449374999986,2.9035232499999974,0.019310250000003748
23,2,0.9650162499999999,1.7037292500000039,2.8497719999999944,0.0290147499999982
23,3,0.9644923125000002,1.7348933125,2.773569749999993,0.03576712500000312
23,4,0.9640232000000002,1.7655061999999977,2.6661298000000055,0.04177079999999833
23,5,0.9636562666666667,1.770865999999998,2.650705733333341,0.045184133333334486
23,6,0.9631724375000001,1.8124534374999985,2.4347302500000065,0.046700062500002915
23,7,0.9626718750000001,1.8302148749999976,2.3249165000000147,0.04520824999999995
23,8,0.9620422499999999,1.8396592500000006,2.2669909999999955,0.043808250000006765
23,9,0.9616699375000002,1.866000937499999,2.051587250000008,0.037494750000000465
23,10,0.961351125,1.8707831250000024,2.0120544999999783,0.028413374999997743
23,11,0.9609749375000001,1.8849819374999999,1.8738282500000025,0.017740874999997658
23,12,0.9608261250000001,1.8931081250000006,1.7857794999999932,0.006469124999998854
23,13,0.9608261250000001,1.9015191249999965,1.6848475000000427,0.0
23,14,0.9634929999999997,1.909354999999998,1.521643000000033,0.0
23,15,0.980319999999999,1.9295553333333306,0.8491893333333991,0.004053666666663958
23,16,0.9998170000000002,1.950406666666666,0.08527966666667197,0.004002666666671928
23,17,1.020817000000001,1.972841,-0.7581040000000243,0.0
23,18,1.0365964999999981,1.9912944999999986,-1.4364629999999323,0.007835500000002327
23,19,1.0389059999999968,1.9951436666666633,-1.5596363333331986,0.0012246666666655415
24,0,0.9662609375,1.6273629374999956,2.919200250000003,0.018688249999996742
24,1,0.9655579375000001,1.6676449374999986,2.9035232499999974,0.027219312500001536
24,2,0.9650162499999999,1.7037292500000039,2.8497719999999944,0.035525499999998544
24,3,0.9644923125000002,1.7348933125,2.773569749999993,0.04092881249999891
24,4,0.9640232000000002,1.74193,2.7604345999999964,0.04497559999999723
24,5,0.9636562666666667,1.770865999999998,2.650705733333341,0.045893866666668615
24,6,0.9631724375000001,1.7969624375000006,2.527676249999997,0.044991624999996205
24,7,0.9626718750000001,1.819961874999999,2.396687500000004,0.03968537499999947
24,8,0.9620422499999999,1.8396592500000006,2.2669909999999955,0.03542100000000126
24,9,0.9616699375000002,1.8568629374999992,2.1338292500000033,0.02663481249999755
24,10,0.961351125,1.8707831250000024,2.0120544999999783,0.016349249999999316
24,11,0.9609749375000001,1.8849819374999999,1.8738282500000025,0.006640937499994948
24,12,0.9609749375000001,1.8908759375000006,1.8089942499999907,0.0
24,13,0.9638750000000016,1.9050410000000042,1.568938999999908,0.0
24,14,0.9776920000000047,1.923172000000001,1.0016279999998758,0.0
24,15,0.9998170000000002,1.950406666666666,0.08527966666667197,0.004454333333335114
24,16,1.020817000000001,1.972841,-0.7581040000000243,0.0036170000000019797
24,17,1.0365964999999981,1.9912944999999986,-1.4364629999999323,0.007238500000006809
24,18,1.0389059999999968,1.9951436666666633,-1.5596363333331986,0.0005683333333337259
25,0,0.9662609375,1.6273629374999956,2.919200250000003,0.02614231249999932
25,1,0.9655579375000001,1.6676449374999986,2.9035232499999974,0.03406637500000187
25,2,0.9650162499999999,1.7037292500000039,2.8497719999999944,0.04051224999999903
25,3,0.9644923125000002,1.7348933125,2.773569749999993,0.04407050000000012
25,4,0.9640232000000002,1.74193,2.7604345999999964,0.04573540000000165
25,5,0.9636562666666667,1.770865999999998,2.650705733333341,0.04383159999999897
25,6,0.9631724375000001,1.8124534374999985,2.4347302500000065,0.04011318749999582
25,7,0.9626718750000001,1.819961874999999,2.396687500000004,0.031229500000003796
25,8,0.9620422499999999,1.8512782500000036,2.174038999999972,0.02456575000000427
25,9,0.9616699375000002,1.8568629374999992,2.1338292500000033,0.014686875000000654
25,10,0.961351125,1.8707831250000024,2.0120544999999783,0.005537124999998255
25,11,0.961351125,1.8793391250000013,1.9264944999999898,0.0
25,12,0.963401999999995,1.893302999999996,1.721620000000172,0.0
25,13,0.9777599999999964,1.9190779999999918,1.053218000000193,0.0
25,14,0.9958310000000026,1.9411660000000026,0.31429899999989885,0.0
25,15,1.020817000000001,1.972841,-0.7581040000000243,0.004793999999996856
25,16,1.0353395000000063,1.9896185000000095,-1.3778030000003127,0.011585500000002469
25,17,1.0365964999999977,1.9912944999999982,-1.436462999999911,0.0
26,0,0.9662609375,1.6273629374999956,2.919200250000003,0.032405374999999736
26,1,0.9655579375000001,1.6676449374999986,2.9035232499999974,0.03915343750000133
26,2,0.9650162499999999,1.7037292500000039,2.8497719999999944,0.04353099999999799
26,3,0.9644923125000002,1.7348933125,2.773569749999993,0.04485718750000345
26,4,0.9640232000000002,1.74193,2.7604345999999964,0.043824199999999536
26,5,0.9636562666666667,1.7899002666666703,2.5555343999999796,0.03895333333333362
26,6,0.9631724375000001,1.8124534374999985,2.4347302500000065,0.03252274999999649
26,7,0.9626718750000001,1.8302148749999976,2.3249165000000147,0.021175624999996145
26,8,0.9620422499999999,1.8396592500000006,2.2669909999999955,0.01328350000000178
26,9,0.9616699375000002,1.8568629374999992,2.1338292500000033,0.004604937499999906
26,10,0.961351125,1.8707831250000024,2.0120544999999783,0.0
26,11,0.9639249999999961,1.8819129999999973,1.8338350000001284,0.0
26,12,0.9776080000000036,1.9069860000000034,1.2022739999998677,0.0
26,13,0.9958310000000026,1.937148999999998,0.36651999999995866,0.0
26,14,1.0165140000000008,1.9618490000000008,-0.49233800000003214,0.0
26,15,1.031724999999998,1.983748999999997,-1.1944239999999056,0.012570000000000192
26,16,1.0365964999999981,1.9912944999999986,-1.4364629999999323,0.003365999999999758
27,0,0.9662609375,1.6273629374999956,2.919200250000003,0.0369644375
27,1,0.9655579375000001,1.6676449374999986,2.9035232499999974,0.04204250000000087
27,2,0.9650162499999999,1.7037292500000039,2.8497719999999944,0.04424875000000128
27,3,0.9644923125000002,1.7348933125,2.773569749999993,0.04303787499999956
27,4,0.9640232000000002,1.74193,2.7604345999999964,0.03920100000000204
27,5,0.9636562666666667,1.7899002666666703,2.5555343999999796,0.03153906666667261
27,6,0.9631724375000001,1.8124534374999985,2.4347302500000065,0.022944312499999953
27,7,0.9626718750000001,1.8302148749999976,2.3249165000000147,0.01123974999999966
27,8,0.9620422499999999,1.8512782500000036,2.174038999999972,0.004099249999999444
27,9,0.9616699375000002,1.8568629374999992,2.1338292500000033,0.0
27,10,0.9656219999999962,1.8699529999999953,1.9093130000001466,0.0
27,11,0.9784539999999993,1.8947450000000003,1.3149290000000136,0.0
27,12,0.9959369999999979,1.924469000000002,0.5159240000000338,0.0
27,13,1.016598000000002,1.9578750000000014,-0.4428600000000671,0.0
27,14,1.031724999999998,1.9783309999999934,-1.1185719999998547,0.006322999999998302
27,15,1.0365964999999981,1.9912944999999986,-1.4364629999999323,0.004889000000005694
28,0,0.9662609375,1.6273629374999956,2.919200250000003,0.03944749999999431
28,1,0.9655579375000001,1.6676449374999986,2.9035232499999974,0.04242156249999951
28,2,0.9650162499999999,1.7037292500000039,2.8497719999999944,0.04241349999999855
28,3,0.9644923125000002,1.7348933125,2.773569749999993,0.03854056250000326
28,4,0.9640232000000002,1.74193,2.7604345999999964,0.03205279999999533
28,5,0.9636562666666667,1.7899002666666703,2.5555343999999796,0.02222480000000182
28,6,0.9631724375000001,1.8124534374999985,2.4347302500000065,0.012747874999996966
28,7,0.9626718750000001,1.8302148749999976,2.3249165000000147,0.0033298750000003707
28,8,0.9626718750000001,1.8302148749999976,2.3249165000000147,0.0
28,9,0.9663809999999984,1.8556170000000023,2.017844000000025,0.0
28,10,0.9793090000000007,1.8828809999999976,1.4104840000000038,0.0
28,11,0.9965860000000006,1.9127009999999984,0.6278489999999977,0.0
28,12,1.0165330000000026,1.9577450000000027,-0.4394800000001027,0.0
28,13,1.0310474999999995,1.9739064999999978,-1.0414059999999523,0.006637499999996521
28,14,1.031724999999998,1.9783309999999936,-1.1185719999998582,0.0
29,0,0.9662609375,1.6273629374999956,2.919200250000003,0.03952956249999673
29,1,0.9655579375000001,1.6676449374999986,2.9035232499999974,0.04005962500000493
29,2,0.9650162499999999,1.7037292500000039,2.8497719999999944,0.03794525000000348
29,3,0.9644923125000002,1.7348933125,2.773569749999993,0.031553250000001754
29,4,0.9640232000000002,1.74193,2.7604345999999964,0.022966599999996617
29,5,0.9636562666666667,1.7899002666666703,2.5555343999999796,0.012307533333332898
29,6,0.9631724375000001,1.8124534374999985,2.4347302500000065,0.004066437499995246
29,7,0.9626718750000001,1.8302148749999976,2.3249165000000147,0.0
29,8,0.9667320000000004,1.834274999999998,2.178752000000003,0.0
29,9,0.9794920000000005,1.8683770000000024,1.5358959999999655,0.0
29,10,0.9959070000000025,1.8992959999999997,0.7815899999999303,0.0
29,11,1.0164380000000008,1.9341859999999969,-0.16434199999999066,0.0
29,12,1.0302565000000001,1.9715334999999996,-0.9891999999999967,0.00687549999999959
29,13,1.0310474999999997,1.9739064999999982,-1.0414059999999665,0.0
30,0,0.9662609375,1.6273629374999956,2.919200250000003,0.03707662499999742
30,1,0.9655579375000001,1.6676449374999986,2.9035232499999974,0.03485168750000156
30,2,0.9650162499999999,1.7037292500000039,2.8497719999999944,0.03096800000000144
30,3,0.9644923125000002,1.7348933125,2.773569749999993,0.02259993750000433
30,4,0.9640232000000002,1.74193,2.7604345999999964,0.013110399999995082
30,5,0.9636562666666667,1.7899002666666703,2.5555343999999796,0.003897266666667676
30,6,0.9631724375000001,1.8124534374999985,2.4347302500000065,0.0
30,7,0.9676329999999993,1.8169369999999958,2.27398900000005,0.0
30,8,0.9798930000000041,1.846535000000003,1.6990029999998555,0.0
30,9,0.9961709999999968,1.884654999999995,0.9057030000001376,0.0
30,10,1.0148050000000026,1.9179300000000055,0.0472079999998698,0.0
30,11,1.0293005000000015,1.9572785000000046,-0.791372000000095,0.0070875000000008015
30,12,1.0302565000000001,1.9601465000000005,-0.852556000000007,0.0
31,0,0.9662609375,1.6273629374999956,2.919200250000003,0.03227068749999873
31,1,0.9655579375000001,1.6676449374999986,2.9035232499999974,0.027217750000001928
31,2,0.9650162499999999,1.7037292500000039,2.8497719999999944,0.02199875000000162
31,3,0.9644923125000002,1.7348933125,2.773569749999993,0.012827624999992793
31,4,0.9640232000000002,1.74193,2.7604345999999964,0.0044321999999965556
31,5,0.9636562666666667,1.7899002666666703,2.5555343999999796,0.0
31,6,0.9676329999999993,1.8169369999999958,2.27398900000005,0.0
31,7,0.9800719999999998,1.8293759999999963,1.8137460000000303,0.0
31,8,0.9967189999999988,1.864021000000001,1.0543350000000302,0.0
31,9,1.015342000000004,1.9179300000000055,0.03109799999982954,0.0
31,10,1.0277864999999977,1.9308784999999986,-0.4717219999999145,0.006885499999995659
31,11,1.0293005000000015,1.9572785000000046,-0.791372000000095,0.0
32,0,0.9662609375,1.6273629374999956,2.919200250000003,0.025702750000000663
32,1,0.9655579375000001,1.6676449374999986,2.9035232499999974,0.018106812500004565
32,2,0.9650162499999999,1.7037292500000039,2.8497719999999944,0.01223950000000329
32,3,0.9644923125000002,1.7348933125,2.773569749999993,0.00425631249999725
32,4,0.9644923125000002,1.7348933125,2.773569749999993,0.0
32,5,0.9681240000000031,1.7938540000000032,2.397265999999888,0.0
32,6,0.9800749999999994,1.8293759999999963,1.8136530000000448,0.0
32,7,0.9958799999999997,1.8623430000000027,1.092928999999991,0.0
32,8,1.015433999999999,1.8843419999999966,0.31160200000005744,0.0
32,9,1.027534499999998,1.9301224999999995,-0.4566019999999327,0.00732449999999929
32,10,1.0277864999999977,1.9308784999999986,-0.4717219999999145,0.0
33,0,0.9662609375,1.6273629374999956,2.919200250000003,0.018102812500000454
33,1,0.9655579375000001,1.6676449374999986,2.9035232499999974,0.009160875000002733
33,2,0.9650162499999999,1.7037292500000039,2.8497719999999944,0.0038392499999986285
33,3,0.9644923125000002,1.7348933125,2.773569749999993,0.0
33,4,0.9677879999999988,1.7381889999999984,2.6549250000000484,0.0
33,5,0.9802970000000002,1.8058049999999994,1.9479749999999996,0.0
33,6,0.9957169999999991,1.845017999999996,1.2192570000000558,0.0
33,7,1.0138280000000037,1.881130000000006,0.3870839999998381,0.0
33,8,1.0265750000000011,1.8983930000000058,-0.15731800000008178,0.007520999999997002
33,9,1.027534499999998,1.9301224999999995,-0.4566019999999327,0.0
34,0,0.9662609375,1.6273629374999956,2.919200250000003,0.010257875000000638
34,1,0.9655579375000001,1.6676449374999986,2.9035232499999974,0.0023199375000011457
34,2,0.9650162499999999,1.7037292500000039,2.8497719999999944,0.0
34,3,0.9686999999999983,1.7381889999999984,2.6248290000000623,0.0
34,4,0.9803429999999977,1.7498319999999978,2.1940380000000843,0.0
34,5,0.9956709999999944,1.8211789999999937,1.363763000000219,0.0
34,6,1.0133659999999978,1.8628299999999953,0.5299680000001032,0.0
34,7,1.0251199999999976,1.8766979999999938,0.045472000000124524,0.007370000000001653
34,8,1.0265750000000011,1.9144190000000023,-0.2855260000000541,0.0
35,0,0.9662609375,1.6273629374999956,2.919200250000003,0.0033399374999945053
35,1,0.9655579375000001,1.6676449374999986,2.9035232499999974,0.0
35,2,0.9695170000000033,1.7074130000000025,2.6893789999998816,0.0
35,3,0.9811289999999957,1.7498319999999978,2.167314000000154,0.0
35,4,0.9962580000000045,1.76506100000001,1.592011999999805,0.0
35,5,1.0130079999999992,1.8385620000000031,0.6873900000000077,0.0
35,6,1.0242940000000011,1.8742200000000047,0.09007599999993232,0.007466999999998336
35,7,1.0251199999999976,1.876697999999994,0.04547200000012808,0.0
36,0,0.9662609375,1.6273629374999956,2.919200250000003,0.0
36,1,0.9708100000000002,1.671604000000002,2.7157419999999917,0.0
36,2,0.9812009999999987,1.719024999999995,2.257215000000059,0.0
36,3,0.9961580000000012,1.7648610000000033,1.5962119999999445,0.0
36,4,1.013736999999999,1.7836460000000045,0.9059070000000204,0.0
36,5,1.0235480000000017,1.849460000000004,0.2639999999999141,0.007580000000004361
36,6,1.0242940000000011,1.8742200000000047,0.09007599999993232,0.0
37,0,0.9702910000000031,1.6313930000000028,2.7741179999998877,0.0
37,1,0.9817540000000022,1.6819950000000006,2.311366999999919,0.0
37,2,0.9954609999999988,1.733284999999995,1.715335000000053,0.0
37,3,1.012630999999999,1.7814340000000044,0.9534650000000227,0.0
37,4,1.0233779999999975,1.7958459999999936,0.5100310000001187,0.00790600000000552
37,5,1.0235480000000017,1.849460000000004,0.2639999999999141,0.0
38,0,0.9818229999999986,1.643374999999999,2.3474340000000566,0.0
38,1,0.996029,1.6957019999999972,1.769485000000003,0.0
38,2,1.0118560000000016,1.7503770000000003,1.074535999999938,0.0
38,3,1.022098500000002,1.7920075000000075,0.5714469999998961,0.007762500000005446
38,4,1.0233779999999975,1.7958459999999938,0.5100310000001187,0.0
39,0,0.996615999999996,1.6575810000000004,1.7853000000001558,0.0
39,1,1.0126729999999995,1.7115289999999987,1.1211860000000229,0.0
39,2,1.021627500000001,1.760923499999997,0.6821259999999683,0.007764500000000396
39,3,1.022098500000002,1.7920075000000075,0.5714469999998961,0.0
40,0,1.0130120000000034,1.673638000000004,1.145855999999867,0.0
40,1,1.0217855,1.7203255000000013,0.757002,0.00814049999999611
40,2,1.021627500000001,1.760923499999997,0.6821259999999683,0.0
41,0,1.0213089999999987,1.6819350000000028,0.8139760000000535,0.008274000000000115
41,1,1.0217855,1.7203255000000013,0.757002,0.0
42,0,1.0213089999999987,1.6819350000000028,0.8139760000000535,0.0
