0.00000 0.91419 0.90954 0.89865 0.88239 0.86013 0.83273 0.80152 0.76804 0.73394 0.70090 0.67048 0.64401 0.62243 0.60628 0.63444 0.66846 0.70867 0.75652 0.81691 0.90138 1.02957 1.22790 1.54270 2.13871
0.00000 0.90420 0.88988 0.87032 0.84452 0.81342 0.77843 0.74109 0.70302 0.66586 0.63115 0.60022 0.57407 0.55333 0.57559 0.60336 0.63686 0.67650 0.72406 0.78513 0.87249 1.00724 1.21785 1.55588 0.00000
0.00000 0.87494 0.85248 0.82330 0.78881 0.75051 0.70993 0.66864 0.62824 0.59019 0.55576 0.52593 0.50136 0.51818 0.53990 0.56698 0.59978 0.63908 0.68760 0.75256 0.84868 0.99894 1.23375 0.00000 0.00000
0.00000 0.82946 0.79668 0.75891 0.71768 0.67441 0.63065 0.58785 0.54743 0.51053 0.47805 0.45061 0.46271 0.47892 0.49986 0.52605 0.55822 0.59809 0.65030 0.72469 0.83873 1.01650 0.00000 0.00000 0.00000
0.00000 0.76340 0.72292 0.67936 0.63411 0.58863 0.54433 0.50248 0.46415 0.43012 0.40089 0.40916 0.42067 0.43608 0.45604 0.48134 0.51347 0.55600 0.61658 0.70873 0.85189 0.00000 0.00000 0.00000 0.00000
0.00000 0.68201 0.63670 0.59008 0.54357 0.49851 0.45610 0.41726 0.38265 0.35267 0.35803 0.36577 0.37654 0.39099 0.40993 0.43474 0.46846 0.51755 0.59408 0.71468 0.00000 0.00000 0.00000 0.00000 0.00000
0.00000 0.59102 0.54357 0.49662 0.45145 0.40917 0.37061 0.33627 0.30643 0.30973 0.31466 0.32179 0.33171 0.34519 0.36340 0.38896 0.42749 0.48992 0.59280 0.00000 0.00000 0.00000 0.00000 0.00000 0.00000
0.00000 0.49581 0.44896 0.40425 0.36271 0.32505 0.29168 0.26272 0.26463 0.26761 0.27208 0.27854 0.28764 0.30037 0.31883 0.34773 0.39703 0.48258 0.00000 0.00000 0.00000 0.00000 0.00000 0.00000 0.00000
0.00000 0.40184 0.35809 0.31779 0.28154 0.24965 0.22211 0.22317 0.22488 0.22754 0.23154 0.23737 0.24584 0.25858 0.27931 0.31663 0.38568 0.00000 0.00000 0.00000 0.00000 0.00000 0.00000 0.00000 0.00000
0.00000 0.31414 0.27547 0.24100 0.21095 0.18521 0.18577 0.18671 0.18822 0.19057 0.19415 0.19951 0.20796 0.22226 0.24949 0.30311 0.00000 0.00000 0.00000 0.00000 0.00000 0.00000 0.00000 0.00000 0.00000
0.00000 0.23664 0.20421 0.17622 0.15249 0.15277 0.15326 0.15409 0.15542 0.15752 0.16081 0.16617 0.17576 0.19511 0.23550 0.00000 0.00000 0.00000 0.00000 0.00000 0.00000 0.00000 0.00000 0.00000 0.00000
0.00000 0.17167 0.14584 0.12420 0.12434 0.12459 0.12503 0.12576 0.12697 0.12889 0.13230 0.13842 0.15207 0.18188 0.00000 0.00000 0.00000 0.00000 0.00000 0.00000 0.00000 0.00000 0.00000 0.00000 0.00000
0.00000 0.11993 0.10035 0.10042 0.10054 0.10077 0.10117 0.10185 0.10300 0.10504 0.10912 0.11833 0.14034 0.00000 0.00000 0.00000 0.00000 0.00000 0.00000 0.00000 0.00000 0.00000 0.00000 0.00000 0.00000
0.00000 0.08071 0.08074 0.08081 0.08094 0.08113 0.08157 0.08213 0.08364 0.08583 0.09311 0.10772 0.00000 0.00000 0.00000 0.00000 0.00000 0.00000 0.00000 0.00000 0.00000 0.00000 0.00000 0.00000 0.00000
0.00000 0.00000 0.00000 0.00000 0.00000 0.00000 0.00000 0.00000 0.00000 0.00000 0.00000 0.00000 0.00000 0.00000 0.00000 0.00000 0.00000 0.00000 0.00000 0.00000 0.00000 0.00000 0.00000 0.00000 0.00000
0.00000 0.00000 0.00000 0.00000 0.00000 0.00000 0.00000 0.00000 0.00000 0.00000 0.00000 0.00000 0.00000 0.00000 0.00000 0.00000 0.00000 0.00000 0.00000 0.00000 0.00000 0.00000 0.00000 0.00000 0.00000
0.00000 0.00000 0.00000 0.00000 0.00000 0.00000 0.00000 0.00000 0.00000 0.00000 0.00000 0.00000 0.00000 0.00000 0.00000 0.00000 0.00000 0.00000 0.00000 0.00000 0.00000 0.00000 0.00000 0.00000 0.00000
0.00000 0.00000 0.00000 0.00000 0.00000 0.00000 0.00000 0.00000 0.00000 0.00000 0.00000 0.00000 0.00000 0.00000 0.00000 0.00000 0.00000 0.00000 0.00000 0.00000 0.00000 0.00000 0.00000 0.00000 0.00000
0.00000 0.00000 0.00000 0.00000 0.00000 0.00000 0.00000 0.00000 0.00000 0.00000 0.00000 0.00000 0.00000 0.00000 0.00000 0.00000 0.00000 0.00000 0.00000 0.00000 0.00000 0.00000 0.00000 0.00000 0.00000
0.00000 0.00000 0.00000 0.00000 0.00000 0.00000 0.00000 0.00000 0.00000 0.00000 0.00000 0.00000 0.00000 0.00000 0.00000 0.00000 0.00000 0.00000 0.00000 0.00000 0.00000 0.00000 0.00000 0.00000 0.00000
0.00000 0.00000 0.00000 0.00000 0.00000 0.00000 0.00000 0.00000 0.00000 0.00000 0.00000 0.00000 0.00000 0.00000 0.00000 0.00000 0.00000 0.00000 0.00000 0.00000 0.00000 0.00000 0.00000 0.00000 0.00000
0.00000 0.00000 0.00000 0.00000 0.00000 0.00000 0.00000 0.00000 0.00000 0.00000 0.00000 0.00000 0.00000 0.00000 0.00000 0.00000 0.00000 0.00000 0.00000 0.00000 0.00000 0.00000 0.00000 0.00000 0.00000
0.00000 0.00000 0.00000 0.00000 0.00000 0.00000 0.00000 0.00000 0.00000 0.00000 0.00000 0.00000 0.00000 0.00000 0.00000 0.00000 0.00000 0.00000 0.00000 0.00000 0.00000 0.00000 0.00000 0.00000 0.00000
0.00000 0.00000 0.00000 0.00000 0.00000 0.00000 0.00000 0.00000 0.00000 0.00000 0.00000 0.00000 0.00000 0.00000 0.00000 0.00000 0.00000 0.00000 0.00000 0.00000 0.00000 0.00000 0.00000 0.00000 0.00000
0.00000 0.00000 0.00000 0.00000 0.00000 0.00000 0.00000 0.00000 0.00000 0.00000 0.00000 0.00000 0.00000 0.00000 0.00000 0.00000 0.00000 0.00000 0.00000 0.00000 0.00000 0.00000 0.00000 0.00000 0.00000
