0.75668 0.74170 0.73004 0.72144 0.71561 0.71224 0.71102 0.71163 0.71374 0.71702 0.72117 0.72595 0.73115 0.73660 0.74225 0.74815 0.75444 0.76157 0.77016 0.78125 0.79611 0.81680 0.84616 0.88950 0.95846 1.08155 1.33098 1.92365
0.74772 0.73248 0.72070 0.71210 0.70636 0.70317 0.70218 0.70306 0.70546 0.70906 0.71354 0.71863 0.72414 0.72989 0.73583 0.74201 0.74857 0.75599 0.76487 0.77630 0.79157 0.81277 0.84278 0.88703 0.95735 1.08276 1.33677 0.00000
0.73521 0.71983 0.70806 0.69959 0.69408 0.69118 0.69054 0.69180 0.69461 0.69862 0.70351 0.70902 0.71492 0.72105 0.72736 0.73388 0.74079 0.74855 0.75779 0.76962 0.78535 0.80711 0.83785 0.88308 0.95485 1.08273 0.00000 0.00000
0.72182 0.70633 0.69461 0.68632 0.68107 0.67852 0.67828 0.67998 0.68324 0.68771 0.69306 0.69901 0.70534 0.71189 0.71859 0.72549 0.73277 0.74090 0.75052 0.76278 0.77900 0.80137 0.83287 0.87913 0.95244 0.00000 0.00000 0.00000
0.70776 0.69219 0.68056 0.67248 0.66755 0.66539 0.66560 0.66778 0.67155 0.67653 0.68238 0.68882 0.69562 0.70262 0.70975 0.71705 0.72472 0.73325 0.74328 0.75599 0.77274 0.79574 0.82805 0.87540 0.00000 0.00000 0.00000 0.00000
0.69299 0.67736 0.66586 0.65805 0.65350 0.65180 0.65251 0.65524 0.65956 0.66510 0.67150 0.67848 0.68579 0.69328 0.70086 0.70861 0.71670 0.72565 0.73612 0.74932 0.76662 0.79030 0.82347 0.00000 0.00000 0.00000 0.00000 0.00000
0.67723 0.66160 0.65029 0.64282 0.63873 0.63755 0.63885 0.64219 0.64714 0.65330 0.66032 0.66789 0.67576 0.68377 0.69186 0.70008 0.70863 0.71803 0.72898 0.74270 0.76059 0.78500 0.00000 0.00000 0.00000 0.00000 0.00000 0.00000
0.66007 0.64452 0.63349 0.62647 0.62292 0.62237 0.62435 0.62840 0.63406 0.64092 0.64862 0.65684 0.66534 0.67393 0.68257 0.69132 0.70036 0.71027 0.72173 0.73601 0.75456 0.00000 0.00000 0.00000 0.00000 0.00000 0.00000 0.00000
0.64107 0.62571 0.61509 0.60864 0.60577 0.60598 0.60875 0.61361 0.62008 0.62775 0.63621 0.64516 0.65435 0.66359 0.67284 0.68216 0.69175 0.70220 0.71423 0.72913 0.00000 0.00000 0.00000 0.00000 0.00000 0.00000 0.00000 0.00000
0.61982 0.60482 0.59477 0.58906 0.58704 0.58815 0.59186 0.59766 0.60506 0.61363 0.62296 0.63273 0.64268 0.65264 0.66256 0.67252 0.68271 0.69377 0.70643 0.00000 0.00000 0.00000 0.00000 0.00000 0.00000 0.00000 0.00000 0.00000
0.59602 0.58160 0.57234 0.56758 0.56659 0.56878 0.57360 0.58049 0.58896 0.59856 0.60886 0.61954 0.63034 0.64110 0.65176 0.66242 0.67329 0.68502 0.00000 0.00000 0.00000 0.00000 0.00000 0.00000 0.00000 0.00000 0.00000 0.00000
0.56953 0.55595 0.54776 0.54419 0.54448 0.54797 0.55407 0.56223 0.57192 0.58267 0.59406 0.60575 0.61750 0.62913 0.64061 0.65205 0.66367 0.00000 0.00000 0.00000 0.00000 0.00000 0.00000 0.00000 0.00000 0.00000 0.00000 0.00000
0.54031 0.52793 0.52113 0.51905 0.52089 0.52592 0.53352 0.54314 0.55420 0.56626 0.57885 0.59167 0.60444 0.61704 0.62941 0.64171 0.00000 0.00000 0.00000 0.00000 0.00000 0.00000 0.00000 0.00000 0.00000 0.00000 0.00000 0.00000
0.50841 0.49769 0.49269 0.49246 0.49616 0.50301 0.51236 0.52362 0.53624 0.54974 0.56367 0.57771 0.59161 0.60524 0.61861 0.00000 0.00000 0.00000 0.00000 0.00000 0.00000 0.00000 0.00000 0.00000 0.00000 0.00000 0.00000 0.00000
0.47397 0.46547 0.46278 0.46484 0.47076 0.47975 0.49110 0.50425 0.51859 0.53369 0.54907 0.56443 0.57955 0.59431 0.00000 0.00000 0.00000 0.00000 0.00000 0.00000 0.00000 0.00000 0.00000 0.00000 0.00000 0.00000 0.00000 0.00000
0.43716 0.43163 0.43187 0.43673 0.44532 0.45680 0.47044 0.48569 0.50195 0.51879 0.53573 0.55251 0.56892 0.00000 0.00000 0.00000 0.00000 0.00000 0.00000 0.00000 0.00000 0.00000 0.00000 0.00000 0.00000 0.00000 0.00000 0.00000
0.39819 0.39660 0.40056 0.40886 0.42060 0.43496 0.45119 0.46879 0.48713 0.50584 0.52445 0.54272 0.00000 0.00000 0.00000 0.00000 0.00000 0.00000 0.00000 0.00000 0.00000 0.00000 0.00000 0.00000 0.00000 0.00000 0.00000 0.00000
0.35728 0.36093 0.36961 0.38211 0.39757 0.41523 0.43436 0.45452 0.47512 0.49580 0.51615 0.00000 0.00000 0.00000 0.00000 0.00000 0.00000 0.00000 0.00000 0.00000 0.00000 0.00000 0.00000 0.00000 0.00000 0.00000 0.00000 0.00000
0.31468 0.32537 0.34004 0.35763 0.37744 0.39884 0.42118 0.44411 0.46706 0.48977 0.00000 0.00000 0.00000 0.00000 0.00000 0.00000 0.00000 0.00000 0.00000 0.00000 0.00000 0.00000 0.00000 0.00000 0.00000 0.00000 0.00000 0.00000
0.27062 0.29091 0.31322 0.33696 0.36182 0.38738 0.41318 0.43899 0.46435 0.00000 0.00000 0.00000 0.00000 0.00000 0.00000 0.00000 0.00000 0.00000 0.00000 0.00000 0.00000 0.00000 0.00000 0.00000 0.00000 0.00000 0.00000 0.00000
0.22539 0.25908 0.29116 0.32228 0.35287 0.38292 0.41231 0.44102 0.00000 0.00000 0.00000 0.00000 0.00000 0.00000 0.00000 0.00000 0.00000 0.00000 0.00000 0.00000 0.00000 0.00000 0.00000 0.00000 0.00000 0.00000 0.00000 0.00000
0.17925 0.23239 0.27703 0.31681 0.35366 0.38831 0.42120 0.00000 0.00000 0.00000 0.00000 0.00000 0.00000 0.00000 0.00000 0.00000 0.00000 0.00000 0.00000 0.00000 0.00000 0.00000 0.00000 0.00000 0.00000 0.00000 0.00000 0.00000
0.13250 0.21558 0.27627 0.32570 0.36883 0.40765 0.00000 0.00000 0.00000 0.00000 0.00000 0.00000 0.00000 0.00000 0.00000 0.00000 0.00000 0.00000 0.00000 0.00000 0.00000 0.00000 0.00000 0.00000 0.00000 0.00000 0.00000 0.00000
0.08544 0.21928 0.29945 0.35800 0.40587 0.00000 0.00000 0.00000 0.00000 0.00000 0.00000 0.00000 0.00000 0.00000 0.00000 0.00000 0.00000 0.00000 0.00000 0.00000 0.00000 0.00000 0.00000 0.00000 0.00000 0.00000 0.00000 0.00000
0.03837 0.27476 0.37077 0.43138 0.00000 0.00000 0.00000 0.00000 0.00000 0.00000 0.00000 0.00000 0.00000 0.00000 0.00000 0.00000 0.00000 0.00000 0.00000 0.00000 0.00000 0.00000 0.00000 0.00000 0.00000 0.00000 0.00000 0.00000
0.00000 0.53717 0.56220 0.00000 0.00000 0.00000 0.00000 0.00000 0.00000 0.00000 0.00000 0.00000 0.00000 0.00000 0.00000 0.00000 0.00000 0.00000 0.00000 0.00000 0.00000 0.00000 0.00000 0.00000 0.00000 0.00000 0.00000 0.00000
0.05460 0.30964 0.00000 0.00000 0.00000 0.00000 0.00000 0.00000 0.00000 0.00000 0.00000 0.00000 0.00000 0.00000 0.00000 0.00000 0.00000 0.00000 0.00000 0.00000 0.00000 0.00000 0.00000 0.00000 0.00000 0.00000 0.00000 0.00000
0.09995 0.00000 0.00000 0.00000 0.00000 0.00000 0.00000 0.00000 0.00000 0.00000 0.00000 0.00000 0.00000 0.00000 0.00000 0.00000 0.00000 0.00000 0.00000 0.00000 0.00000 0.00000 0.00000 0.00000 0.00000 0.00000 0.00000 0.00000
