12.818389 12.819183 12.820743 12.823716 12.829185 12.838956 12.855860 12.884147 12.929914 13.001455 13.109425 13.266650 13.487393 13.786187 14.176000 14.665952 15.259898 15.954750 16.740808 17.603416 18.525366 19.492195 20.502430 21.610279 23.061867 25.624807 32.000000
11.836247 11.837041 11.838597 11.841564 11.847025 11.856782 11.873661 11.901908 11.947610 12.019048 12.126862 12.283862 12.504287 12.802652 13.191903 13.681151 14.274245 14.968098 15.753025 16.614391 17.535019 18.500450 19.509232 20.615486 22.064991 24.624247 0.000000
10.825823 10.826614 10.828169 10.831130 10.836583 10.846327 10.863182 10.891391 10.937027 11.008365 11.116026 11.272802 11.492915 11.790854 12.179550 12.668097 13.260348 13.953205 14.737005 15.597131 16.516434 17.480476 18.487803 19.592470 21.039900 0.000000 0.000000
9.819619 9.820411 9.821963 9.824924 9.830371 9.840103 9.856938 9.885112 9.930696 10.001945 10.109469 10.266045 10.485867 10.783408 11.171576 11.659452 12.250875 12.942759 13.725452 14.584359 15.502351 16.465014 17.470901 18.574001 0.000000 0.000000 0.000000
8.817543 8.818335 8.819889 8.822850 8.828299 8.838032 8.854866 8.883033 8.928598 8.999811 9.107266 9.263721 9.483351 9.780600 10.168352 10.655667 11.246370 11.937371 12.719027 13.576768 14.493485 15.454803 16.459282 0.000000 0.000000 0.000000 0.000000
7.820247 7.821044 7.822607 7.825584 7.831059 7.840831 7.857724 7.885971 7.931640 8.002979 8.110576 8.267169 8.486907 8.784199 9.171884 9.658978 10.249270 10.939658 11.720493 12.577228 13.492793 14.452849 0.000000 0.000000 0.000000 0.000000 0.000000
6.831959 6.832776 6.834372 6.837407 6.842972 6.852887 6.869993 6.898547 6.944637 7.016527 7.124804 7.282193 7.502797 7.800960 8.189434 8.677143 9.267786 9.958206 10.738738 11.594856 12.509544 0.000000 0.000000 0.000000 0.000000 0.000000 0.000000
5.862120 5.862988 5.864673 5.867855 5.873661 5.883952 5.901623 5.930985 5.978190 6.051545 6.161660 6.321234 6.544298 6.845059 7.236095 7.726128 8.318673 9.010440 9.791705 10.647984 0.000000 0.000000 0.000000 0.000000 0.000000 0.000000 0.000000
4.925454 4.926442 4.928332 4.931856 4.938207 4.949336 4.968252 4.999392 5.049027 5.125564 5.239652 5.403954 5.632350 5.938791 6.335516 6.830868 7.427998 8.123368 8.907144 0.000000 0.000000 0.000000 0.000000 0.000000 0.000000 0.000000 0.000000
4.040660 4.041899 4.044214 4.048431 4.055876 4.068671 4.090027 4.124606 4.178890 4.261449 4.382996 4.556100 4.794373 5.111301 5.518536 6.023763 6.629529 7.331876 0.000000 0.000000 0.000000 0.000000 0.000000 0.000000 0.000000 0.000000 0.000000
3.227885 3.229611 3.232734 3.238246 3.247702 3.263506 3.289201 3.329798 3.392107 3.484923 3.619012 3.806759 4.061296 4.395359 4.819658 5.340873 5.960631 0.000000 0.000000 0.000000 0.000000 0.000000 0.000000 0.000000 0.000000 0.000000 0.000000
2.505502 2.508111 2.512670 2.520440 2.533326 2.554164 2.586984 2.637291 2.712322 2.821140 2.974500 3.184433 3.463305 3.822715 4.272021 4.816494 0.000000 0.000000 0.000000 0.000000 0.000000 0.000000 0.000000 0.000000 0.000000 0.000000 0.000000
1.886968 1.891098 1.898069 1.909542 1.927935 1.956675 2.000443 2.065363 2.159168 2.291156 2.471933 2.712913 3.025325 3.419196 3.902096 0.000000 0.000000 0.000000 0.000000 0.000000 0.000000 0.000000 0.000000 0.000000 0.000000 0.000000 0.000000
1.378674 1.385302 1.396136 1.413395 1.440172 1.480654 1.540309 1.625951 1.745793 1.909240 2.126497 2.408017 2.763467 3.200858 0.000000 0.000000 0.000000 0.000000 0.000000 0.000000 0.000000 0.000000 0.000000 0.000000 0.000000 0.000000 0.000000
0.979418 0.989991 1.006760 1.032666 1.071644 1.128766 1.210356 1.323891 1.477932 1.681737 1.944758 2.276075 2.683364 0.000000 0.000000 0.000000 0.000000 0.000000 0.000000 0.000000 0.000000 0.000000 0.000000 0.000000 0.000000 0.000000 0.000000
0.681547 0.698126 0.723675 0.762012 0.818035 0.897756 1.008314 1.157697 1.354537 1.607571 1.925064 2.314301 0.000000 0.000000 0.000000 0.000000 0.000000 0.000000 0.000000 0.000000 0.000000 0.000000 0.000000 0.000000 0.000000 0.000000 0.000000
0.473264 0.498682 0.536772 0.592341 0.671295 0.780529 0.927828 1.121378 1.369484 1.679887 2.059214 0.000000 0.000000 0.000000 0.000000 0.000000 0.000000 0.000000 0.000000 0.000000 0.000000 0.000000 0.000000 0.000000 0.000000 0.000000 0.000000
0.341353 0.379355 0.434763 0.513407 0.622134 0.768527 0.960693 1.206576 1.513652 1.888163 0.000000 0.000000 0.000000 0.000000 0.000000 0.000000 0.000000 0.000000 0.000000 0.000000 0.000000 0.000000 0.000000 0.000000 0.000000 0.000000 0.000000
0.273628 0.328979 0.407526 0.516046 0.662121 0.853680 1.098699 1.404339 1.776718 0.000000 0.000000 0.000000 0.000000 0.000000 0.000000 0.000000 0.000000 0.000000 0.000000 0.000000 0.000000 0.000000 0.000000 0.000000 0.000000 0.000000 0.000000
0.260668 0.339177 0.447645 0.593583 0.784958 1.029570 1.334714 1.706207 0.000000 0.000000 0.000000 0.000000 0.000000 0.000000 0.000000 0.000000 0.000000 0.000000 0.000000 0.000000 0.000000 0.000000 0.000000 0.000000 0.000000 0.000000 0.000000
0.296695 0.405136 0.551053 0.742335 0.986850 1.291710 1.662961 0.000000 0.000000 0.000000 0.000000 0.000000 0.000000 0.000000 0.000000 0.000000 0.000000 0.000000 0.000000 0.000000 0.000000 0.000000 0.000000 0.000000 0.000000 0.000000 0.000000
0.379675 0.525568 0.716851 0.961299 1.266121 1.637149 0.000000 0.000000 0.000000 0.000000 0.000000 0.000000 0.000000 0.000000 0.000000 0.000000 0.000000 0.000000 0.000000 0.000000 0.000000 0.000000 0.000000 0.000000 0.000000 0.000000 0.000000
0.510846 0.702101 0.946563 1.251331 1.622361 0.000000 0.000000 0.000000 0.000000 0.000000 0.000000 0.000000 0.000000 0.000000 0.000000 0.000000 0.000000 0.000000 0.000000 0.000000 0.000000 0.000000 0.000000 0.000000 0.000000 0.000000 0.000000
0.693878 0.938307 1.243092 1.614074 0.000000 0.000000 0.000000 0.000000 0.000000 0.000000 0.000000 0.000000 0.000000 0.000000 0.000000 0.000000 0.000000 0.000000 0.000000 0.000000 0.000000 0.000000 0.000000 0.000000 0.000000 0.000000 0.000000
0.933866 1.238614 1.609607 0.000000 0.000000 0.000000 0.000000 0.000000 0.000000 0.000000 0.000000 0.000000 0.000000 0.000000 0.000000 0.000000 0.000000 0.000000 0.000000 0.000000 0.000000 0.000000 0.000000 0.000000 0.000000 0.000000 0.000000
1.236292 1.607247 0.000000 0.000000 0.000000 0.000000 0.000000 0.000000 0.000000 0.000000 0.000000 0.000000 0.000000 0.000000 0.000000 0.000000 0.000000 0.000000 0.000000 0.000000 0.000000 0.000000 0.000000 0.000000 0.000000 0.000000 0.000000
1.606074 0.000000 0.000000 0.000000 0.000000 0.000000 0.000000 0.000000 0.000000 0.000000 0.000000 0.000000 0.000000 0.000000 0.000000 0.000000 0.000000 0.000000 0.000000 0.000000 0.000000 0.000000 0.000000 0.000000 0.000000 0.000000 0.000000
