0,0,-1.0185206666666666,0.2789590000000004,31.83296,0.0
0,1,-1.0185206666666666,0.2789590000000004,31.83296,0.0
0,2,-1.0189746666666661,0.3250889999999984,31.786830000000002,0.0
0,3,-1.0195420000000002,0.3728180000000023,31.691371999999994,0.0
0,4,-1.0201609999999999,0.42590299999999814,31.532117000000007,0.0
0,5,-1.0208326666666672,0.4789960000000022,31.31974499999999,0.0
0,6,-1.0215744999999992,0.5323409999999953,31.053020000000025,0.0
0,7,-1.0221646,0.585595000000005,30.733495999999967,0.0
0,8,-1.0224106666666668,0.6368709999999993,30.374564000000007,0.0
0,9,-1.0237641666666673,0.6830020000000019,30.005515999999986,0.0
0,10,-1.0247736666666658,0.7288979999999938,29.59245200000006,0.0
0,11,-1.0257884999999998,0.7722580000000008,29.15885199999999,0.0
0,12,-1.0268783333333336,0.8052180000000035,28.79629199999996,0.0
0,13,-1.0280856666666658,0.8328739999999968,28.46442000000004,0.0
0,14,-1.0292778333333341,0.8630570000000048,28.072040999999935,0.0
0,15,-1.0301215999999997,0.886294999999997,27.746709000000045,0.0
0,16,-1.0313774000000009,0.9025570000000016,27.502778999999975,0.0
0,17,-1.0326514000000002,0.9164349999999999,27.280731000000003,0.0
0,18,-1.033939199999999,0.9276429999999962,27.090195000000065,0.0
0,19,-1.0380356666666675,0.9375650000000029,26.911598999999946,0.0014649999999996055
0,20,-1.0380356666666675,0.9375650000000029,26.911598999999946,0.0
0,21,-1.0390013333333326,0.9420049999999947,26.82279900000011,0.0
0,22,-1.0401108333333333,0.9485930000000025,26.684450999999946,0.0
0,23,-1.0414276666666662,0.9564939999999993,26.510629000000016,0.0
0,24,-1.0427989999999998,0.9714919999999978,26.16567500000005,0.0
0,25,-1.0444778,1.0015950000000018,25.443202999999954,0.0
0,26,-1.0458252000000001,1.0755920000000003,23.59327799999999,0.0
0,27,-1.0470742500000014,1.200802000000003,20.33781799999992,0.0
0,28,-1.0470742500000014,1.416762999999996,14.50687100000011,0.0
0,29,-1.0474396666666645,1.7615589999999983,4.852583000000045,0.0
0,30,-1.0474396666666645,2.307522000000006,-10.980344000000173,0.0
0,31,-1.0458890000000025,3.2092889999999983,-38.033353999999946,0.0
0,32,-1.0388124999999988,4.714371,-84.690896,0.0
0,33,-1.0267179999999883,7.625968999999998,-177.86203199999994,0.0
0,34,-0.9824449999999842,14.324134999999998,-398.90151,0.0
0,35,-0.8682180000000699,32.88092,-1029.8322,0.0
1,0,-1.0181306666666667,0.27661900000000017,31.83296,0.021598666666668098
1,1,-1.0185206666666666,0.2789590000000004,31.83296,0.02159166666666512
1,2,-1.0189746666666661,0.3250889999999984,31.786830000000002,0.02158766666666634
1,3,-1.0195420000000002,0.3728180000000023,31.691371999999994,0.02124899999999985
1,4,-1.0201609999999999,0.42590299999999814,31.532117000000007,0.021260000000003387
1,5,-1.0208326666666672,0.4789960000000022,31.31974499999999,0.021252666666665476
1,6,-1.0215744999999992,0.5323409999999953,31.053020000000025,0.0212315000000054
1,7,-1.0221646,0.585595000000005,30.733495999999967,0.020985599999999494
1,8,-1.0224106666666668,0.6368709999999993,30.374564000000007,0.020369666666668396
1,9,-1.0237641666666673,0.6830020000000019,30.005515999999986,0.02075516666666144
1,10,-1.0247736666666658,0.7288979999999938,29.59245200000006,0.02072966666667253
1,11,-1.0257884999999998,0.7722580000000008,29.15885199999999,0.021054500000000642
1,12,-1.0268783333333336,0.8052180000000035,28.79629199999996,0.02103433333333027
1,13,-1.0280856666666658,0.8559039999999953,28.16503000000006,0.020597666666670733
1,14,-1.0292778333333341,0.8818930000000051,27.80833699999993,0.02056083333332981
1,15,-1.0301215999999997,0.886294999999997,27.746709000000045,0.020142599999998456
1,16,-1.0313774000000009,0.9096924000000044,27.38861259999993,0.020109399999999722
1,17,-1.0326514000000002,0.9164349999999999,27.280731000000003,0.020078399999996943
1,18,-1.033939199999999,0.9276429999999962,27.090195000000065,0.020050200000000018
1,19,-1.0380356666666675,0.9375650000000029,26.911598999999946,0.024779666666665534
1,20,-1.0380356666666675,0.9375650000000029,26.911598999999946,0.021983666666665513
1,21,-1.0390013333333326,0.9420049999999947,26.82279900000011,0.021599333333335524
1,22,-1.0401108333333333,0.9485930000000025,26.684450999999946,0.021369833333334753
1,23,-1.0414276666666662,0.9632639999999952,26.35491900000011,0.021346666666668623
1,24,-1.0427989999999998,0.9932009999999973,25.64465900000006,0.02134200000000175
1,25,-1.0444778,1.0015950000000018,25.443202999999954,0.020975799999999323
1,26,-1.0458252000000001,1.0755920000000003,23.59327799999999,0.0208272000000036
1,27,-1.0470742500000014,1.200802000000003,20.33781799999992,0.02032924999999608
1,28,-1.0467577499999994,1.4180290000000042,14.47142299999988,0.018078750000002586
1,29,-1.0474396666666645,1.7615589999999983,4.852583000000045,0.01638366666666502
1,30,-1.045889000000005,2.31217399999999,-11.119903999999691,0.01210600000000528
1,31,-1.0388124999999988,3.2234420000000057,-38.472097000000176,0.0038394999999979973
1,32,-1.0267179999999883,4.738559999999994,-85.46494399999983,0.0
1,33,-0.9824450000000127,7.670242000000002,-179.32304100000005,0.0
1,34,-0.7492749999999972,14.438361999999998,-402.9041709999999,0.0
2,0,-1.0181306666666667,0.27661900000000017,31.83296,0.016923333333331847
2,1,-1.0185206666666666,0.2789590000000004,31.83296,0.016917333333334117
2,2,-1.0189746666666661,0.3250889999999984,31.786830000000002,0.016909333333333
2,3,-1.0195420000000002,0.3728180000000023,31.691371999999994,0.014840000000000853
2,4,-1.0201609999999999,0.42590299999999814,31.532117000000007,0.014849999999999142
2,5,-1.0208326666666672,0.4789960000000022,31.31974499999999,0.014812333333331651
2,6,-1.0215744999999992,0.5323409999999953,31.053020000000025,0.014763999999998223
2,7,-1.0221646,0.585595000000005,30.733495999999967,0.014269200000001092
2,8,-1.0224106666666668,0.6368709999999993,30.374564000000007,0.013071333333331214
2,9,-1.0237641666666673,0.6830020000000019,30.005515999999986,0.013807333333334615
2,10,-1.0247736666666658,0.7288979999999938,29.59245200000006,0.0137423333333353
2,11,-1.0257884999999998,0.7722580000000008,29.15885199999999,0.016059000000003376
2,12,-1.0268783333333336,0.8256300000000039,28.551347999999955,0.015979666666668724
2,13,-1.0280856666666658,0.8328739999999968,28.46442000000004,0.013435333333333688
2,14,-1.0292778333333341,0.8818930000000051,27.80833699999993,0.013339666666664751
2,15,-1.0301215999999997,0.886294999999997,27.746709000000045,0.01248719999999981
2,16,-1.0313774000000009,0.9025570000000016,27.502778999999975,0.012404800000000105
2,17,-1.0326514000000002,0.9164349999999999,27.280731000000003,0.01231379999999671
2,18,-1.033939199999999,0.9286990999999989,27.071185200000016,0.012230399999999975
2,19,-1.0346121666666654,0.9307179999999988,27.03484500000002,0.022192333333336478
2,20,-1.0380356666666675,0.9375650000000029,26.911598999999946,0.017908333333334525
2,21,-1.0390013333333326,0.9420049999999947,26.82279900000011,0.017204666666666757
2,22,-1.0401108333333333,0.9485930000000025,26.684450999999946,0.016764666666666983
2,23,-1.0414276666666662,0.9632639999999952,26.35491900000011,0.016731333333330323
2,24,-1.0427989999999998,0.9714919999999978,26.16567500000005,0.016713000000005085
2,25,-1.0444778,1.0015950000000018,25.443202999999954,0.013783599999997787
2,26,-1.0458252000000001,1.0755920000000003,23.59327799999999,0.01341440000000338
2,27,-1.0470742500000014,1.200802000000003,20.33781799999992,0.012483500000001868
2,28,-1.0467577499999994,1.4180290000000042,14.47142299999988,0.008138499999997606
2,29,-1.0474396666666645,1.7615589999999983,4.852583000000045,0.005283333333328866
2,30,-1.045889000000005,2.31217399999999,-11.119903999999691,0.0
2,31,-1.0388124999999988,3.2234420000000057,-38.472097000000176,0.0
2,32,-0.9722059999999999,4.793071999999995,-87.26383999999985,0.0
2,33,-0.7492749999999972,7.893173000000004,-186.91293400000015,0.0
3,0,-1.0181306666666667,0.27661900000000017,31.83296,0.011480999999999852
3,1,-1.0185206666666666,0.2789590000000004,31.83296,0.011471999999999483
3,2,-1.0189746666666661,0.3250889999999984,31.786830000000002,0.01145700000000005
3,3,-1.0195420000000002,0.3728180000000023,31.691371999999994,0.008687999999999363
3,4,-1.0201609999999999,0.42590299999999814,31.532117000000007,0.00872300000000159
3,5,-1.0208326666666672,0.4789960000000022,31.31974499999999,0.008670999999999651
3,6,-1.0215744999999992,0.5323409999999953,31.053020000000025,0.008598499999999731
3,7,-1.0221646,0.585595000000005,30.733495999999967,0.007872799999997682
3,8,-1.0224106666666668,0.6368709999999993,30.374564000000007,0.00657099999999744
3,9,-1.0237641666666673,0.6830020000000019,30.005515999999986,0.007682499999997816
3,10,-1.0247736666666658,0.7288979999999938,29.59245200000006,0.007601999999998554
3,11,-1.0257884999999998,0.7722580000000008,29.15885199999999,0.010669499999998777
3,12,-1.0268783333333336,0.8052180000000035,28.79629199999996,0.010559000000000651
3,13,-1.0280856666666658,0.8328739999999968,28.46442000000004,0.007184999999996222
3,14,-1.0292778333333341,0.8630570000000048,28.072040999999935,0.007060500000001468
3,15,-1.0301215999999997,0.886294999999997,27.746709000000045,0.005815799999996596
3,16,-1.0313774000000009,0.9096924000000044,27.38861259999993,0.005708199999999053
3,17,-1.0326514000000002,0.9164349999999999,27.280731000000003,0.005604199999997395
3,18,-1.033939199999999,0.9286990999999989,27.071185200000016,0.0055115999999983956
3,19,-1.0346121666666654,0.9307179999999988,27.03484500000002,0.01585749999999919
3,20,-1.0380356666666675,0.9375650000000029,26.911598999999946,0.012971999999995987
3,21,-1.0385499999999996,0.9406509999999955,26.849879000000094,0.011852000000001084
3,22,-1.0401108333333333,0.9485930000000025,26.684450999999946,0.011186499999997324
3,23,-1.0414276666666662,0.9564939999999993,26.510629000000016,0.011142999999997016
3,24,-1.0427989999999998,0.9932009999999973,25.64465900000006,0.011130000000001417
3,25,-1.0444778,1.0015950000000018,25.443202999999954,0.007311399999997192
3,26,-1.0458252000000001,1.0755920000000003,23.59327799999999,0.00674260000000082
3,27,-1.0470742500000014,1.200802000000003,20.33781799999992,0.0054347499999991555
3,28,-1.0467577499999994,1.4180290000000042,14.47142299999988,0.00038125000000199805
3,29,-1.0467577499999994,1.759513250000003,4.909863999999915,0.0
3,30,-1.0365029999999962,2.321559999999998,-11.420255999999952,0.0
3,31,-0.953994999999999,3.301093999999999,-41.05379999999997,0.0
3,32,-0.6987039999999993,5.038463999999998,-95.67814299999992,0.0
4,0,-1.0181306666666667,0.27661900000000017,31.83296,0.005347666666667195
4,1,-1.0185206666666666,0.2789590000000004,31.83296,0.005326666666666036
4,2,-1.0189746666666661,0.3250889999999984,31.786830000000002,0.005294666666665115
4,3,-1.0195420000000002,0.3728180000000023,31.691371999999994,0.0032529999999999504
4,4,-1.0201609999999999,0.42590299999999814,31.532117000000007,0.0032800000000001717
4,5,-1.0208326666666672,0.4789960000000022,31.31974499999999,0.0032166666666668675
4,6,-1.0215744999999992,0.5323409999999953,31.053020000000025,0.003129999999999633
4,7,-1.0221646,0.585595000000005,30.733495999999967,0.0022853999999981056
4,8,-1.0224106666666668,0.6368709999999993,30.374564000000007,0.002249666666664929
4,9,-1.0237641666666673,0.6830020000000019,30.005515999999986,0.003656666666668862
4,10,-1.0247736666666658,0.7288979999999938,29.59245200000006,0.003596666666664028
4,11,-1.0257884999999998,0.7722580000000008,29.15885199999999,0.005871999999999211
4,12,-1.0268783333333336,0.8052180000000035,28.79629199999996,0.005733333333336255
4,13,-1.0280856666666658,0.8328739999999968,28.46442000000004,0.0032126666666627557
4,14,-1.0292778333333341,0.8630570000000048,28.072040999999935,0.003101333333336065
4,15,-1.0301215999999997,0.886294999999997,27.746709000000045,0.0016503999999972763
4,16,-1.0313774000000009,0.9025570000000016,27.502778999999975,0.0015816000000041797
4,17,-1.0326514000000002,0.9164349999999999,27.280731000000003,0.0015125999999963113
4,18,-1.033939199999999,0.9276429999999962,27.090195000000065,0.0014338000000009288
4,19,-1.033939199999999,0.9286990999999989,27.071185200000016,0.009578700000002272
4,20,-1.0346121666666654,0.9307179999999988,27.03484500000002,0.006878666666665367
4,21,-1.0385499999999996,0.9406509999999955,26.849879000000094,0.004751999999998979
4,22,-1.0400878333333345,0.9485240000000061,26.68589999999987,0.00425433333333558
4,23,-1.0414276666666662,0.9564939999999993,26.510629000000016,0.004134666666668174
4,24,-1.0427989999999998,0.9714919999999978,26.16567500000005,0.004101000000003019
4,25,-1.0444778,1.0015950000000018,25.443202999999954,0.001596199999997161
4,26,-1.0458252000000001,1.0755920000000003,23.59327799999999,0.0009888000000044528
4,27,-1.0458252000000001,1.1958057999999974,20.46771920000007,0.0
4,28,-1.0467577499999994,1.4180290000000042,14.47142299999988,0.0
4,29,-1.0290110000000041,1.7772599999999983,4.341968000000065,0.0
4,30,-0.944465000000001,2.396576000000003,-13.956380000000088,0.0
4,31,-0.6987039999999993,3.556384999999999,-49.73369399999996,0.0
5,0,-1.0181306666666667,0.27661900000000017,31.83296,0.0015573333333325223
5,1,-1.0185206666666666,0.2789590000000004,31.83296,0.0015373333333323913
5,2,-1.0189746666666661,0.3250889999999984,31.786830000000002,0.0015123333333324496
5,3,-1.0195420000000002,0.3728180000000023,31.691371999999994,0.00059899999999935
5,4,-1.0201609999999999,0.42590299999999814,31.532117000000007,0.0006639999999986657
5,5,-1.0208326666666672,0.4789960000000022,31.31974499999999,0.0006213333333349169
5,6,-1.0215744999999992,0.5323409999999953,31.053020000000025,0.0005574999999993224
5,7,-1.0215744999999992,0.5826445000000037,30.751198999999975,0.0
5,8,-1.0224106666666668,0.6368709999999993,30.374564000000007,0.00019333333333371172
5,9,-1.0237641666666673,0.6830020000000019,30.005515999999986,0.0015198333333348302
5,10,-1.0247736666666658,0.7288979999999938,29.59245200000006,0.0014903333333311508
5,11,-1.0257884999999998,0.7722580000000008,29.15885199999999,0.002470499999999376
5,12,-1.0268783333333336,0.8052180000000035,28.79629199999996,0.002368666666663799
5,13,-1.0280856666666658,0.8328739999999968,28.46442000000004,0.0012423333333337894
5,14,-1.0292778333333341,0.8630570000000048,28.072040999999935,0.0011821666666715913
5,15,-1.0294609999999966,0.8829919999999792,27.792951000000294,0.0
5,16,-1.0306009999999988,0.8986749999999922,27.561009000000116,0.0
5,17,-1.0317500000000033,0.911928000000015,27.352842999999762,0.0
5,18,-1.0329140000000052,0.922517000000028,27.177336999999525,0.0
5,19,-1.033939199999999,0.9286990999999989,27.071185200000016,0.005359899999998419
5,20,-1.0346121666666654,0.9307179999999988,27.03484500000002,0.0009788333333311527
5,21,-1.0385499999999996,0.9406509999999955,26.849879000000094,0.0007910000000013184
5,22,-1.0400878333333345,0.9485240000000061,26.68589999999987,0.00048816666666695596
5,23,-1.0414276666666662,0.9564939999999993,26.510629000000016,0.0003893333333291338
5,24,-1.0427989999999998,0.9714919999999978,26.16567500000005,0.00037200000000048306
5,25,-1.0427989999999998,0.9932009999999973,25.64465900000006,0.0
5,26,-1.0444778,1.0688549999999992,23.76170300000002,0.0
5,27,-1.0441629999999975,1.1974680000000006,20.41619099999997,0.0
5,28,-1.0208629999999985,1.4376409999999993,13.815020000000011,0.0
5,29,-0.9426689999999951,1.8573459999999997,1.6723099999999818,0.0
5,30,-0.6924740000000043,2.648567,-22.524073999999978,0.0
6,0,-1.0181306666666667,0.27661900000000017,31.83296,0.0
6,1,-1.0185206666666666,0.2789590000000004,31.83296,0.0
6,2,-1.0185206666666666,0.32236500000000134,31.789554,0.0
6,3,-1.0189746666666661,0.369413999999999,31.69818,0.0
6,4,-1.0195420000000002,0.4221889999999995,31.543259000000003,0.0
6,5,-1.0201609999999999,0.47496599999999844,31.335865000000005,0.0
6,6,-1.0208326666666672,0.5278900000000029,31.075274999999987,0.0
6,7,-1.0211010000000016,0.5831179999999989,30.745517000000017,0.0
6,8,-1.0221646,0.6353946000000015,30.38489879999999,0.0
6,9,-1.0224106666666668,0.6748809999999992,30.070484000000008,0.0
6,10,-1.0237641666666673,0.7228410000000025,29.64696499999998,0.0
6,11,-1.0247736666666658,0.7661689999999979,29.219742000000018,0.0
6,12,-1.0257884999999998,0.7986789999999999,28.868221,0.0
6,13,-1.0268783333333336,0.8256300000000039,28.551347999999955,0.0
6,14,-1.0280856666666658,0.8559039999999953,28.16503000000006,0.0
6,15,-1.0292778333333341,0.8818930000000051,27.80833699999993,0.0
6,16,-1.0301215999999997,0.8957985999999993,27.60415500000001,0.0
6,17,-1.0306009999999972,0.9089159999999978,27.397153000000017,0.0
6,18,-1.0326514,0.9209413999999981,27.204122200000032,0.0
6,19,-1.0310320000000033,0.9281865000000025,27.063993999999973,0.003496499999997127
6,20,-1.033939199999999,0.9286990999999989,27.071185200000016,0.0
6,21,-1.0346121666666654,0.9307179999999988,27.03484500000002,0.0
6,22,-1.0342339999999979,0.9406509999999955,26.823983000000084,0.0
6,23,-1.0352549999999994,0.9485240000000061,26.656902999999858,0.0
6,24,-1.036414999999998,0.9632639999999952,26.3248430000001,0.0
6,25,-1.036414999999998,0.9936110000000014,25.596514999999954,0.0
6,26,-1.0326159999999973,1.0716699999999975,23.622246000000047,0.0
6,27,-1.0138549999999995,1.216179000000004,19.752445999999892,0.0
6,28,-0.9426689999999951,1.5158350000000027,11.234617999999898,0.0
6,29,-0.6855660000000015,2.1144489999999934,-7.069191999999802,0.0
7,0,-1.0157540000000012,0.2762910000000005,31.818700000000007,0.0
7,1,-1.0160820000000008,0.2766190000000037,31.820668000000005,0.0
7,2,-1.0164600000000021,0.32236500000000134,31.77719000000001,0.0
7,3,-1.0164359999999988,0.3694380000000024,31.682875999999986,0.0
7,4,-1.0173489999999994,0.4221889999999995,31.530101000000002,0.0
7,5,-1.0179229999999997,0.47496599999999844,31.322437000000004,0.0
7,6,-1.0185490000000001,0.5278900000000029,31.06157299999999,0.0
7,7,-1.0185260000000014,0.5831409999999977,30.729906000000025,0.0
7,8,-1.0203570000000006,0.6343309999999995,30.382562000000007,0.0
7,9,-1.0203570000000006,0.6732800000000019,30.07096999999999,0.0
7,10,-1.022833000000002,0.7228410000000025,29.64137799999999,0.0
7,11,-1.0243210000000005,0.7661689999999979,29.217026000000025,0.0
7,12,-1.0243210000000005,0.7982250000000022,28.864409999999978,0.0
7,13,-1.0252380000000016,0.8256300000000039,28.541505999999963,0.0
7,14,-1.0262680000000017,0.8559039999999953,28.154124000000074,0.0
7,15,-1.0264240000000058,0.8818930000000051,27.79121399999996,0.0
7,16,-1.0274849999999986,0.8951379999999958,27.59890500000006,0.0
7,17,-1.0274849999999986,0.9078329999999966,27.395785000000046,0.0
7,18,-1.024944000000005,0.9189490000000049,27.18902599999995,0.0
7,19,-1.0296589999999952,0.9274999999999984,27.068112999999997,0.002442999999995976
7,20,-1.0310320000000033,0.9281865000000025,27.063993999999973,0.0
7,21,-1.0331540000000032,0.9307179999999988,27.026096000000045,0.0
7,22,-1.027003999999998,0.9395710000000008,26.797132999999967,0.0
7,23,-1.027279,0.9475030000000046,26.624553999999897,0.0
7,24,-1.0352549999999994,0.9621039999999965,26.34456300000008,0.0
7,25,-1.0265920000000008,0.9974100000000021,25.436577999999955,0.0
7,26,-1.0138549999999995,1.0904309999999953,23.021894000000117,0.0
7,27,-0.9279669999999953,1.296284,17.068499999999965,0.0
7,28,-0.6823160000000001,1.767269000000006,2.632347999999837,0.0
8,0,-1.0112419999999993,0.27601600000000204,31.787115999999994,0.0
8,1,-1.0115169999999978,0.2762910000000005,31.789040999999983,0.0
8,2,-1.011845000000001,0.321987,31.745641000000006,0.0
8,3,-1.0120090000000026,0.3694380000000024,31.651887000000013,0.0
8,4,-1.013978999999999,0.4212759999999989,31.510163,0.0
8,5,-1.0145439999999972,0.47439199999999815,31.30165399999999,0.0
8,6,-1.015112000000002,0.5272640000000024,31.04127,0.0
8,7,-1.016334999999998,0.5831409999999977,30.714569,0.0
8,8,-1.0178650000000005,0.6325000000000003,30.379766,0.0
8,9,-1.017990000000001,0.6732800000000019,30.05440099999999,0.0
8,10,-1.017990000000001,0.7211570000000016,29.623507999999994,0.0
8,11,-1.019881999999999,0.7646809999999995,29.202320999999998,0.0
8,12,-1.0189070000000022,0.799199999999999,28.81481200000003,0.0
8,13,-1.0140460000000004,0.8245770000000014,28.471399999999985,0.0
8,14,-1.0194970000000012,0.8539770000000004,28.132808000000004,0.0
8,15,-1.0220689999999948,0.8817370000000011,27.763068999999945,0.0
8,16,-1.0230099999999993,0.8940770000000029,27.58455599999995,0.0
8,17,-1.0185239999999993,0.9068709999999953,27.34396400000007,0.0
8,18,-1.024944000000005,0.9189490000000049,27.18902599999995,0.0
8,19,-1.0205339999999978,0.9269309999999997,27.010069999999985,0.0017220000000044422
8,20,-1.0205339999999978,0.9269309999999997,27.010069999999985,0.0
8,21,-1.0205339999999978,0.9285090000000054,26.978509999999872,0.0
8,22,-1.0199700000000007,0.9387359999999987,26.759231000000035,0.0
8,23,-1.0199700000000007,0.9472280000000026,26.57240699999995,0.0
8,24,-1.0166170000000037,0.9627909999999957,26.18763400000013,0.0
8,25,-0.9985619999999997,1.0168040000000005,24.746881999999985,0.0
8,26,-0.9279669999999953,1.1696620000000024,20.3606719999999,0.0
8,27,-0.667225000000002,1.5514989999999997,8.346974000000024,0.0
9,0,-1.0068400000000004,0.2757850000000026,31.751900000000003,0.0
9,1,-1.0070709999999998,0.27601600000000204,31.753747999999998,0.0
9,2,-1.0073489999999978,0.3216589999999968,31.710328999999987,0.0
9,3,-1.0075719999999997,0.36927400000000077,31.616882999999994,0.0
9,4,-1.0085580000000007,0.4193060000000024,31.474674999999998,0.0
9,5,-1.00929,0.473827,31.262447,0.0
9,6,-1.009757999999998,0.5266959999999976,31.001845999999997,0.0
9,7,-1.0112970000000026,0.5819180000000017,30.68282600000001,0.0
9,8,-1.0123739999999977,0.6309699999999978,30.348077999999997,0.0
9,9,-1.0119490000000013,0.6735799999999976,30.003373000000032,0.0
9,10,-1.0119490000000013,0.7205140000000014,29.580966999999998,0.0
9,11,-1.0076059999999991,0.7627829999999989,29.119190000000003,0.0
9,12,-1.0089630000000014,0.7991850000000014,28.730981,0.0
9,13,-1.0140460000000004,0.8245770000000014,28.471399999999985,0.0
9,14,-1.0140460000000004,0.8532070000000012,28.09920999999999,0.0
9,15,-1.0148159999999997,0.8780459999999977,27.75839400000003,0.0
9,16,-1.0176739999999995,0.8931359999999984,27.556924000000024,0.0
9,17,-1.0176739999999995,0.9060209999999955,27.35076400000007,0.0
9,18,-1.0185239999999993,0.9171530000000061,27.169169999999887,0.0
9,19,-1.0193479999999937,0.9263379999999977,27.01125599999999,0.0013350000000009743
9,20,-1.0193479999999937,0.9263379999999977,27.01125599999999,0.0
9,21,-1.0152470000000022,0.9292030000000011,26.917046999999997,0.0
9,22,-1.0141599999999968,0.938606,26.70980099999997,0.0
9,23,-1.0107569999999981,0.9505809999999997,26.41572399999999,0.0
9,24,-0.9916380000000018,0.9808459999999997,25.547558000000024,0.0
9,25,-0.9185560000000024,1.0968099999999978,22.106684000000072,0.0
9,26,-0.658611999999998,1.4209930000000028,11.662612999999908,0.0
10,0,-1.0025879999999994,0.2755960000000002,31.713631999999993,0.0
10,1,-1.0027770000000018,0.2757850000000026,31.715333000000015,0.0
10,2,-1.0030900000000003,0.3213809999999988,31.672554000000005,0.0
10,3,-1.0033189999999976,0.3690509999999989,31.57927499999998,0.0
10,4,-1.0030819999999991,0.41855699999999985,31.428386999999994,0.0
10,5,-1.0044580000000032,0.4730950000000007,31.222619000000027,0.0
10,6,-1.0048620000000028,0.5262279999999997,30.96059000000003,0.0
10,7,-1.006072999999997,0.5803789999999971,30.646582999999993,0.0
10,8,-1.006768000000001,0.6298930000000027,30.30623999999999,0.0
10,9,-1.0065139999999992,0.6738339999999994,29.952171999999997,0.0
10,10,-1.0069809999999997,0.7205140000000014,29.536254999999983,0.0
10,11,-1.0069809999999997,0.7621579999999994,29.119815000000003,0.0
10,12,-1.0089630000000014,0.7991850000000014,28.730980999999996,0.0
10,13,-1.0089630000000014,0.8233300000000021,28.441240999999987,0.0
10,14,-1.0095859999999988,0.8525159999999978,28.068053000000017,0.0
10,15,-1.010277000000002,0.8763770000000015,27.740909,0.0
10,16,-1.0126930000000023,0.8922940000000033,27.52556699999997,0.0
10,17,-1.0126930000000023,0.905263999999999,27.31804700000004,0.0
10,18,-1.0061870000000042,0.9165260000000046,27.06153299999996,0.0
10,19,-1.0140770000000003,0.9257529999999967,26.974347000000066,0.0011040000000015482
10,20,-1.0140770000000003,0.9257529999999967,26.974347000000066,0.0
10,21,-1.0141599999999968,0.9302900000000065,26.884436999999835,0.0
10,22,-1.0107569999999981,0.9420089999999988,26.60430800000001,0.0
10,23,-0.9916380000000018,0.969699999999996,25.803916000000108,0.0
10,24,-0.9042320000000004,1.060687999999999,22.837132000000025,0.0
10,25,-0.6531679999999938,1.3499940000000024,13.383147999999878,0.0
11,0,-0.9990079999999999,0.27544400000000024,31.677832,0.0
11,1,-0.9991599999999998,0.2755960000000002,31.679351999999998,0.0
11,2,-0.9996770000000019,0.32106800000000035,31.63905000000002,0.0
11,3,-0.9998850000000026,0.36882200000000154,31.545622000000023,0.0
11,4,-0.9992700000000028,0.41917199999999966,31.38780700000003,0.0
11,5,-0.9987699999999968,0.4722190000000026,31.170118999999954,0.0
11,6,-0.9987699999999968,0.5255399999999995,30.90351399999997,0.0
11,7,-0.9998509999999996,0.5791680000000028,30.592839999999978,0.0
11,8,-1.0003300000000017,0.6291979999999988,30.247420000000027,0.0
11,9,-1.000267000000001,0.6738970000000002,29.889135000000007,0.0
11,10,-1.000267000000001,0.7200450000000025,29.473802999999986,0.0
11,11,-1.000741999999999,0.7621579999999994,29.057424999999995,0.0
11,12,-1.0027289999999986,0.7978279999999991,28.684924999999996,0.0
11,13,-1.0027289999999986,0.8228259999999992,28.384948999999995,0.0
11,14,-1.0032330000000016,0.8519500000000022,28.01188099999999,0.0
11,15,-1.0048999999999992,0.8763770000000015,27.68713899999997,0.0
11,16,-1.0048999999999992,0.890936,27.468753999999993,0.0
11,17,-1.0061289999999978,0.905263999999999,27.252406999999994,0.0
11,18,-1.0061289999999978,0.9164679999999983,27.061939000000006,0.0
11,19,-1.0061870000000042,0.9256054999999996,26.89810200000005,0.0007245000000004609
11,20,-1.0061870000000042,0.9256054999999996,26.89810200000005,0.0
11,21,-1.0023499999999999,0.934422000000005,26.679564999999897,0.0
11,22,-0.9747890000000012,0.9612079999999992,25.813888000000034,0.0
11,23,-0.9042320000000004,1.048618999999995,23.114719000000115,0.0
11,24,-0.6531679999999938,1.3117520000000056,14.3009559999998,0.0
12,0,-0.9939290000000014,0.2753670000000028,31.621963000000015,0.0
12,1,-0.9940059999999988,0.27544400000000024,31.622809999999987,0.0
12,2,-0.9953239999999965,0.32055099999999825,31.592200999999964,0.0
12,3,-0.9954609999999988,0.3686140000000009,31.497581999999984,0.0
12,4,-0.9949779999999997,0.4196549999999988,31.338663,0.0
12,5,-0.994060000000001,0.47313700000000125,31.113719000000007,0.0
12,6,-0.994295000000001,0.5255399999999995,30.854289000000016,0.0
12,7,-0.9947990000000004,0.5783710000000006,30.542847000000002,0.0
12,8,-0.9951129999999999,0.6287189999999967,30.193865000000024,0.0
12,9,-0.9952329999999989,0.6738970000000002,29.833760999999985,0.0
12,10,-0.9940829999999998,0.7211950000000016,29.394278999999983,0.0
12,11,-0.9940829999999998,0.7613430000000001,28.992798999999998,0.0
12,12,-0.9907129999999995,0.7930809999999973,28.603241000000025,0.0
12,13,-0.9971850000000018,0.8224740000000033,28.32818899999998,0.0
12,14,-0.9909670000000013,0.8514799999999987,27.876495000000034,0.0
12,15,-0.9980070000000012,0.8745589999999979,27.637869000000045,0.0
12,16,-0.9987240000000028,0.8904370000000021,27.408303,0.0
12,17,-0.9992230000000006,0.9041630000000005,27.194675,0.0
12,18,-0.9981819999999999,0.9179919999999981,26.94709000000003,0.0
12,19,-0.9964989999999929,0.9264470000000031,26.774703999999858,0.0
12,20,-0.9944190000000006,0.9285269999999954,26.710224000000096,0.0
12,21,-0.9747890000000012,0.9540520000000043,25.964163999999926,0.0
12,22,-0.896049000000005,1.0399479999999954,23.215468000000158,0.0
12,23,-0.6470839999999995,1.2975840000000005,14.55989599999998,0.0
13,0,-0.9888419999999982,0.2753670000000028,31.560918999999977,0.0
13,1,-0.988823,0.275386000000001,31.560672,0.0
13,2,-0.9893360000000015,0.31923300000000054,31.52298100000002,0.0
13,3,-0.9893640000000019,0.3684769999999986,31.424829000000027,0.0
13,4,-0.9890209999999975,0.4199980000000032,31.265806999999956,0.0
13,5,-0.9884570000000004,0.4737009999999984,31.043663000000013,0.0
13,6,-0.9885640000000002,0.5253049999999995,30.786927000000006,0.0
13,7,-0.9891470000000027,0.5778670000000012,30.478551000000024,0.0
13,8,-0.989335999999998,0.6284049999999972,30.127052999999997,0.0
13,9,-0.9894719999999992,0.6737770000000012,29.76570899999998,0.0
13,10,-0.9890810000000023,0.7215859999999985,29.330345000000044,0.0
13,11,-0.9893290000000015,0.7613430000000001,28.935751000000018,0.0
13,12,-0.9907129999999995,0.7930809999999973,28.603241000000025,0.0
13,13,-0.9847949999999983,0.8225690000000014,28.17245099999996,0.0
13,14,-0.9837719999999983,0.8511309999999987,27.787845999999995,0.0
13,15,-0.9909670000000013,0.8741020000000006,27.559787000000007,0.0
13,16,-0.9914239999999985,0.8900679999999994,27.32623799999999,0.0
13,17,-0.9917930000000013,0.9038520000000005,27.110491000000007,0.0
13,18,-0.9909940000000006,0.9191019999999988,26.84085400000003,0.0
13,19,-0.9868179999999995,0.9295749999999998,26.598051999999996,0.0
13,20,-0.9687309999999982,0.9476620000000011,26.019267999999954,0.0
13,21,-0.8897240000000011,1.0330590000000015,23.284236999999983,0.0
13,22,-0.6417009999999976,1.2879709999999989,14.706785999999994,0.0
14,0,-0.984653999999999,0.275386000000001,31.506474999999988,0.0
14,1,-0.9845250000000014,0.2755149999999986,31.50466900000002,0.0
14,2,-0.9839909999999996,0.3192540000000008,31.453453999999994,0.0
14,3,-0.9838949999999969,0.368545000000001,31.353527999999955,0.0
14,4,-0.9835930000000026,0.42029999999999745,31.194035000000046,0.0
14,5,-0.9825949999999999,0.4746990000000011,30.962466999999993,0.0
14,6,-0.982569999999999,0.5252230000000004,30.709496999999985,0.0
14,7,-0.9838519999999988,0.5772839999999988,30.41379699999999,0.0
14,8,-0.9839610000000008,0.6282160000000019,30.058689999999995,0.0
14,9,-0.9840559999999989,0.6736409999999999,29.696524999999987,0.0
14,10,-0.9847429999999981,0.7215859999999985,29.27395099999999,0.0
14,11,-0.9847429999999981,0.7609349999999999,28.880460999999976,0.0
14,12,-0.9847949999999983,0.7918050000000001,28.541618999999976,0.0
14,13,-0.9835320000000003,0.8238319999999995,28.13961300000001,0.0
14,14,-0.9761869999999995,0.8508910000000007,27.685015999999983,0.0
14,15,-0.9840550000000015,0.8741020000000006,27.46993100000001,0.0
14,16,-0.9840550000000015,0.8898800000000016,27.233260999999995,0.0
14,17,-0.9839720000000014,0.9041229999999985,27.004211000000044,0.0
14,18,-0.9810099999999977,0.9220640000000024,26.657745999999925,0.0
14,19,-0.9638439999999981,0.9467409999999994,25.973235999999986,0.0
14,20,-0.8861609999999978,1.0330590000000015,23.237917999999937,0.0
14,21,-0.6374940000000038,1.2817259999999955,14.783240000000145,0.0
15,0,-0.9786370000000026,0.2755149999999986,31.422237000000038,0.0
15,1,-0.9783310000000007,0.27582100000000054,31.41764700000001,0.0
15,2,-0.9773619999999994,0.32022300000000214,31.358709999999988,0.0
15,3,-0.9770680000000027,0.3688389999999977,31.257068000000046,0.0
15,4,-0.9764769999999992,0.420891000000001,31.092046999999983,0.0
15,5,-0.9763069999999985,0.47486900000000176,30.87358499999997,0.0
15,6,-0.9761430000000004,0.5253869999999985,30.618535000000016,0.0
15,7,-0.9765480000000011,0.576001999999999,30.32051500000002,0.0
15,8,-0.9764769999999992,0.6281780000000019,29.954217999999972,0.0
15,9,-0.9764900000000019,0.6735460000000018,29.59145600000001,0.0
15,10,-0.9773920000000018,0.7208989999999993,29.177907000000033,0.0
15,11,-0.9771609999999988,0.7611660000000029,28.771771999999952,0.0
15,12,-0.976503000000001,0.7924629999999979,28.41763500000004,0.0
15,13,-0.9760169999999988,0.8243180000000017,28.02808499999996,0.0
15,14,-0.9760169999999988,0.8507210000000001,27.684845999999983,0.0
15,15,-0.9761869999999995,0.8736879999999978,27.365858000000024,0.0
15,16,-0.9758880000000012,0.8903099999999995,27.112043000000025,0.0
15,17,-0.9728199999999987,0.907191000000001,26.795926999999963,0.0
15,18,-0.9551170000000013,0.9397669999999998,25.976590000000023,0.0
15,19,-0.8784869999999998,1.023371000000001,23.32226799999998,0.0
15,20,-0.6260979999999989,1.2700040000000001,14.850405999999982,0.0
16,0,-0.9711289999999977,0.27582100000000054,31.309616999999964,0.0
16,1,-0.9705809999999992,0.276368999999999,31.30084899999999,0.0
16,2,-0.9695130000000027,0.32129099999999866,31.238839000000045,0.0
16,3,-0.9689979999999991,0.3693540000000013,31.134472999999986,0.0
16,4,-0.9674990000000001,0.42239000000000004,30.951380999999998,0.0
16,5,-0.9686660000000025,0.47486900000000176,30.75897000000003,0.0
16,6,-0.9683150000000005,0.5257380000000005,30.499009000000008,0.0
16,7,-0.9676069999999974,0.5763050000000014,30.18427899999995,0.0
16,8,-0.9674070000000015,0.6283779999999979,29.81656800000004,0.0
16,9,-0.9672650000000012,0.6736749999999994,29.45192000000002,0.0
16,10,-0.9678419999999974,0.7199969999999993,29.043676999999967,0.0
16,11,-0.9665870000000005,0.7624209999999998,28.59935700000001,0.0
16,12,-0.9659349999999982,0.7931150000000002,28.251290999999966,0.0
16,13,-0.9659349999999982,0.8237479999999984,27.88369499999999,0.0
16,14,-0.9665050000000015,0.8506679999999989,27.54285500000004,0.0
16,15,-0.9660989999999998,0.8741470000000007,27.207652999999986,0.0
16,16,-0.9625219999999999,0.8938869999999994,26.854321000000006,0.0
16,17,-0.9461039999999983,0.9236090000000026,26.11608099999993,0.0
16,18,-0.8706619999999994,1.0152089999999987,23.351809000000014,0.0
16,19,-0.6260979999999989,1.2679350000000014,14.889716999999958,0.0
17,0,-0.9602420000000009,0.276368999999999,31.135425000000016,0.0
17,1,-0.9593399999999992,0.2772710000000025,31.120090999999984,0.0
17,2,-0.9581539999999986,0.32247699999999924,31.054722999999978,0.0
17,3,-0.9572729999999989,0.370235000000001,30.944229999999983,0.0
17,4,-0.9560449999999996,0.4236179999999994,30.763204999999992,0.0
17,5,-0.9564969999999988,0.4737019999999994,30.570100999999983,0.0
17,6,-0.9558530000000012,0.5263819999999981,30.295753000000033,0.0
17,7,-0.9545899999999996,0.577568000000003,29.967165999999974,0.0
17,8,-0.9541299999999993,0.6288379999999982,29.600456,0.0
17,9,-0.9537689999999976,0.674036000000001,29.23273499999995,0.0
17,10,-0.9538790000000006,0.7194200000000031,28.82603899999998,0.0
17,11,-0.9531729999999996,0.7631270000000008,28.376966999999983,0.0
17,12,-0.952688000000002,0.7935999999999979,28.033519000000055,0.0
17,13,-0.9534270000000014,0.8237479999999984,27.683567000000043,0.0
17,14,-0.9528929999999995,0.8512020000000007,27.317586999999982,0.0
17,15,-0.9493270000000003,0.877713,26.885811000000004,0.0
17,16,-0.9313359999999982,0.9118780000000015,26.067488999999945,0.0
17,17,-0.858626000000001,0.9963189999999997,23.480363000000022,0.0
17,18,-0.6186550000000004,1.2551799999999993,15.000219000000019,0.0
18,0,-0.9461379999999995,0.27727099999999893,30.895656999999993,0.0
18,1,-0.944763,0.2786459999999984,30.870907000000003,0.0
18,2,-0.9432609999999997,0.3239789999999996,30.798537999999994,0.0
18,3,-0.9419210000000007,0.371575,30.679226000000014,0.0
18,4,-0.9410950000000007,0.4244439999999994,30.505751000000014,0.0
18,5,-0.9401260000000011,0.4742189999999997,30.28920900000002,0.0
18,6,-0.9390939999999972,0.527414000000002,30.00465799999994,0.0
18,7,-0.9376350000000002,0.579027,29.668718000000005,0.0
18,8,-0.9368629999999989,0.6296099999999996,29.300740999999984,0.0
18,9,-0.9362239999999993,0.6746750000000006,28.928718999999983,0.0
18,10,-0.9358970000000006,0.7196369999999987,28.518175000000024,0.0
18,11,-0.9360300000000024,0.7631270000000008,28.085536000000037,0.0
18,12,-0.9354499999999994,0.7941800000000008,27.73351299999998,0.0
18,13,-0.9354639999999996,0.823008999999999,27.387803000000005,0.0
18,14,-0.9319609999999976,0.8547050000000027,26.91270099999992,0.0
18,15,-0.9142939999999982,0.8953799999999994,26.025244999999977,0.0
18,16,-0.841391999999999,0.9847800000000007,23.372008999999974,0.0
18,17,-0.5887990000000016,1.2323869999999992,14.863623000000043,0.0
19,0,-0.9268390000000011,0.27864600000000195,30.548275000000018,0.0
19,1,-0.9248279999999998,0.3239789999999996,30.466744,0.0
19,2,-0.9227699999999999,0.32603699999999947,30.425584,0.0
19,3,-0.9208020000000001,0.37354299999999974,30.29318,0.0
19,4,-0.919753,0.42549299999999945,30.117399000000002,0.0
19,5,-0.9177529999999994,0.4762190000000004,29.876494999999988,0.0
19,6,-0.916183000000002,0.5289839999999995,29.58284000000004,0.0
19,7,-0.9144820000000013,0.5807280000000006,29.24005700000002,0.0
19,8,-0.9132640000000016,0.6308279999999993,28.866215000000036,0.0
19,9,-0.9122640000000004,0.6756750000000018,28.488438999999993,0.0
19,10,-0.9114779999999989,0.7204230000000003,28.070772999999978,0.0
19,11,-0.9115249999999975,0.7629939999999991,27.645908999999968,0.0
19,12,-0.9101390000000009,0.7955659999999973,27.26128300000005,0.0
19,13,-0.9070949999999982,0.8260390000000015,26.837770999999947,0.0
19,14,-0.8898960000000002,0.8719040000000007,25.914744999999996,0.0
19,15,-0.8184090000000026,0.966866999999997,23.227010000000092,0.0
19,16,-0.5887990000000016,1.2143900000000016,15.151575000000005,0.0
20,0,-0.902194999999999,0.28065700000000504,30.080038999999978,0.0
20,1,-0.8993730000000006,0.2834789999999998,30.02359900000001,0.0
20,2,-0.8965160000000001,0.328894,29.921044000000002,0.0
20,3,-0.8937399999999993,0.3763190000000005,29.770673999999985,0.0
20,4,-0.8923629999999996,0.4268699999999992,29.591480999999995,0.0
20,5,-0.8896280000000001,0.4789539999999999,29.328445000000002,0.0
20,6,-0.8873999999999995,0.531212,29.02259499999999,0.0
20,7,-0.8852700000000002,0.5828579999999999,28.670119000000007,0.0
20,8,-0.8835489999999986,0.6325490000000009,28.287861999999965,0.0
20,9,-0.8820650000000008,0.6771589999999996,27.90130200000002,0.0
20,10,-0.8807910000000021,0.7216969999999989,27.474980000000052,0.0
20,11,-0.8799020000000013,0.7638360000000013,27.035810000000012,0.0
20,12,-0.8747839999999982,0.8006840000000004,26.52812199999996,0.0
20,13,-0.859135000000002,0.8416879999999978,25.723094000000067,0.0
20,14,-0.7901000000000025,0.9409390000000002,23.052131000000045,0.0
20,15,-0.5652439999999999,1.1917229999999996,15.044035000000001,0.0
21,0,-0.8718079999999997,0.28347899999999626,29.472298999999996,0.0
21,1,-0.8680050000000001,0.328894,29.350824000000003,0.0
21,2,-0.864039,0.33286000000000016,29.263571999999996,0.0
21,3,-0.8603070000000006,0.3800509999999999,29.090818000000013,0.0
21,4,-0.8573640000000005,0.42981299999999933,28.87972900000001,0.0
21,5,-0.853847,0.4824710000000003,28.59524,0.0
21,6,-0.8507999999999996,0.5342590000000005,28.27231299999999,0.0
21,7,-0.8479980000000005,0.585659999999999,27.905065000000015,0.0
21,8,-0.8456090000000014,0.634938,27.509950000000032,0.0
21,9,-0.8434910000000002,0.6792770000000008,27.11076,0.0
21,10,-0.8412419999999976,0.7239460000000015,26.661509999999936,0.0
21,11,-0.8371279999999999,0.767949999999999,26.13507600000001,0.0
21,12,-0.8199080000000016,0.8179039999999986,25.22396200000005,0.0
21,13,-0.7535209999999992,0.9080750000000002,22.74778299999998,0.0
21,14,-0.5371059999999979,1.1573540000000015,14.962440999999934,0.0
22,0,-0.8351630000000014,0.28728200000000115,28.70275400000003,0.0
22,1,-0.8301859999999994,0.2922590000000014,28.593259999999987,0.0
22,2,-0.8246060000000011,0.3384399999999985,28.424319000000025,0.0
22,3,-0.8197229999999998,0.3849340000000012,28.22390499999999,0.0
22,4,-0.8149379999999997,0.4824710000000003,27.778150999999994,0.0
22,5,-0.8104770000000006,0.4869319999999995,27.662165000000016,0.0
22,6,-0.8064590000000003,0.5382770000000008,27.317044000000003,0.0
22,7,-0.8028279999999999,0.5892909999999993,26.931078,0.0
22,8,-0.7996499999999997,0.6381160000000001,26.519386999999995,0.0
22,9,-0.7964190000000002,0.6825080000000003,26.093169000000003,0.0
22,10,-0.791170000000001,0.7291950000000007,25.557508000000016,0.0
22,11,-0.7745759999999997,0.7845440000000004,24.63894999999999,0.0
22,12,-0.7103469999999987,0.8821329999999996,22.152432999999977,0.0
22,13,-0.5013179999999977,1.1171040000000012,14.734142999999936,0.0
23,0,-0.790635,0.2922590000000014,27.723138,0.0
23,1,-0.7842830000000003,0.29861100000000107,27.577042000000006,0.0
23,2,-0.7775689999999997,0.3849340000000012,27.29651699999999,0.0
23,3,-0.7713630000000009,0.4345979999999994,27.01099300000002,0.0
23,4,-0.7650939999999995,0.4408670000000008,26.847998999999987,0.0
23,5,-0.7595119999999991,0.4925139999999999,26.513024999999978,0.0
23,6,-0.7543989999999994,0.5433900000000005,26.14104599999998,0.0
23,7,-0.7497299999999996,0.5939599999999992,25.730238999999997,0.0
23,8,-0.7454619999999998,0.6423839999999998,25.293107,0.0
23,9,-0.7392229999999991,0.6887470000000011,24.77870599999997,0.0
23,10,-0.7222030000000004,0.7462149999999994,23.870034000000015,0.0
23,11,-0.6597620000000006,0.8469850000000001,21.426191000000014,0.0
23,12,-0.46043500000000037,1.1171040000000012,13.834716999999994,0.0
24,0,-0.7389309999999991,0.29861100000000107,26.53394599999998,0.0
24,1,-0.7310099999999995,0.3065320000000007,26.343841999999988,0.0
24,2,-0.7228659999999998,0.3532979999999988,26.101619999999997,0.0
24,3,-0.7151639999999997,0.39884200000000014,25.825683999999992,0.0
24,4,-0.707555000000001,0.44847599999999943,25.49416600000003,0.0
24,5,-0.7006990000000002,0.49937000000000076,25.126046000000002,0.0
24,6,-0.6943230000000007,0.549766,24.72104200000002,0.0
24,7,-0.688248999999999,0.6000340000000008,24.27365799999997,0.0
24,8,-0.6814529999999994,0.6491799999999994,23.76653199999999,0.0
24,9,-0.6639490000000006,0.706251,22.889868000000014,0.0
24,10,-0.6037390000000009,0.8064249999999991,20.54326200000003,0.0
24,11,-0.4122690000000002,1.0384550000000008,13.627681999999997,0.0
25,0,-0.6797699999999995,0.3065320000000007,25.11408199999999,0.0
25,1,-0.6701010000000007,0.3162009999999995,24.872357000000022,0.0
25,2,-0.6607079999999996,0.39884200000000014,24.51873999999999,0.0
25,3,-0.6513790000000004,0.44847599999999943,24.14594200000001,0.0
25,4,-0.6423379999999987,0.49937000000000076,23.725381999999968,0.0
25,5,-0.6341249999999992,0.549766,23.27628999999998,0.0
25,6,-0.6261119999999991,0.557779,23.035899999999977,0.0
25,7,-0.6168950000000013,0.6092509999999987,22.49664300000004,0.0
25,8,-0.5989000000000004,0.6671750000000003,21.641300000000008,0.0
25,9,-0.5403509999999994,0.764800000000001,19.396574999999977,0.0
25,10,-0.3591850000000001,0.9875909999999983,12.862306000000018,0.0
26,0,-0.6140930000000004,0.3162009999999995,23.47215700000001,0.0
26,1,-0.6025309999999999,0.3626909999999999,23.136617,0.0
26,2,-0.5916339999999991,0.4081709999999994,22.77323199999998,0.0
26,3,-0.5805399999999992,0.41926499999999933,22.46259999999998,0.0
26,4,-0.5699100000000001,0.5075830000000003,21.88183,0.0
26,5,-0.5602800000000006,0.5172129999999999,21.592930000000017,0.0
26,6,-0.5490780000000015,0.5689809999999991,21.042838000000046,0.0
26,7,-0.5295740000000002,0.628755,20.177090000000007,0.0
26,8,-0.4725730000000006,0.7241759999999999,18.027117000000015,0.0
26,9,-0.30016900000000035,0.9372040000000013,11.840388999999998,0.0
27,0,-0.5428610000000003,0.32776299999999736,21.62012500000001,0.0
27,1,-0.5292539999999999,0.34136999999999773,21.252736,0.0
27,2,-0.5164430000000007,0.38639899999999994,20.86181000000002,0.0
27,3,-0.5034960000000002,0.4322119999999998,20.420615000000005,0.0
27,4,-0.490908000000001,0.48073499999999925,19.935170000000028,0.0
27,5,-0.47766799999999954,0.5689809999999991,19.18617799999999,0.0
27,6,-0.4565469999999987,0.5901019999999999,18.510305999999964,0.0
27,7,-0.4009739999999997,0.7241759999999999,16.165542999999992,0.0
27,8,-0.23822599999999916,0.8869240000000005,10.632110999999973,0.0
28,0,-0.46691400000000005,0.3413700000000013,19.569556000000002,0.0
28,1,-0.4510110000000003,0.3572729999999993,19.12427200000001,0.0
28,2,-0.4360590000000002,0.401351,18.661538000000007,0.0
28,3,-0.4209930000000002,0.44727799999999984,18.147836000000005,0.0
28,4,-0.40512399999999893,0.5304530000000014,17.420129999999965,0.0
28,5,-0.3820080000000008,0.5901019999999999,16.497753000000024,0.0
28,6,-0.3271139999999999,0.6843279999999989,14.450259000000006,0.0
28,7,-0.17359800000000014,0.8378439999999987,9.230715000000012,0.0
29,0,-0.3864359999999998,0.3572729999999993,17.316171999999995,0.0
29,1,-0.3687079999999998,0.37500100000000103,16.802059999999994,0.0
29,2,-0.3514179999999998,0.44727799999999984,16.199735999999994,0.0
29,3,-0.3330599999999997,0.46563599999999994,15.63063799999999,0.0
29,4,-0.308211,0.5535689999999995,14.614102000000003,0.0
29,5,-0.25343799999999916,0.6449960000000008,12.623322999999973,0.0
29,6,-0.10808399999999985,0.7903500000000001,7.681286999999996,0.0
30,0,-0.3028579999999996,0.37500100000000103,14.89240999999999,0.0
30,1,-0.283226,0.3946330000000007,14.30345,0.0
30,2,-0.26259100000000046,0.43927599999999956,13.639757000000014,0.0
30,3,-0.2356820000000006,0.4925449999999998,12.725949000000018,0.0
30,4,-0.1814170000000006,0.6083420000000004,10.717984000000015,0.0
30,5,-0.043435000000000556,0.7903500000000001,5.806466000000016,0.0
31,0,-0.21743600000000018,0.3946330000000007,12.329750000000006,0.0
31,1,-0.19480500000000056,0.43927599999999956,11.606177000000017,0.0
31,2,-0.1659959999999998,0.4925449999999998,10.635368999999994,0.0
31,3,-0.1115939999999993,0.5757180000000002,8.753789999999979,0.0
31,4,0.019254000000000104,0.7463240000000004,4.145925999999995,0.0
32,0,-0.1302620000000001,0.4172639999999994,9.627356000000002,0.0
32,1,-0.1001719999999997,0.4473540000000007,8.66447599999999,0.0
32,2,-0.04562500000000025,0.5226319999999998,6.843694000000008,0.0
32,3,0.0793159999999995,0.671888,2.5470700000000157,0.0
33,0,-0.03805800000000037,0.4473539999999998,6.676828000000012,0.0
33,1,0.01639500000000016,0.5018070000000003,4.8798789999999945,0.0
33,2,0.1355550000000001,0.671888,0.7474219999999967,0.0
34,0,0.07330000000000059,0.5018070000000003,3.0020139999999804,0.0
34,1,0.187932,0.6164389999999997,-0.8954739999999992,0.0
35,0,0.23522599999999994,0.6164389999999988,-2.5034699999999965,0.0
