0.11111 0.10000 0.09091 0.08333 0.07692 0.07143 0.06667 0.06250 0.05882 0.05556 0.05263 0.05000 0.04762 0.04545 0.04348 0.04167 0.04000 0.03846 0.03704
0.04857 0.04317 0.03886 0.03532 0.03238 0.02989 0.02775 0.02590 0.02428 0.02286 0.02159 0.02045 0.01943 0.01850 0.01766 0.01689 0.01619 0.01554 0.00000
0.01607 0.01406 0.01250 0.01125 0.01023 0.00938 0.00865 0.00804 0.00750 0.00703 0.00662 0.00625 0.00592 0.00563 0.00536 0.00511 0.00489 0.00000 0.00000
0.00434 0.00372 0.00326 0.00290 0.00261 0.00237 0.00217 0.00200 0.00186 0.00174 0.00163 0.00153 0.00145 0.00137 0.00130 0.00124 0.00000 0.00000 0.00000
0.00100 0.00083 0.00071 0.00063 0.00056 0.00050 0.00045 0.00042 0.00038 0.00036 0.00033 0.00031 0.00029 0.00028 0.00026 0.00000 0.00000 0.00000 0.00000
0.00020 0.00016 0.00014 0.00012 0.00010 0.00009 0.00008 0.00007 0.00007 0.00006 0.00006 0.00005 0.00005 0.00005 0.00000 0.00000 0.00000 0.00000 0.00000
0.00004 0.00003 0.00002 0.00002 0.00002 0.00001 0.00001 0.00001 0.00001 0.00001 0.00001 0.00001 0.00001 0.00000 0.00000 0.00000 0.00000 0.00000 0.00000
0.00001 0.00000 0.00000 0.00000 0.00000 0.00000 0.00000 0.00000 0.00000 0.00000 0.00000 0.00000 0.00000 0.00000 0.00000 0.00000 0.00000 0.00000 0.00000
0.00000 0.00000 0.00000 0.00000 0.00000 0.00000 0.00000 0.00000 0.00000 0.00000 0.00000 0.00000 0.00000 0.00000 0.00000 0.00000 0.00000 0.00000 0.00000
0.00000 0.00000 0.00000 0.00000 0.00000 0.00000 0.00000 0.00000 0.00000 0.00000 0.00000 0.00000 0.00000 0.00000 0.00000 0.00000 0.00000 0.00000 0.00000
0.00000 0.00000 0.00000 0.00000 0.00000 0.00000 0.00000 0.00000 0.00000 0.00000 0.00000 0.00000 0.00000 0.00000 0.00000 0.00000 0.00000 0.00000 0.00000
0.00000 0.00000 0.00000 0.00000 0.00000 0.00000 0.00000 0.00000 0.00000 0.00000 0.00000 0.00000 0.00000 0.00000 0.00000 0.00000 0.00000 0.00000 0.00000
0.00000 0.00000 0.00000 0.00000 0.00000 0.00000 0.00000 0.00000 0.00000 0.00000 0.00000 0.00000 0.00000 0.00000 0.00000 0.00000 0.00000 0.00000 0.00000
0.00000 0.00000 0.00000 0.00000 0.00000 0.00000 0.00000 0.00000 0.00000 0.00000 0.00000 0.00000 0.00000 0.00000 0.00000 0.00000 0.00000 0.00000 0.00000
0.00000 0.00000 0.00000 0.00000 0.00000 0.00000 0.00000 0.00000 0.00000 0.00000 0.00000 0.00000 0.00000 0.00000 0.00000 0.00000 0.00000 0.00000 0.00000
0.00000 0.00000 0.00000 0.00000 0.00000 0.00000 0.00000 0.00000 0.00000 0.00000 0.00000 0.00000 0.00000 0.00000 0.00000 0.00000 0.00000 0.00000 0.00000
0.00000 0.00000 0.00000 0.00000 0.00000 0.00000 0.00000 0.00000 0.00000 0.00000 0.00000 0.00000 0.00000 0.00000 0.00000 0.00000 0.00000 0.00000 0.00000
0.00000 0.00000 0.00000 0.00000 0.00000 0.00000 0.00000 0.00000 0.00000 0.00000 0.00000 0.00000 0.00000 0.00000 0.00000 0.00000 0.00000 0.00000 0.00000
0.00000 0.00000 0.00000 0.00000 0.00000 0.00000 0.00000 0.00000 0.00000 0.00000 0.00000 0.00000 0.00000 0.00000 0.00000 0.00000 0.00000 0.00000 0.00000
