0.80534 0.80174 0.79931 0.79770 0.79722 0.79758 0.79862 0.80046 0.80287 0.80523 0.80836 0.81209 0.81584 0.81944 0.82387 0.82905 0.83464 0.84098 0.84859 0.85791 0.86854 0.88199 0.89936 0.92164 0.95054 0.98846 1.03832 1.10300 1.18629 1.29284 1.42978 1.61524 1.87915 2.29393 3.01971 4.44778
0.79830 0.79483 0.79254 0.79116 0.79086 0.79143 0.79271 0.79478 0.79740 0.79999 0.80336 0.80730 0.81129 0.81516 0.81983 0.82530 0.83119 0.83790 0.84601 0.85594 0.86745 0.88207 0.90101 0.92532 0.95677 0.99788 1.05136 1.12007 1.20751 1.31824 1.45906 1.64849 1.91699 2.33835 3.07247 0.00000
0.79103 0.78772 0.78560 0.78447 0.78438 0.78520 0.78672 0.78904 0.79190 0.79474 0.79839 0.80255 0.80681 0.81098 0.81594 0.82173 0.82802 0.83523 0.84403 0.85483 0.86761 0.88389 0.90501 0.93208 0.96687 1.01198 1.06984 1.14319 1.23518 1.35031 1.49517 1.68878 1.96213 2.38872 0.00000 0.00000
0.78344 0.78031 0.77839 0.77753 0.77769 0.77879 0.78059 0.78316 0.78627 0.78940 0.79336 0.79779 0.80233 0.80684 0.81215 0.81835 0.82516 0.83306 0.84283 0.85488 0.86941 0.88798 0.91198 0.94256 0.98142 1.03116 1.09381 1.17196 1.26845 1.38784 1.53668 1.73448 2.01132 0.00000 0.00000 0.00000
0.77531 0.77240 0.77071 0.77016 0.77062 0.77205 0.77415 0.77699 0.78038 0.78384 0.78814 0.79288 0.79774 0.80266 0.80841 0.81515 0.82269 0.83156 0.84269 0.85650 0.87340 0.89499 0.92263 0.95744 1.00097 1.05569 1.12319 1.20594 1.30660 1.42996 1.58256 1.78303 0.00000 0.00000 0.00000 0.00000
0.76648 0.76384 0.76242 0.76222 0.76306 0.76485 0.76730 0.77043 0.77415 0.77799 0.78268 0.78778 0.79301 0.79845 0.80479 0.81227 0.82084 0.83108 0.84411 0.86034 0.88036 0.90578 0.93782 0.97745 1.02600 1.08572 1.15781 1.24475 1.34919 1.47615 1.63084 0.00000 0.00000 0.00000 0.00000 0.00000
0.75682 0.75452 0.75343 0.75363 0.75491 0.75713 0.75996 0.76342 0.76752 0.77179 0.77693 0.78250 0.78821 0.79432 0.80146 0.81001 0.82004 0.83221 0.84783 0.86728 0.89125 0.92129 0.95836 1.00318 1.05678 1.12120 1.19742 1.28808 1.39588 1.52464 0.00000 0.00000 0.00000 0.00000 0.00000 0.00000
0.74621 0.74432 0.74364 0.74431 0.74610 0.74880 0.75209 0.75593 0.76047 0.76524 0.77092 0.77708 0.78344 0.79046 0.79876 0.80884 0.82092 0.83573 0.85478 0.87835 0.90709 0.94244 0.98491 1.03495 1.09330 1.16191 1.24176 1.33565 1.44490 0.00000 0.00000 0.00000 0.00000 0.00000 0.00000 0.00000
0.73451 0.73312 0.73297 0.73419 0.73658 0.73982 0.74362 0.74793 0.75301 0.75836 0.76469 0.77165 0.77895 0.78722 0.79717 0.80942 0.82434 0.84267 0.86608 0.89465 0.92887 0.96992 1.01784 1.07277 1.13534 1.20759 1.29053 1.38561 0.00000 0.00000 0.00000 0.00000 0.00000 0.00000 0.00000 0.00000
0.72159 0.72082 0.72132 0.72318 0.72625 0.73011 0.73452 0.73942 0.74514 0.75123 0.75841 0.76645 0.77509 0.78513 0.79740 0.81266 0.83135 0.85420 0.88290 0.91726 0.95738 1.00417 1.05719 1.11645 1.18264 1.25793 1.34182 0.00000 0.00000 0.00000 0.00000 0.00000 0.00000 0.00000 0.00000 0.00000
0.70728 0.70730 0.70861 0.71123 0.71508 0.71964 0.72478 0.73042 0.73697 0.74401 0.75233 0.76188 0.77245 0.78495 0.80042 0.81972 0.84325 0.87162 0.90641 0.94703 0.99309 1.04525 1.10276 1.16571 1.23487 1.31094 0.00000 0.00000 0.00000 0.00000 0.00000 0.00000 0.00000 0.00000 0.00000 0.00000
0.69143 0.69241 0.69471 0.69825 0.70300 0.70841 0.71444 0.72103 0.72865 0.73699 0.74690 0.75856 0.77186 0.78775 0.80749 0.83197 0.86141 0.89617 0.93755 0.98449 1.03611 1.09299 1.15430 1.22023 1.28998 0.00000 0.00000 0.00000 0.00000 0.00000 0.00000 0.00000 0.00000 0.00000 0.00000 0.00000
0.67383 0.67601 0.67954 0.68418 0.69000 0.69644 0.70361 0.71146 0.72053 0.73065 0.74280 0.75741 0.77447 0.79488 0.82012 0.85094 0.88723 0.92893 0.97694 1.02982 1.08631 1.14714 1.21148 1.27787 0.00000 0.00000 0.00000 0.00000 0.00000 0.00000 0.00000 0.00000 0.00000 0.00000 0.00000 0.00000
0.65424 0.65794 0.66299 0.66899 0.67611 0.68387 0.69250 0.70205 0.71312 0.72574 0.74106 0.75970 0.78177 0.80801 0.83998 0.87816 0.92187 0.97058 1.02482 1.08289 1.14344 1.20737 1.27206 0.00000 0.00000 0.00000 0.00000 0.00000 0.00000 0.00000 0.00000 0.00000 0.00000 0.00000 0.00000 0.00000
0.63242 0.63805 0.64498 0.65269 0.66144 0.67093 0.68152 0.69339 0.70724 0.72337 0.74305 0.76707 0.79558 0.82899 0.86877 0.91494 0.96616 1.02146 1.08113 1.14350 1.20719 1.27136 0.00000 0.00000 0.00000 0.00000 0.00000 0.00000 0.00000 0.00000 0.00000 0.00000 0.00000 0.00000 0.00000 0.00000
0.60806 0.61616 0.62548 0.63537 0.64625 0.65806 0.67132 0.68640 0.70413 0.72508 0.75060 0.78157 0.81798 0.85973 0.90801 0.96227 1.02051 1.08154 1.14568 1.21135 1.27512 0.00000 0.00000 0.00000 0.00000 0.00000 0.00000 0.00000 0.00000 0.00000 0.00000 0.00000 0.00000 0.00000 0.00000 0.00000
0.58078 0.59213 0.60453 0.61726 0.63101 0.64599 0.66294 0.68245 0.70550 0.73292 0.76600 0.80552 0.85111 0.90196 0.95884 1.02068 1.08502 1.15072 1.21823 1.28390 0.00000 0.00000 0.00000 0.00000 0.00000 0.00000 0.00000 0.00000 0.00000 0.00000 0.00000 0.00000 0.00000 0.00000 0.00000 0.00000
0.55020 0.56587 0.58230 0.59885 0.61653 0.63588 0.65792 0.68349 0.71367 0.74945 0.79187 0.84137 0.89696 0.95706 1.02198 1.09037 1.15965 1.22880 1.29613 0.00000 0.00000 0.00000 0.00000 0.00000 0.00000 0.00000 0.00000 0.00000 0.00000 0.00000 0.00000 0.00000 0.00000 0.00000 0.00000 0.00000
0.51582 0.53741 0.55925 0.58100 0.60412 0.62950 0.65853 0.69219 0.73162 0.77773 0.83105 0.89149 0.95721 1.02596 1.09778 1.17143 1.24429 1.31302 0.00000 0.00000 0.00000 0.00000 0.00000 0.00000 0.00000 0.00000 0.00000 0.00000 0.00000 0.00000 0.00000 0.00000 0.00000 0.00000 0.00000 0.00000
0.47713 0.50699 0.53626 0.56520 0.59587 0.62951 0.66788 0.71204 0.76293 0.82115 0.88641 0.95795 1.03310 1.10924 1.18653 1.26389 1.33611 0.00000 0.00000 0.00000 0.00000 0.00000 0.00000 0.00000 0.00000 0.00000 0.00000 0.00000 0.00000 0.00000 0.00000 0.00000 0.00000 0.00000 0.00000 0.00000
0.43351 0.47527 0.51494 0.55390 0.59495 0.63970 0.69023 0.74739 0.81175 0.88323 0.96059 1.04244 1.12559 1.20746 1.28845 1.36485 0.00000 0.00000 0.00000 0.00000 0.00000 0.00000 0.00000 0.00000 0.00000 0.00000 0.00000 0.00000 0.00000 0.00000 0.00000 0.00000 0.00000 0.00000 0.00000 0.00000
0.38435 0.44369 0.49816 0.55106 0.60614 0.66538 0.73103 0.80347 0.88258 0.96746 1.05595 1.14644 1.23565 1.32119 1.40062 0.00000 0.00000 0.00000 0.00000 0.00000 0.00000 0.00000 0.00000 0.00000 0.00000 0.00000 0.00000 0.00000 0.00000 0.00000 0.00000 0.00000 0.00000 0.00000 0.00000 0.00000
0.32900 0.41519 0.49090 0.56295 0.63644 0.71379 0.79719 0.88628 0.98019 1.07724 1.17481 1.27157 1.36435 1.44754 0.00000 0.00000 0.00000 0.00000 0.00000 0.00000 0.00000 0.00000 0.00000 0.00000 0.00000 0.00000 0.00000 0.00000 0.00000 0.00000 0.00000 0.00000 0.00000 0.00000 0.00000 0.00000
0.26695 0.39562 0.50188 0.59955 0.69612 0.79467 0.89724 1.00273 1.10971 1.21624 1.31987 1.41977 1.50909 0.00000 0.00000 0.00000 0.00000 0.00000 0.00000 0.00000 0.00000 0.00000 0.00000 0.00000 0.00000 0.00000 0.00000 0.00000 0.00000 0.00000 0.00000 0.00000 0.00000 0.00000 0.00000 0.00000
0.19786 0.39730 0.54693 0.67715 0.80041 0.92128 1.04194 1.16102 1.27720 1.38903 1.49451 1.58899 0.00000 0.00000 0.00000 0.00000 0.00000 0.00000 0.00000 0.00000 0.00000 0.00000 0.00000 0.00000 0.00000 0.00000 0.00000 0.00000 0.00000 0.00000 0.00000 0.00000 0.00000 0.00000 0.00000 0.00000
0.12176 0.44915 0.65716 0.82382 0.97291 1.11243 1.24567 1.37187 1.49078 1.60169 1.69801 0.00000 0.00000 0.00000 0.00000 0.00000 0.00000 0.00000 0.00000 0.00000 0.00000 0.00000 0.00000 0.00000 0.00000 0.00000 0.00000 0.00000 0.00000 0.00000 0.00000 0.00000 0.00000 0.00000 0.00000 0.00000
0.03923 0.63684 0.90314 1.09309 1.25341 1.39724 1.52958 1.65092 1.76198 1.85646 0.00000 0.00000 0.00000 0.00000 0.00000 0.00000 0.00000 0.00000 0.00000 0.00000 0.00000 0.00000 0.00000 0.00000 0.00000 0.00000 0.00000 0.00000 0.00000 0.00000 0.00000 0.00000 0.00000 0.00000 0.00000 0.00000
0.00000 1.38290 1.49157 1.60554 1.71816 1.82613 1.92836 2.02250 2.10029 0.00000 0.00000 0.00000 0.00000 0.00000 0.00000 0.00000 0.00000 0.00000 0.00000 0.00000 0.00000 0.00000 0.00000 0.00000 0.00000 0.00000 0.00000 0.00000 0.00000 0.00000 0.00000 0.00000 0.00000 0.00000 0.00000 0.00000
0.13941 0.84016 1.14777 1.35819 1.52516 1.66609 1.78868 1.88759 0.00000 0.00000 0.00000 0.00000 0.00000 0.00000 0.00000 0.00000 0.00000 0.00000 0.00000 0.00000 0.00000 0.00000 0.00000 0.00000 0.00000 0.00000 0.00000 0.00000 0.00000 0.00000 0.00000 0.00000 0.00000 0.00000 0.00000 0.00000
0.23085 0.71965 1.01772 1.23854 1.41580 1.56396 1.68286 0.00000 0.00000 0.00000 0.00000 0.00000 0.00000 0.00000 0.00000 0.00000 0.00000 0.00000 0.00000 0.00000 0.00000 0.00000 0.00000 0.00000 0.00000 0.00000 0.00000 0.00000 0.00000 0.00000 0.00000 0.00000 0.00000 0.00000 0.00000 0.00000
0.31983 0.69998 0.96764 1.17756 1.34953 1.48611 0.00000 0.00000 0.00000 0.00000 0.00000 0.00000 0.00000 0.00000 0.00000 0.00000 0.00000 0.00000 0.00000 0.00000 0.00000 0.00000 0.00000 0.00000 0.00000 0.00000 0.00000 0.00000 0.00000 0.00000 0.00000 0.00000 0.00000 0.00000 0.00000 0.00000
0.40351 0.71520 0.95247 1.14548 1.29839 0.00000 0.00000 0.00000 0.00000 0.00000 0.00000 0.00000 0.00000 0.00000 0.00000 0.00000 0.00000 0.00000 0.00000 0.00000 0.00000 0.00000 0.00000 0.00000 0.00000 0.00000 0.00000 0.00000 0.00000 0.00000 0.00000 0.00000 0.00000 0.00000 0.00000 0.00000
0.47978 0.74290 0.95274 1.11976 0.00000 0.00000 0.00000 0.00000 0.00000 0.00000 0.00000 0.00000 0.00000 0.00000 0.00000 0.00000 0.00000 0.00000 0.00000 0.00000 0.00000 0.00000 0.00000 0.00000 0.00000 0.00000 0.00000 0.00000 0.00000 0.00000 0.00000 0.00000 0.00000 0.00000 0.00000 0.00000
0.54751 0.77337 0.95105 0.00000 0.00000 0.00000 0.00000 0.00000 0.00000 0.00000 0.00000 0.00000 0.00000 0.00000 0.00000 0.00000 0.00000 0.00000 0.00000 0.00000 0.00000 0.00000 0.00000 0.00000 0.00000 0.00000 0.00000 0.00000 0.00000 0.00000 0.00000 0.00000 0.00000 0.00000 0.00000 0.00000
0.60614 0.79409 0.00000 0.00000 0.00000 0.00000 0.00000 0.00000 0.00000 0.00000 0.00000 0.00000 0.00000 0.00000 0.00000 0.00000 0.00000 0.00000 0.00000 0.00000 0.00000 0.00000 0.00000 0.00000 0.00000 0.00000 0.00000 0.00000 0.00000 0.00000 0.00000 0.00000 0.00000 0.00000 0.00000 0.00000
0.64775 0.00000 0.00000 0.00000 0.00000 0.00000 0.00000 0.00000 0.00000 0.00000 0.00000 0.00000 0.00000 0.00000 0.00000 0.00000 0.00000 0.00000 0.00000 0.00000 0.00000 0.00000 0.00000 0.00000 0.00000 0.00000 0.00000 0.00000 0.00000 0.00000 0.00000 0.00000 0.00000 0.00000 0.00000 0.00000
