11.018259 12.023474 13.153044 14.404367 15.771252 17.244513 18.810575 20.459141 22.175037 23.947701 25.763041 27.611057 29.481867 31.369175 33.268860 35.178467 37.100555 39.034470 40.988056 42.970348 44.992035 47.076775 49.263596 51.604862 54.170956 57.047489 60.343807 64.275108 69.376289 76.964485 90.416557 122.000000
11.263329 12.365668 13.590040 14.931352 16.381086 17.928345 19.558332 21.260300 23.019188 24.825218 26.665550 28.531668 30.415396 32.312298 34.219898 36.137169 38.067791 40.011326 41.975208 43.967144 45.995842 48.082802 50.266174 52.599037 55.154945 58.024719 61.321819 65.258865 70.357109 77.907211 91.177666 0.000000
11.614285 12.809415 14.122066 15.544902 17.067633 18.678137 20.361055 22.105793 23.897869 25.728781 27.587114 29.466124 31.359327 33.263996 35.179131 37.104774 39.044918 40.998627 42.972095 44.971157 47.002529 49.086662 51.262486 53.586140 56.136356 59.008556 62.315620 66.260933 71.351074 78.835449 0.000000 0.000000
12.065747 13.347291 14.739967 16.234652 17.819780 19.482674 21.207964 22.985722 24.802528 26.651358 28.522470 30.410864 32.311749 34.223816 36.147148 38.082069 40.032246 41.995464 43.976040 45.978039 48.007095 50.084385 52.251858 54.570663 57.123966 60.007401 63.326485 67.274490 72.328392 0.000000 0.000000 0.000000
12.610347 13.970242 15.433420 16.989529 18.626337 20.331175 22.089197 23.891552 25.726151 27.587666 29.468033 31.363974 33.272121 35.192184 37.124645 39.069382 41.028946 42.999260 44.982822 46.982822 49.005524 51.075211 53.238583 55.561153 58.126019 61.022362 64.347900 68.270599 0.000000 0.000000 0.000000 0.000000
13.239030 14.667993 16.191473 17.798458 19.476652 21.213844 22.996212 24.816248 26.663393 28.534094 30.421871 32.324951 34.240887 36.169838 38.111935 40.065880 42.032505 44.005890 45.987625 47.981663 49.997299 52.063423 54.231026 56.565456 59.143417 62.047112 65.351250 0.000000 0.000000 0.000000 0.000000 0.000000
13.941601 15.429637 17.003078 18.650791 20.360909 22.122194 23.922043 25.754538 27.610731 29.488691 31.383389 33.294048 35.218678 37.157078 39.108238 41.069111 43.038860 45.010548 46.986607 48.973907 50.986462 53.057159 55.236931 57.584599 60.170067 63.053463 0.000000 0.000000 0.000000 0.000000 0.000000 0.000000
14.707258 16.244230 17.857666 19.536804 21.270668 23.049227 24.861349 26.702812 28.566122 30.450848 32.352924 34.272068 36.205910 38.153194 40.111202 42.075172 44.043331 46.009529 47.979015 49.963444 51.980824 54.063927 56.257099 58.612434 61.177967 0.000000 0.000000 0.000000 0.000000 0.000000 0.000000 0.000000
15.525190 17.101349 18.745644 20.448114 22.198990 23.989645 25.810532 27.658968 29.528849 31.420788 33.331116 35.259289 37.201836 39.155834 41.116943 43.079403 45.042263 47.002083 48.968822 50.958179 52.987984 55.084515 57.285591 59.621334 0.000000 0.000000 0.000000 0.000000 0.000000 0.000000 0.000000 0.000000
16.385050 17.991423 19.658615 21.377794 23.140554 24.939817 26.767500 28.622375 30.499279 32.399235 34.318333 36.255035 38.204170 40.161278 42.120964 44.078144 46.034798 47.991951 49.963539 51.965240 54.008526 56.113098 58.294937 0.000000 0.000000 0.000000 0.000000 0.000000 0.000000 0.000000 0.000000 0.000000
17.277405 18.906216 20.589777 22.320612 24.091784 25.897671 27.731575 29.593256 31.477951 33.386505 35.313908 37.257111 39.209293 41.165020 43.119591 45.070652 47.024700 48.986622 50.970333 52.985363 55.036713 57.122326 0.000000 0.000000 0.000000 0.000000 0.000000 0.000000 0.000000 0.000000 0.000000 0.000000
18.194109 19.838919 21.533873 23.272890 25.050510 26.862444 28.702911 30.572222 32.465252 34.381954 36.315720 38.261913 40.212803 42.163502 44.112106 46.060516 48.019226 49.993023 51.989738 54.012745 56.045345 0.000000 0.000000 0.000000 0.000000 0.000000 0.000000 0.000000 0.000000 0.000000 0.000000 0.000000
19.128431 20.784361 22.487284 24.232571 26.016018 27.834333 29.682171 31.559605 33.460594 35.383545 37.320259 39.265194 41.211163 43.155952 45.101940 47.054844 49.025150 51.011700 53.016171 55.020466 0.000000 0.000000 0.000000 0.000000 0.000000 0.000000 0.000000 0.000000 0.000000 0.000000 0.000000 0.000000
20.075266 21.738962 23.447945 25.198889 26.988503 28.813950 30.669672 32.554878 34.461945 36.387814 38.323284 40.263439 42.203579 44.145733 46.096046 48.060226 50.042995 52.037060 54.022785 0.000000 0.000000 0.000000 0.000000 0.000000 0.000000 0.000000 0.000000 0.000000 0.000000 0.000000 0.000000 0.000000
21.031071 22.700647 24.415077 26.171972 27.968481 29.801619 31.664865 33.556065 35.465992 37.390644 39.321434 41.255825 43.193295 45.139656 47.100971 49.077171 51.067238 53.042446 0.000000 0.000000 0.000000 0.000000 0.000000 0.000000 0.000000 0.000000 0.000000 0.000000 0.000000 0.000000 0.000000 0.000000
21.993797 23.668634 25.388796 27.152374 28.956316 30.796844 32.665913 34.559910 36.468689 38.388744 40.313808 42.245525 44.187035 46.144039 48.117062 50.100227 52.071350 0.000000 0.000000 0.000000 0.000000 0.000000 0.000000 0.000000 0.000000 0.000000 0.000000 0.000000 0.000000 0.000000 0.000000 0.000000
22.962639 24.643034 26.369667 28.140476 29.951571 31.797806 33.669613 35.562492 37.466702 39.381149 41.303490 43.239067 45.190903 47.159233 49.138954 51.103027 0.000000 0.000000 0.000000 0.000000 0.000000 0.000000 0.000000 0.000000 0.000000 0.000000 0.000000 0.000000 0.000000 0.000000 0.000000 0.000000
23.937731 25.624397 27.358049 29.135838 30.952475 32.801403 34.672081 36.560497 38.459148 40.370838 42.296848 44.242447 46.205231 48.179962 50.140453 0.000000 0.000000 0.000000 0.000000 0.000000 0.000000 0.000000 0.000000 0.000000 0.000000 0.000000 0.000000 0.000000 0.000000 0.000000 0.000000 0.000000
24.919619 26.613106 28.353556 30.136753 31.956007 33.803856 35.670101 37.553040 39.448879 41.364056 43.299751 45.255928 47.224789 49.180119 0.000000 0.000000 0.000000 0.000000 0.000000 0.000000 0.000000 0.000000 0.000000 0.000000 0.000000 0.000000 0.000000 0.000000 0.000000 0.000000 0.000000 0.000000
25.908710 27.608810 29.354523 31.140261 32.958416 34.801922 36.662731 38.542873 40.441956 42.366535 44.312382 46.274334 48.223648 0.000000 0.000000 0.000000 0.000000 0.000000 0.000000 0.000000 0.000000 0.000000 0.000000 0.000000 0.000000 0.000000 0.000000 0.000000 0.000000 0.000000 0.000000 0.000000
26.904659 28.609911 30.358089 32.142738 33.956573 35.794701 37.652622 39.535866 41.444031 43.378376 45.329670 47.271885 0.000000 0.000000 0.000000 0.000000 0.000000 0.000000 0.000000 0.000000 0.000000 0.000000 0.000000 0.000000 0.000000 0.000000 0.000000 0.000000 0.000000 0.000000 0.000000 0.000000
27.905918 29.613571 31.360664 33.141060 34.949516 36.784767 38.645569 40.537556 42.455063 44.394562 46.325943 0.000000 0.000000 0.000000 0.000000 0.000000 0.000000 0.000000 0.000000 0.000000 0.000000 0.000000 0.000000 0.000000 0.000000 0.000000 0.000000 0.000000 0.000000 0.000000 0.000000 0.000000
28.909735 30.616304 32.359192 34.134243 35.939751 37.777725 39.646908 41.547916 43.470203 45.389603 0.000000 0.000000 0.000000 0.000000 0.000000 0.000000 0.000000 0.000000 0.000000 0.000000 0.000000 0.000000 0.000000 0.000000 0.000000 0.000000 0.000000 0.000000 0.000000 0.000000 0.000000 0.000000
29.912666 31.615067 33.352638 35.124695 36.932716 38.778786 40.656574 42.562088 44.464081 0.000000 0.000000 0.000000 0.000000 0.000000 0.000000 0.000000 0.000000 0.000000 0.000000 0.000000 0.000000 0.000000 0.000000 0.000000 0.000000 0.000000 0.000000 0.000000 0.000000 0.000000 0.000000 0.000000
30.911716 32.608849 34.343384 36.117771 37.933537 39.787861 41.669785 43.554832 0.000000 0.000000 0.000000 0.000000 0.000000 0.000000 0.000000 0.000000 0.000000 0.000000 0.000000 0.000000 0.000000 0.000000 0.000000 0.000000 0.000000 0.000000 0.000000 0.000000 0.000000 0.000000 0.000000 0.000000
31.905846 33.599895 35.336582 37.118420 38.942009 40.800190 42.661430 0.000000 0.000000 0.000000 0.000000 0.000000 0.000000 0.000000 0.000000 0.000000 0.000000 0.000000 0.000000 0.000000 0.000000 0.000000 0.000000 0.000000 0.000000 0.000000 0.000000 0.000000 0.000000 0.000000 0.000000 0.000000
32.897247 34.593300 36.337135 38.126431 39.953510 41.790836 0.000000 0.000000 0.000000 0.000000 0.000000 0.000000 0.000000 0.000000 0.000000 0.000000 0.000000 0.000000 0.000000 0.000000 0.000000 0.000000 0.000000 0.000000 0.000000 0.000000 0.000000 0.000000 0.000000 0.000000 0.000000 0.000000
33.890888 35.593807 37.344719 39.137207 40.943199 0.000000 0.000000 0.000000 0.000000 0.000000 0.000000 0.000000 0.000000 0.000000 0.000000 0.000000 0.000000 0.000000 0.000000 0.000000 0.000000 0.000000 0.000000 0.000000 0.000000 0.000000 0.000000 0.000000 0.000000 0.000000 0.000000 0.000000
34.891388 36.601055 38.354858 40.126034 0.000000 0.000000 0.000000 0.000000 0.000000 0.000000 0.000000 0.000000 0.000000 0.000000 0.000000 0.000000 0.000000 0.000000 0.000000 0.000000 0.000000 0.000000 0.000000 0.000000 0.000000 0.000000 0.000000 0.000000 0.000000 0.000000 0.000000 0.000000
35.898396 37.610645 39.342941 0.000000 0.000000 0.000000 0.000000 0.000000 0.000000 0.000000 0.000000 0.000000 0.000000 0.000000 0.000000 0.000000 0.000000 0.000000 0.000000 0.000000 0.000000 0.000000 0.000000 0.000000 0.000000 0.000000 0.000000 0.000000 0.000000 0.000000 0.000000 0.000000
36.907516 38.598053 0.000000 0.000000 0.000000 0.000000 0.000000 0.000000 0.000000 0.000000 0.000000 0.000000 0.000000 0.000000 0.000000 0.000000 0.000000 0.000000 0.000000 0.000000 0.000000 0.000000 0.000000 0.000000 0.000000 0.000000 0.000000 0.000000 0.000000 0.000000 0.000000 0.000000
37.894341 0.000000 0.000000 0.000000 0.000000 0.000000 0.000000 0.000000 0.000000 0.000000 0.000000 0.000000 0.000000 0.000000 0.000000 0.000000 0.000000 0.000000 0.000000 0.000000 0.000000 0.000000 0.000000 0.000000 0.000000 0.000000 0.000000 0.000000 0.000000 0.000000 0.000000 0.000000
