0.77414 0.78043 0.78978 0.80264 0.81953 0.84084 0.86713 0.89866 0.93553 0.97751 1.02444 1.07576 1.13132 1.19103 1.25506 1.32382 1.39826 1.47932 1.56887 1.66842 1.78153 1.91256 2.06941 2.26694 2.53875 2.96244 3.73180 5.32680
0.76382 0.77078 0.78089 0.79458 0.81237 0.83469 0.86208 0.89481 0.93297 0.97632 1.02467 1.07746 1.13452 1.19576 1.26133 1.33168 1.40777 1.49055 1.58193 1.68346 1.79875 1.93230 2.09225 2.29421 2.57381 3.01258 3.80585 0.00000
0.75267 0.76044 0.77141 0.78604 0.80485 0.82829 0.85689 0.89094 0.93052 0.97535 1.02524 1.07961 1.13829 1.20115 1.26839 1.34043 1.41827 1.50288 1.59622 1.69985 1.81750 1.95387 2.11776 2.32659 2.61962 3.08005 0.00000 0.00000
0.74098 0.74967 0.76162 0.77730 0.79726 0.82193 0.85187 0.88735 0.92845 0.97489 1.02645 1.08252 1.14292 1.20753 1.27654 1.35039 1.43009 1.51664 1.61206 1.71795 1.83827 1.97832 2.14867 2.37029 2.68407 0.00000 0.00000 0.00000
0.72839 0.73815 0.75122 0.76810 0.78934 0.81538 0.84678 0.88384 0.92661 0.97478 1.02813 1.08603 1.14827 1.21475 1.28565 1.36141 1.44309 1.53171 1.62936 1.73782 1.86166 2.00802 2.19107 2.43324 0.00000 0.00000 0.00000 0.00000
0.71448 0.72550 0.73988 0.75813 0.78081 0.80837 0.84140 0.88018 0.92477 0.97482 1.03011 1.08996 1.15418 1.22264 1.29554 1.37333 1.45711 1.54794 1.64811 1.76002 1.89015 2.04936 2.25329 0.00000 0.00000 0.00000 0.00000 0.00000
0.69887 0.71140 0.72730 0.74712 0.77143 0.80071 0.83555 0.87622 0.92279 0.97488 1.03225 1.09420 1.16052 1.23110 1.30611 1.38605 1.47207 1.56540 1.66901 1.78726 1.93057 2.11132 0.00000 0.00000 0.00000 0.00000 0.00000 0.00000
0.68123 0.69557 0.71327 0.73491 0.76110 0.79231 0.82915 0.87192 0.92065 0.97495 1.03457 1.09876 1.16733 1.24014 1.31740 1.39964 1.48819 1.58499 1.69507 1.82694 1.99266 0.00000 0.00000 0.00000 0.00000 0.00000 0.00000 0.00000
0.66131 0.67784 0.69768 0.72144 0.74978 0.78318 0.82227 0.86736 0.91846 0.97518 1.03721 1.10382 1.17478 1.24996 1.32962 1.41447 1.50656 1.60999 1.73425 1.88955 0.00000 0.00000 0.00000 0.00000 0.00000 0.00000 0.00000 0.00000
0.63888 0.65809 0.68049 0.70675 0.73756 0.77346 0.81509 0.86276 0.91647 0.97581 1.04047 1.10966 1.18317 1.26091 1.34330 1.43180 1.53077 1.64896 1.79780 0.00000 0.00000 0.00000 0.00000 0.00000 0.00000 0.00000 0.00000 0.00000
0.61376 0.63626 0.66174 0.69095 0.72466 0.76342 0.80792 0.85847 0.91507 0.97728 1.04477 1.11674 1.19301 1.27366 1.35988 1.45552 1.56993 1.71391 0.00000 0.00000 0.00000 0.00000 0.00000 0.00000 0.00000 0.00000 0.00000 0.00000
0.58578 0.61236 0.64159 0.67432 0.71141 0.75348 0.80124 0.85502 0.91482 0.98016 1.05073 1.12572 1.20513 1.28984 1.38354 1.49533 1.63681 0.00000 0.00000 0.00000 0.00000 0.00000 0.00000 0.00000 0.00000 0.00000 0.00000 0.00000
0.55481 0.58650 0.62032 0.65727 0.69835 0.74423 0.79571 0.85312 0.91646 0.98525 1.05918 1.13762 1.22138 1.31395 1.42458 1.56477 0.00000 0.00000 0.00000 0.00000 0.00000 0.00000 0.00000 0.00000 0.00000 0.00000 0.00000 0.00000
0.52074 0.55891 0.59838 0.64041 0.68620 0.73653 0.79224 0.85373 0.92100 0.99358 1.07137 1.15452 1.24661 1.35695 1.49736 0.00000 0.00000 0.00000 0.00000 0.00000 0.00000 0.00000 0.00000 0.00000 0.00000 0.00000 0.00000 0.00000
0.48353 0.53001 0.57649 0.62467 0.67603 0.73150 0.79204 0.85811 0.92975 1.00668 1.08968 1.18171 1.29247 1.43404 0.00000 0.00000 0.00000 0.00000 0.00000 0.00000 0.00000 0.00000 0.00000 0.00000 0.00000 0.00000 0.00000 0.00000
0.44319 0.50043 0.55569 0.61132 0.66928 0.73069 0.79671 0.86791 0.94457 1.02732 1.11988 1.23161 1.37513 0.00000 0.00000 0.00000 0.00000 0.00000 0.00000 0.00000 0.00000 0.00000 0.00000 0.00000 0.00000 0.00000 0.00000 0.00000
0.39980 0.47125 0.53755 0.60223 0.66794 0.73618 0.80839 0.88549 0.96875 1.06189 1.17538 1.32152 0.00000 0.00000 0.00000 0.00000 0.00000 0.00000 0.00000 0.00000 0.00000 0.00000 0.00000 0.00000 0.00000 0.00000 0.00000 0.00000
0.35352 0.44413 0.52443 0.60005 0.67481 0.75082 0.83013 0.91484 1.00957 1.12510 1.27486 0.00000 0.00000 0.00000 0.00000 0.00000 0.00000 0.00000 0.00000 0.00000 0.00000 0.00000 0.00000 0.00000 0.00000 0.00000 0.00000 0.00000
0.30462 0.42179 0.51998 0.60871 0.69386 0.77873 0.86701 0.96455 1.08350 1.23749 0.00000 0.00000 0.00000 0.00000 0.00000 0.00000 0.00000 0.00000 0.00000 0.00000 0.00000 0.00000 0.00000 0.00000 0.00000 0.00000 0.00000 0.00000
0.25342 0.40898 0.53010 0.63428 0.73122 0.82694 0.92976 1.05383 1.21395 0.00000 0.00000 0.00000 0.00000 0.00000 0.00000 0.00000 0.00000 0.00000 0.00000 0.00000 0.00000 0.00000 0.00000 0.00000 0.00000 0.00000 0.00000 0.00000
0.20030 0.41485 0.56521 0.68695 0.79763 0.91003 1.04222 1.21075 0.00000 0.00000 0.00000 0.00000 0.00000 0.00000 0.00000 0.00000 0.00000 0.00000 0.00000 0.00000 0.00000 0.00000 0.00000 0.00000 0.00000 0.00000 0.00000 0.00000
0.14560 0.46027 0.64613 0.78647 0.91597 1.06072 1.24098 0.00000 0.00000 0.00000 0.00000 0.00000 0.00000 0.00000 0.00000 0.00000 0.00000 0.00000 0.00000 0.00000 0.00000 0.00000 0.00000 0.00000 0.00000 0.00000 0.00000 0.00000
0.08942 0.60779 0.82361 0.97919 1.14003 1.33399 0.00000 0.00000 0.00000 0.00000 0.00000 0.00000 0.00000 0.00000 0.00000 0.00000 0.00000 0.00000 0.00000 0.00000 0.00000 0.00000 0.00000 0.00000 0.00000 0.00000 0.00000 0.00000
0.00000 1.17583 1.26244 1.39254 1.57708 0.00000 0.00000 0.00000 0.00000 0.00000 0.00000 0.00000 0.00000 0.00000 0.00000 0.00000 0.00000 0.00000 0.00000 0.00000 0.00000 0.00000 0.00000 0.00000 0.00000 0.00000 0.00000 0.00000
0.03274 0.64851 0.94662 1.20334 0.00000 0.00000 0.00000 0.00000 0.00000 0.00000 0.00000 0.00000 0.00000 0.00000 0.00000 0.00000 0.00000 0.00000 0.00000 0.00000 0.00000 0.00000 0.00000 0.00000 0.00000 0.00000 0.00000 0.00000
0.10947 0.55452 0.87544 0.00000 0.00000 0.00000 0.00000 0.00000 0.00000 0.00000 0.00000 0.00000 0.00000 0.00000 0.00000 0.00000 0.00000 0.00000 0.00000 0.00000 0.00000 0.00000 0.00000 0.00000 0.00000 0.00000 0.00000 0.00000
0.21168 0.58757 0.00000 0.00000 0.00000 0.00000 0.00000 0.00000 0.00000 0.00000 0.00000 0.00000 0.00000 0.00000 0.00000 0.00000 0.00000 0.00000 0.00000 0.00000 0.00000 0.00000 0.00000 0.00000 0.00000 0.00000 0.00000 0.00000
0.33637 0.00000 0.00000 0.00000 0.00000 0.00000 0.00000 0.00000 0.00000 0.00000 0.00000 0.00000 0.00000 0.00000 0.00000 0.00000 0.00000 0.00000 0.00000 0.00000 0.00000 0.00000 0.00000 0.00000 0.00000 0.00000 0.00000 0.00000
