0.53421 0.57229 0.61190 0.65201 0.69097 0.72986 0.76917 0.80804 0.84639 0.88416 0.92122 0.95686 0.99082 1.02521 1.05752 1.08941 1.12053 1.15116 1.18104 1.21074 1.24424 1.27969 1.31903 1.36376 1.41671 1.48285 1.56468 1.66967 1.79967 1.96478 2.17638 2.44759 2.81110 3.32675 4.11820 5.43536 7.87518
0.48715 0.53373 0.58043 0.62647 0.67034 0.71343 0.75642 0.79848 0.83959 0.87977 0.91895 0.95641 0.99194 1.02778 1.06131 1.09430 1.12639 1.15792 1.18860 1.21905 1.25336 1.28965 1.32989 1.37566 1.42983 1.49750 1.58120 1.68860 1.82154 1.99031 2.20653 2.48355 2.85469 3.38111 4.18938 5.53429 0.00000
0.43426 0.49215 0.54790 0.60122 0.65102 0.69903 0.74624 0.79191 0.83606 0.87887 0.92033 0.95971 0.99686 1.03415 1.06892 1.10302 1.13609 1.16851 1.19998 1.23119 1.26636 1.30353 1.34478 1.39170 1.44726 1.51668 1.60252 1.71264 1.84891 2.02182 2.24319 2.52658 2.90611 3.44478 4.27298 0.00000 0.00000
0.37988 0.45249 0.51942 0.58133 0.63787 0.69132 0.74309 0.79260 0.83987 0.88530 0.92899 0.97020 1.00886 1.04746 1.08330 1.11837 1.15229 1.18548 1.21764 1.24956 1.28553 1.32358 1.36588 1.41405 1.47118 1.54258 1.63083 1.74400 1.88401 2.06153 2.28858 2.57899 2.96814 3.52185 0.00000 0.00000 0.00000
0.32479 0.41688 0.49766 0.56959 0.63370 0.69298 0.74950 0.80292 0.85320 0.90110 0.94681 0.98961 1.02953 1.06915 1.10582 1.14161 1.17615 1.20992 1.24258 1.27509 1.31175 1.35063 1.39401 1.44353 1.50240 1.57601 1.66693 1.78350 1.92767 2.11023 2.34349 2.64190 3.04300 0.00000 0.00000 0.00000 0.00000
0.26992 0.38850 0.48649 0.56996 0.64225 0.70749 0.76867 0.82578 0.87871 0.92867 0.97600 1.01995 1.06069 1.10092 1.13799 1.17413 1.20895 1.24300 1.27590 1.30880 1.34598 1.38559 1.43005 1.48099 1.54178 1.61780 1.71165 1.83193 1.98060 2.16862 2.40891 2.71722 0.00000 0.00000 0.00000 0.00000 0.00000
0.21627 0.37236 0.49172 0.58803 0.66866 0.73942 0.80468 0.86480 0.91960 0.97085 1.01908 1.06348 1.10440 1.14463 1.18153 1.21748 1.25211 1.28602 1.31880 1.35180 1.38927 1.42945 1.47493 1.52733 1.59017 1.66879 1.76577 1.89000 2.04351 2.23763 2.48650 0.00000 0.00000 0.00000 0.00000 0.00000 0.00000
0.16448 0.37715 0.52277 0.63229 0.72023 0.79499 0.86281 0.92446 0.97970 1.03097 1.07895 1.12275 1.16289 1.20227 1.23820 1.27325 1.30706 1.34028 1.37246 1.40519 1.44263 1.48314 1.52954 1.58338 1.64836 1.72969 1.82992 1.95831 2.11718 2.31864 0.00000 0.00000 0.00000 0.00000 0.00000 0.00000 0.00000
0.11482 0.42201 0.59752 0.71724 0.80847 0.88337 0.95048 1.01080 1.06403 1.11319 1.15914 1.20076 1.23873 1.27610 1.30999 1.34318 1.37534 1.40714 1.43812 1.47005 1.50709 1.54762 1.59474 1.64995 1.71706 1.80111 1.90467 2.03760 2.20285 0.00000 0.00000 0.00000 0.00000 0.00000 0.00000 0.00000 0.00000
0.06722 0.56361 0.75725 0.87150 0.95380 1.01958 1.07913 1.13272 1.17962 1.22322 1.26432 1.30141 1.33517 1.36887 1.39925 1.42930 1.45872 1.48815 1.51715 1.54763 1.58377 1.62391 1.67147 1.72787 1.79699 1.88369 1.99082 2.12911 0.00000 0.00000 0.00000 0.00000 0.00000 0.00000 0.00000 0.00000 0.00000
0.00000 1.08551 1.12593 1.16193 1.19713 1.23076 1.26785 1.30422 1.33709 1.36932 1.40105 1.43004 1.45658 1.48420 1.50905 1.53420 1.55943 1.58523 1.61125 1.63942 1.67404 1.71325 1.76081 1.81812 1.88899 1.97843 2.08976 0.00000 0.00000 0.00000 0.00000 0.00000 0.00000 0.00000 0.00000 0.00000 0.00000
0.02252 0.56749 0.77475 0.89477 0.98050 1.04755 1.10798 1.16162 1.20811 1.25120 1.29186 1.32851 1.36149 1.39459 1.42432 1.45363 1.48267 1.51187 1.54122 1.57258 1.61007 1.65195 1.70201 1.76172 1.83483 1.92643 0.00000 0.00000 0.00000 0.00000 0.00000 0.00000 0.00000 0.00000 0.00000 0.00000 0.00000
0.06496 0.42347 0.62087 0.75202 0.85082 0.92940 0.99920 1.06058 1.11383 1.16267 1.20834 1.24959 1.28648 1.32303 1.35594 1.38799 1.41966 1.45120 1.48302 1.51678 1.55651 1.60046 1.65248 1.71431 1.78972 0.00000 0.00000 0.00000 0.00000 0.00000 0.00000 0.00000 0.00000 0.00000 0.00000 0.00000 0.00000
0.10589 0.37171 0.54489 0.67057 0.77002 0.85117 0.92379 0.98802 1.04422 1.09579 1.14403 1.18791 1.22709 1.26567 1.30057 1.33437 1.36781 1.40094 1.43461 1.47018 1.51163 1.55722 1.61098 1.67499 0.00000 0.00000 0.00000 0.00000 0.00000 0.00000 0.00000 0.00000 0.00000 0.00000 0.00000 0.00000 0.00000
0.14530 0.35589 0.50704 0.62339 0.71907 0.79892 0.87115 0.93563 0.99259 1.04509 1.09435 1.13959 1.17994 1.21957 1.25563 1.29047 1.32509 1.35926 1.39430 1.43124 1.47400 1.52108 1.57667 0.00000 0.00000 0.00000 0.00000 0.00000 0.00000 0.00000 0.00000 0.00000 0.00000 0.00000 0.00000 0.00000 0.00000
0.18320 0.35723 0.49023 0.59697 0.68739 0.76428 0.83452 0.89786 0.95435 1.00666 1.05596 1.10167 1.14245 1.18245 1.21909 1.25447 1.28983 1.32467 1.36071 1.39867 1.44262 1.49129 0.00000 0.00000 0.00000 0.00000 0.00000 0.00000 0.00000 0.00000 0.00000 0.00000 0.00000 0.00000 0.00000 0.00000 0.00000
0.21956 0.36767 0.48595 0.58379 0.66864 0.74192 0.80942 0.87091 0.92619 0.97763 1.02632 1.07193 1.11263 1.15253 1.18932 1.22489 1.26068 1.29592 1.33268 1.37156 1.41682 0.00000 0.00000 0.00000 0.00000 0.00000 0.00000 0.00000 0.00000 0.00000 0.00000 0.00000 0.00000 0.00000 0.00000 0.00000 0.00000
0.25440 0.38319 0.48945 0.57935 0.65881 0.72829 0.79274 0.85202 0.90570 0.95586 1.00352 1.04863 1.08888 1.12836 1.16504 1.20055 1.23654 1.27199 1.30941 1.34932 0.00000 0.00000 0.00000 0.00000 0.00000 0.00000 0.00000 0.00000 0.00000 0.00000 0.00000 0.00000 0.00000 0.00000 0.00000 0.00000 0.00000
0.28773 0.40157 0.49789 0.58080 0.65521 0.72094 0.78228 0.83919 0.89109 0.93973 0.98607 1.03041 1.06998 1.10884 1.14520 1.18048 1.21651 1.25218 1.29037 0.00000 0.00000 0.00000 0.00000 0.00000 0.00000 0.00000 0.00000 0.00000 0.00000 0.00000 0.00000 0.00000 0.00000 0.00000 0.00000 0.00000 0.00000
0.31957 0.42150 0.50947 0.58625 0.65600 0.71814 0.77642 0.83095 0.88098 0.92797 0.97284 1.01621 1.05493 1.09306 1.12899 1.16391 1.20000 1.23604 0.00000 0.00000 0.00000 0.00000 0.00000 0.00000 0.00000 0.00000 0.00000 0.00000 0.00000 0.00000 0.00000 0.00000 0.00000 0.00000 0.00000 0.00000 0.00000
0.34995 0.44216 0.52301 0.59440 0.65989 0.71862 0.77396 0.82615 0.87432 0.91959 0.96291 1.00519 1.04298 1.08031 1.11571 1.15033 1.18659 0.00000 0.00000 0.00000 0.00000 0.00000 0.00000 0.00000 0.00000 0.00000 0.00000 0.00000 0.00000 0.00000 0.00000 0.00000 0.00000 0.00000 0.00000 0.00000 0.00000
0.37890 0.46300 0.53770 0.60430 0.66592 0.72145 0.77399 0.82392 0.87027 0.91383 0.95557 0.99670 1.03350 1.06999 1.10495 1.13940 0.00000 0.00000 0.00000 0.00000 0.00000 0.00000 0.00000 0.00000 0.00000 0.00000 0.00000 0.00000 0.00000 0.00000 0.00000 0.00000 0.00000 0.00000 0.00000 0.00000 0.00000
0.40643 0.48365 0.55295 0.61531 0.67337 0.72591 0.77582 0.82357 0.86819 0.91005 0.95023 0.99018 1.02596 1.06173 1.09636 0.00000 0.00000 0.00000 0.00000 0.00000 0.00000 0.00000 0.00000 0.00000 0.00000 0.00000 0.00000 0.00000 0.00000 0.00000 0.00000 0.00000 0.00000 0.00000 0.00000 0.00000 0.00000
0.43256 0.50384 0.56836 0.62691 0.68172 0.73149 0.77891 0.82459 0.86756 0.90777 0.94644 0.98520 1.02007 1.05522 0.00000 0.00000 0.00000 0.00000 0.00000 0.00000 0.00000 0.00000 0.00000 0.00000 0.00000 0.00000 0.00000 0.00000 0.00000 0.00000 0.00000 0.00000 0.00000 0.00000 0.00000 0.00000 0.00000
0.45729 0.52338 0.58365 0.63876 0.69059 0.73776 0.78287 0.82658 0.86800 0.90661 0.94381 0.98149 1.01558 0.00000 0.00000 0.00000 0.00000 0.00000 0.00000 0.00000 0.00000 0.00000 0.00000 0.00000 0.00000 0.00000 0.00000 0.00000 0.00000 0.00000 0.00000 0.00000 0.00000 0.00000 0.00000 0.00000 0.00000
0.48064 0.54217 0.59862 0.65061 0.69968 0.74444 0.78739 0.82924 0.86917 0.90624 0.94215 0.97885 0.00000 0.00000 0.00000 0.00000 0.00000 0.00000 0.00000 0.00000 0.00000 0.00000 0.00000 0.00000 0.00000 0.00000 0.00000 0.00000 0.00000 0.00000 0.00000 0.00000 0.00000 0.00000 0.00000 0.00000 0.00000
0.50265 0.56011 0.61311 0.66227 0.70880 0.75130 0.79225 0.83233 0.87083 0.90654 0.94127 0.00000 0.00000 0.00000 0.00000 0.00000 0.00000 0.00000 0.00000 0.00000 0.00000 0.00000 0.00000 0.00000 0.00000 0.00000 0.00000 0.00000 0.00000 0.00000 0.00000 0.00000 0.00000 0.00000 0.00000 0.00000 0.00000
0.52335 0.57718 0.62704 0.67363 0.71780 0.75820 0.79726 0.83567 0.87289 0.90734 0.00000 0.00000 0.00000 0.00000 0.00000 0.00000 0.00000 0.00000 0.00000 0.00000 0.00000 0.00000 0.00000 0.00000 0.00000 0.00000 0.00000 0.00000 0.00000 0.00000 0.00000 0.00000 0.00000 0.00000 0.00000 0.00000 0.00000
0.54280 0.59336 0.64035 0.68459 0.72659 0.76500 0.80230 0.83920 0.87522 0.00000 0.00000 0.00000 0.00000 0.00000 0.00000 0.00000 0.00000 0.00000 0.00000 0.00000 0.00000 0.00000 0.00000 0.00000 0.00000 0.00000 0.00000 0.00000 0.00000 0.00000 0.00000 0.00000 0.00000 0.00000 0.00000 0.00000 0.00000
0.56104 0.60865 0.65301 0.69510 0.73509 0.77162 0.80736 0.84283 0.00000 0.00000 0.00000 0.00000 0.00000 0.00000 0.00000 0.00000 0.00000 0.00000 0.00000 0.00000 0.00000 0.00000 0.00000 0.00000 0.00000 0.00000 0.00000 0.00000 0.00000 0.00000 0.00000 0.00000 0.00000 0.00000 0.00000 0.00000 0.00000
0.57814 0.62306 0.66500 0.70510 0.74322 0.77809 0.81235 0.00000 0.00000 0.00000 0.00000 0.00000 0.00000 0.00000 0.00000 0.00000 0.00000 0.00000 0.00000 0.00000 0.00000 0.00000 0.00000 0.00000 0.00000 0.00000 0.00000 0.00000 0.00000 0.00000 0.00000 0.00000 0.00000 0.00000 0.00000 0.00000 0.00000
0.59413 0.63661 0.67630 0.71457 0.75103 0.78435 0.00000 0.00000 0.00000 0.00000 0.00000 0.00000 0.00000 0.00000 0.00000 0.00000 0.00000 0.00000 0.00000 0.00000 0.00000 0.00000 0.00000 0.00000 0.00000 0.00000 0.00000 0.00000 0.00000 0.00000 0.00000 0.00000 0.00000 0.00000 0.00000 0.00000 0.00000
0.60908 0.64932 0.68692 0.72356 0.75846 0.00000 0.00000 0.00000 0.00000 0.00000 0.00000 0.00000 0.00000 0.00000 0.00000 0.00000 0.00000 0.00000 0.00000 0.00000 0.00000 0.00000 0.00000 0.00000 0.00000 0.00000 0.00000 0.00000 0.00000 0.00000 0.00000 0.00000 0.00000 0.00000 0.00000 0.00000 0.00000
0.62305 0.66122 0.69695 0.73204 0.00000 0.00000 0.00000 0.00000 0.00000 0.00000 0.00000 0.00000 0.00000 0.00000 0.00000 0.00000 0.00000 0.00000 0.00000 0.00000 0.00000 0.00000 0.00000 0.00000 0.00000 0.00000 0.00000 0.00000 0.00000 0.00000 0.00000 0.00000 0.00000 0.00000 0.00000 0.00000 0.00000
0.63608 0.67244 0.70640 0.00000 0.00000 0.00000 0.00000 0.00000 0.00000 0.00000 0.00000 0.00000 0.00000 0.00000 0.00000 0.00000 0.00000 0.00000 0.00000 0.00000 0.00000 0.00000 0.00000 0.00000 0.00000 0.00000 0.00000 0.00000 0.00000 0.00000 0.00000 0.00000 0.00000 0.00000 0.00000 0.00000 0.00000
0.64833 0.68295 0.00000 0.00000 0.00000 0.00000 0.00000 0.00000 0.00000 0.00000 0.00000 0.00000 0.00000 0.00000 0.00000 0.00000 0.00000 0.00000 0.00000 0.00000 0.00000 0.00000 0.00000 0.00000 0.00000 0.00000 0.00000 0.00000 0.00000 0.00000 0.00000 0.00000 0.00000 0.00000 0.00000 0.00000 0.00000
0.65981 0.00000 0.00000 0.00000 0.00000 0.00000 0.00000 0.00000 0.00000 0.00000 0.00000 0.00000 0.00000 0.00000 0.00000 0.00000 0.00000 0.00000 0.00000 0.00000 0.00000 0.00000 0.00000 0.00000 0.00000 0.00000 0.00000 0.00000 0.00000 0.00000 0.00000 0.00000 0.00000 0.00000 0.00000 0.00000 0.00000
