0.36583 0.34251 0.32275 0.30613 0.29210 0.28058 0.27137 0.26428 0.25934 0.25648 0.25582 0.25755 0.26164 0.26822 0.27756 0.28981 0.30515 0.32371 0.34568 0.37109 0.40029 0.43308 0.46968 0.51042 0.55540 0.60547 0.66112 0.72415 0.79733 0.88362 0.98803 1.11859 1.28723 1.51310 1.83120 2.31503 3.14632 4.76502
0.34244 0.31971 0.30087 0.28539 0.27270 0.26266 0.25512 0.24985 0.24690 0.24621 0.24792 0.25221 0.25908 0.26864 0.28116 0.29674 0.31555 0.33765 0.36318 0.39208 0.42468 0.46067 0.50022 0.54362 0.59096 0.64305 0.70045 0.76497 0.83952 0.92715 1.03297 1.16522 1.33603 1.56483 1.88724 2.37762 3.21822 0.00000
0.31825 0.29644 0.27883 0.26484 0.25384 0.24566 0.24014 0.23709 0.23652 0.23840 0.24288 0.25015 0.26019 0.27312 0.28916 0.30838 0.33089 0.35672 0.38590 0.41832 0.45426 0.49330 0.53559 0.58141 0.63080 0.68462 0.74345 0.80917 0.88483 0.97358 1.08062 1.21436 1.38722 1.61919 1.94668 2.44384 0.00000 0.00000
0.29319 0.27272 0.25680 0.24474 0.23586 0.22999 0.22694 0.22655 0.22881 0.23370 0.24139 0.25207 0.26569 0.28234 0.30223 0.32534 0.35175 0.38140 0.41424 0.45008 0.48920 0.53106 0.57580 0.62370 0.67480 0.73000 0.78993 0.85655 0.93306 1.02269 1.13072 1.26585 1.44099 1.67685 2.00952 0.00000 0.00000 0.00000
0.26720 0.24865 0.23500 0.22543 0.21924 0.21620 0.21616 0.21894 0.22454 0.23293 0.24430 0.25882 0.27641 0.29712 0.32112 0.34831 0.37871 0.41216 0.44855 0.48763 0.52967 0.57402 0.62085 0.67044 0.72286 0.77907 0.83976 0.90698 0.98407 1.07433 1.18322 1.31993 1.49806 1.73783 0.00000 0.00000 0.00000 0.00000
0.24019 0.22442 0.21382 0.20748 0.20464 0.20509 0.20865 0.21519 0.22467 0.23709 0.25262 0.27139 0.29331 0.31835 0.34664 0.37799 0.41236 0.44951 0.48923 0.53124 0.57585 0.62229 0.67078 0.72163 0.77495 0.83178 0.89288 0.96040 1.03779 1.12850 1.23842 1.37741 1.55848 0.00000 0.00000 0.00000 0.00000 0.00000
0.21212 0.20034 0.19384 0.19166 0.19301 0.19770 0.20557 0.21650 0.23045 0.24740 0.26754 0.29094 0.31747 0.34702 0.37968 0.41516 0.45335 0.49393 0.53665 0.58119 0.62791 0.67597 0.72563 0.77727 0.83106 0.88812 0.94930 1.01678 1.09426 1.18557 1.29721 1.43836 0.00000 0.00000 0.00000 0.00000 0.00000 0.00000
0.18294 0.17694 0.17599 0.17915 0.18570 0.19548 0.20841 0.22440 0.24339 0.26537 0.29050 0.31883 0.35013 0.38424 0.42119 0.46060 0.50232 0.54594 0.59120 0.63775 0.68606 0.73518 0.78548 0.83743 0.89124 0.94815 1.00902 1.07622 1.15390 1.24647 1.35966 0.00000 0.00000 0.00000 0.00000 0.00000 0.00000 0.00000
0.15260 0.15515 0.16173 0.17172 0.18464 0.20046 0.21923 0.24092 0.26546 0.29285 0.32325 0.35662 0.39270 0.43124 0.47222 0.51520 0.55998 0.60610 0.65331 0.70124 0.75052 0.80010 0.85049 0.90223 0.95561 1.01193 1.07219 1.13919 1.21772 1.31134 0.00000 0.00000 0.00000 0.00000 0.00000 0.00000 0.00000 0.00000
0.12106 0.13670 0.15354 0.17218 0.19273 0.21553 0.24084 0.26873 0.29918 0.33218 0.36790 0.40622 0.44683 0.48942 0.53395 0.57990 0.62710 0.67502 0.72344 0.77203 0.82157 0.87097 0.92086 0.97186 1.02431 1.07967 1.13935 1.20679 1.28590 0.00000 0.00000 0.00000 0.00000 0.00000 0.00000 0.00000 0.00000 0.00000
0.08830 0.12502 0.15588 0.18517 0.21451 0.24497 0.27722 0.31151 0.34788 0.38633 0.42706 0.46990 0.51448 0.56042 0.60775 0.65584 0.70458 0.75341 0.80217 0.85058 0.89961 0.94812 0.99686 1.04653 1.09759 1.15198 1.21172 1.27925 0.00000 0.00000 0.00000 0.00000 0.00000 0.00000 0.00000 0.00000 0.00000 0.00000
0.05431 0.12821 0.17765 0.21900 0.25745 0.29541 0.33422 0.37438 0.41603 0.45918 0.50409 0.55050 0.59802 0.64623 0.69524 0.74432 0.79349 0.84214 0.89020 0.93748 0.98514 1.03199 1.07886 1.12663 1.17622 1.23024 1.28962 0.00000 0.00000 0.00000 0.00000 0.00000 0.00000 0.00000 0.00000 0.00000 0.00000 0.00000
0.01912 0.17048 0.23954 0.29021 0.33484 0.37774 0.42086 0.46488 0.50994 0.55601 0.60337 0.65166 0.70046 0.74931 0.79842 0.84699 0.89515 0.94227 0.98843 1.03350 1.07881 1.12309 1.16739 1.21307 1.26175 1.31488 0.00000 0.00000 0.00000 0.00000 0.00000 0.00000 0.00000 0.00000 0.00000 0.00000 0.00000 0.00000
0.00000 0.37263 0.40343 0.43714 0.47308 0.51130 0.55193 0.59459 0.63884 0.68422 0.73087 0.77821 0.82570 0.87280 0.91985 0.96588 1.01124 1.05521 1.09804 1.13961 1.18142 1.22220 1.26358 1.30768 1.35477 0.00000 0.00000 0.00000 0.00000 0.00000 0.00000 0.00000 0.00000 0.00000 0.00000 0.00000 0.00000 0.00000
0.05471 0.24143 0.32602 0.38718 0.44001 0.48965 0.53837 0.58691 0.63542 0.68377 0.73234 0.78067 0.82838 0.87504 0.92112 0.96573 1.00934 1.05134 1.09203 1.13132 1.17083 1.20980 1.25051 1.29364 0.00000 0.00000 0.00000 0.00000 0.00000 0.00000 0.00000 0.00000 0.00000 0.00000 0.00000 0.00000 0.00000 0.00000
0.09315 0.22476 0.30852 0.37473 0.43284 0.48696 0.53921 0.59036 0.64070 0.69009 0.73906 0.78713 0.83404 0.87943 0.92389 0.96656 1.00808 1.04784 1.08617 1.12314 1.16078 1.19909 1.23886 0.00000 0.00000 0.00000 0.00000 0.00000 0.00000 0.00000 0.00000 0.00000 0.00000 0.00000 0.00000 0.00000 0.00000 0.00000
0.13241 0.23716 0.31516 0.38097 0.44021 0.49571 0.54908 0.60095 0.65157 0.70073 0.74903 0.79596 0.84135 0.88488 0.92727 0.96771 1.00689 1.04422 1.08017 1.11527 1.15220 1.18957 0.00000 0.00000 0.00000 0.00000 0.00000 0.00000 0.00000 0.00000 0.00000 0.00000 0.00000 0.00000 0.00000 0.00000 0.00000 0.00000
0.17232 0.26134 0.33379 0.39763 0.45625 0.51152 0.56463 0.61601 0.66588 0.71392 0.76080 0.80595 0.84931 0.89061 0.93067 0.96867 1.00535 1.04024 1.07428 1.10867 1.14462 0.00000 0.00000 0.00000 0.00000 0.00000 0.00000 0.00000 0.00000 0.00000 0.00000 0.00000 0.00000 0.00000 0.00000 0.00000 0.00000 0.00000
0.21262 0.29135 0.35902 0.42039 0.47752 0.53164 0.58360 0.63369 0.68209 0.72837 0.77328 0.81622 0.85722 0.89608 0.93362 0.96906 1.00324 1.03617 1.06947 1.10288 0.00000 0.00000 0.00000 0.00000 0.00000 0.00000 0.00000 0.00000 0.00000 0.00000 0.00000 0.00000 0.00000 0.00000 0.00000 0.00000 0.00000 0.00000
0.25304 0.32442 0.38796 0.44667 0.50183 0.55420 0.60442 0.65265 0.69905 0.74313 0.78570 0.82615 0.86461 0.90088 0.93580 0.96869 1.00086 1.03301 1.06531 0.00000 0.00000 0.00000 0.00000 0.00000 0.00000 0.00000 0.00000 0.00000 0.00000 0.00000 0.00000 0.00000 0.00000 0.00000 0.00000 0.00000 0.00000 0.00000
0.29328 0.35900 0.41885 0.47481 0.52769 0.57791 0.62595 0.67190 0.71594 0.75750 0.79749 0.83531 0.87111 0.90471 0.93704 0.96789 0.99923 1.03035 0.00000 0.00000 0.00000 0.00000 0.00000 0.00000 0.00000 0.00000 0.00000 0.00000 0.00000 0.00000 0.00000 0.00000 0.00000 0.00000 0.00000 0.00000 0.00000 0.00000
0.33301 0.39409 0.45052 0.50365 0.55401 0.60178 0.64733 0.69071 0.73213 0.77100 0.80828 0.84338 0.87646 0.90744 0.93769 0.96769 0.99796 0.00000 0.00000 0.00000 0.00000 0.00000 0.00000 0.00000 0.00000 0.00000 0.00000 0.00000 0.00000 0.00000 0.00000 0.00000 0.00000 0.00000 0.00000 0.00000 0.00000 0.00000
0.37191 0.42894 0.48211 0.53234 0.58000 0.62510 0.66794 0.70855 0.74720 0.78329 0.81780 0.85014 0.88056 0.90944 0.93879 0.96772 0.00000 0.00000 0.00000 0.00000 0.00000 0.00000 0.00000 0.00000 0.00000 0.00000 0.00000 0.00000 0.00000 0.00000 0.00000 0.00000 0.00000 0.00000 0.00000 0.00000 0.00000 0.00000
0.40966 0.46301 0.51299 0.56025 0.60508 0.64733 0.68731 0.72505 0.76087 0.79415 0.82586 0.85550 0.88379 0.91177 0.94002 0.00000 0.00000 0.00000 0.00000 0.00000 0.00000 0.00000 0.00000 0.00000 0.00000 0.00000 0.00000 0.00000 0.00000 0.00000 0.00000 0.00000 0.00000 0.00000 0.00000 0.00000 0.00000 0.00000
0.44596 0.49584 0.54267 0.58690 0.62878 0.66809 0.70514 0.73997 0.77295 0.80340 0.83239 0.85988 0.88724 0.91410 0.00000 0.00000 0.00000 0.00000 0.00000 0.00000 0.00000 0.00000 0.00000 0.00000 0.00000 0.00000 0.00000 0.00000 0.00000 0.00000 0.00000 0.00000 0.00000 0.00000 0.00000 0.00000 0.00000 0.00000
0.48056 0.52709 0.57076 0.61191 0.65078 0.68710 0.72122 0.75317 0.78329 0.81102 0.83783 0.86436 0.89059 0.00000 0.00000 0.00000 0.00000 0.00000 0.00000 0.00000 0.00000 0.00000 0.00000 0.00000 0.00000 0.00000 0.00000 0.00000 0.00000 0.00000 0.00000 0.00000 0.00000 0.00000 0.00000 0.00000 0.00000 0.00000
0.51323 0.55648 0.59699 0.63503 0.67087 0.70423 0.73544 0.76451 0.79188 0.81743 0.84327 0.86866 0.00000 0.00000 0.00000 0.00000 0.00000 0.00000 0.00000 0.00000 0.00000 0.00000 0.00000 0.00000 0.00000 0.00000 0.00000 0.00000 0.00000 0.00000 0.00000 0.00000 0.00000 0.00000 0.00000 0.00000 0.00000 0.00000
0.54377 0.58377 0.62113 0.65608 0.68893 0.71937 0.74769 0.77400 0.79918 0.82375 0.84843 0.00000 0.00000 0.00000 0.00000 0.00000 0.00000 0.00000 0.00000 0.00000 0.00000 0.00000 0.00000 0.00000 0.00000 0.00000 0.00000 0.00000 0.00000 0.00000 0.00000 0.00000 0.00000 0.00000 0.00000 0.00000 0.00000 0.00000
0.57201 0.60881 0.64306 0.67498 0.70490 0.73244 0.75800 0.78211 0.80630 0.82972 0.00000 0.00000 0.00000 0.00000 0.00000 0.00000 0.00000 0.00000 0.00000 0.00000 0.00000 0.00000 0.00000 0.00000 0.00000 0.00000 0.00000 0.00000 0.00000 0.00000 0.00000 0.00000 0.00000 0.00000 0.00000 0.00000 0.00000 0.00000
0.59786 0.63152 0.66273 0.69170 0.71871 0.74349 0.76684 0.78997 0.81299 0.00000 0.00000 0.00000 0.00000 0.00000 0.00000 0.00000 0.00000 0.00000 0.00000 0.00000 0.00000 0.00000 0.00000 0.00000 0.00000 0.00000 0.00000 0.00000 0.00000 0.00000 0.00000 0.00000 0.00000 0.00000 0.00000 0.00000 0.00000 0.00000
0.62126 0.65187 0.68012 0.70618 0.73043 0.75300 0.77537 0.79734 0.00000 0.00000 0.00000 0.00000 0.00000 0.00000 0.00000 0.00000 0.00000 0.00000 0.00000 0.00000 0.00000 0.00000 0.00000 0.00000 0.00000 0.00000 0.00000 0.00000 0.00000 0.00000 0.00000 0.00000 0.00000 0.00000 0.00000 0.00000 0.00000 0.00000
0.64220 0.66985 0.69521 0.71850 0.74054 0.76213 0.78335 0.00000 0.00000 0.00000 0.00000 0.00000 0.00000 0.00000 0.00000 0.00000 0.00000 0.00000 0.00000 0.00000 0.00000 0.00000 0.00000 0.00000 0.00000 0.00000 0.00000 0.00000 0.00000 0.00000 0.00000 0.00000 0.00000 0.00000 0.00000 0.00000 0.00000 0.00000
0.66071 0.68546 0.70806 0.72916 0.75022 0.77066 0.00000 0.00000 0.00000 0.00000 0.00000 0.00000 0.00000 0.00000 0.00000 0.00000 0.00000 0.00000 0.00000 0.00000 0.00000 0.00000 0.00000 0.00000 0.00000 0.00000 0.00000 0.00000 0.00000 0.00000 0.00000 0.00000 0.00000 0.00000 0.00000 0.00000 0.00000 0.00000
0.67679 0.69878 0.71920 0.73933 0.75923 0.00000 0.00000 0.00000 0.00000 0.00000 0.00000 0.00000 0.00000 0.00000 0.00000 0.00000 0.00000 0.00000 0.00000 0.00000 0.00000 0.00000 0.00000 0.00000 0.00000 0.00000 0.00000 0.00000 0.00000 0.00000 0.00000 0.00000 0.00000 0.00000 0.00000 0.00000 0.00000 0.00000
0.69054 0.71036 0.72981 0.74880 0.00000 0.00000 0.00000 0.00000 0.00000 0.00000 0.00000 0.00000 0.00000 0.00000 0.00000 0.00000 0.00000 0.00000 0.00000 0.00000 0.00000 0.00000 0.00000 0.00000 0.00000 0.00000 0.00000 0.00000 0.00000 0.00000 0.00000 0.00000 0.00000 0.00000 0.00000 0.00000 0.00000 0.00000
0.70249 0.72136 0.73968 0.00000 0.00000 0.00000 0.00000 0.00000 0.00000 0.00000 0.00000 0.00000 0.00000 0.00000 0.00000 0.00000 0.00000 0.00000 0.00000 0.00000 0.00000 0.00000 0.00000 0.00000 0.00000 0.00000 0.00000 0.00000 0.00000 0.00000 0.00000 0.00000 0.00000 0.00000 0.00000 0.00000 0.00000 0.00000
0.71383 0.73157 0.00000 0.00000 0.00000 0.00000 0.00000 0.00000 0.00000 0.00000 0.00000 0.00000 0.00000 0.00000 0.00000 0.00000 0.00000 0.00000 0.00000 0.00000 0.00000 0.00000 0.00000 0.00000 0.00000 0.00000 0.00000 0.00000 0.00000 0.00000 0.00000 0.00000 0.00000 0.00000 0.00000 0.00000 0.00000 0.00000
0.72436 0.00000 0.00000 0.00000 0.00000 0.00000 0.00000 0.00000 0.00000 0.00000 0.00000 0.00000 0.00000 0.00000 0.00000 0.00000 0.00000 0.00000 0.00000 0.00000 0.00000 0.00000 0.00000 0.00000 0.00000 0.00000 0.00000 0.00000 0.00000 0.00000 0.00000 0.00000 0.00000 0.00000 0.00000 0.00000 0.00000 0.00000
