0.62998 0.59292 0.55997 0.53051 0.50400 0.48004 0.45833 0.43863 0.42084 0.40500 0.39138 0.38045 0.37305 0.37033 0.37394 0.38639 0.41248 0.46284 0.56475 0.78784
0.60574 0.56789 0.53447 0.50478 0.47824 0.45437 0.43286 0.41342 0.39596 0.38050 0.36733 0.35694 0.35019 0.34834 0.35322 0.36806 0.39969 0.46325 0.58840 0.00000
0.57781 0.53930 0.50558 0.47585 0.44943 0.42583 0.40468 0.38567 0.36870 0.35379 0.34124 0.33158 0.32575 0.32524 0.33266 0.35338 0.39867 0.48587 0.00000 0.00000
0.54676 0.50771 0.47385 0.44425 0.41815 0.39499 0.37436 0.35595 0.33964 0.32546 0.31375 0.30510 0.30073 0.30293 0.31664 0.35179 0.42154 0.00000 0.00000 0.00000
0.51260 0.47317 0.43937 0.41010 0.38452 0.36200 0.34210 0.32450 0.30907 0.29587 0.28531 0.27827 0.27680 0.28568 0.31468 0.37546 0.00000 0.00000 0.00000 0.00000
0.47552 0.43591 0.40238 0.37368 0.34886 0.32722 0.30829 0.29174 0.27747 0.26562 0.25687 0.25297 0.25855 0.28355 0.33951 0.00000 0.00000 0.00000 0.00000 0.00000
0.43593 0.39633 0.36333 0.33547 0.31166 0.29117 0.27349 0.25832 0.24562 0.23582 0.23049 0.23407 0.25663 0.30995 0.00000 0.00000 0.00000 0.00000 0.00000 0.00000
0.39436 0.35498 0.32279 0.29606 0.27359 0.25457 0.23851 0.22516 0.21480 0.20875 0.21141 0.23289 0.28522 0.00000 0.00000 0.00000 0.00000 0.00000 0.00000 0.00000
0.35145 0.31252 0.28146 0.25622 0.23545 0.21832 0.20438 0.19369 0.18748 0.19001 0.21164 0.26447 0.00000 0.00000 0.00000 0.00000 0.00000 0.00000 0.00000 0.00000
0.30792 0.26969 0.24013 0.21681 0.19823 0.18358 0.17269 0.16665 0.16974 0.19251 0.24726 0.00000 0.00000 0.00000 0.00000 0.00000 0.00000 0.00000 0.00000 0.00000
0.26448 0.22725 0.19968 0.17887 0.16319 0.15208 0.14647 0.15068 0.17559 0.23360 0.00000 0.00000 0.00000 0.00000 0.00000 0.00000 0.00000 0.00000 0.00000 0.00000
0.22171 0.18590 0.16109 0.14370 0.13223 0.12726 0.13319 0.16133 0.22415 0.00000 0.00000 0.00000 0.00000 0.00000 0.00000 0.00000 0.00000 0.00000 0.00000 0.00000
0.17990 0.14638 0.12563 0.11343 0.10937 0.11784 0.15073 0.22041 0.00000 0.00000 0.00000 0.00000 0.00000 0.00000 0.00000 0.00000 0.00000 0.00000 0.00000 0.00000
0.13891 0.10965 0.09572 0.09308 0.10551 0.14562 0.22532 0.00000 0.00000 0.00000 0.00000 0.00000 0.00000 0.00000 0.00000 0.00000 0.00000 0.00000 0.00000 0.00000
0.09768 0.07843 0.07858 0.09804 0.14994 0.24508 0.00000 0.00000 0.00000 0.00000 0.00000 0.00000 0.00000 0.00000 0.00000 0.00000 0.00000 0.00000 0.00000 0.00000
0.05344 0.06597 0.10152 0.17512 0.29538 0.00000 0.00000 0.00000 0.00000 0.00000 0.00000 0.00000 0.00000 0.00000 0.00000 0.00000 0.00000 0.00000 0.00000 0.00000
0.00000 0.17027 0.27790 0.43350 0.00000 0.00000 0.00000 0.00000 0.00000 0.00000 0.00000 0.00000 0.00000 0.00000 0.00000 0.00000 0.00000 0.00000 0.00000 0.00000
0.07623 0.22705 0.39142 0.00000 0.00000 0.00000 0.00000 0.00000 0.00000 0.00000 0.00000 0.00000 0.00000 0.00000 0.00000 0.00000 0.00000 0.00000 0.00000 0.00000
0.19246 0.36231 0.00000 0.00000 0.00000 0.00000 0.00000 0.00000 0.00000 0.00000 0.00000 0.00000 0.00000 0.00000 0.00000 0.00000 0.00000 0.00000 0.00000 0.00000
0.34281 0.00000 0.00000 0.00000 0.00000 0.00000 0.00000 0.00000 0.00000 0.00000 0.00000 0.00000 0.00000 0.00000 0.00000 0.00000 0.00000 0.00000 0.00000 0.00000
