0.00000 0.95284 0.99802 1.00925 1.00964 1.00644 1.00170 0.99773 0.99501 0.99347 0.99287 0.99293 0.99326 0.99424 0.99545 0.99683 0.99831 0.99983 1.00163 1.00324 1.00484 1.00641 1.00780 1.00904 1.01008 1.01086 1.01133 1.01143 1.01110 1.01038 1.00918 1.00749 1.00531 1.00266 0.99960 0.99609 0.99224 0.98813 0.98389 0.97960 0.97533 0.97123 0.96737 0.96390 0.96094 0.95863 0.95708 0.95638 0.95668 0.95823 0.96118 0.96585 0.97243 0.99903 1.02861 1.06169 1.09903 1.14175 1.19155 1.25134 1.32646 1.42584 1.56478 1.76984 2.08877 2.61241 3.52440 5.24971
0.00000 1.03955 1.03536 1.02688 1.01772 1.01025 1.00403 0.99986 0.99735 0.99609 0.99567 0.99582 0.99617 0.99709 0.99820 0.99943 1.00072 1.00200 1.00352 1.00480 1.00601 1.00713 1.00801 1.00866 1.00902 1.00905 1.00868 1.00787 1.00655 1.00478 1.00249 0.99967 0.99635 0.99257 0.98840 0.98383 0.97898 0.97394 0.96885 0.96380 0.95886 0.95419 0.94984 0.94596 0.94268 0.94012 0.93837 0.93753 0.93774 0.93923 0.94215 0.94681 0.97111 0.99802 1.02796 1.06144 1.09924 1.14250 1.19295 1.25356 1.32974 1.43061 1.57173 1.78014 2.10447 2.63718 3.56512 0.00000
0.00000 1.02753 1.01845 1.00875 1.00080 0.99570 0.99206 0.99015 0.98946 0.98956 0.99018 0.99111 0.99204 0.99338 0.99480 0.99622 0.99761 0.99891 1.00035 1.00148 1.00244 1.00323 1.00367 1.00379 1.00354 1.00284 1.00166 0.99996 0.99767 0.99489 0.99154 0.98765 0.98326 0.97843 0.97326 0.96774 0.96202 0.95618 0.95039 0.94472 0.93926 0.93416 0.92946 0.92531 0.92183 0.91913 0.91730 0.91641 0.91661 0.91812 0.92108 0.94331 0.96789 0.99512 1.02542 1.05931 1.09758 1.14140 1.19252 1.25396 1.33124 1.43366 1.57705 1.78898 2.11897 2.66114 0.00000 0.00000
0.00000 1.00571 0.99725 0.99019 0.98562 0.98375 0.98274 0.98285 0.98362 0.98480 0.98620 0.98770 0.98903 0.99064 0.99222 0.99371 0.99508 0.99627 0.99752 0.99836 0.99895 0.99927 0.99915 0.99861 0.99759 0.99604 0.99393 0.99122 0.98788 0.98400 0.97954 0.97455 0.96909 0.96323 0.95710 0.95068 0.94415 0.93760 0.93119 0.92499 0.91910 0.91364 0.90868 0.90433 0.90072 0.89794 0.89608 0.89519 0.89543 0.89699 0.91736 0.93985 0.96473 0.99228 1.02295 1.05726 1.09602 1.14042 1.19222 1.25454 1.33299 1.43704 1.58285 1.79851 2.13454 0.00000 0.00000 0.00000
0.00000 0.98512 0.98032 0.97721 0.97613 0.97693 0.97786 0.97930 0.98100 0.98281 0.98463 0.98640 0.98788 0.98955 0.99109 0.99246 0.99364 0.99455 0.99545 0.99584 0.99589 0.99558 0.99473 0.99336 0.99142 0.98888 0.98571 0.98189 0.97740 0.97237 0.96677 0.96066 0.95413 0.94728 0.94022 0.93298 0.92571 0.91852 0.91157 0.90493 0.89869 0.89296 0.88780 0.88333 0.87964 0.87683 0.87498 0.87414 0.87444 0.89328 0.91389 0.93665 0.96183 0.98973 1.02079 1.05553 1.09481 1.13980 1.19234 1.25559 1.33527 1.44106 1.58947 1.80921 0.00000 0.00000 0.00000 0.00000
0.00000 0.97182 0.97114 0.97141 0.97274 0.97518 0.97714 0.97923 0.98132 0.98335 0.98526 0.98702 0.98841 0.98992 0.99123 0.99231 0.99311 0.99358 0.99394 0.99372 0.99305 0.99194 0.99019 0.98784 0.98484 0.98117 0.97683 0.97181 0.96611 0.95989 0.95313 0.94592 0.93835 0.93055 0.92263 0.91463 0.90671 0.89898 0.89158 0.88458 0.87806 0.87214 0.86686 0.86232 0.85861 0.85582 0.85401 0.85324 0.87072 0.88979 0.91065 0.93369 0.95918 0.98743 1.01888 1.05408 1.09388 1.13951 1.19283 1.25706 1.33807 1.44576 1.59706 0.00000 0.00000 0.00000 0.00000 0.00000
0.00000 0.96675 0.96908 0.97132 0.97387 0.97698 0.97929 0.98151 0.98360 0.98553 0.98728 0.98882 0.98992 0.99110 0.99202 0.99264 0.99291 0.99276 0.99244 0.99143 0.98990 0.98782 0.98503 0.98155 0.97737 0.97248 0.96688 0.96061 0.95367 0.94625 0.93835 0.93007 0.92153 0.91285 0.90417 0.89550 0.88703 0.87883 0.87107 0.86381 0.85710 0.85106 0.84571 0.84115 0.83747 0.83474 0.83301 0.84934 0.86703 0.88632 0.90744 0.93076 0.95656 0.98516 1.01703 1.05269 1.09304 1.13932 1.19345 1.25874 1.34120 1.45104 0.00000 0.00000 0.00000 0.00000 0.00000 0.00000
0.00000 0.96770 0.97148 0.97452 0.97738 0.98056 0.98278 0.98482 0.98668 0.98833 0.98975 0.99093 0.99162 0.99233 0.99273 0.99275 0.99236 0.99147 0.99031 0.98838 0.98583 0.98265 0.97869 0.97398 0.96853 0.96234 0.95545 0.94790 0.93973 0.93114 0.92215 0.91288 0.90345 0.89398 0.88463 0.87541 0.86647 0.85792 0.84990 0.84245 0.83563 0.82953 0.82418 0.81966 0.81604 0.81340 0.82871 0.84523 0.86312 0.88264 0.90400 0.92760 0.95372 0.98268 1.01494 1.05108 1.09200 1.13896 1.19396 1.26040 1.34456 0.00000 0.00000 0.00000 0.00000 0.00000 0.00000 0.00000
0.00000 0.97156 0.97581 0.97890 0.98162 0.98457 0.98649 0.98821 0.98971 0.99098 0.99198 0.99269 0.99288 0.99303 0.99279 0.99211 0.99093 0.98916 0.98703 0.98404 0.98035 0.97597 0.97073 0.96471 0.95793 0.95041 0.94221 0.93340 0.92404 0.91434 0.90435 0.89418 0.88396 0.87382 0.86391 0.85424 0.84496 0.83615 0.82795 0.82040 0.81353 0.80745 0.80215 0.79771 0.79420 0.80854 0.82402 0.84072 0.85881 0.87854 0.90014 0.92401 0.95044 0.97974 1.01241 1.04904 1.09053 1.13822 1.19417 1.26202 0.00000 0.00000 0.00000 0.00000 0.00000 0.00000 0.00000 0.00000
0.00000 0.97635 0.98044 0.98326 0.98567 0.98825 0.98980 0.99113 0.99221 0.99302 0.99354 0.99372 0.99331 0.99280 0.99183 0.99032 0.98824 0.98545 0.98223 0.97807 0.97313 0.96744 0.96086 0.95347 0.94533 0.93648 0.92700 0.91699 0.90651 0.89579 0.88489 0.87393 0.86304 0.85235 0.84200 0.83199 0.82246 0.81349 0.80520 0.79763 0.79079 0.78478 0.77958 0.77526 0.78867 0.80316 0.81880 0.83568 0.85395 0.87389 0.89571 0.91984 0.94655 0.97620 1.00929 1.04639 1.08849 1.13700 1.19417 0.00000 0.00000 0.00000 0.00000 0.00000 0.00000 0.00000 0.00000 0.00000
0.00000 0.98086 0.98461 0.98707 0.98908 0.99126 0.99240 0.99329 0.99390 0.99421 0.99418 0.99375 0.99266 0.99139 0.98957 0.98713 0.98401 0.98010 0.97566 0.97021 0.96393 0.95687 0.94889 0.94012 0.93062 0.92047 0.90977 0.89862 0.88711 0.87549 0.86380 0.85217 0.84074 0.82962 0.81894 0.80870 0.79903 0.78999 0.78170 0.77416 0.76741 0.76152 0.75646 0.76901 0.78255 0.79718 0.81297 0.83001 0.84844 0.86857 0.89061 0.91497 0.94198 0.97197 1.00546 1.04309 1.08588 1.13545 0.00000 0.00000 0.00000 0.00000 0.00000 0.00000 0.00000 0.00000 0.00000 0.00000
0.00000 0.98475 0.98809 0.99014 0.99174 0.99348 0.99418 0.99459 0.99469 0.99443 0.99376 0.99262 0.99076 0.98861 0.98582 0.98232 0.97804 0.97287 0.96712 0.96029 0.95260 0.94411 0.93472 0.92457 0.91375 0.90236 0.89052 0.87834 0.86591 0.85350 0.84116 0.82899 0.81714 0.80571 0.79483 0.78446 0.77474 0.76571 0.75748 0.75005 0.74344 0.73771 0.74947 0.76213 0.77579 0.79054 0.80647 0.82364 0.84223 0.86253 0.88476 0.90936 0.93664 0.96696 1.00090 1.03912 1.08288 0.00000 0.00000 0.00000 0.00000 0.00000 0.00000 0.00000 0.00000 0.00000 0.00000 0.00000
0.00000 0.98790 0.99079 0.99242 0.99359 0.99485 0.99506 0.99494 0.99445 0.99354 0.99215 0.99020 0.98743 0.98429 0.98040 0.97570 0.97013 0.96360 0.95643 0.94816 0.93901 0.92908 0.91829 0.90680 0.89473 0.88218 0.86930 0.85621 0.84301 0.82994 0.81707 0.80450 0.79236 0.78074 0.76975 0.75935 0.74967 0.74072 0.73262 0.72535 0.71892 0.72996 0.74181 0.75458 0.76834 0.78320 0.79924 0.81653 0.83525 0.85570 0.87811 0.90292 0.93048 0.96116 0.99562 1.03471 0.00000 0.00000 0.00000 0.00000 0.00000 0.00000 0.00000 0.00000 0.00000 0.00000 0.00000 0.00000
0.00000 0.99026 0.99269 0.99386 0.99456 0.99529 0.99495 0.99423 0.99307 0.99140 0.98917 0.98628 0.98249 0.97821 0.97308 0.96706 0.96009 0.95211 0.94345 0.93369 0.92307 0.91172 0.89956 0.88681 0.87357 0.85999 0.84620 0.83234 0.81849 0.80492 0.79166 0.77882 0.76650 0.75480 0.74381 0.73347 0.72389 0.71509 0.70717 0.70011 0.71039 0.72151 0.73344 0.74629 0.76013 0.77508 0.79122 0.80861 0.82744 0.84802 0.87059 0.89561 0.92346 0.95458 0.98984 0.00000 0.00000 0.00000 0.00000 0.00000 0.00000 0.00000 0.00000 0.00000 0.00000 0.00000 0.00000 0.00000
0.00000 0.99185 0.99376 0.99442 0.99459 0.99471 0.99374 0.99232 0.99038 0.98784 0.98463 0.98068 0.97572 0.97016 0.96367 0.95621 0.94775 0.93825 0.92805 0.91679 0.90472 0.89200 0.87856 0.86464 0.85037 0.83588 0.82132 0.80683 0.79249 0.77855 0.76504 0.75205 0.73968 0.72799 0.71709 0.70689 0.69749 0.68889 0.68120 0.69080 0.70114 0.71232 0.72431 0.73721 0.75112 0.76614 0.78235 0.79982 0.81873 0.83943 0.86215 0.88740 0.91561 0.94746 0.00000 0.00000 0.00000 0.00000 0.00000 0.00000 0.00000 0.00000 0.00000 0.00000 0.00000 0.00000 0.00000 0.00000
0.00000 0.99258 0.99389 0.99400 0.99356 0.99298 0.99129 0.98905 0.98620 0.98265 0.97832 0.97315 0.96689 0.95991 0.95194 0.94295 0.93294 0.92187 0.91014 0.89741 0.88394 0.86993 0.85532 0.84036 0.82519 0.80995 0.79478 0.77982 0.76513 0.75097 0.73734 0.72432 0.71200 0.70043 0.68969 0.67970 0.67053 0.66218 0.67109 0.68072 0.69110 0.70233 0.71436 0.72730 0.74125 0.75631 0.77256 0.79009 0.80906 0.82986 0.85275 0.87831 0.90718 0.00000 0.00000 0.00000 0.00000 0.00000 0.00000 0.00000 0.00000 0.00000 0.00000 0.00000 0.00000 0.00000 0.00000 0.00000
0.00000 0.99234 0.99300 0.99245 0.99131 0.98992 0.98737 0.98419 0.98029 0.97558 0.96998 0.96344 0.95574 0.94724 0.93770 0.92711 0.91551 0.90289 0.88965 0.87551 0.86075 0.84555 0.82991 0.81407 0.79816 0.78233 0.76671 0.75144 0.73655 0.72230 0.70867 0.69574 0.68356 0.67219 0.66169 0.65196 0.64307 0.65125 0.66018 0.66984 0.68024 0.69149 0.70353 0.71649 0.73045 0.74552 0.76179 0.77936 0.79838 0.81930 0.84243 0.86859 0.00000 0.00000 0.00000 0.00000 0.00000 0.00000 0.00000 0.00000 0.00000 0.00000 0.00000 0.00000 0.00000 0.00000 0.00000 0.00000
0.00000 0.99101 0.99091 0.98962 0.98766 0.98532 0.98178 0.97750 0.97239 0.96637 0.95935 0.95131 0.94206 0.93194 0.92078 0.90856 0.89538 0.88124 0.86657 0.85112 0.83519 0.81897 0.80245 0.78589 0.76941 0.75316 0.73726 0.72182 0.70689 0.69267 0.67916 0.66641 0.65447 0.64337 0.63316 0.62374 0.63132 0.63950 0.64844 0.65809 0.66849 0.67974 0.69177 0.70471 0.71866 0.73372 0.74999 0.76757 0.78666 0.80776 0.83144 0.00000 0.00000 0.00000 0.00000 0.00000 0.00000 0.00000 0.00000 0.00000 0.00000 0.00000 0.00000 0.00000 0.00000 0.00000 0.00000 0.00000
0.00000 0.98840 0.98744 0.98527 0.98236 0.97892 0.97424 0.96871 0.96223 0.95474 0.94616 0.93650 0.92562 0.91383 0.90102 0.88720 0.87248 0.85692 0.84093 0.82432 0.80737 0.79028 0.77308 0.75597 0.73911 0.72261 0.70658 0.69113 0.67628 0.66222 0.64894 0.63646 0.62482 0.61405 0.60419 0.61116 0.61872 0.62689 0.63580 0.64543 0.65580 0.66702 0.67901 0.69191 0.70581 0.72084 0.73709 0.75469 0.77391 0.79552 0.00000 0.00000 0.00000 0.00000 0.00000 0.00000 0.00000 0.00000 0.00000 0.00000 0.00000 0.00000 0.00000 0.00000 0.00000 0.00000 0.00000 0.00000
0.00000 0.98429 0.98234 0.97915 0.97513 0.97044 0.96446 0.95750 0.94951 0.94042 0.93017 0.91881 0.90624 0.89277 0.87833 0.86297 0.84682 0.82996 0.81280 0.79519 0.77742 0.75966 0.74195 0.72449 0.70742 0.69084 0.67484 0.65952 0.64487 0.63108 0.61811 0.60598 0.59472 0.58433 0.59076 0.59769 0.60523 0.61335 0.62222 0.63181 0.64212 0.65328 0.66520 0.67803 0.69187 0.70683 0.72307 0.74076 0.76044 0.00000 0.00000 0.00000 0.00000 0.00000 0.00000 0.00000 0.00000 0.00000 0.00000 0.00000 0.00000 0.00000 0.00000 0.00000 0.00000 0.00000 0.00000 0.00000
0.00000 0.97840 0.97532 0.97096 0.96567 0.95958 0.95211 0.94359 0.93394 0.92314 0.91115 0.89805 0.88379 0.86868 0.85270 0.83590 0.81845 0.80047 0.78232 0.76391 0.74551 0.72727 0.70926 0.69164 0.67454 0.65803 0.64221 0.62714 0.61281 0.59938 0.58680 0.57509 0.56425 0.57005 0.57643 0.58332 0.59080 0.59886 0.60767 0.61718 0.62740 0.63846 0.65029 0.66302 0.67676 0.69167 0.70796 0.72606 0.00000 0.00000 0.00000 0.00000 0.00000 0.00000 0.00000 0.00000 0.00000 0.00000 0.00000 0.00000 0.00000 0.00000 0.00000 0.00000 0.00000 0.00000 0.00000 0.00000
0.00000 0.97043 0.96608 0.96038 0.95366 0.94599 0.93690 0.92667 0.91527 0.90269 0.88893 0.87411 0.85822 0.84155 0.82414 0.80606 0.78750 0.76858 0.74966 0.73067 0.71185 0.69335 0.67522 0.65763 0.64065 0.62438 0.60886 0.59416 0.58025 0.56726 0.55514 0.54390 0.54913 0.55487 0.56118 0.56800 0.57540 0.58338 0.59209 0.60150 0.61161 0.62254 0.63424 0.64685 0.66050 0.67541 0.69207 0.00000 0.00000 0.00000 0.00000 0.00000 0.00000 0.00000 0.00000 0.00000 0.00000 0.00000 0.00000 0.00000 0.00000 0.00000 0.00000 0.00000 0.00000 0.00000 0.00000 0.00000
0.00000 0.96007 0.95427 0.94708 0.93875 0.92938 0.91853 0.90651 0.89330 0.87894 0.86342 0.84694 0.82951 0.81143 0.79277 0.77361 0.75415 0.73452 0.71506 0.69570 0.67668 0.65812 0.64007 0.62267 0.60598 0.59007 0.57497 0.56074 0.54733 0.53486 0.52327 0.52795 0.53311 0.53877 0.54500 0.55172 0.55902 0.56689 0.57548 0.58475 0.59471 0.60549 0.61704 0.62952 0.64313 0.65837 0.00000 0.00000 0.00000 0.00000 0.00000 0.00000 0.00000 0.00000 0.00000 0.00000 0.00000 0.00000 0.00000 0.00000 0.00000 0.00000 0.00000 0.00000 0.00000 0.00000 0.00000 0.00000
0.00000 0.94697 0.93957 0.93072 0.92065 0.90945 0.89677 0.88292 0.86790 0.85178 0.83460 0.81659 0.79778 0.77847 0.75878 0.73875 0.71863 0.69853 0.67876 0.65927 0.64026 0.62184 0.60405 0.58700 0.57074 0.55532 0.54075 0.52707 0.51424 0.50233 0.50651 0.51112 0.51619 0.52176 0.52787 0.53448 0.54165 0.54938 0.55781 0.56692 0.57671 0.58731 0.59869 0.61110 0.62500 0.00000 0.00000 0.00000 0.00000 0.00000 0.00000 0.00000 0.00000 0.00000 0.00000 0.00000 0.00000 0.00000 0.00000 0.00000 0.00000 0.00000 0.00000 0.00000 0.00000 0.00000 0.00000 0.00000
0.00000 0.93079 0.92164 0.91099 0.89908 0.88601 0.87147 0.85579 0.83902 0.82126 0.80255 0.78318 0.76320 0.74290 0.72241 0.70178 0.68125 0.66093 0.64109 0.62169 0.60290 0.58479 0.56743 0.55088 0.53517 0.52033 0.50638 0.49333 0.48112 0.48482 0.48891 0.49342 0.49838 0.50384 0.50982 0.51629 0.52330 0.53086 0.53911 0.54802 0.55761 0.56802 0.57930 0.59195 0.00000 0.00000 0.00000 0.00000 0.00000 0.00000 0.00000 0.00000 0.00000 0.00000 0.00000 0.00000 0.00000 0.00000 0.00000 0.00000 0.00000 0.00000 0.00000 0.00000 0.00000 0.00000 0.00000 0.00000
0.00000 0.91121 0.90020 0.88767 0.87388 0.85892 0.84255 0.82513 0.80674 0.78749 0.76746 0.74696 0.72605 0.70502 0.68399 0.66303 0.64234 0.62205 0.60237 0.58327 0.56489 0.54728 0.53048 0.51455 0.49950 0.48534 0.47207 0.45970 0.46291 0.46651 0.47050 0.47489 0.47973 0.48505 0.49088 0.49718 0.50400 0.51137 0.51941 0.52810 0.53748 0.54776 0.55924 0.00000 0.00000 0.00000 0.00000 0.00000 0.00000 0.00000 0.00000 0.00000 0.00000 0.00000 0.00000 0.00000 0.00000 0.00000 0.00000 0.00000 0.00000 0.00000 0.00000 0.00000 0.00000 0.00000 0.00000 0.00000
0.00000 0.88799 0.87506 0.86063 0.84496 0.82817 0.81008 0.79107 0.77123 0.75071 0.72961 0.70824 0.68668 0.66520 0.64392 0.62289 0.60231 0.58227 0.56297 0.54436 0.52656 0.50959 0.49349 0.47828 0.46398 0.45056 0.43803 0.44086 0.44396 0.44746 0.45133 0.45559 0.46029 0.46545 0.47110 0.47720 0.48382 0.49097 0.49878 0.50724 0.51646 0.52690 0.00000 0.00000 0.00000 0.00000 0.00000 0.00000 0.00000 0.00000 0.00000 0.00000 0.00000 0.00000 0.00000 0.00000 0.00000 0.00000 0.00000 0.00000 0.00000 0.00000 0.00000 0.00000 0.00000 0.00000 0.00000 0.00000
0.00000 0.86100 0.84615 0.82985 0.81237 0.79389 0.77423 0.75383 0.73279 0.71127 0.68938 0.66744 0.64552 0.62388 0.60263 0.58179 0.56155 0.54200 0.52327 0.50533 0.48825 0.47204 0.45674 0.44235 0.42885 0.41623 0.41865 0.42137 0.42438 0.42775 0.43149 0.43560 0.44014 0.44512 0.45056 0.45645 0.46284 0.46975 0.47732 0.48561 0.49496 0.00000 0.00000 0.00000 0.00000 0.00000 0.00000 0.00000 0.00000 0.00000 0.00000 0.00000 0.00000 0.00000 0.00000 0.00000 0.00000 0.00000 0.00000 0.00000 0.00000 0.00000 0.00000 0.00000 0.00000 0.00000 0.00000 0.00000
0.00000 0.83022 0.81351 0.79544 0.77631 0.75631 0.73532 0.71379 0.69183 0.66961 0.64724 0.62503 0.60306 0.58154 0.56058 0.54019 0.52051 0.50163 0.48365 0.46651 0.45028 0.43495 0.42052 0.40700 0.39436 0.39643 0.39874 0.40136 0.40424 0.40748 0.41107 0.41502 0.41938 0.42416 0.42938 0.43504 0.44118 0.44784 0.45522 0.46361 0.00000 0.00000 0.00000 0.00000 0.00000 0.00000 0.00000 0.00000 0.00000 0.00000 0.00000 0.00000 0.00000 0.00000 0.00000 0.00000 0.00000 0.00000 0.00000 0.00000 0.00000 0.00000 0.00000 0.00000 0.00000 0.00000 0.00000 0.00000
0.00000 0.79577 0.77732 0.75764 0.73707 0.71581 0.69377 0.67141 0.64884 0.62624 0.60372 0.58155 0.55982 0.53869 0.51826 0.49853 0.47962 0.46157 0.44448 0.42827 0.41298 0.39859 0.38511 0.37250 0.37425 0.37622 0.37843 0.38092 0.38367 0.38678 0.39020 0.39398 0.39813 0.40270 0.40770 0.41309 0.41898 0.42544 0.43290 0.00000 0.00000 0.00000 0.00000 0.00000 0.00000 0.00000 0.00000 0.00000 0.00000 0.00000 0.00000 0.00000 0.00000 0.00000 0.00000 0.00000 0.00000 0.00000 0.00000 0.00000 0.00000 0.00000 0.00000 0.00000 0.00000 0.00000 0.00000 0.00000
0.00000 0.75789 0.73789 0.71685 0.69511 0.67288 0.65010 0.62724 0.60440 0.58175 0.55938 0.53755 0.51632 0.49584 0.47617 0.45729 0.43930 0.42222 0.40613 0.39093 0.37666 0.36327 0.35076 0.35222 0.35388 0.35575 0.35784 0.36020 0.36282 0.36576 0.36902 0.37260 0.37654 0.38089 0.38564 0.39079 0.39647 0.40299 0.00000 0.00000 0.00000 0.00000 0.00000 0.00000 0.00000 0.00000 0.00000 0.00000 0.00000 0.00000 0.00000 0.00000 0.00000 0.00000 0.00000 0.00000 0.00000 0.00000 0.00000 0.00000 0.00000 0.00000 0.00000 0.00000 0.00000 0.00000 0.00000 0.00000
0.00000 0.71697 0.69568 0.67355 0.65095 0.62810 0.60492 0.58190 0.55912 0.53673 0.51482 0.49360 0.47312 0.45349 0.43475 0.41688 0.39994 0.38395 0.36893 0.35481 0.34159 0.32923 0.33045 0.33183 0.33339 0.33515 0.33712 0.33934 0.34181 0.34461 0.34768 0.35105 0.35479 0.35889 0.36340 0.36834 0.37407 0.00000 0.00000 0.00000 0.00000 0.00000 0.00000 0.00000 0.00000 0.00000 0.00000 0.00000 0.00000 0.00000 0.00000 0.00000 0.00000 0.00000 0.00000 0.00000 0.00000 0.00000 0.00000 0.00000 0.00000 0.00000 0.00000 0.00000 0.00000 0.00000 0.00000 0.00000
0.00000 0.67352 0.65124 0.62836 0.60525 0.58211 0.55889 0.53605 0.51364 0.49181 0.47062 0.45024 0.43072 0.41212 0.39447 0.37773 0.36193 0.34708 0.33320 0.32018 0.30804 0.30904 0.31018 0.31147 0.31293 0.31458 0.31643 0.31851 0.32083 0.32345 0.32634 0.32951 0.33301 0.33690 0.34120 0.34618 0.00000 0.00000 0.00000 0.00000 0.00000 0.00000 0.00000 0.00000 0.00000 0.00000 0.00000 0.00000 0.00000 0.00000 0.00000 0.00000 0.00000 0.00000 0.00000 0.00000 0.00000 0.00000 0.00000 0.00000 0.00000 0.00000 0.00000 0.00000 0.00000 0.00000 0.00000 0.00000
0.00000 0.62815 0.60522 0.58194 0.55867 0.53560 0.51267 0.49032 0.46858 0.44757 0.42733 0.40799 0.38959 0.37215 0.35570 0.34016 0.32557 0.31190 0.29918 0.28728 0.28811 0.28904 0.29010 0.29130 0.29266 0.29420 0.29592 0.29786 0.30002 0.30247 0.30517 0.30813 0.31142 0.31512 0.31945 0.00000 0.00000 0.00000 0.00000 0.00000 0.00000 0.00000 0.00000 0.00000 0.00000 0.00000 0.00000 0.00000 0.00000 0.00000 0.00000 0.00000 0.00000 0.00000 0.00000 0.00000 0.00000 0.00000 0.00000 0.00000 0.00000 0.00000 0.00000 0.00000 0.00000 0.00000 0.00000 0.00000
0.00000 0.58154 0.55832 0.53501 0.51192 0.48925 0.46693 0.44535 0.42453 0.40455 0.38545 0.36731 0.35014 0.33397 0.31877 0.30450 0.29113 0.27867 0.26709 0.26775 0.26852 0.26939 0.27036 0.27147 0.27274 0.27416 0.27576 0.27754 0.27955 0.28183 0.28434 0.28710 0.29022 0.29395 0.00000 0.00000 0.00000 0.00000 0.00000 0.00000 0.00000 0.00000 0.00000 0.00000 0.00000 0.00000 0.00000 0.00000 0.00000 0.00000 0.00000 0.00000 0.00000 0.00000 0.00000 0.00000 0.00000 0.00000 0.00000 0.00000 0.00000 0.00000 0.00000 0.00000 0.00000 0.00000 0.00000 0.00000
0.00000 0.53440 0.51126 0.48825 0.46568 0.44371 0.42228 0.40171 0.38201 0.36324 0.34541 0.32857 0.31273 0.29787 0.28397 0.27097 0.25883 0.24755 0.24810 0.24870 0.24941 0.25021 0.25111 0.25214 0.25330 0.25462 0.25608 0.25771 0.25958 0.26169 0.26402 0.26662 0.26977 0.00000 0.00000 0.00000 0.00000 0.00000 0.00000 0.00000 0.00000 0.00000 0.00000 0.00000 0.00000 0.00000 0.00000 0.00000 0.00000 0.00000 0.00000 0.00000 0.00000 0.00000 0.00000 0.00000 0.00000 0.00000 0.00000 0.00000 0.00000 0.00000 0.00000 0.00000 0.00000 0.00000 0.00000 0.00000
0.00000 0.48746 0.46473 0.44235 0.42059 0.39958 0.37926 0.35989 0.34147 0.32403 0.30757 0.29210 0.27761 0.26409 0.25149 0.23974 0.22881 0.22921 0.22971 0.23026 0.23092 0.23165 0.23248 0.23342 0.23449 0.23569 0.23702 0.23852 0.24023 0.24219 0.24438 0.24703 0.00000 0.00000 0.00000 0.00000 0.00000 0.00000 0.00000 0.00000 0.00000 0.00000 0.00000 0.00000 0.00000 0.00000 0.00000 0.00000 0.00000 0.00000 0.00000 0.00000 0.00000 0.00000 0.00000 0.00000 0.00000 0.00000 0.00000 0.00000 0.00000 0.00000 0.00000 0.00000 0.00000 0.00000 0.00000 0.00000
0.00000 0.44140 0.41939 0.39791 0.37721 0.35737 0.33833 0.32031 0.30328 0.28725 0.27219 0.25812 0.24500 0.23280 0.22147 0.21094 0.21123 0.21159 0.21204 0.21254 0.21315 0.21383 0.21458 0.21545 0.21641 0.21751 0.21873 0.22007 0.22164 0.22349 0.22574 0.00000 0.00000 0.00000 0.00000 0.00000 0.00000 0.00000 0.00000 0.00000 0.00000 0.00000 0.00000 0.00000 0.00000 0.00000 0.00000 0.00000 0.00000 0.00000 0.00000 0.00000 0.00000 0.00000 0.00000 0.00000 0.00000 0.00000 0.00000 0.00000 0.00000 0.00000 0.00000 0.00000 0.00000 0.00000 0.00000 0.00000
0.00000 0.39682 0.37580 0.35546 0.33600 0.31750 0.29986 0.28327 0.26769 0.25310 0.23947 0.22678 0.21499 0.20408 0.19397 0.19420 0.19445 0.19478 0.19519 0.19564 0.19621 0.19683 0.19752 0.19830 0.19918 0.20018 0.20127 0.20249 0.20396 0.20587 0.00000 0.00000 0.00000 0.00000 0.00000 0.00000 0.00000 0.00000 0.00000 0.00000 0.00000 0.00000 0.00000 0.00000 0.00000 0.00000 0.00000 0.00000 0.00000 0.00000 0.00000 0.00000 0.00000 0.00000 0.00000 0.00000 0.00000 0.00000 0.00000 0.00000 0.00000 0.00000 0.00000 0.00000 0.00000 0.00000 0.00000 0.00000
0.00000 0.35427 0.33444 0.31541 0.29734 0.28027 0.26411 0.24900 0.23488 0.22173 0.20950 0.19815 0.18765 0.17796 0.17815 0.17834 0.17856 0.17885 0.17923 0.17965 0.18017 0.18074 0.18136 0.18207 0.18287 0.18376 0.18474 0.18587 0.18742 0.00000 0.00000 0.00000 0.00000 0.00000 0.00000 0.00000 0.00000 0.00000 0.00000 0.00000 0.00000 0.00000 0.00000 0.00000 0.00000 0.00000 0.00000 0.00000 0.00000 0.00000 0.00000 0.00000 0.00000 0.00000 0.00000 0.00000 0.00000 0.00000 0.00000 0.00000 0.00000 0.00000 0.00000 0.00000 0.00000 0.00000 0.00000 0.00000
0.00000 0.31415 0.29567 0.27808 0.26149 0.24591 0.23126 0.21762 0.20495 0.19319 0.18230 0.17224 0.16295 0.16309 0.16325 0.16342 0.16361 0.16387 0.16422 0.16460 0.16510 0.16561 0.16617 0.16681 0.16753 0.16833 0.16923 0.17043 0.00000 0.00000 0.00000 0.00000 0.00000 0.00000 0.00000 0.00000 0.00000 0.00000 0.00000 0.00000 0.00000 0.00000 0.00000 0.00000 0.00000 0.00000 0.00000 0.00000 0.00000 0.00000 0.00000 0.00000 0.00000 0.00000 0.00000 0.00000 0.00000 0.00000 0.00000 0.00000 0.00000 0.00000 0.00000 0.00000 0.00000 0.00000 0.00000 0.00000
0.00000 0.27678 0.25977 0.24367 0.22860 0.21453 0.20136 0.18917 0.17789 0.16747 0.15785 0.14898 0.14907 0.14918 0.14932 0.14946 0.14963 0.14987 0.15019 0.15055 0.15100 0.15147 0.15199 0.15255 0.15320 0.15394 0.15493 0.00000 0.00000 0.00000 0.00000 0.00000 0.00000 0.00000 0.00000 0.00000 0.00000 0.00000 0.00000 0.00000 0.00000 0.00000 0.00000 0.00000 0.00000 0.00000 0.00000 0.00000 0.00000 0.00000 0.00000 0.00000 0.00000 0.00000 0.00000 0.00000 0.00000 0.00000 0.00000 0.00000 0.00000 0.00000 0.00000 0.00000 0.00000 0.00000 0.00000 0.00000
0.00000 0.24238 0.22688 0.21231 0.19874 0.18615 0.17442 0.16361 0.15365 0.14448 0.13604 0.13609 0.13615 0.13625 0.13637 0.13649 0.13664 0.13686 0.13717 0.13749 0.13791 0.13836 0.13881 0.13932 0.13992 0.14076 0.00000 0.00000 0.00000 0.00000 0.00000 0.00000 0.00000 0.00000 0.00000 0.00000 0.00000 0.00000 0.00000 0.00000 0.00000 0.00000 0.00000 0.00000 0.00000 0.00000 0.00000 0.00000 0.00000 0.00000 0.00000 0.00000 0.00000 0.00000 0.00000 0.00000 0.00000 0.00000 0.00000 0.00000 0.00000 0.00000 0.00000 0.00000 0.00000 0.00000 0.00000 0.00000
0.00000 0.21104 0.19705 0.18399 0.17190 0.16072 0.15036 0.14085 0.13211 0.12409 0.12413 0.12416 0.12421 0.12429 0.12440 0.12450 0.12463 0.12485 0.12512 0.12542 0.12584 0.12624 0.12665 0.12713 0.12785 0.00000 0.00000 0.00000 0.00000 0.00000 0.00000 0.00000 0.00000 0.00000 0.00000 0.00000 0.00000 0.00000 0.00000 0.00000 0.00000 0.00000 0.00000 0.00000 0.00000 0.00000 0.00000 0.00000 0.00000 0.00000 0.00000 0.00000 0.00000 0.00000 0.00000 0.00000 0.00000 0.00000 0.00000 0.00000 0.00000 0.00000 0.00000 0.00000 0.00000 0.00000 0.00000 0.00000
0.00000 0.18277 0.17028 0.15866 0.14797 0.13813 0.12905 0.12073 0.11312 0.11315 0.11317 0.11318 0.11322 0.11329 0.11339 0.11348 0.11360 0.11379 0.11406 0.11435 0.11474 0.11512 0.11551 0.11612 0.00000 0.00000 0.00000 0.00000 0.00000 0.00000 0.00000 0.00000 0.00000 0.00000 0.00000 0.00000 0.00000 0.00000 0.00000 0.00000 0.00000 0.00000 0.00000 0.00000 0.00000 0.00000 0.00000 0.00000 0.00000 0.00000 0.00000 0.00000 0.00000 0.00000 0.00000 0.00000 0.00000 0.00000 0.00000 0.00000 0.00000 0.00000 0.00000 0.00000 0.00000 0.00000 0.00000 0.00000
0.00000 0.15751 0.14645 0.13621 0.12683 0.11822 0.11031 0.10309 0.10311 0.10312 0.10313 0.10312 0.10315 0.10323 0.10332 0.10340 0.10349 0.10367 0.10395 0.10420 0.10460 0.10498 0.10551 0.00000 0.00000 0.00000 0.00000 0.00000 0.00000 0.00000 0.00000 0.00000 0.00000 0.00000 0.00000 0.00000 0.00000 0.00000 0.00000 0.00000 0.00000 0.00000 0.00000 0.00000 0.00000 0.00000 0.00000 0.00000 0.00000 0.00000 0.00000 0.00000 0.00000 0.00000 0.00000 0.00000 0.00000 0.00000 0.00000 0.00000 0.00000 0.00000 0.00000 0.00000 0.00000 0.00000 0.00000 0.00000
0.00000 0.13514 0.12541 0.11645 0.10828 0.10080 0.09395 0.09396 0.09396 0.09396 0.09395 0.09394 0.09398 0.09405 0.09415 0.09418 0.09427 0.09446 0.09471 0.09497 0.09540 0.09596 0.00000 0.00000 0.00000 0.00000 0.00000 0.00000 0.00000 0.00000 0.00000 0.00000 0.00000 0.00000 0.00000 0.00000 0.00000 0.00000 0.00000 0.00000 0.00000 0.00000 0.00000 0.00000 0.00000 0.00000 0.00000 0.00000 0.00000 0.00000 0.00000 0.00000 0.00000 0.00000 0.00000 0.00000 0.00000 0.00000 0.00000 0.00000 0.00000 0.00000 0.00000 0.00000 0.00000 0.00000 0.00000 0.00000
0.00000 0.11548 0.10698 0.09919 0.09211 0.08565 0.08566 0.08565 0.08564 0.08562 0.08561 0.08561 0.08564 0.08573 0.08580 0.08582 0.08591 0.08607 0.08633 0.08660 0.08727 0.00000 0.00000 0.00000 0.00000 0.00000 0.00000 0.00000 0.00000 0.00000 0.00000 0.00000 0.00000 0.00000 0.00000 0.00000 0.00000 0.00000 0.00000 0.00000 0.00000 0.00000 0.00000 0.00000 0.00000 0.00000 0.00000 0.00000 0.00000 0.00000 0.00000 0.00000 0.00000 0.00000 0.00000 0.00000 0.00000 0.00000 0.00000 0.00000 0.00000 0.00000 0.00000 0.00000 0.00000 0.00000 0.00000 0.00000
0.00000 0.09832 0.09095 0.08422 0.07812 0.07815 0.07813 0.07812 0.07808 0.07807 0.07807 0.07805 0.07811 0.07817 0.07824 0.07826 0.07829 0.07846 0.07876 0.07927 0.00000 0.00000 0.00000 0.00000 0.00000 0.00000 0.00000 0.00000 0.00000 0.00000 0.00000 0.00000 0.00000 0.00000 0.00000 0.00000 0.00000 0.00000 0.00000 0.00000 0.00000 0.00000 0.00000 0.00000 0.00000 0.00000 0.00000 0.00000 0.00000 0.00000 0.00000 0.00000 0.00000 0.00000 0.00000 0.00000 0.00000 0.00000 0.00000 0.00000 0.00000 0.00000 0.00000 0.00000 0.00000 0.00000 0.00000 0.00000
0.00000 0.08344 0.07708 0.07129 0.07135 0.07136 0.07133 0.07128 0.07124 0.07125 0.07124 0.07125 0.07127 0.07134 0.07146 0.07137 0.07138 0.07157 0.07221 0.00000 0.00000 0.00000 0.00000 0.00000 0.00000 0.00000 0.00000 0.00000 0.00000 0.00000 0.00000 0.00000 0.00000 0.00000 0.00000 0.00000 0.00000 0.00000 0.00000 0.00000 0.00000 0.00000 0.00000 0.00000 0.00000 0.00000 0.00000 0.00000 0.00000 0.00000 0.00000 0.00000 0.00000 0.00000 0.00000 0.00000 0.00000 0.00000 0.00000 0.00000 0.00000 0.00000 0.00000 0.00000 0.00000 0.00000 0.00000 0.00000
0.00000 0.07061 0.06515 0.06519 0.06523 0.06523 0.06516 0.06511 0.06507 0.06508 0.06513 0.06505 0.06511 0.06526 0.06530 0.06510 0.06508 0.06570 0.00000 0.00000 0.00000 0.00000 0.00000 0.00000 0.00000 0.00000 0.00000 0.00000 0.00000 0.00000 0.00000 0.00000 0.00000 0.00000 0.00000 0.00000 0.00000 0.00000 0.00000 0.00000 0.00000 0.00000 0.00000 0.00000 0.00000 0.00000 0.00000 0.00000 0.00000 0.00000 0.00000 0.00000 0.00000 0.00000 0.00000 0.00000 0.00000 0.00000 0.00000 0.00000 0.00000 0.00000 0.00000 0.00000 0.00000 0.00000 0.00000 0.00000
0.00000 0.05960 0.05968 0.05967 0.05973 0.05967 0.05959 0.05958 0.05947 0.05963 0.05955 0.05946 0.05967 0.05971 0.05976 0.05923 0.05982 0.00000 0.00000 0.00000 0.00000 0.00000 0.00000 0.00000 0.00000 0.00000 0.00000 0.00000 0.00000 0.00000 0.00000 0.00000 0.00000 0.00000 0.00000 0.00000 0.00000 0.00000 0.00000 0.00000 0.00000 0.00000 0.00000 0.00000 0.00000 0.00000 0.00000 0.00000 0.00000 0.00000 0.00000 0.00000 0.00000 0.00000 0.00000 0.00000 0.00000 0.00000 0.00000 0.00000 0.00000 0.00000 0.00000 0.00000 0.00000 0.00000 0.00000 0.00000
0.00000 0.00000 0.00000 0.00000 0.00000 0.00000 0.00000 0.00000 0.00000 0.00000 0.00000 0.00000 0.00000 0.00000 0.00000 0.00000 0.00000 0.00000 0.00000 0.00000 0.00000 0.00000 0.00000 0.00000 0.00000 0.00000 0.00000 0.00000 0.00000 0.00000 0.00000 0.00000 0.00000 0.00000 0.00000 0.00000 0.00000 0.00000 0.00000 0.00000 0.00000 0.00000 0.00000 0.00000 0.00000 0.00000 0.00000 0.00000 0.00000 0.00000 0.00000 0.00000 0.00000 0.00000 0.00000 0.00000 0.00000 0.00000 0.00000 0.00000 0.00000 0.00000 0.00000 0.00000 0.00000 0.00000 0.00000 0.00000
0.00000 0.00000 0.00000 0.00000 0.00000 0.00000 0.00000 0.00000 0.00000 0.00000 0.00000 0.00000 0.00000 0.00000 0.00000 0.00000 0.00000 0.00000 0.00000 0.00000 0.00000 0.00000 0.00000 0.00000 0.00000 0.00000 0.00000 0.00000 0.00000 0.00000 0.00000 0.00000 0.00000 0.00000 0.00000 0.00000 0.00000 0.00000 0.00000 0.00000 0.00000 0.00000 0.00000 0.00000 0.00000 0.00000 0.00000 0.00000 0.00000 0.00000 0.00000 0.00000 0.00000 0.00000 0.00000 0.00000 0.00000 0.00000 0.00000 0.00000 0.00000 0.00000 0.00000 0.00000 0.00000 0.00000 0.00000 0.00000
0.00000 0.00000 0.00000 0.00000 0.00000 0.00000 0.00000 0.00000 0.00000 0.00000 0.00000 0.00000 0.00000 0.00000 0.00000 0.00000 0.00000 0.00000 0.00000 0.00000 0.00000 0.00000 0.00000 0.00000 0.00000 0.00000 0.00000 0.00000 0.00000 0.00000 0.00000 0.00000 0.00000 0.00000 0.00000 0.00000 0.00000 0.00000 0.00000 0.00000 0.00000 0.00000 0.00000 0.00000 0.00000 0.00000 0.00000 0.00000 0.00000 0.00000 0.00000 0.00000 0.00000 0.00000 0.00000 0.00000 0.00000 0.00000 0.00000 0.00000 0.00000 0.00000 0.00000 0.00000 0.00000 0.00000 0.00000 0.00000
0.00000 0.00000 0.00000 0.00000 0.00000 0.00000 0.00000 0.00000 0.00000 0.00000 0.00000 0.00000 0.00000 0.00000 0.00000 0.00000 0.00000 0.00000 0.00000 0.00000 0.00000 0.00000 0.00000 0.00000 0.00000 0.00000 0.00000 0.00000 0.00000 0.00000 0.00000 0.00000 0.00000 0.00000 0.00000 0.00000 0.00000 0.00000 0.00000 0.00000 0.00000 0.00000 0.00000 0.00000 0.00000 0.00000 0.00000 0.00000 0.00000 0.00000 0.00000 0.00000 0.00000 0.00000 0.00000 0.00000 0.00000 0.00000 0.00000 0.00000 0.00000 0.00000 0.00000 0.00000 0.00000 0.00000 0.00000 0.00000
0.00000 0.00000 0.00000 0.00000 0.00000 0.00000 0.00000 0.00000 0.00000 0.00000 0.00000 0.00000 0.00000 0.00000 0.00000 0.00000 0.00000 0.00000 0.00000 0.00000 0.00000 0.00000 0.00000 0.00000 0.00000 0.00000 0.00000 0.00000 0.00000 0.00000 0.00000 0.00000 0.00000 0.00000 0.00000 0.00000 0.00000 0.00000 0.00000 0.00000 0.00000 0.00000 0.00000 0.00000 0.00000 0.00000 0.00000 0.00000 0.00000 0.00000 0.00000 0.00000 0.00000 0.00000 0.00000 0.00000 0.00000 0.00000 0.00000 0.00000 0.00000 0.00000 0.00000 0.00000 0.00000 0.00000 0.00000 0.00000
0.00000 0.00000 0.00000 0.00000 0.00000 0.00000 0.00000 0.00000 0.00000 0.00000 0.00000 0.00000 0.00000 0.00000 0.00000 0.00000 0.00000 0.00000 0.00000 0.00000 0.00000 0.00000 0.00000 0.00000 0.00000 0.00000 0.00000 0.00000 0.00000 0.00000 0.00000 0.00000 0.00000 0.00000 0.00000 0.00000 0.00000 0.00000 0.00000 0.00000 0.00000 0.00000 0.00000 0.00000 0.00000 0.00000 0.00000 0.00000 0.00000 0.00000 0.00000 0.00000 0.00000 0.00000 0.00000 0.00000 0.00000 0.00000 0.00000 0.00000 0.00000 0.00000 0.00000 0.00000 0.00000 0.00000 0.00000 0.00000
0.00000 0.00000 0.00000 0.00000 0.00000 0.00000 0.00000 0.00000 0.00000 0.00000 0.00000 0.00000 0.00000 0.00000 0.00000 0.00000 0.00000 0.00000 0.00000 0.00000 0.00000 0.00000 0.00000 0.00000 0.00000 0.00000 0.00000 0.00000 0.00000 0.00000 0.00000 0.00000 0.00000 0.00000 0.00000 0.00000 0.00000 0.00000 0.00000 0.00000 0.00000 0.00000 0.00000 0.00000 0.00000 0.00000 0.00000 0.00000 0.00000 0.00000 0.00000 0.00000 0.00000 0.00000 0.00000 0.00000 0.00000 0.00000 0.00000 0.00000 0.00000 0.00000 0.00000 0.00000 0.00000 0.00000 0.00000 0.00000
0.00000 0.00000 0.00000 0.00000 0.00000 0.00000 0.00000 0.00000 0.00000 0.00000 0.00000 0.00000 0.00000 0.00000 0.00000 0.00000 0.00000 0.00000 0.00000 0.00000 0.00000 0.00000 0.00000 0.00000 0.00000 0.00000 0.00000 0.00000 0.00000 0.00000 0.00000 0.00000 0.00000 0.00000 0.00000 0.00000 0.00000 0.00000 0.00000 0.00000 0.00000 0.00000 0.00000 0.00000 0.00000 0.00000 0.00000 0.00000 0.00000 0.00000 0.00000 0.00000 0.00000 0.00000 0.00000 0.00000 0.00000 0.00000 0.00000 0.00000 0.00000 0.00000 0.00000 0.00000 0.00000 0.00000 0.00000 0.00000
0.00000 0.00000 0.00000 0.00000 0.00000 0.00000 0.00000 0.00000 0.00000 0.00000 0.00000 0.00000 0.00000 0.00000 0.00000 0.00000 0.00000 0.00000 0.00000 0.00000 0.00000 0.00000 0.00000 0.00000 0.00000 0.00000 0.00000 0.00000 0.00000 0.00000 0.00000 0.00000 0.00000 0.00000 0.00000 0.00000 0.00000 0.00000 0.00000 0.00000 0.00000 0.00000 0.00000 0.00000 0.00000 0.00000 0.00000 0.00000 0.00000 0.00000 0.00000 0.00000 0.00000 0.00000 0.00000 0.00000 0.00000 0.00000 0.00000 0.00000 0.00000 0.00000 0.00000 0.00000 0.00000 0.00000 0.00000 0.00000
0.00000 0.00000 0.00000 0.00000 0.00000 0.00000 0.00000 0.00000 0.00000 0.00000 0.00000 0.00000 0.00000 0.00000 0.00000 0.00000 0.00000 0.00000 0.00000 0.00000 0.00000 0.00000 0.00000 0.00000 0.00000 0.00000 0.00000 0.00000 0.00000 0.00000 0.00000 0.00000 0.00000 0.00000 0.00000 0.00000 0.00000 0.00000 0.00000 0.00000 0.00000 0.00000 0.00000 0.00000 0.00000 0.00000 0.00000 0.00000 0.00000 0.00000 0.00000 0.00000 0.00000 0.00000 0.00000 0.00000 0.00000 0.00000 0.00000 0.00000 0.00000 0.00000 0.00000 0.00000 0.00000 0.00000 0.00000 0.00000
0.00000 0.00000 0.00000 0.00000 0.00000 0.00000 0.00000 0.00000 0.00000 0.00000 0.00000 0.00000 0.00000 0.00000 0.00000 0.00000 0.00000 0.00000 0.00000 0.00000 0.00000 0.00000 0.00000 0.00000 0.00000 0.00000 0.00000 0.00000 0.00000 0.00000 0.00000 0.00000 0.00000 0.00000 0.00000 0.00000 0.00000 0.00000 0.00000 0.00000 0.00000 0.00000 0.00000 0.00000 0.00000 0.00000 0.00000 0.00000 0.00000 0.00000 0.00000 0.00000 0.00000 0.00000 0.00000 0.00000 0.00000 0.00000 0.00000 0.00000 0.00000 0.00000 0.00000 0.00000 0.00000 0.00000 0.00000 0.00000
0.00000 0.00000 0.00000 0.00000 0.00000 0.00000 0.00000 0.00000 0.00000 0.00000 0.00000 0.00000 0.00000 0.00000 0.00000 0.00000 0.00000 0.00000 0.00000 0.00000 0.00000 0.00000 0.00000 0.00000 0.00000 0.00000 0.00000 0.00000 0.00000 0.00000 0.00000 0.00000 0.00000 0.00000 0.00000 0.00000 0.00000 0.00000 0.00000 0.00000 0.00000 0.00000 0.00000 0.00000 0.00000 0.00000 0.00000 0.00000 0.00000 0.00000 0.00000 0.00000 0.00000 0.00000 0.00000 0.00000 0.00000 0.00000 0.00000 0.00000 0.00000 0.00000 0.00000 0.00000 0.00000 0.00000 0.00000 0.00000
0.00000 0.00000 0.00000 0.00000 0.00000 0.00000 0.00000 0.00000 0.00000 0.00000 0.00000 0.00000 0.00000 0.00000 0.00000 0.00000 0.00000 0.00000 0.00000 0.00000 0.00000 0.00000 0.00000 0.00000 0.00000 0.00000 0.00000 0.00000 0.00000 0.00000 0.00000 0.00000 0.00000 0.00000 0.00000 0.00000 0.00000 0.00000 0.00000 0.00000 0.00000 0.00000 0.00000 0.00000 0.00000 0.00000 0.00000 0.00000 0.00000 0.00000 0.00000 0.00000 0.00000 0.00000 0.00000 0.00000 0.00000 0.00000 0.00000 0.00000 0.00000 0.00000 0.00000 0.00000 0.00000 0.00000 0.00000 0.00000
0.00000 0.00000 0.00000 0.00000 0.00000 0.00000 0.00000 0.00000 0.00000 0.00000 0.00000 0.00000 0.00000 0.00000 0.00000 0.00000 0.00000 0.00000 0.00000 0.00000 0.00000 0.00000 0.00000 0.00000 0.00000 0.00000 0.00000 0.00000 0.00000 0.00000 0.00000 0.00000 0.00000 0.00000 0.00000 0.00000 0.00000 0.00000 0.00000 0.00000 0.00000 0.00000 0.00000 0.00000 0.00000 0.00000 0.00000 0.00000 0.00000 0.00000 0.00000 0.00000 0.00000 0.00000 0.00000 0.00000 0.00000 0.00000 0.00000 0.00000 0.00000 0.00000 0.00000 0.00000 0.00000 0.00000 0.00000 0.00000
0.00000 0.00000 0.00000 0.00000 0.00000 0.00000 0.00000 0.00000 0.00000 0.00000 0.00000 0.00000 0.00000 0.00000 0.00000 0.00000 0.00000 0.00000 0.00000 0.00000 0.00000 0.00000 0.00000 0.00000 0.00000 0.00000 0.00000 0.00000 0.00000 0.00000 0.00000 0.00000 0.00000 0.00000 0.00000 0.00000 0.00000 0.00000 0.00000 0.00000 0.00000 0.00000 0.00000 0.00000 0.00000 0.00000 0.00000 0.00000 0.00000 0.00000 0.00000 0.00000 0.00000 0.00000 0.00000 0.00000 0.00000 0.00000 0.00000 0.00000 0.00000 0.00000 0.00000 0.00000 0.00000 0.00000 0.00000 0.00000
0.00000 0.00000 0.00000 0.00000 0.00000 0.00000 0.00000 0.00000 0.00000 0.00000 0.00000 0.00000 0.00000 0.00000 0.00000 0.00000 0.00000 0.00000 0.00000 0.00000 0.00000 0.00000 0.00000 0.00000 0.00000 0.00000 0.00000 0.00000 0.00000 0.00000 0.00000 0.00000 0.00000 0.00000 0.00000 0.00000 0.00000 0.00000 0.00000 0.00000 0.00000 0.00000 0.00000 0.00000 0.00000 0.00000 0.00000 0.00000 0.00000 0.00000 0.00000 0.00000 0.00000 0.00000 0.00000 0.00000 0.00000 0.00000 0.00000 0.00000 0.00000 0.00000 0.00000 0.00000 0.00000 0.00000 0.00000 0.00000
