0.00000 0.83344 0.81207 0.78809 0.76558 0.74315 0.72118 0.70053 0.68124 0.66390 0.64786 0.63424 0.62323 0.61533 0.63822 0.66736 0.70507 0.75315 0.81514 0.89588 1.00013 1.13536 1.31054 1.53684 1.82581 2.19291 2.66050 3.26138 4.06790 5.24890 7.26509 11.41378
0.00000 0.78360 0.76041 0.73574 0.71271 0.69003 0.66801 0.64754 0.62852 0.61157 0.59597 0.58288 0.57242 0.59069 0.61422 0.64429 0.68345 0.73348 0.79871 0.88371 0.99434 1.13863 1.32675 1.57131 1.88506 2.28497 2.79416 3.44597 4.31501 5.58007 7.73281 0.00000
0.00000 0.73117 0.70759 0.68292 0.65995 0.63754 0.61593 0.59598 0.57757 0.56127 0.54641 0.53410 0.54868 0.56765 0.59215 0.62365 0.66468 0.71768 0.78666 0.87720 0.99578 1.15145 1.35574 1.62279 1.96659 2.40464 2.96096 3.66871 4.60605 5.96287 0.00000 0.00000
0.00000 0.67902 0.65521 0.63088 0.60840 0.58660 0.56571 0.54655 0.52898 0.51353 0.49965 0.51137 0.52672 0.54669 0.57261 0.60590 0.64979 0.70613 0.78005 0.87745 1.00602 1.17587 1.40010 1.69440 2.07294 2.55399 3.16160 3.92951 4.93974 0.00000 0.00000 0.00000
0.00000 0.62729 0.60386 0.58021 0.55853 0.53761 0.51772 0.49954 0.48300 0.46860 0.47788 0.49044 0.50683 0.52825 0.55593 0.59201 0.63902 0.69980 0.77976 0.88586 1.02686 1.21422 1.46281 1.78871 2.20661 2.73467 3.39750 4.22907 0.00000 0.00000 0.00000 0.00000
0.00000 0.57687 0.55427 0.53155 0.51082 0.49097 0.47223 0.45520 0.43984 0.44771 0.45789 0.47155 0.48941 0.51258 0.54307 0.58212 0.63328 0.69950 0.78705 0.90403 1.06034 1.26928 1.54619 1.90817 2.36941 2.94851 3.66992 0.00000 0.00000 0.00000 0.00000 0.00000
0.00000 0.52847 0.50688 0.48523 0.46556 0.44691 0.42942 0.41365 0.41980 0.42856 0.43985 0.45502 0.47461 0.50062 0.53402 0.57702 0.63318 0.70625 0.80325 0.93367 1.10889 1.34308 1.65249 2.05454 2.56343 3.19694 0.00000 0.00000 0.00000 0.00000 0.00000 0.00000
0.00000 0.48236 0.46180 0.44143 0.42291 0.40557 0.38939 0.39447 0.40145 0.41128 0.42404 0.44095 0.46344 0.49228 0.52954 0.57722 0.63958 0.72110 0.82979 0.97695 1.17425 1.43773 1.78340 2.23016 2.79032 0.00000 0.00000 0.00000 0.00000 0.00000 0.00000 0.00000
0.00000 0.43864 0.41916 0.40020 0.38297 0.36699 0.37100 0.37693 0.38488 0.39610 0.41048 0.43041 0.45569 0.48830 0.52999 0.58344 0.65338 0.74524 0.86874 1.03540 1.25855 1.55493 1.94146 2.43679 0.00000 0.00000 0.00000 0.00000 0.00000 0.00000 0.00000 0.00000
0.00000 0.39745 0.37909 0.36160 0.34569 0.34941 0.35419 0.36110 0.37032 0.38298 0.40038 0.42309 0.45214 0.48896 0.53600 0.59637 0.67556 0.78059 0.92142 1.11109 1.36353 1.69752 2.12869 0.00000 0.00000 0.00000 0.00000 0.00000 0.00000 0.00000 0.00000 0.00000
0.00000 0.35880 0.34168 0.32561 0.32874 0.33341 0.33897 0.34716 0.35754 0.37330 0.39324 0.41980 0.45298 0.49480 0.54813 0.61675 0.70793 0.82808 0.98962 1.20554 1.49214 1.86745 0.00000 0.00000 0.00000 0.00000 0.00000 0.00000 0.00000 0.00000 0.00000 0.00000
0.00000 0.32274 0.30685 0.30929 0.31328 0.31905 0.32553 0.33466 0.34826 0.36633 0.39002 0.42068 0.45883 0.50633 0.56702 0.64659 0.75138 0.88954 1.07448 1.32190 1.64610 0.00000 0.00000 0.00000 0.00000 0.00000 0.00000 0.00000 0.00000 0.00000 0.00000 0.00000
0.00000 0.28916 0.29107 0.29446 0.29921 0.30681 0.31265 0.32597 0.34129 0.36323 0.39079 0.42628 0.47032 0.52378 0.59500 0.68645 0.80803 0.96576 1.17972 1.46208 0.00000 0.00000 0.00000 0.00000 0.00000 0.00000 0.00000 0.00000 0.00000 0.00000 0.00000 0.00000
0.00000 0.00000 0.00000 0.00000 0.00000 0.00000 0.00000 0.00000 0.00000 0.00000 0.00000 0.00000 0.00000 0.00000 0.00000 0.00000 0.00000 0.00000 0.00000 0.00000 0.00000 0.00000 0.00000 0.00000 0.00000 0.00000 0.00000 0.00000 0.00000 0.00000 0.00000 0.00000
0.00000 0.00000 0.00000 0.00000 0.00000 0.00000 0.00000 0.00000 0.00000 0.00000 0.00000 0.00000 0.00000 0.00000 0.00000 0.00000 0.00000 0.00000 0.00000 0.00000 0.00000 0.00000 0.00000 0.00000 0.00000 0.00000 0.00000 0.00000 0.00000 0.00000 0.00000 0.00000
0.00000 0.00000 0.00000 0.00000 0.00000 0.00000 0.00000 0.00000 0.00000 0.00000 0.00000 0.00000 0.00000 0.00000 0.00000 0.00000 0.00000 0.00000 0.00000 0.00000 0.00000 0.00000 0.00000 0.00000 0.00000 0.00000 0.00000 0.00000 0.00000 0.00000 0.00000 0.00000
0.00000 0.00000 0.00000 0.00000 0.00000 0.00000 0.00000 0.00000 0.00000 0.00000 0.00000 0.00000 0.00000 0.00000 0.00000 0.00000 0.00000 0.00000 0.00000 0.00000 0.00000 0.00000 0.00000 0.00000 0.00000 0.00000 0.00000 0.00000 0.00000 0.00000 0.00000 0.00000
0.00000 0.00000 0.00000 0.00000 0.00000 0.00000 0.00000 0.00000 0.00000 0.00000 0.00000 0.00000 0.00000 0.00000 0.00000 0.00000 0.00000 0.00000 0.00000 0.00000 0.00000 0.00000 0.00000 0.00000 0.00000 0.00000 0.00000 0.00000 0.00000 0.00000 0.00000 0.00000
0.00000 0.00000 0.00000 0.00000 0.00000 0.00000 0.00000 0.00000 0.00000 0.00000 0.00000 0.00000 0.00000 0.00000 0.00000 0.00000 0.00000 0.00000 0.00000 0.00000 0.00000 0.00000 0.00000 0.00000 0.00000 0.00000 0.00000 0.00000 0.00000 0.00000 0.00000 0.00000
0.00000 0.00000 0.00000 0.00000 0.00000 0.00000 0.00000 0.00000 0.00000 0.00000 0.00000 0.00000 0.00000 0.00000 0.00000 0.00000 0.00000 0.00000 0.00000 0.00000 0.00000 0.00000 0.00000 0.00000 0.00000 0.00000 0.00000 0.00000 0.00000 0.00000 0.00000 0.00000
0.00000 0.00000 0.00000 0.00000 0.00000 0.00000 0.00000 0.00000 0.00000 0.00000 0.00000 0.00000 0.00000 0.00000 0.00000 0.00000 0.00000 0.00000 0.00000 0.00000 0.00000 0.00000 0.00000 0.00000 0.00000 0.00000 0.00000 0.00000 0.00000 0.00000 0.00000 0.00000
0.00000 0.00000 0.00000 0.00000 0.00000 0.00000 0.00000 0.00000 0.00000 0.00000 0.00000 0.00000 0.00000 0.00000 0.00000 0.00000 0.00000 0.00000 0.00000 0.00000 0.00000 0.00000 0.00000 0.00000 0.00000 0.00000 0.00000 0.00000 0.00000 0.00000 0.00000 0.00000
0.00000 0.00000 0.00000 0.00000 0.00000 0.00000 0.00000 0.00000 0.00000 0.00000 0.00000 0.00000 0.00000 0.00000 0.00000 0.00000 0.00000 0.00000 0.00000 0.00000 0.00000 0.00000 0.00000 0.00000 0.00000 0.00000 0.00000 0.00000 0.00000 0.00000 0.00000 0.00000
0.00000 0.00000 0.00000 0.00000 0.00000 0.00000 0.00000 0.00000 0.00000 0.00000 0.00000 0.00000 0.00000 0.00000 0.00000 0.00000 0.00000 0.00000 0.00000 0.00000 0.00000 0.00000 0.00000 0.00000 0.00000 0.00000 0.00000 0.00000 0.00000 0.00000 0.00000 0.00000
0.00000 0.00000 0.00000 0.00000 0.00000 0.00000 0.00000 0.00000 0.00000 0.00000 0.00000 0.00000 0.00000 0.00000 0.00000 0.00000 0.00000 0.00000 0.00000 0.00000 0.00000 0.00000 0.00000 0.00000 0.00000 0.00000 0.00000 0.00000 0.00000 0.00000 0.00000 0.00000
0.00000 0.00000 0.00000 0.00000 0.00000 0.00000 0.00000 0.00000 0.00000 0.00000 0.00000 0.00000 0.00000 0.00000 0.00000 0.00000 0.00000 0.00000 0.00000 0.00000 0.00000 0.00000 0.00000 0.00000 0.00000 0.00000 0.00000 0.00000 0.00000 0.00000 0.00000 0.00000
0.00000 0.00000 0.00000 0.00000 0.00000 0.00000 0.00000 0.00000 0.00000 0.00000 0.00000 0.00000 0.00000 0.00000 0.00000 0.00000 0.00000 0.00000 0.00000 0.00000 0.00000 0.00000 0.00000 0.00000 0.00000 0.00000 0.00000 0.00000 0.00000 0.00000 0.00000 0.00000
0.00000 0.00000 0.00000 0.00000 0.00000 0.00000 0.00000 0.00000 0.00000 0.00000 0.00000 0.00000 0.00000 0.00000 0.00000 0.00000 0.00000 0.00000 0.00000 0.00000 0.00000 0.00000 0.00000 0.00000 0.00000 0.00000 0.00000 0.00000 0.00000 0.00000 0.00000 0.00000
0.00000 0.00000 0.00000 0.00000 0.00000 0.00000 0.00000 0.00000 0.00000 0.00000 0.00000 0.00000 0.00000 0.00000 0.00000 0.00000 0.00000 0.00000 0.00000 0.00000 0.00000 0.00000 0.00000 0.00000 0.00000 0.00000 0.00000 0.00000 0.00000 0.00000 0.00000 0.00000
0.00000 0.00000 0.00000 0.00000 0.00000 0.00000 0.00000 0.00000 0.00000 0.00000 0.00000 0.00000 0.00000 0.00000 0.00000 0.00000 0.00000 0.00000 0.00000 0.00000 0.00000 0.00000 0.00000 0.00000 0.00000 0.00000 0.00000 0.00000 0.00000 0.00000 0.00000 0.00000
0.00000 0.00000 0.00000 0.00000 0.00000 0.00000 0.00000 0.00000 0.00000 0.00000 0.00000 0.00000 0.00000 0.00000 0.00000 0.00000 0.00000 0.00000 0.00000 0.00000 0.00000 0.00000 0.00000 0.00000 0.00000 0.00000 0.00000 0.00000 0.00000 0.00000 0.00000 0.00000
0.00000 0.00000 0.00000 0.00000 0.00000 0.00000 0.00000 0.00000 0.00000 0.00000 0.00000 0.00000 0.00000 0.00000 0.00000 0.00000 0.00000 0.00000 0.00000 0.00000 0.00000 0.00000 0.00000 0.00000 0.00000 0.00000 0.00000 0.00000 0.00000 0.00000 0.00000 0.00000
