0.00000 2.50814 2.60227 2.67592 2.75470 2.82963 2.89901 2.96844 3.03672 3.10508 3.16602 3.22622 3.28435 3.34170 3.39927 3.45717 3.52211 3.59061 3.66750 3.75522 3.84970 3.95287 4.06715 4.20142 4.35587 4.54417 4.78930 5.11012 5.56919 6.29227 7.76956 10.67830
0.00000 2.53321 2.61253 2.68016 2.75507 2.82722 2.89460 2.96264 3.03010 3.09807 3.15888 3.21911 3.27726 3.33458 3.39198 3.44954 3.51393 3.58166 3.65753 3.74396 3.83684 3.93813 4.05023 4.18204 4.33376 4.51910 4.76110 5.07892 5.53593 6.42202 7.94755 0.00000
0.00000 2.52900 2.60664 2.67260 2.74608 2.81718 2.88394 2.95178 3.01937 3.08764 3.14883 3.20938 3.26774 3.32508 3.38228 3.43943 3.50316 3.56995 3.64458 3.72945 3.82049 3.91961 4.02927 4.15836 4.30714 4.48943 4.72856 5.04472 5.64444 6.56616 0.00000 0.00000
0.00000 2.52171 2.59768 2.66229 2.73487 2.80552 2.87226 2.94041 3.00845 3.07722 3.13883 3.19965 3.25807 3.31524 3.37204 3.42851 3.49127 3.55680 3.62984 3.71282 3.80164 3.89826 4.00515 4.13125 4.27696 4.45639 4.69396 5.13984 5.76772 0.00000 0.00000 0.00000
0.00000 2.51136 2.58614 2.65008 2.72242 2.79326 2.86052 2.92930 2.99797 3.06724 3.12918 3.19008 3.24834 3.30508 3.36118 3.41665 3.47809 3.54198 3.61307 3.69376 3.78000 3.87378 3.97763 4.10061 4.24344 4.42135 4.77991 5.24960 0.00000 0.00000 0.00000 0.00000
0.00000 2.49898 2.57334 2.63728 2.71005 2.78159 2.84963 2.91915 2.98839 3.05802 3.12005 3.18078 3.23858 3.29457 3.34960 3.40368 3.46341 3.52526 3.59398 3.67200 3.75532 3.84598 3.94664 4.06668 4.20800 4.50059 4.88040 0.00000 0.00000 0.00000 0.00000 0.00000
0.00000 2.48614 2.56071 2.62532 2.69896 2.77142 2.84028 2.91042 2.98002 3.04970 3.11151 3.17170 3.22867 3.28351 3.33706 3.38935 3.44693 3.50631 3.57226 3.64725 3.72735 3.81473 3.91241 4.03091 4.28256 4.59422 0.00000 0.00000 0.00000 0.00000 0.00000 0.00000
0.00000 2.47417 2.54962 2.61527 2.68992 2.76324 2.83271 2.90316 2.97276 3.04213 3.10331 3.16258 3.21829 3.27153 3.32315 3.37317 3.42816 3.48465 3.54746 3.61913 3.69585 3.78018 3.87630 4.10202 4.37143 0.00000 0.00000 0.00000 0.00000 0.00000 0.00000 0.00000
0.00000 2.46438 2.54097 2.60766 2.68315 2.75703 2.82674 2.89708 2.96626 3.03487 3.09501 3.15288 3.20685 3.25803 3.30725 3.35454 3.40651 3.45973 3.51910 3.58728 3.66088 3.74364 3.94463 4.18736 0.00000 0.00000 0.00000 0.00000 0.00000 0.00000 0.00000 0.00000
0.00000 2.45728 2.53484 2.60232 2.67827 2.75227 2.82174 2.89153 2.95983 3.02725 3.08584 3.14183 3.19359 3.24221 3.28855 3.33267 3.38124 3.43089 3.48667 3.55165 3.62366 3.80984 4.02713 0.00000 0.00000 0.00000 0.00000 0.00000 0.00000 0.00000 0.00000 0.00000
0.00000 2.45256 2.53081 2.59861 2.67454 2.74813 2.81690 2.88565 2.95259 3.01831 3.07487 3.12849 3.17754 3.22313 3.26615 3.30672 3.35158 3.39754 3.45004 3.51342 3.68794 3.89020 0.00000 0.00000 0.00000 0.00000 0.00000 0.00000 0.00000 0.00000 0.00000 0.00000
0.00000 2.44946 2.52790 2.59551 2.67089 2.74362 2.81118 2.87843 2.94351 3.00705 3.06107 3.11182 3.15768 3.19980 3.23912 3.27586 3.31690 3.35949 3.41040 3.57584 3.76645 0.00000 0.00000 0.00000 0.00000 0.00000 0.00000 0.00000 0.00000 0.00000 0.00000 0.00000
0.00000 2.44702 2.52508 2.59196 2.66631 2.73768 2.80358 2.86882 2.93156 2.99241 3.04339 3.09079 3.13301 3.17129 3.20664 3.23945 3.27706 3.31808 3.47093 3.65265 0.00000 0.00000 0.00000 0.00000 0.00000 0.00000 0.00000 0.00000 0.00000 0.00000 0.00000 0.00000
0.00000 2.44408 2.52124 2.58694 2.65979 2.72935 2.79306 2.85578 2.91566 2.97333 3.02078 3.06439 3.10263 3.13679 3.16810 3.19740 3.23349 3.37700 3.54617 0.00000 0.00000 0.00000 0.00000 0.00000 0.00000 0.00000 0.00000 0.00000 0.00000 0.00000 0.00000 0.00000
0.00000 2.43956 2.51543 2.57944 2.65033 2.71756 2.77858 2.83828 2.89479 2.94879 2.99229 3.03176 3.06575 3.09577 3.12350 3.15132 3.29102 3.45112 0.00000 0.00000 0.00000 0.00000 0.00000 0.00000 0.00000 0.00000 0.00000 0.00000 0.00000 0.00000 0.00000 0.00000
0.00000 2.43264 2.50668 2.56857 2.63697 2.70135 2.75915 2.81532 2.86798 2.91788 2.95707 2.99217 3.02190 3.04827 3.07460 3.20742 3.36440 0.00000 0.00000 0.00000 0.00000 0.00000 0.00000 0.00000 0.00000 0.00000 0.00000 0.00000 0.00000 0.00000 0.00000 0.00000
0.00000 2.42238 2.49415 2.55334 2.61877 2.67975 2.73381 2.78593 2.83431 2.87980 2.91446 2.94519 2.97122 2.99627 3.12961 3.28013 0.00000 0.00000 0.00000 0.00000 0.00000 0.00000 0.00000 0.00000 0.00000 0.00000 0.00000 0.00000 0.00000 0.00000 0.00000 0.00000
0.00000 2.40796 2.47684 2.53282 2.59471 2.65179 2.70159 2.74926 2.79304 2.83391 2.86408 2.89108 2.91586 3.05006 3.20217 0.00000 0.00000 0.00000 0.00000 0.00000 0.00000 0.00000 0.00000 0.00000 0.00000 0.00000 0.00000 0.00000 0.00000 0.00000 0.00000 0.00000
0.00000 2.38824 2.45377 2.50601 2.56386 2.61653 2.66165 2.70457 2.74358 2.77992 2.80628 2.83214 2.96834 3.12240 0.00000 0.00000 0.00000 0.00000 0.00000 0.00000 0.00000 0.00000 0.00000 0.00000 0.00000 0.00000 0.00000 0.00000 0.00000 0.00000 0.00000 0.00000
0.00000 2.36245 2.42400 2.47196 2.52532 2.57318 2.61336 2.65139 2.68573 2.71829 2.74359 2.88317 3.04046 0.00000 0.00000 0.00000 0.00000 0.00000 0.00000 0.00000 0.00000 0.00000 0.00000 0.00000 0.00000 0.00000 0.00000 0.00000 0.00000 0.00000 0.00000 0.00000
0.00000 2.32963 2.38664 2.42990 2.47837 2.52120 2.55633 2.58962 2.62014 2.65178 2.79293 2.95501 0.00000 0.00000 0.00000 0.00000 0.00000 0.00000 0.00000 0.00000 0.00000 0.00000 0.00000 0.00000 0.00000 0.00000 0.00000 0.00000 0.00000 0.00000 0.00000 0.00000
0.00000 2.28892 2.34096 2.37920 2.42260 2.46035 2.49064 2.52010 2.54977 2.69943 2.86425 0.00000 0.00000 0.00000 0.00000 0.00000 0.00000 0.00000 0.00000 0.00000 0.00000 0.00000 0.00000 0.00000 0.00000 0.00000 0.00000 0.00000 0.00000 0.00000 0.00000 0.00000
0.00000 2.23973 2.28649 2.31960 2.35790 2.39085 2.41728 2.44603 2.59482 2.77032 0.00000 0.00000 0.00000 0.00000 0.00000 0.00000 0.00000 0.00000 0.00000 0.00000 0.00000 0.00000 0.00000 0.00000 0.00000 0.00000 0.00000 0.00000 0.00000 0.00000 0.00000 0.00000
0.00000 2.18171 2.22308 2.25115 2.28473 2.31394 2.33975 2.48873 2.66406 0.00000 0.00000 0.00000 0.00000 0.00000 0.00000 0.00000 0.00000 0.00000 0.00000 0.00000 0.00000 0.00000 0.00000 0.00000 0.00000 0.00000 0.00000 0.00000 0.00000 0.00000 0.00000 0.00000
0.00000 2.11506 2.15111 2.17462 2.20454 2.23334 2.38024 2.55656 0.00000 0.00000 0.00000 0.00000 0.00000 0.00000 0.00000 0.00000 0.00000 0.00000 0.00000 0.00000 0.00000 0.00000 0.00000 0.00000 0.00000 0.00000 0.00000 0.00000 0.00000 0.00000 0.00000 0.00000
0.00000 2.04017 2.07142 2.09159 2.12122 2.27243 2.44658 0.00000 0.00000 0.00000 0.00000 0.00000 0.00000 0.00000 0.00000 0.00000 0.00000 0.00000 0.00000 0.00000 0.00000 0.00000 0.00000 0.00000 0.00000 0.00000 0.00000 0.00000 0.00000 0.00000 0.00000 0.00000
0.00000 1.95832 1.98592 2.00620 2.15814 2.33827 0.00000 0.00000 0.00000 0.00000 0.00000 0.00000 0.00000 0.00000 0.00000 0.00000 0.00000 0.00000 0.00000 0.00000 0.00000 0.00000 0.00000 0.00000 0.00000 0.00000 0.00000 0.00000 0.00000 0.00000 0.00000 0.00000
0.00000 1.87137 1.89875 2.04029 2.22158 0.00000 0.00000 0.00000 0.00000 0.00000 0.00000 0.00000 0.00000 0.00000 0.00000 0.00000 0.00000 0.00000 0.00000 0.00000 0.00000 0.00000 0.00000 0.00000 0.00000 0.00000 0.00000 0.00000 0.00000 0.00000 0.00000 0.00000
0.00000 1.78366 1.93508 2.09647 0.00000 0.00000 0.00000 0.00000 0.00000 0.00000 0.00000 0.00000 0.00000 0.00000 0.00000 0.00000 0.00000 0.00000 0.00000 0.00000 0.00000 0.00000 0.00000 0.00000 0.00000 0.00000 0.00000 0.00000 0.00000 0.00000 0.00000 0.00000
0.00000 0.00000 0.00000 0.00000 0.00000 0.00000 0.00000 0.00000 0.00000 0.00000 0.00000 0.00000 0.00000 0.00000 0.00000 0.00000 0.00000 0.00000 0.00000 0.00000 0.00000 0.00000 0.00000 0.00000 0.00000 0.00000 0.00000 0.00000 0.00000 0.00000 0.00000 0.00000
0.00000 0.00000 0.00000 0.00000 0.00000 0.00000 0.00000 0.00000 0.00000 0.00000 0.00000 0.00000 0.00000 0.00000 0.00000 0.00000 0.00000 0.00000 0.00000 0.00000 0.00000 0.00000 0.00000 0.00000 0.00000 0.00000 0.00000 0.00000 0.00000 0.00000 0.00000 0.00000
0.00000 0.00000 0.00000 0.00000 0.00000 0.00000 0.00000 0.00000 0.00000 0.00000 0.00000 0.00000 0.00000 0.00000 0.00000 0.00000 0.00000 0.00000 0.00000 0.00000 0.00000 0.00000 0.00000 0.00000 0.00000 0.00000 0.00000 0.00000 0.00000 0.00000 0.00000 0.00000
