0.67257 0.64597 0.62228 0.60130 0.58255 0.56632 0.55277 0.54174 0.53365 0.52853 0.52647 0.52749 0.53170 0.53949 0.55019 0.56406 0.58086 0.60042 0.62236 0.64642 0.67311 0.70175 0.73243 0.76524 0.80060 0.83940 0.88233 0.93121 0.98672 1.05281 1.13469 1.24061 1.38401 1.58496 1.88016 2.36422 3.34859
0.65878 0.63162 0.60753 0.58631 0.56741 0.55113 0.53763 0.52674 0.51887 0.51404 0.51235 0.51381 0.51852 0.52688 0.53820 0.55272 0.57023 0.59051 0.61320 0.63801 0.66547 0.69489 0.72636 0.75997 0.79613 0.83577 0.87959 0.92942 0.98598 1.05326 1.13658 1.24431 1.39011 1.59436 1.89427 2.38584 0.00000
0.64226 0.61462 0.59023 0.56885 0.54990 0.53368 0.52033 0.50967 0.50212 0.49769 0.49647 0.49846 0.50378 0.51280 0.52482 0.54010 0.55838 0.57948 0.60299 0.62863 0.65694 0.68720 0.71952 0.75398 0.79101 0.83154 0.87630 0.92716 0.98484 1.05342 1.13836 1.24815 1.39672 1.60475 1.90989 0.00000 0.00000
0.62371 0.59565 0.57104 0.54958 0.53067 0.51461 0.50152 0.49120 0.48408 0.48017 0.47953 0.48218 0.48820 0.49799 0.51083 0.52695 0.54612 0.56811 0.59252 0.61907 0.64830 0.67948 0.71270 0.74806 0.78600 0.82748 0.87324 0.92521 0.98413 1.05422 1.14110 1.25348 1.40558 1.61833 0.00000 0.00000 0.00000
0.60327 0.57487 0.55014 0.52871 0.50997 0.49418 0.48149 0.47167 0.46514 0.46188 0.46199 0.46544 0.47230 0.48300 0.49678 0.51388 0.53404 0.55703 0.58244 0.60998 0.64021 0.67237 0.70655 0.74288 0.78176 0.82424 0.87107 0.92424 0.98460 1.05655 1.14598 1.26185 1.41865 0.00000 0.00000 0.00000 0.00000
0.58127 0.55262 0.52787 0.50661 0.48817 0.47284 0.46071 0.45159 0.44581 0.44341 0.44445 0.44888 0.45677 0.46854 0.48343 0.50165 0.52294 0.54705 0.57356 0.60218 0.63349 0.66668 0.70188 0.73920 0.77907 0.82260 0.87059 0.92511 0.98723 1.06161 1.15449 1.27503 0.00000 0.00000 0.00000 0.00000 0.00000
0.55787 0.52908 0.50448 0.48353 0.46560 0.45091 0.43956 0.43138 0.42660 0.42529 0.42749 0.43315 0.44229 0.45531 0.47150 0.49102 0.51359 0.53894 0.56665 0.59646 0.62890 0.66319 0.69944 0.73778 0.77867 0.82331 0.87257 0.92869 0.99307 1.07069 1.16812 0.00000 0.00000 0.00000 0.00000 0.00000 0.00000
0.53309 0.50432 0.48008 0.45966 0.44247 0.42869 0.41840 0.41144 0.40795 0.40801 0.41166 0.41882 0.42948 0.44401 0.46170 0.48272 0.50672 0.53346 0.56248 0.59355 0.62716 0.66259 0.69991 0.73929 0.78124 0.82708 0.87778 0.93591 1.00325 1.08512 0.00000 0.00000 0.00000 0.00000 0.00000 0.00000 0.00000
0.50689 0.47838 0.45475 0.43516 0.41902 0.40646 0.39756 0.39217 0.39031 0.39210 0.39754 0.40651 0.41900 0.43531 0.45475 0.47746 0.50309 0.53135 0.56178 0.59417 0.62899 0.66556 0.70398 0.74440 0.78747 0.83462 0.88708 0.94782 1.01898 0.00000 0.00000 0.00000 0.00000 0.00000 0.00000 0.00000 0.00000
0.47923 0.45130 0.42863 0.41022 0.39551 0.38459 0.37749 0.37406 0.37424 0.37815 0.38576 0.39690 0.41156 0.42996 0.45139 0.47602 0.50342 0.53334 0.56527 0.59904 0.63509 0.67279 0.71230 0.75378 0.79806 0.84676 0.90145 0.96553 0.00000 0.00000 0.00000 0.00000 0.00000 0.00000 0.00000 0.00000 0.00000
0.45011 0.42317 0.40190 0.38513 0.37233 0.36350 0.35868 0.35769 0.36037 0.36684 0.37704 0.39073 0.40790 0.42870 0.45239 0.47913 0.50848 0.54018 0.57367 0.60884 0.64612 0.68493 0.72552 0.76810 0.81375 0.86438 0.92190 0.00000 0.00000 0.00000 0.00000 0.00000 0.00000 0.00000 0.00000 0.00000 0.00000
0.41955 0.39414 0.37481 0.36025 0.34992 0.34375 0.34178 0.34375 0.34943 0.35894 0.37217 0.38880 0.40881 0.43232 0.45852 0.48755 0.51897 0.55252 0.58762 0.62418 0.66269 0.70258 0.74424 0.78804 0.83533 0.88836 0.00000 0.00000 0.00000 0.00000 0.00000 0.00000 0.00000 0.00000 0.00000 0.00000 0.00000
0.38759 0.36442 0.34771 0.33607 0.32888 0.32602 0.32751 0.33301 0.34225 0.35529 0.37199 0.39195 0.41512 0.44160 0.47051 0.50198 0.53555 0.57098 0.60768 0.64561 0.68531 0.72627 0.76905 0.81426 0.86356 0.00000 0.00000 0.00000 0.00000 0.00000 0.00000 0.00000 0.00000 0.00000 0.00000 0.00000 0.00000
0.35427 0.33427 0.32107 0.31318 0.30993 0.31110 0.31674 0.32639 0.33973 0.35680 0.37739 0.40105 0.42765 0.45732 0.48908 0.52307 0.55882 0.59612 0.63437 0.67360 0.71446 0.75649 0.80050 0.84737 0.00000 0.00000 0.00000 0.00000 0.00000 0.00000 0.00000 0.00000 0.00000 0.00000 0.00000 0.00000 0.00000
0.31963 0.30404 0.29547 0.29235 0.29395 0.29997 0.31049 0.32492 0.34292 0.36448 0.38935 0.41700 0.44724 0.48024 0.51493 0.55144 0.58933 0.62840 0.66812 0.70857 0.75053 0.79369 0.83906 0.00000 0.00000 0.00000 0.00000 0.00000 0.00000 0.00000 0.00000 0.00000 0.00000 0.00000 0.00000 0.00000 0.00000
0.28369 0.27420 0.27169 0.27457 0.28208 0.29384 0.30999 0.32983 0.35300 0.37945 0.40890 0.44076 0.47476 0.51114 0.54872 0.58767 0.62759 0.66829 0.70934 0.75091 0.79395 0.83827 0.00000 0.00000 0.00000 0.00000 0.00000 0.00000 0.00000 0.00000 0.00000 0.00000 0.00000 0.00000 0.00000 0.00000 0.00000
0.24650 0.24543 0.25082 0.26117 0.27578 0.29424 0.31676 0.34260 0.37138 0.40303 0.43725 0.47340 0.51117 0.55083 0.59115 0.63235 0.67409 0.71622 0.75846 0.80104 0.84510 0.00000 0.00000 0.00000 0.00000 0.00000 0.00000 0.00000 0.00000 0.00000 0.00000 0.00000 0.00000 0.00000 0.00000 0.00000 0.00000
0.20809 0.21877 0.23443 0.25401 0.27703 0.30317 0.33276 0.36508 0.39976 0.43676 0.47578 0.51615 0.55751 0.60020 0.64298 0.68613 0.72942 0.77274 0.81597 0.85941 0.00000 0.00000 0.00000 0.00000 0.00000 0.00000 0.00000 0.00000 0.00000 0.00000 0.00000 0.00000 0.00000 0.00000 0.00000 0.00000 0.00000
0.16853 0.19591 0.22500 0.25583 0.28862 0.32333 0.36053 0.39962 0.44028 0.48254 0.52615 0.57045 0.61502 0.66031 0.70512 0.74982 0.79429 0.83849 0.88244 0.00000 0.00000 0.00000 0.00000 0.00000 0.00000 0.00000 0.00000 0.00000 0.00000 0.00000 0.00000 0.00000 0.00000 0.00000 0.00000 0.00000 0.00000
0.12792 0.17986 0.22652 0.27084 0.31463 0.35852 0.40354 0.44932 0.49567 0.54276 0.59042 0.63806 0.68521 0.73248 0.77871 0.82440 0.86961 0.91426 0.00000 0.00000 0.00000 0.00000 0.00000 0.00000 0.00000 0.00000 0.00000 0.00000 0.00000 0.00000 0.00000 0.00000 0.00000 0.00000 0.00000 0.00000 0.00000
0.08637 0.17650 0.24605 0.30593 0.36134 0.41431 0.46665 0.51841 0.56956 0.62054 0.67125 0.72125 0.77002 0.81837 0.86522 0.91123 0.95653 0.00000 0.00000 0.00000 0.00000 0.00000 0.00000 0.00000 0.00000 0.00000 0.00000 0.00000 0.00000 0.00000 0.00000 0.00000 0.00000 0.00000 0.00000 0.00000 0.00000
0.04407 0.19937 0.29751 0.37328 0.43905 0.49929 0.55704 0.61287 0.66697 0.72008 0.77217 0.82300 0.87200 0.92021 0.96663 1.01196 0.00000 0.00000 0.00000 0.00000 0.00000 0.00000 0.00000 0.00000 0.00000 0.00000 0.00000 0.00000 0.00000 0.00000 0.00000 0.00000 0.00000 0.00000 0.00000 0.00000 0.00000
0.00125 0.28867 0.41303 0.49697 0.56602 0.62757 0.68580 0.74155 0.79504 0.84719 0.89798 0.94734 0.99457 1.04096 1.08541 0.00000 0.00000 0.00000 0.00000 0.00000 0.00000 0.00000 0.00000 0.00000 0.00000 0.00000 0.00000 0.00000 0.00000 0.00000 0.00000 0.00000 0.00000 0.00000 0.00000 0.00000 0.00000
0.00000 0.64435 0.68848 0.73280 0.77849 0.82435 0.87127 0.91826 0.96445 1.01029 1.05545 1.09981 1.14237 1.18445 0.00000 0.00000 0.00000 0.00000 0.00000 0.00000 0.00000 0.00000 0.00000 0.00000 0.00000 0.00000 0.00000 0.00000 0.00000 0.00000 0.00000 0.00000 0.00000 0.00000 0.00000 0.00000 0.00000
0.08504 0.39933 0.53404 0.62379 0.69640 0.75988 0.81882 0.87447 0.92706 0.97762 1.02636 1.07357 1.11836 0.00000 0.00000 0.00000 0.00000 0.00000 0.00000 0.00000 0.00000 0.00000 0.00000 0.00000 0.00000 0.00000 0.00000 0.00000 0.00000 0.00000 0.00000 0.00000 0.00000 0.00000 0.00000 0.00000 0.00000
0.12796 0.34624 0.47799 0.57489 0.65491 0.72463 0.78836 0.84775 0.90329 0.95608 1.00658 1.05517 0.00000 0.00000 0.00000 0.00000 0.00000 0.00000 0.00000 0.00000 0.00000 0.00000 0.00000 0.00000 0.00000 0.00000 0.00000 0.00000 0.00000 0.00000 0.00000 0.00000 0.00000 0.00000 0.00000 0.00000 0.00000
0.17035 0.34049 0.46059 0.55529 0.63585 0.70689 0.77187 0.83238 0.88892 0.94250 0.99355 0.00000 0.00000 0.00000 0.00000 0.00000 0.00000 0.00000 0.00000 0.00000 0.00000 0.00000 0.00000 0.00000 0.00000 0.00000 0.00000 0.00000 0.00000 0.00000 0.00000 0.00000 0.00000 0.00000 0.00000 0.00000 0.00000
0.21198 0.35297 0.46178 0.55170 0.63011 0.70016 0.76459 0.82480 0.88124 0.93464 0.00000 0.00000 0.00000 0.00000 0.00000 0.00000 0.00000 0.00000 0.00000 0.00000 0.00000 0.00000 0.00000 0.00000 0.00000 0.00000 0.00000 0.00000 0.00000 0.00000 0.00000 0.00000 0.00000 0.00000 0.00000 0.00000 0.00000
0.25260 0.37384 0.47285 0.55742 0.63260 0.70056 0.76353 0.82268 0.87832 0.00000 0.00000 0.00000 0.00000 0.00000 0.00000 0.00000 0.00000 0.00000 0.00000 0.00000 0.00000 0.00000 0.00000 0.00000 0.00000 0.00000 0.00000 0.00000 0.00000 0.00000 0.00000 0.00000 0.00000 0.00000 0.00000 0.00000 0.00000
0.29201 0.39880 0.48942 0.56873 0.64032 0.70571 0.76679 0.82440 0.00000 0.00000 0.00000 0.00000 0.00000 0.00000 0.00000 0.00000 0.00000 0.00000 0.00000 0.00000 0.00000 0.00000 0.00000 0.00000 0.00000 0.00000 0.00000 0.00000 0.00000 0.00000 0.00000 0.00000 0.00000 0.00000 0.00000 0.00000 0.00000
0.33004 0.42565 0.50905 0.58342 0.65139 0.71407 0.77298 0.00000 0.00000 0.00000 0.00000 0.00000 0.00000 0.00000 0.00000 0.00000 0.00000 0.00000 0.00000 0.00000 0.00000 0.00000 0.00000 0.00000 0.00000 0.00000 0.00000 0.00000 0.00000 0.00000 0.00000 0.00000 0.00000 0.00000 0.00000 0.00000 0.00000
0.36654 0.45314 0.53027 0.60011 0.66464 0.72453 0.00000 0.00000 0.00000 0.00000 0.00000 0.00000 0.00000 0.00000 0.00000 0.00000 0.00000 0.00000 0.00000 0.00000 0.00000 0.00000 0.00000 0.00000 0.00000 0.00000 0.00000 0.00000 0.00000 0.00000 0.00000 0.00000 0.00000 0.00000 0.00000 0.00000 0.00000
0.40140 0.48053 0.55221 0.61795 0.67917 0.00000 0.00000 0.00000 0.00000 0.00000 0.00000 0.00000 0.00000 0.00000 0.00000 0.00000 0.00000 0.00000 0.00000 0.00000 0.00000 0.00000 0.00000 0.00000 0.00000 0.00000 0.00000 0.00000 0.00000 0.00000 0.00000 0.00000 0.00000 0.00000 0.00000 0.00000 0.00000
0.43457 0.50742 0.57434 0.63629 0.00000 0.00000 0.00000 0.00000 0.00000 0.00000 0.00000 0.00000 0.00000 0.00000 0.00000 0.00000 0.00000 0.00000 0.00000 0.00000 0.00000 0.00000 0.00000 0.00000 0.00000 0.00000 0.00000 0.00000 0.00000 0.00000 0.00000 0.00000 0.00000 0.00000 0.00000 0.00000 0.00000
0.46607 0.53359 0.59624 0.00000 0.00000 0.00000 0.00000 0.00000 0.00000 0.00000 0.00000 0.00000 0.00000 0.00000 0.00000 0.00000 0.00000 0.00000 0.00000 0.00000 0.00000 0.00000 0.00000 0.00000 0.00000 0.00000 0.00000 0.00000 0.00000 0.00000 0.00000 0.00000 0.00000 0.00000 0.00000 0.00000 0.00000
0.49601 0.55885 0.00000 0.00000 0.00000 0.00000 0.00000 0.00000 0.00000 0.00000 0.00000 0.00000 0.00000 0.00000 0.00000 0.00000 0.00000 0.00000 0.00000 0.00000 0.00000 0.00000 0.00000 0.00000 0.00000 0.00000 0.00000 0.00000 0.00000 0.00000 0.00000 0.00000 0.00000 0.00000 0.00000 0.00000 0.00000
0.52440 0.00000 0.00000 0.00000 0.00000 0.00000 0.00000 0.00000 0.00000 0.00000 0.00000 0.00000 0.00000 0.00000 0.00000 0.00000 0.00000 0.00000 0.00000 0.00000 0.00000 0.00000 0.00000 0.00000 0.00000 0.00000 0.00000 0.00000 0.00000 0.00000 0.00000 0.00000 0.00000 0.00000 0.00000 0.00000 0.00000
