0.42785 0.47537 0.52218 0.56693 0.61054 0.65293 0.69303 0.73223 0.77013 0.80539 0.84080 0.87526 0.90867 0.94111 0.97266 1.00341 1.03498 1.06728 1.10107 1.13708 1.17524 1.21663 1.26268 1.31521 1.37229 1.43753 1.51181 1.59638 1.69271 1.80249 1.92746 2.06676 2.23052 2.42628 2.67191 2.98859 3.42596 4.06038 4.98952 6.37246 8.33417 10.96970
0.40515 0.45730 0.50805 0.55622 0.60283 0.64782 0.69017 0.73138 0.77109 0.80798 0.84486 0.88070 0.91541 0.94911 0.98193 1.01399 1.04702 1.08097 1.11670 1.15501 1.19595 1.24060 1.29038 1.34706 1.40850 1.47821 1.55690 1.64564 1.74576 1.85887 1.98679 2.12854 2.29462 2.49274 2.74115 3.06128 3.50354 4.14576 5.08737 6.49145 8.48416 0.00000
0.38179 0.43927 0.49447 0.54647 0.59638 0.64421 0.68901 0.73238 0.77401 0.81265 0.85108 0.88838 0.92449 0.95958 0.99385 1.02746 1.06222 1.09818 1.13629 1.17741 1.22168 1.27015 1.32417 1.38539 1.45144 1.52567 1.60861 1.70119 1.80465 1.92063 2.05103 2.19486 2.36299 2.56328 2.81445 3.13814 3.58573 4.23680 5.19253 6.61802 0.00000 0.00000
0.35776 0.42141 0.48170 0.53799 0.59154 0.64246 0.68991 0.73559 0.77930 0.81979 0.85985 0.89873 0.93637 0.97300 1.00894 1.04438 1.08121 1.11962 1.16062 1.20509 1.25322 1.30599 1.36461 1.43056 1.50118 1.57967 1.66642 1.76228 1.86848 1.98675 2.11917 2.26473 2.43468 2.63708 2.89109 3.21875 3.67260 4.33397 5.30377 0.00000 0.00000 0.00000
0.33309 0.40395 0.47005 0.53115 0.58874 0.64305 0.69336 0.74153 0.78742 0.82990 0.87168 0.91226 0.95158 0.98998 1.02787 1.06548 1.10484 1.14620 1.19064 1.23901 1.29148 1.34890 1.41228 1.48291 1.55782 1.64009 1.73004 1.82853 1.93684 2.05687 2.19092 2.33795 2.50962 2.71417 2.97139 3.30382 3.76514 4.43647 0.00000 0.00000 0.00000 0.00000
0.30782 0.38718 0.45998 0.52651 0.58856 0.64655 0.69997 0.75078 0.79901 0.84360 0.88724 0.92967 0.97088 1.01132 1.05152 1.09174 1.13413 1.17900 1.22742 1.28018 1.33734 1.39957 1.46763 1.54263 1.62132 1.70672 1.79919 1.89963 2.00950 2.13088 2.26628 2.41462 2.58802 2.79502 3.05616 3.39444 3.86264 0.00000 0.00000 0.00000 0.00000 0.00000
0.28203 0.37150 0.45207 0.52475 0.59176 0.65377 0.71051 0.76415 0.81485 0.86169 0.90732 0.95181 0.99518 1.03800 1.08096 1.12430 1.17027 1.21920 1.27209 1.32959 1.39158 1.45852 1.53093 1.60976 1.69152 1.77932 1.87360 1.97540 2.08637 2.20877 2.34535 2.49501 2.67039 2.88049 3.14653 3.48991 0.00000 0.00000 0.00000 0.00000 0.00000 0.00000
0.25577 0.35748 0.44714 0.52680 0.59930 0.66568 0.72597 0.78260 0.83592 0.88517 0.93297 0.97977 1.02563 1.07126 1.11747 1.16448 1.21458 1.26804 1.32574 1.38813 1.45483 1.52611 1.60227 1.68419 1.76824 1.85768 1.95312 2.05578 2.16751 2.29073 2.42846 2.57962 2.75761 2.97170 3.24176 0.00000 0.00000 0.00000 0.00000 0.00000 0.00000 0.00000
0.22912 0.34588 0.44628 0.53390 0.61246 0.68355 0.74759 0.80738 0.86345 0.91526 0.96547 1.01489 1.06364 1.11257 1.16258 1.21378 1.26847 1.32679 1.38941 1.45653 1.52753 1.60249 1.68161 1.76578 1.85130 1.94169 2.03774 2.14088 2.25312 2.37708 2.51614 2.66939 2.85083 3.06791 0.00000 0.00000 0.00000 0.00000 0.00000 0.00000 0.00000 0.00000
0.20212 0.33779 0.45101 0.54772 0.63294 0.70908 0.77705 0.84011 0.89907 0.95362 1.00648 1.05889 1.11099 1.16372 1.21803 1.27384 1.33342 1.39667 1.46400 1.53538 1.60996 1.68774 1.76888 1.85444 1.94066 2.03141 2.12763 2.23096 2.34358 2.46843 2.60935 2.76549 2.94925 0.00000 0.00000 0.00000 0.00000 0.00000 0.00000 0.00000 0.00000 0.00000
0.17482 0.33494 0.46365 0.57073 0.66319 0.74461 0.81656 0.88295 0.94489 1.00235 1.05815 1.11390 1.16979 1.22678 1.28577 1.34643 1.41089 1.47878 1.55027 1.62510 1.70232 1.78189 1.86409 1.95020 2.03644 2.12703 2.22310 2.32645 2.43955 2.56578 2.70935 2.86713 0.00000 0.00000 0.00000 0.00000 0.00000 0.00000 0.00000 0.00000 0.00000 0.00000
0.14726 0.34016 0.48780 0.60658 0.70669 0.79342 0.86922 0.93886 1.00377 1.06422 1.12319 1.18262 1.24264 1.30415 1.36795 1.43333 1.50230 1.57415 1.64886 1.72609 1.80478 1.88508 1.96739 2.05328 2.13898 2.22901 2.32469 2.42809 2.54213 2.67047 2.81534 0.00000 0.00000 0.00000 0.00000 0.00000 0.00000 0.00000 0.00000 0.00000 0.00000 0.00000
0.11944 0.35850 0.52942 0.66105 0.76873 0.86031 0.93943 1.01191 1.07956 1.14292 1.20512 1.26834 1.33258 1.39858 1.46689 1.53643 1.60902 1.68372 1.76041 1.83871 1.91767 1.99761 2.07915 2.16417 2.24881 2.33797 2.43322 2.53707 2.65274 2.78170 0.00000 0.00000 0.00000 0.00000 0.00000 0.00000 0.00000 0.00000 0.00000 0.00000 0.00000 0.00000
0.09135 0.40005 0.59929 0.74378 0.85765 0.95257 1.03362 1.10791 1.17759 1.24334 1.30845 1.37517 1.44323 1.51311 1.58508 1.65762 1.73246 1.80851 1.88563 1.96358 2.04153 2.12007 2.20001 2.28355 2.36672 2.45488 2.55003 2.65498 2.77061 0.00000 0.00000 0.00000 0.00000 0.00000 0.00000 0.00000 0.00000 0.00000 0.00000 0.00000 0.00000 0.00000
0.06296 0.48843 0.71906 0.87224 0.98751 1.08173 1.16154 1.23530 1.30528 1.37207 1.43900 1.50815 1.57887 1.65127 1.72527 1.79901 1.87420 1.94970 2.02549 2.10155 2.17723 2.25335 2.33091 2.41242 2.49387 2.58126 2.67690 2.78107 0.00000 0.00000 0.00000 0.00000 0.00000 0.00000 0.00000 0.00000 0.00000 0.00000 0.00000 0.00000 0.00000 0.00000
0.03417 0.69460 0.93933 1.08152 1.18370 1.26716 1.33854 1.40672 1.47326 1.53811 1.60435 1.67363 1.74468 1.81715 1.89067 1.96305 2.03614 2.10884 2.18138 2.25393 2.32604 2.39872 2.47313 2.55219 2.63202 2.71914 2.81313 0.00000 0.00000 0.00000 0.00000 0.00000 0.00000 0.00000 0.00000 0.00000 0.00000 0.00000 0.00000 0.00000 0.00000 0.00000
0.00000 1.37382 1.41224 1.45371 1.49723 1.54379 1.59026 1.64192 1.69721 1.75412 1.81472 1.87978 1.94710 2.01579 2.08519 2.15281 2.22079 2.28811 2.35523 2.42254 2.48968 2.55784 2.62843 2.70497 2.78353 2.86792 0.00000 0.00000 0.00000 0.00000 0.00000 0.00000 0.00000 0.00000 0.00000 0.00000 0.00000 0.00000 0.00000 0.00000 0.00000 0.00000
0.02494 0.71079 0.96639 1.11773 1.22835 1.32101 1.40189 1.48010 1.55659 1.63079 1.70533 1.78126 1.85693 1.93174 2.00538 2.07585 2.14551 2.21377 2.28134 2.34886 2.41613 2.48458 2.55599 2.63412 2.71216 0.00000 0.00000 0.00000 0.00000 0.00000 0.00000 0.00000 0.00000 0.00000 0.00000 0.00000 0.00000 0.00000 0.00000 0.00000 0.00000 0.00000
0.05560 0.51188 0.76156 0.93210 1.06375 1.17562 1.27356 1.36635 1.45515 1.53967 1.62247 1.70460 1.78471 1.86244 1.93782 2.00922 2.07920 2.14743 2.21480 2.28210 2.34940 2.41847 2.49131 2.56868 0.00000 0.00000 0.00000 0.00000 0.00000 0.00000 0.00000 0.00000 0.00000 0.00000 0.00000 0.00000 0.00000 0.00000 0.00000 0.00000 0.00000 0.00000
0.08720 0.42996 0.65407 0.82249 0.95943 1.07905 1.18538 1.28595 1.38153 1.47169 1.55876 1.64375 1.72553 1.80400 1.87945 1.95056 2.02001 2.08766 2.15450 2.22152 2.28921 2.35953 2.43148 0.00000 0.00000 0.00000 0.00000 0.00000 0.00000 0.00000 0.00000 0.00000 0.00000 0.00000 0.00000 0.00000 0.00000 0.00000 0.00000 0.00000 0.00000 0.00000
0.11995 0.39567 0.59601 0.75694 0.89316 1.01509 1.12501 1.22917 1.32781 1.42031 1.50881 1.59427 1.67583 1.75361 1.82810 1.89823 1.96669 2.03349 2.09978 2.16692 2.23563 2.30492 0.00000 0.00000 0.00000 0.00000 0.00000 0.00000 0.00000 0.00000 0.00000 0.00000 0.00000 0.00000 0.00000 0.00000 0.00000 0.00000 0.00000 0.00000 0.00000 0.00000
0.15387 0.38594 0.56679 0.71930 0.85236 0.97370 1.08425 1.18915 1.28823 1.38072 1.46863 1.55297 1.63310 1.70932 1.78229 1.85107 1.91835 1.98433 2.05050 2.11842 2.18591 0.00000 0.00000 0.00000 0.00000 0.00000 0.00000 0.00000 0.00000 0.00000 0.00000 0.00000 0.00000 0.00000 0.00000 0.00000 0.00000 0.00000 0.00000 0.00000 0.00000 0.00000
0.18911 0.39076 0.55593 0.70028 0.82905 0.94806 1.05726 1.16090 1.25854 1.34939 1.43537 1.51759 1.59560 1.66982 1.74100 1.80830 1.87448 1.94010 2.00682 2.07332 0.00000 0.00000 0.00000 0.00000 0.00000 0.00000 0.00000 0.00000 0.00000 0.00000 0.00000 0.00000 0.00000 0.00000 0.00000 0.00000 0.00000 0.00000 0.00000 0.00000 0.00000 0.00000
0.22559 0.40498 0.55732 0.69403 0.81790 0.93340 1.03980 1.14074 1.23565 1.32377 1.40701 1.48658 1.56214 1.63420 1.70353 1.76947 1.83504 1.90100 1.96611 0.00000 0.00000 0.00000 0.00000 0.00000 0.00000 0.00000 0.00000 0.00000 0.00000 0.00000 0.00000 0.00000 0.00000 0.00000 0.00000 0.00000 0.00000 0.00000 0.00000 0.00000 0.00000 0.00000
0.26314 0.42548 0.56704 0.69648 0.81501 0.92613 1.02870 1.12597 1.21732 1.30210 1.38223 1.45893 1.53197 1.60185 1.66951 1.73462 1.80030 1.86445 0.00000 0.00000 0.00000 0.00000 0.00000 0.00000 0.00000 0.00000 0.00000 0.00000 0.00000 0.00000 0.00000 0.00000 0.00000 0.00000 0.00000 0.00000 0.00000 0.00000 0.00000 0.00000 0.00000 0.00000
0.30136 0.45008 0.58220 0.70464 0.81746 0.92358 1.02165 1.11465 1.20203 1.28324 1.36014 1.43397 1.50455 1.57249 1.63902 1.70402 1.76771 0.00000 0.00000 0.00000 0.00000 0.00000 0.00000 0.00000 0.00000 0.00000 0.00000 0.00000 0.00000 0.00000 0.00000 0.00000 0.00000 0.00000 0.00000 0.00000 0.00000 0.00000 0.00000 0.00000 0.00000 0.00000
0.33983 0.47714 0.60070 0.71621 0.82308 0.92382 1.01702 1.10550 1.18881 1.26642 1.34017 1.41126 1.47964 1.54621 1.61239 1.67522 0.00000 0.00000 0.00000 0.00000 0.00000 0.00000 0.00000 0.00000 0.00000 0.00000 0.00000 0.00000 0.00000 0.00000 0.00000 0.00000 0.00000 0.00000 0.00000 0.00000 0.00000 0.00000 0.00000 0.00000 0.00000 0.00000
0.37794 0.50527 0.62081 0.72948 0.83028 0.92549 1.01373 1.09771 1.17702 1.25120 1.32198 1.39063 1.45742 1.52341 1.58719 0.00000 0.00000 0.00000 0.00000 0.00000 0.00000 0.00000 0.00000 0.00000 0.00000 0.00000 0.00000 0.00000 0.00000 0.00000 0.00000 0.00000 0.00000 0.00000 0.00000 0.00000 0.00000 0.00000 0.00000 0.00000 0.00000 0.00000
0.41504 0.53332 0.64124 0.74317 0.83793 0.92768 1.01109 1.09076 1.16633 1.23730 1.30545 1.37229 1.43829 1.50169 0.00000 0.00000 0.00000 0.00000 0.00000 0.00000 0.00000 0.00000 0.00000 0.00000 0.00000 0.00000 0.00000 0.00000 0.00000 0.00000 0.00000 0.00000 0.00000 0.00000 0.00000 0.00000 0.00000 0.00000 0.00000 0.00000 0.00000 0.00000
0.45050 0.56040 0.66104 0.75645 0.84538 0.92992 1.00877 1.08442 1.15652 1.22466 1.29082 1.35668 1.41991 0.00000 0.00000 0.00000 0.00000 0.00000 0.00000 0.00000 0.00000 0.00000 0.00000 0.00000 0.00000 0.00000 0.00000 0.00000 0.00000 0.00000 0.00000 0.00000 0.00000 0.00000 0.00000 0.00000 0.00000 0.00000 0.00000 0.00000 0.00000 0.00000
0.48379 0.58584 0.67959 0.76880 0.85225 0.93193 1.00658 1.07855 1.14758 1.21356 1.27858 1.34151 0.00000 0.00000 0.00000 0.00000 0.00000 0.00000 0.00000 0.00000 0.00000 0.00000 0.00000 0.00000 0.00000 0.00000 0.00000 0.00000 0.00000 0.00000 0.00000 0.00000 0.00000 0.00000 0.00000 0.00000 0.00000 0.00000 0.00000 0.00000 0.00000 0.00000
0.51453 0.60926 0.69655 0.78001 0.85840 0.93364 1.00446 1.07319 1.13985 1.20453 1.26647 0.00000 0.00000 0.00000 0.00000 0.00000 0.00000 0.00000 0.00000 0.00000 0.00000 0.00000 0.00000 0.00000 0.00000 0.00000 0.00000 0.00000 0.00000 0.00000 0.00000 0.00000 0.00000 0.00000 0.00000 0.00000 0.00000 0.00000 0.00000 0.00000 0.00000 0.00000
0.54252 0.63047 0.71184 0.79003 0.86383 0.93505 1.00249 1.06869 1.13386 1.19533 0.00000 0.00000 0.00000 0.00000 0.00000 0.00000 0.00000 0.00000 0.00000 0.00000 0.00000 0.00000 0.00000 0.00000 0.00000 0.00000 0.00000 0.00000 0.00000 0.00000 0.00000 0.00000 0.00000 0.00000 0.00000 0.00000 0.00000 0.00000 0.00000 0.00000 0.00000 0.00000
0.56774 0.64951 0.72550 0.79894 0.86860 0.93628 1.00108 1.06564 1.12745 0.00000 0.00000 0.00000 0.00000 0.00000 0.00000 0.00000 0.00000 0.00000 0.00000 0.00000 0.00000 0.00000 0.00000 0.00000 0.00000 0.00000 0.00000 0.00000 0.00000 0.00000 0.00000 0.00000 0.00000 0.00000 0.00000 0.00000 0.00000 0.00000 0.00000 0.00000 0.00000 0.00000
0.59031 0.66653 0.73768 0.80685 0.87289 0.93778 1.00085 1.06191 0.00000 0.00000 0.00000 0.00000 0.00000 0.00000 0.00000 0.00000 0.00000 0.00000 0.00000 0.00000 0.00000 0.00000 0.00000 0.00000 0.00000 0.00000 0.00000 0.00000 0.00000 0.00000 0.00000 0.00000 0.00000 0.00000 0.00000 0.00000 0.00000 0.00000 0.00000 0.00000 0.00000 0.00000
0.61048 0.68172 0.74854 0.81398 0.87714 0.94017 0.99965 0.00000 0.00000 0.00000 0.00000 0.00000 0.00000 0.00000 0.00000 0.00000 0.00000 0.00000 0.00000 0.00000 0.00000 0.00000 0.00000 0.00000 0.00000 0.00000 0.00000 0.00000 0.00000 0.00000 0.00000 0.00000 0.00000 0.00000 0.00000 0.00000 0.00000 0.00000 0.00000 0.00000 0.00000 0.00000
0.62851 0.69530 0.75836 0.82083 0.88204 0.94137 0.00000 0.00000 0.00000 0.00000 0.00000 0.00000 0.00000 0.00000 0.00000 0.00000 0.00000 0.00000 0.00000 0.00000 0.00000 0.00000 0.00000 0.00000 0.00000 0.00000 0.00000 0.00000 0.00000 0.00000 0.00000 0.00000 0.00000 0.00000 0.00000 0.00000 0.00000 0.00000 0.00000 0.00000 0.00000 0.00000
0.64466 0.70758 0.76763 0.82807 0.88553 0.00000 0.00000 0.00000 0.00000 0.00000 0.00000 0.00000 0.00000 0.00000 0.00000 0.00000 0.00000 0.00000 0.00000 0.00000 0.00000 0.00000 0.00000 0.00000 0.00000 0.00000 0.00000 0.00000 0.00000 0.00000 0.00000 0.00000 0.00000 0.00000 0.00000 0.00000 0.00000 0.00000 0.00000 0.00000 0.00000 0.00000
0.65927 0.71910 0.77709 0.83370 0.00000 0.00000 0.00000 0.00000 0.00000 0.00000 0.00000 0.00000 0.00000 0.00000 0.00000 0.00000 0.00000 0.00000 0.00000 0.00000 0.00000 0.00000 0.00000 0.00000 0.00000 0.00000 0.00000 0.00000 0.00000 0.00000 0.00000 0.00000 0.00000 0.00000 0.00000 0.00000 0.00000 0.00000 0.00000 0.00000 0.00000 0.00000
0.67289 0.73059 0.78473 0.00000 0.00000 0.00000 0.00000 0.00000 0.00000 0.00000 0.00000 0.00000 0.00000 0.00000 0.00000 0.00000 0.00000 0.00000 0.00000 0.00000 0.00000 0.00000 0.00000 0.00000 0.00000 0.00000 0.00000 0.00000 0.00000 0.00000 0.00000 0.00000 0.00000 0.00000 0.00000 0.00000 0.00000 0.00000 0.00000 0.00000 0.00000 0.00000
0.68630 0.74007 0.00000 0.00000 0.00000 0.00000 0.00000 0.00000 0.00000 0.00000 0.00000 0.00000 0.00000 0.00000 0.00000 0.00000 0.00000 0.00000 0.00000 0.00000 0.00000 0.00000 0.00000 0.00000 0.00000 0.00000 0.00000 0.00000 0.00000 0.00000 0.00000 0.00000 0.00000 0.00000 0.00000 0.00000 0.00000 0.00000 0.00000 0.00000 0.00000 0.00000
0.69752 0.00000 0.00000 0.00000 0.00000 0.00000 0.00000 0.00000 0.00000 0.00000 0.00000 0.00000 0.00000 0.00000 0.00000 0.00000 0.00000 0.00000 0.00000 0.00000 0.00000 0.00000 0.00000 0.00000 0.00000 0.00000 0.00000 0.00000 0.00000 0.00000 0.00000 0.00000 0.00000 0.00000 0.00000 0.00000 0.00000 0.00000 0.00000 0.00000 0.00000 0.00000
