0.73548 0.71274 0.69782 0.68935 0.68609 0.68699 0.69105 0.69747 0.70550 0.71457 0.72419 0.73401 0.74384 0.75367 0.76410 0.77727 0.80046 0.85557 0.99981 1.38024
0.71758 0.69445 0.67976 0.67192 0.66952 0.67143 0.67656 0.68406 0.69314 0.70321 0.71376 0.72445 0.73506 0.74563 0.75676 0.77072 0.79522 0.85345 1.00560 0.00000
0.69447 0.67136 0.65733 0.65054 0.64943 0.65273 0.65928 0.66817 0.67859 0.68990 0.70160 0.71334 0.72492 0.73636 0.74840 0.76361 0.79095 0.85695 0.00000 0.00000
0.66596 0.64337 0.63053 0.62532 0.62596 0.63108 0.63942 0.65003 0.66206 0.67485 0.68792 0.70089 0.71359 0.72612 0.73951 0.75756 0.79275 0.00000 0.00000 0.00000
0.63079 0.60952 0.59866 0.59572 0.59874 0.60620 0.61679 0.62950 0.64347 0.65803 0.67269 0.68710 0.70114 0.71524 0.73164 0.75790 0.00000 0.00000 0.00000 0.00000
0.58824 0.56949 0.56167 0.56194 0.56811 0.57858 0.59196 0.60721 0.62348 0.64010 0.65659 0.67269 0.68857 0.70595 0.73109 0.00000 0.00000 0.00000 0.00000 0.00000
0.53763 0.52320 0.51994 0.52466 0.53498 0.54924 0.56603 0.58432 0.60326 0.62224 0.64085 0.65912 0.67857 0.70520 0.00000 0.00000 0.00000 0.00000 0.00000 0.00000
0.47842 0.47109 0.47456 0.48534 0.50105 0.52002 0.54089 0.56271 0.58470 0.60633 0.62752 0.64964 0.67874 0.00000 0.00000 0.00000 0.00000 0.00000 0.00000 0.00000
0.41049 0.41469 0.42789 0.44682 0.46932 0.49397 0.51958 0.54535 0.57066 0.59534 0.62064 0.65256 0.00000 0.00000 0.00000 0.00000 0.00000 0.00000 0.00000 0.00000
0.33446 0.35735 0.38443 0.41397 0.44472 0.47587 0.50664 0.53655 0.56541 0.59437 0.62930 0.00000 0.00000 0.00000 0.00000 0.00000 0.00000 0.00000 0.00000 0.00000
0.25173 0.30577 0.35219 0.39482 0.43485 0.47276 0.50855 0.54239 0.57550 0.61346 0.00000 0.00000 0.00000 0.00000 0.00000 0.00000 0.00000 0.00000 0.00000 0.00000
0.16444 0.27400 0.34595 0.40276 0.45141 0.49483 0.53432 0.57169 0.61235 0.00000 0.00000 0.00000 0.00000 0.00000 0.00000 0.00000 0.00000 0.00000 0.00000 0.00000
0.07515 0.29989 0.39708 0.46209 0.51343 0.55740 0.59728 0.63870 0.00000 0.00000 0.00000 0.00000 0.00000 0.00000 0.00000 0.00000 0.00000 0.00000 0.00000 0.00000
0.00000 0.56177 0.59397 0.62554 0.65599 0.68617 0.71932 0.00000 0.00000 0.00000 0.00000 0.00000 0.00000 0.00000 0.00000 0.00000 0.00000 0.00000 0.00000 0.00000
0.09916 0.35128 0.45576 0.52281 0.57462 0.62049 0.00000 0.00000 0.00000 0.00000 0.00000 0.00000 0.00000 0.00000 0.00000 0.00000 0.00000 0.00000 0.00000 0.00000
0.17999 0.33600 0.42849 0.49547 0.54995 0.00000 0.00000 0.00000 0.00000 0.00000 0.00000 0.00000 0.00000 0.00000 0.00000 0.00000 0.00000 0.00000 0.00000 0.00000
0.25477 0.36462 0.44164 0.50194 0.00000 0.00000 0.00000 0.00000 0.00000 0.00000 0.00000 0.00000 0.00000 0.00000 0.00000 0.00000 0.00000 0.00000 0.00000 0.00000
0.32297 0.40666 0.47059 0.00000 0.00000 0.00000 0.00000 0.00000 0.00000 0.00000 0.00000 0.00000 0.00000 0.00000 0.00000 0.00000 0.00000 0.00000 0.00000 0.00000
0.38470 0.45103 0.00000 0.00000 0.00000 0.00000 0.00000 0.00000 0.00000 0.00000 0.00000 0.00000 0.00000 0.00000 0.00000 0.00000 0.00000 0.00000 0.00000 0.00000
0.43920 0.00000 0.00000 0.00000 0.00000 0.00000 0.00000 0.00000 0.00000 0.00000 0.00000 0.00000 0.00000 0.00000 0.00000 0.00000 0.00000 0.00000 0.00000 0.00000
