0.00000 0.99723 1.01145 1.01278 1.00981 1.00497 0.99941 0.99377 0.98848 0.98391 0.98030 0.97782 0.97657 0.97657 0.97786 0.98059 0.98510 0.99225 1.00353 1.02147 1.09505 1.19182 1.32353 1.50698 1.76767 2.14880 2.74078 3.79435
0.00000 1.01877 1.01202 1.00369 0.99449 0.98491 0.97533 0.96612 0.95758 0.95001 0.94360 0.93850 0.93480 0.93253 0.93173 0.93255 0.93535 0.94096 0.95087 1.01045 1.08573 1.18514 1.32102 1.51115 1.78244 2.18010 2.79803 0.00000
0.00000 0.99856 0.98784 0.97634 0.96430 0.95203 0.93985 0.92813 0.91718 0.90731 0.89870 0.89152 0.88589 0.88185 0.87947 0.87892 0.88058 0.88529 0.93563 0.99685 1.07451 1.17751 1.31917 1.51887 1.80584 2.22712 0.00000 0.00000
0.00000 0.97067 0.95723 0.94319 0.92867 0.91395 0.89941 0.88543 0.87231 0.86036 0.84980 0.84082 0.83355 0.82806 0.82449 0.82302 0.82410 0.86813 0.92034 0.98418 1.06554 1.17407 1.32447 1.53857 1.84800 0.00000 0.00000 0.00000
0.00000 0.93768 0.92183 0.90540 0.88854 0.87157 0.85488 0.83884 0.82377 0.81000 0.79776 0.78726 0.77867 0.77212 0.76778 0.76594 0.80517 0.85126 0.90642 0.97439 1.06158 1.17858 1.34197 1.57587 0.00000 0.00000 0.00000 0.00000
0.00000 0.90023 0.88206 0.86337 0.84436 0.82536 0.80674 0.78889 0.77214 0.75684 0.74322 0.73155 0.72202 0.71483 0.71024 0.74525 0.78656 0.83579 0.89548 0.96983 1.06583 1.19520 1.37602 0.00000 0.00000 0.00000 0.00000 0.00000
0.00000 0.85851 0.83819 0.81746 0.79655 0.77576 0.75550 0.73613 0.71802 0.70151 0.68688 0.67442 0.66438 0.65704 0.68791 0.72488 0.76930 0.82323 0.88972 0.97347 1.08203 1.22764 0.00000 0.00000 0.00000 0.00000 0.00000 0.00000
0.00000 0.81286 0.79064 0.76814 0.74561 0.72334 0.70174 0.68120 0.66208 0.64476 0.62952 0.61670 0.60662 0.63331 0.66592 0.70580 0.75482 0.81569 0.89203 0.98890 1.11355 0.00000 0.00000 0.00000 0.00000 0.00000 0.00000 0.00000
0.00000 0.76380 0.73996 0.71599 0.69214 0.66872 0.64614 0.62481 0.60509 0.58736 0.57195 0.55923 0.58178 0.60997 0.64519 0.68938 0.74520 0.81605 0.90596 1.01932 0.00000 0.00000 0.00000 0.00000 0.00000 0.00000 0.00000 0.00000
0.00000 0.71188 0.68673 0.66160 0.63679 0.61260 0.58944 0.56774 0.54784 0.53015 0.51502 0.53361 0.55741 0.58788 0.62701 0.67763 0.74324 0.82784 0.93472 0.00000 0.00000 0.00000 0.00000 0.00000 0.00000 0.00000 0.00000 0.00000
0.00000 0.65771 0.63157 0.60566 0.58027 0.55572 0.53243 0.51079 0.49116 0.47396 0.48890 0.50853 0.53430 0.56826 0.61333 0.67332 0.75252 0.85437 0.00000 0.00000 0.00000 0.00000 0.00000 0.00000 0.00000 0.00000 0.00000 0.00000
0.00000 0.60193 0.57520 0.54891 0.52337 0.49892 0.47593 0.45481 0.43590 0.44763 0.46344 0.48476 0.51361 0.55296 0.60684 0.68001 0.77645 0.00000 0.00000 0.00000 0.00000 0.00000 0.00000 0.00000 0.00000 0.00000 0.00000 0.00000
0.00000 0.54531 0.51841 0.49218 0.46696 0.44305 0.42082 0.40064 0.40961 0.42208 0.43936 0.46338 0.49709 0.54460 0.61107 0.70120 0.00000 0.00000 0.00000 0.00000 0.00000 0.00000 0.00000 0.00000 0.00000 0.00000 0.00000 0.00000
0.00000 0.48868 0.46206 0.43636 0.41191 0.38898 0.36792 0.37464 0.38425 0.39800 0.41765 0.44604 0.48725 0.54664 0.62956 0.00000 0.00000 0.00000 0.00000 0.00000 0.00000 0.00000 0.00000 0.00000 0.00000 0.00000 0.00000 0.00000
0.00000 0.43293 0.40706 0.38233 0.35907 0.33752 0.34244 0.34973 0.36046 0.37630 0.39988 0.43512 0.48744 0.56259 0.00000 0.00000 0.00000 0.00000 0.00000 0.00000 0.00000 0.00000 0.00000 0.00000 0.00000 0.00000 0.00000 0.00000
0.00000 0.37897 0.35427 0.33092 0.30923 0.31278 0.31820 0.32649 0.33906 0.35846 0.38828 0.43383 0.50111 0.00000 0.00000 0.00000 0.00000 0.00000 0.00000 0.00000 0.00000 0.00000 0.00000 0.00000 0.00000 0.00000 0.00000 0.00000
0.00000 0.32763 0.30448 0.28285 0.28544 0.28942 0.29573 0.30566 0.32143 0.34652 0.38586 0.44552 0.00000 0.00000 0.00000 0.00000 0.00000 0.00000 0.00000 0.00000 0.00000 0.00000 0.00000 0.00000 0.00000 0.00000 0.00000 0.00000
0.00000 0.27963 0.25835 0.26016 0.26314 0.26790 0.27564 0.28852 0.30942 0.34332 0.39589 0.00000 0.00000 0.00000 0.00000 0.00000 0.00000 0.00000 0.00000 0.00000 0.00000 0.00000 0.00000 0.00000 0.00000 0.00000 0.00000 0.00000
0.00000 0.23557 0.23693 0.23904 0.24280 0.24871 0.25918 0.27678 0.30564 0.35206 0.00000 0.00000 0.00000 0.00000 0.00000 0.00000 0.00000 0.00000 0.00000 0.00000 0.00000 0.00000 0.00000 0.00000 0.00000 0.00000 0.00000 0.00000
0.00000 0.00000 0.00000 0.00000 0.00000 0.00000 0.00000 0.00000 0.00000 0.00000 0.00000 0.00000 0.00000 0.00000 0.00000 0.00000 0.00000 0.00000 0.00000 0.00000 0.00000 0.00000 0.00000 0.00000 0.00000 0.00000 0.00000 0.00000
0.00000 0.00000 0.00000 0.00000 0.00000 0.00000 0.00000 0.00000 0.00000 0.00000 0.00000 0.00000 0.00000 0.00000 0.00000 0.00000 0.00000 0.00000 0.00000 0.00000 0.00000 0.00000 0.00000 0.00000 0.00000 0.00000 0.00000 0.00000
0.00000 0.00000 0.00000 0.00000 0.00000 0.00000 0.00000 0.00000 0.00000 0.00000 0.00000 0.00000 0.00000 0.00000 0.00000 0.00000 0.00000 0.00000 0.00000 0.00000 0.00000 0.00000 0.00000 0.00000 0.00000 0.00000 0.00000 0.00000
0.00000 0.00000 0.00000 0.00000 0.00000 0.00000 0.00000 0.00000 0.00000 0.00000 0.00000 0.00000 0.00000 0.00000 0.00000 0.00000 0.00000 0.00000 0.00000 0.00000 0.00000 0.00000 0.00000 0.00000 0.00000 0.00000 0.00000 0.00000
0.00000 0.00000 0.00000 0.00000 0.00000 0.00000 0.00000 0.00000 0.00000 0.00000 0.00000 0.00000 0.00000 0.00000 0.00000 0.00000 0.00000 0.00000 0.00000 0.00000 0.00000 0.00000 0.00000 0.00000 0.00000 0.00000 0.00000 0.00000
0.00000 0.00000 0.00000 0.00000 0.00000 0.00000 0.00000 0.00000 0.00000 0.00000 0.00000 0.00000 0.00000 0.00000 0.00000 0.00000 0.00000 0.00000 0.00000 0.00000 0.00000 0.00000 0.00000 0.00000 0.00000 0.00000 0.00000 0.00000
0.00000 0.00000 0.00000 0.00000 0.00000 0.00000 0.00000 0.00000 0.00000 0.00000 0.00000 0.00000 0.00000 0.00000 0.00000 0.00000 0.00000 0.00000 0.00000 0.00000 0.00000 0.00000 0.00000 0.00000 0.00000 0.00000 0.00000 0.00000
0.00000 0.00000 0.00000 0.00000 0.00000 0.00000 0.00000 0.00000 0.00000 0.00000 0.00000 0.00000 0.00000 0.00000 0.00000 0.00000 0.00000 0.00000 0.00000 0.00000 0.00000 0.00000 0.00000 0.00000 0.00000 0.00000 0.00000 0.00000
0.00000 0.00000 0.00000 0.00000 0.00000 0.00000 0.00000 0.00000 0.00000 0.00000 0.00000 0.00000 0.00000 0.00000 0.00000 0.00000 0.00000 0.00000 0.00000 0.00000 0.00000 0.00000 0.00000 0.00000 0.00000 0.00000 0.00000 0.00000
