0.62659 0.57507 0.53206 0.49614 0.46648 0.44267 0.42463 0.41250 0.40641 0.40636 0.41205 0.42277 0.43741 0.45466 0.47322 0.49225 0.51222 0.53778 0.58749 0.71777
0.59254 0.53944 0.49582 0.45994 0.43076 0.40776 0.39080 0.37996 0.37536 0.37695 0.38439 0.39692 0.41338 0.43239 0.45271 0.47386 0.49780 0.53317 0.60303 0.00000
0.54919 0.49513 0.45161 0.41647 0.38845 0.36691 0.35164 0.34267 0.34009 0.34383 0.35348 0.36823 0.38687 0.40804 0.43085 0.45643 0.49135 0.55040 0.00000 0.00000
0.49872 0.44433 0.40164 0.36798 0.34185 0.32246 0.30955 0.30309 0.30313 0.30955 0.32190 0.33928 0.36050 0.38452 0.41204 0.44903 0.50895 0.00000 0.00000 0.00000
0.44135 0.38751 0.34663 0.31545 0.29216 0.27584 0.26615 0.26303 0.26645 0.27624 0.29185 0.31238 0.33691 0.36589 0.40491 0.46754 0.00000 0.00000 0.00000 0.00000
0.37830 0.32619 0.28843 0.26099 0.24175 0.22967 0.22431 0.22554 0.23328 0.24722 0.26678 0.29126 0.32104 0.36132 0.42573 0.00000 0.00000 0.00000 0.00000 0.00000
0.31180 0.26298 0.23002 0.20793 0.19424 0.18779 0.18808 0.19486 0.20794 0.22692 0.25132 0.28155 0.32229 0.38672 0.00000 0.00000 0.00000 0.00000 0.00000 0.00000
0.24459 0.20126 0.17534 0.16062 0.15430 0.15512 0.16250 0.17609 0.19554 0.22052 0.25144 0.29241 0.35537 0.00000 0.00000 0.00000 0.00000 0.00000 0.00000 0.00000
0.17927 0.14507 0.12935 0.12453 0.12768 0.13751 0.15340 0.17490 0.20170 0.23419 0.27590 0.33692 0.00000 0.00000 0.00000 0.00000 0.00000 0.00000 0.00000 0.00000
0.11776 0.09986 0.09897 0.10709 0.12180 0.14214 0.16756 0.19774 0.23309 0.27665 0.33639 0.00000 0.00000 0.00000 0.00000 0.00000 0.00000 0.00000 0.00000 0.00000
0.06089 0.07778 0.09744 0.12074 0.14792 0.17898 0.21388 0.25318 0.29974 0.35943 0.00000 0.00000 0.00000 0.00000 0.00000 0.00000 0.00000 0.00000 0.00000 0.00000
0.00000 0.13573 0.16228 0.19273 0.22692 0.26473 0.30676 0.35578 0.41572 0.00000 0.00000 0.00000 0.00000 0.00000 0.00000 0.00000 0.00000 0.00000 0.00000 0.00000
0.04020 0.11421 0.16032 0.20216 0.24433 0.28892 0.33890 0.39651 0.00000 0.00000 0.00000 0.00000 0.00000 0.00000 0.00000 0.00000 0.00000 0.00000 0.00000 0.00000
0.08652 0.14175 0.18807 0.23285 0.27903 0.32968 0.38606 0.00000 0.00000 0.00000 0.00000 0.00000 0.00000 0.00000 0.00000 0.00000 0.00000 0.00000 0.00000 0.00000
0.13163 0.18044 0.22668 0.27376 0.32485 0.38062 0.00000 0.00000 0.00000 0.00000 0.00000 0.00000 0.00000 0.00000 0.00000 0.00000 0.00000 0.00000 0.00000 0.00000
0.17649 0.22350 0.27108 0.32242 0.37790 0.00000 0.00000 0.00000 0.00000 0.00000 0.00000 0.00000 0.00000 0.00000 0.00000 0.00000 0.00000 0.00000 0.00000 0.00000
0.22195 0.26976 0.32124 0.37659 0.00000 0.00000 0.00000 0.00000 0.00000 0.00000 0.00000 0.00000 0.00000 0.00000 0.00000 0.00000 0.00000 0.00000 0.00000 0.00000
0.26915 0.32069 0.37598 0.00000 0.00000 0.00000 0.00000 0.00000 0.00000 0.00000 0.00000 0.00000 0.00000 0.00000 0.00000 0.00000 0.00000 0.00000 0.00000 0.00000
0.32045 0.37572 0.00000 0.00000 0.00000 0.00000 0.00000 0.00000 0.00000 0.00000 0.00000 0.00000 0.00000 0.00000 0.00000 0.00000 0.00000 0.00000 0.00000 0.00000
0.37560 0.00000 0.00000 0.00000 0.00000 0.00000 0.00000 0.00000 0.00000 0.00000 0.00000 0.00000 0.00000 0.00000 0.00000 0.00000 0.00000 0.00000 0.00000 0.00000
