0.00000 1.73241 1.74448 1.75719 1.77211 1.78755 1.80276 1.81768 1.83231 1.84564 1.85787 1.86915 1.87937 1.88831 1.89740 1.90630 1.91520 1.92454 1.93363 1.94331 1.95385 1.96581 1.97958 1.99598 2.01667 2.04254 2.07649 2.12058 2.17737 2.25045 2.34397 2.46292 2.61021 2.85666 3.16823 3.58084 4.17529 5.13295 6.84561 10.16871
0.00000 1.73423 1.74665 1.76294 1.77996 1.79632 1.81162 1.82605 1.83981 1.85210 1.86326 1.87352 1.88283 1.89096 1.89927 1.90739 1.91544 1.92379 1.93171 1.94001 1.94895 1.95910 1.97087 1.98508 2.00343 2.02686 2.05831 2.09990 2.15422 2.22492 2.31617 2.43302 2.63692 2.89068 3.21192 3.63756 4.25139 5.23969 7.00221 0.00000
0.00000 1.73731 1.75492 1.77337 1.79106 1.80719 1.82168 1.83496 1.84747 1.85850 1.86851 1.87777 1.88619 1.89348 1.90097 1.90819 1.91520 1.92233 1.92881 1.93546 1.94253 1.95061 1.96012 1.97194 1.98780 2.00869 2.03760 2.07671 2.12865 2.19711 2.28631 2.45590 2.66614 2.92821 3.26032 3.70143 4.33847 5.36196 0.00000 0.00000
0.00000 1.75088 1.76909 1.78720 1.80394 1.81871 1.83163 1.84333 1.85436 1.86407 1.87295 1.88123 1.88876 1.89516 1.90169 1.90781 1.91353 1.91917 1.92392 1.92862 1.93354 1.93929 1.94633 1.95558 1.96883 1.98711 2.01348 2.05015 2.09980 2.16617 2.30487 2.47983 2.69717 2.96854 3.31374 3.77412 4.43937 0.00000 0.00000 0.00000
0.00000 1.76556 1.78288 1.79968 1.81478 1.82777 1.83897 1.84909 1.85876 1.86733 1.87523 1.88262 1.88926 1.89470 1.90012 1.90494 1.90912 1.91300 1.91575 1.91824 1.92077 1.92398 1.92839 1.93496 1.94554 1.96122 1.98509 2.01943 2.06695 2.18024 2.32333 2.50434 2.72967 3.01254 3.37487 3.86012 0.00000 0.00000 0.00000 0.00000
0.00000 1.77830 1.79401 1.80900 1.82219 1.83339 1.84298 1.85175 1.86032 1.86797 1.87503 1.88158 1.88729 1.89162 1.89572 1.89898 1.90137 1.90321 1.90369 1.90373 1.90366 1.90418 1.90585 1.90970 1.91763 1.93076 1.95225 1.98441 2.07687 2.19372 2.34183 2.52971 2.76534 3.06398 3.44953 0.00000 0.00000 0.00000 0.00000 0.00000
0.00000 1.78763 1.80139 1.81439 1.82578 1.83541 1.84372 1.85146 1.85919 1.86606 1.87234 1.87800 1.88263 1.88563 1.88816 1.88958 1.88988 1.88941 1.88738 1.88477 1.88194 1.87966 1.87856 1.87969 1.88504 1.89574 1.91503 1.99065 2.08595 2.20696 2.36092 2.55803 2.80846 3.12938 0.00000 0.00000 0.00000 0.00000 0.00000 0.00000
0.00000 1.79290 1.80457 1.81584 1.82575 1.83421 1.84160 1.84858 1.85566 1.86181 1.86724 1.87183 1.87514 1.87652 1.87717 1.87645 1.87437 1.87135 1.86660 1.86116 1.85548 1.85036 1.84650 1.84501 1.84792 1.85637 1.91805 1.99594 2.09467 2.22066 2.38290 2.59389 2.86598 0.00000 0.00000 0.00000 0.00000 0.00000 0.00000 0.00000
0.00000 1.79398 1.80393 1.81387 1.82275 1.83044 1.83721 1.84361 1.85005 1.85539 1.85976 1.86302 1.86469 1.86411 1.86256 1.85939 1.85466 1.84886 1.84120 1.83285 1.82427 1.81635 1.80982 1.80585 1.80650 1.85663 1.92008 2.00082 2.10381 2.23727 2.41264 2.64461 0.00000 0.00000 0.00000 0.00000 0.00000 0.00000 0.00000 0.00000
0.00000 1.79172 1.80031 1.80940 1.81766 1.82485 1.83111 1.83690 1.84259 1.84686 1.84984 1.85141 1.85108 1.84819 1.84410 1.83819 1.83057 1.82181 1.81115 1.79983 1.78839 1.77776 1.76873 1.76247 1.80447 1.85593 1.92171 2.00613 2.11594 2.26188 2.45769 0.00000 0.00000 0.00000 0.00000 0.00000 0.00000 0.00000 0.00000 0.00000
0.00000 1.78699 1.79471 1.80333 1.81122 1.81798 1.82366 1.82863 1.83325 1.83607 1.83727 1.83674 1.83402 1.82845 1.82151 1.81261 1.80192 1.79009 1.77639 1.76215 1.74796 1.73479 1.72346 1.75841 1.80145 1.85480 1.92376 2.01450 2.13631 2.30226 0.00000 0.00000 0.00000 0.00000 0.00000 0.00000 0.00000 0.00000 0.00000 0.00000
0.00000 1.78083 1.78802 1.79634 1.80385 1.81002 1.81483 1.81860 1.82173 1.82264 1.82162 1.81858 1.81309 1.80454 1.79449 1.78241 1.76854 1.75361 1.73691 1.71987 1.70310 1.68763 1.71764 1.75332 1.79798 1.85407 1.92893 2.03136 2.17287 0.00000 0.00000 0.00000 0.00000 0.00000 0.00000 0.00000 0.00000 0.00000 0.00000 0.00000
0.00000 1.77395 1.78066 1.78861 1.79551 1.80074 1.80425 1.80632 1.80746 1.80600 1.80230 1.79637 1.78777 1.77598 1.76264 1.74728 1.73022 1.71224 1.69269 1.67304 1.65396 1.68010 1.71067 1.74767 1.79481 1.85648 1.94279 2.06483 0.00000 0.00000 0.00000 0.00000 0.00000 0.00000 0.00000 0.00000 0.00000 0.00000 0.00000 0.00000
0.00000 1.76655 1.77266 1.77991 1.78576 1.78955 1.79120 1.79104 1.78968 1.78539 1.77862 1.76946 1.75751 1.74232 1.72561 1.70697 1.68680 1.66594 1.64374 1.62177 1.64474 1.67127 1.70298 1.74216 1.79475 1.86777 1.97371 0.00000 0.00000 0.00000 0.00000 0.00000 0.00000 0.00000 0.00000 0.00000 0.00000 0.00000 0.00000 0.00000
0.00000 1.75827 1.76345 1.76949 1.77376 1.77554 1.77477 1.77184 1.76750 1.75999 1.74982 1.73721 1.72176 1.70311 1.68306 1.66127 1.63818 1.61467 1.59013 1.61077 1.63397 1.66149 1.69526 1.73970 1.80377 1.89661 0.00000 0.00000 0.00000 0.00000 0.00000 0.00000 0.00000 0.00000 0.00000 0.00000 0.00000 0.00000 0.00000 0.00000
0.00000 1.74840 1.75213 1.75639 1.75846 1.75764 1.75393 1.74778 1.74007 1.72902 1.71525 1.69905 1.68008 1.65805 1.63479 1.61007 1.58435 1.55853 1.57722 1.59798 1.62204 1.65147 1.69051 1.74652 1.83089 0.00000 0.00000 0.00000 0.00000 0.00000 0.00000 0.00000 0.00000 0.00000 0.00000 0.00000 0.00000 0.00000 0.00000 0.00000
0.00000 1.73584 1.73760 1.73941 1.73874 1.73482 1.72771 1.71798 1.70660 1.69183 1.67435 1.65457 1.63219 1.60695 1.58076 1.55343 1.52545 1.54360 1.56227 1.58378 1.60965 1.64432 1.69527 1.77207 0.00000 0.00000 0.00000 0.00000 0.00000 0.00000 0.00000 0.00000 0.00000 0.00000 0.00000 0.00000 0.00000 0.00000 0.00000 0.00000
0.00000 1.71946 1.71860 1.71741 1.71352 1.70610 1.69523 1.68167 1.66648 1.64792 1.62678 1.60355 1.57798 1.54985 1.52109 1.49155 1.50829 1.52639 1.54570 1.56893 1.60011 1.64693 1.71950 0.00000 0.00000 0.00000 0.00000 0.00000 0.00000 0.00000 0.00000 0.00000 0.00000 0.00000 0.00000 0.00000 0.00000 0.00000 0.00000 0.00000
0.00000 1.69798 1.69403 1.68941 1.68193 1.67067 1.65584 1.63835 1.61930 1.59705 1.57243 1.54602 1.51761 1.48699 1.45610 1.47205 1.48866 1.50738 1.52831 1.55691 1.60066 1.66980 0.00000 0.00000 0.00000 0.00000 0.00000 0.00000 0.00000 0.00000 0.00000 0.00000 0.00000 0.00000 0.00000 0.00000 0.00000 0.00000 0.00000 0.00000
0.00000 1.67043 1.66301 1.65459 1.64325 1.62799 1.60913 1.58774 1.56496 1.53924 1.51145 1.48224 1.45142 1.41880 1.43418 1.44993 1.46709 1.48743 1.51377 1.55536 1.62237 0.00000 0.00000 0.00000 0.00000 0.00000 0.00000 0.00000 0.00000 0.00000 0.00000 0.00000 0.00000 0.00000 0.00000 0.00000 0.00000 0.00000 0.00000 0.00000
0.00000 1.63610 1.62485 1.61239 1.59705 1.57775 1.55494 1.52984 1.50361 1.47478 1.44425 1.41271 1.38000 1.39443 1.40953 1.42578 1.44451 1.47039 1.51010 1.57589 0.00000 0.00000 0.00000 0.00000 0.00000 0.00000 0.00000 0.00000 0.00000 0.00000 0.00000 0.00000 0.00000 0.00000 0.00000 0.00000 0.00000 0.00000 0.00000 0.00000
0.00000 1.59435 1.57912 1.56252 1.54317 1.51997 1.49344 1.46494 1.43566 1.40420 1.37146 1.33814 1.35322 1.36730 1.38285 1.40060 1.42495 1.46467 1.52948 0.00000 0.00000 0.00000 0.00000 0.00000 0.00000 0.00000 0.00000 0.00000 0.00000 0.00000 0.00000 0.00000 0.00000 0.00000 0.00000 0.00000 0.00000 0.00000 0.00000 0.00000
0.00000 1.54487 1.52566 1.50498 1.48178 1.45494 1.42509 1.39365 1.36182 1.32828 1.29391 1.30897 1.32370 1.33818 1.35517 1.37861 1.41717 1.48299 0.00000 0.00000 0.00000 0.00000 0.00000 0.00000 0.00000 0.00000 0.00000 0.00000 0.00000 0.00000 0.00000 0.00000 0.00000 0.00000 0.00000 0.00000 0.00000 0.00000 0.00000 0.00000
0.00000 1.48772 1.46469 1.44010 1.41337 1.38331 1.35062 1.31678 1.28300 1.24800 1.26248 1.27714 1.29233 1.30815 1.33088 1.36888 1.43436 0.00000 0.00000 0.00000 0.00000 0.00000 0.00000 0.00000 0.00000 0.00000 0.00000 0.00000 0.00000 0.00000 0.00000 0.00000 0.00000 0.00000 0.00000 0.00000 0.00000 0.00000 0.00000 0.00000
0.00000 1.42321 1.39664 1.36852 1.33869 1.30595 1.27100 1.23541 1.20030 1.21457 1.22853 1.24364 1.26018 1.28177 1.31935 1.38505 0.00000 0.00000 0.00000 0.00000 0.00000 0.00000 0.00000 0.00000 0.00000 0.00000 0.00000 0.00000 0.00000 0.00000 0.00000 0.00000 0.00000 0.00000 0.00000 0.00000 0.00000 0.00000 0.00000 0.00000
0.00000 1.35196 1.32230 1.29117 1.25880 1.22399 1.18744 1.15074 1.16511 1.17879 1.19313 1.20952 1.23199 1.26866 1.33459 0.00000 0.00000 0.00000 0.00000 0.00000 0.00000 0.00000 0.00000 0.00000 0.00000 0.00000 0.00000 0.00000 0.00000 0.00000 0.00000 0.00000 0.00000 0.00000 0.00000 0.00000 0.00000 0.00000 0.00000 0.00000
0.00000 1.27492 1.24273 1.20919 1.17493 1.13872 1.10123 1.11410 1.12779 1.14184 1.15729 1.17964 1.21761 1.28313 0.00000 0.00000 0.00000 0.00000 0.00000 0.00000 0.00000 0.00000 0.00000 0.00000 0.00000 0.00000 0.00000 0.00000 0.00000 0.00000 0.00000 0.00000 0.00000 0.00000 0.00000 0.00000 0.00000 0.00000 0.00000 0.00000
0.00000 1.19329 1.15918 1.12390 1.08841 1.05150 1.06367 1.07555 1.08960 1.10462 1.12596 1.16407 1.23158 0.00000 0.00000 0.00000 0.00000 0.00000 0.00000 0.00000 0.00000 0.00000 0.00000 0.00000 0.00000 0.00000 0.00000 0.00000 0.00000 0.00000 0.00000 0.00000 0.00000 0.00000 0.00000 0.00000 0.00000 0.00000 0.00000 0.00000
0.00000 1.10835 1.07300 1.03670 1.00068 1.01365 1.02452 1.03644 1.05128 1.07213 1.10944 1.17744 0.00000 0.00000 0.00000 0.00000 0.00000 0.00000 0.00000 0.00000 0.00000 0.00000 0.00000 0.00000 0.00000 0.00000 0.00000 0.00000 0.00000 0.00000 0.00000 0.00000 0.00000 0.00000 0.00000 0.00000 0.00000 0.00000 0.00000 0.00000
0.00000 1.02157 0.98567 0.94901 0.96279 0.97456 0.98520 0.99711 1.01790 1.05490 1.12231 0.00000 0.00000 0.00000 0.00000 0.00000 0.00000 0.00000 0.00000 0.00000 0.00000 0.00000 0.00000 0.00000 0.00000 0.00000 0.00000 0.00000 0.00000 0.00000 0.00000 0.00000 0.00000 0.00000 0.00000 0.00000 0.00000 0.00000 0.00000 0.00000
0.00000 0.93439 0.89855 0.91123 0.92392 0.93605 0.94557 0.96250 1.00050 1.06749 0.00000 0.00000 0.00000 0.00000 0.00000 0.00000 0.00000 0.00000 0.00000 0.00000 0.00000 0.00000 0.00000 0.00000 0.00000 0.00000 0.00000 0.00000 0.00000 0.00000 0.00000 0.00000 0.00000 0.00000 0.00000 0.00000 0.00000 0.00000 0.00000 0.00000
0.00000 0.84815 0.86191 0.87216 0.88673 0.89730 0.90999 0.94401 1.01417 0.00000 0.00000 0.00000 0.00000 0.00000 0.00000 0.00000 0.00000 0.00000 0.00000 0.00000 0.00000 0.00000 0.00000 0.00000 0.00000 0.00000 0.00000 0.00000 0.00000 0.00000 0.00000 0.00000 0.00000 0.00000 0.00000 0.00000 0.00000 0.00000 0.00000 0.00000
0.00000 0.00000 0.00000 0.00000 0.00000 0.00000 0.00000 0.00000 0.00000 0.00000 0.00000 0.00000 0.00000 0.00000 0.00000 0.00000 0.00000 0.00000 0.00000 0.00000 0.00000 0.00000 0.00000 0.00000 0.00000 0.00000 0.00000 0.00000 0.00000 0.00000 0.00000 0.00000 0.00000 0.00000 0.00000 0.00000 0.00000 0.00000 0.00000 0.00000
0.00000 0.00000 0.00000 0.00000 0.00000 0.00000 0.00000 0.00000 0.00000 0.00000 0.00000 0.00000 0.00000 0.00000 0.00000 0.00000 0.00000 0.00000 0.00000 0.00000 0.00000 0.00000 0.00000 0.00000 0.00000 0.00000 0.00000 0.00000 0.00000 0.00000 0.00000 0.00000 0.00000 0.00000 0.00000 0.00000 0.00000 0.00000 0.00000 0.00000
0.00000 0.00000 0.00000 0.00000 0.00000 0.00000 0.00000 0.00000 0.00000 0.00000 0.00000 0.00000 0.00000 0.00000 0.00000 0.00000 0.00000 0.00000 0.00000 0.00000 0.00000 0.00000 0.00000 0.00000 0.00000 0.00000 0.00000 0.00000 0.00000 0.00000 0.00000 0.00000 0.00000 0.00000 0.00000 0.00000 0.00000 0.00000 0.00000 0.00000
0.00000 0.00000 0.00000 0.00000 0.00000 0.00000 0.00000 0.00000 0.00000 0.00000 0.00000 0.00000 0.00000 0.00000 0.00000 0.00000 0.00000 0.00000 0.00000 0.00000 0.00000 0.00000 0.00000 0.00000 0.00000 0.00000 0.00000 0.00000 0.00000 0.00000 0.00000 0.00000 0.00000 0.00000 0.00000 0.00000 0.00000 0.00000 0.00000 0.00000
0.00000 0.00000 0.00000 0.00000 0.00000 0.00000 0.00000 0.00000 0.00000 0.00000 0.00000 0.00000 0.00000 0.00000 0.00000 0.00000 0.00000 0.00000 0.00000 0.00000 0.00000 0.00000 0.00000 0.00000 0.00000 0.00000 0.00000 0.00000 0.00000 0.00000 0.00000 0.00000 0.00000 0.00000 0.00000 0.00000 0.00000 0.00000 0.00000 0.00000
0.00000 0.00000 0.00000 0.00000 0.00000 0.00000 0.00000 0.00000 0.00000 0.00000 0.00000 0.00000 0.00000 0.00000 0.00000 0.00000 0.00000 0.00000 0.00000 0.00000 0.00000 0.00000 0.00000 0.00000 0.00000 0.00000 0.00000 0.00000 0.00000 0.00000 0.00000 0.00000 0.00000 0.00000 0.00000 0.00000 0.00000 0.00000 0.00000 0.00000
0.00000 0.00000 0.00000 0.00000 0.00000 0.00000 0.00000 0.00000 0.00000 0.00000 0.00000 0.00000 0.00000 0.00000 0.00000 0.00000 0.00000 0.00000 0.00000 0.00000 0.00000 0.00000 0.00000 0.00000 0.00000 0.00000 0.00000 0.00000 0.00000 0.00000 0.00000 0.00000 0.00000 0.00000 0.00000 0.00000 0.00000 0.00000 0.00000 0.00000
0.00000 0.00000 0.00000 0.00000 0.00000 0.00000 0.00000 0.00000 0.00000 0.00000 0.00000 0.00000 0.00000 0.00000 0.00000 0.00000 0.00000 0.00000 0.00000 0.00000 0.00000 0.00000 0.00000 0.00000 0.00000 0.00000 0.00000 0.00000 0.00000 0.00000 0.00000 0.00000 0.00000 0.00000 0.00000 0.00000 0.00000 0.00000 0.00000 0.00000
