0.59367 0.56691 0.54416 0.52462 0.50845 0.49512 0.48445 0.47651 0.47118 0.46860 0.46844 0.47109 0.47658 0.48504 0.49659 0.51122 0.52932 0.55059 0.57534 0.60386 0.63624 0.67339 0.71695 0.76960 0.83514 0.92001 1.03315 1.18638 1.40105 1.72464 2.28917 3.49158
0.57169 0.54465 0.52191 0.50249 0.48661 0.47369 0.46351 0.45613 0.45143 0.44957 0.45012 0.45354 0.45983 0.46915 0.48159 0.49713 0.51621 0.53848 0.56427 0.59390 0.62740 0.66574 0.71060 0.76469 0.83195 0.91897 1.03494 1.19211 1.41267 1.74580 2.32687 0.00000
0.54347 0.51654 0.49425 0.47522 0.45998 0.44777 0.43836 0.43181 0.42799 0.42715 0.42863 0.43304 0.44034 0.45070 0.46422 0.48076 0.50098 0.52441 0.55139 0.58235 0.61711 0.65679 0.70307 0.75881 0.82803 0.91760 1.03719 1.19989 1.42960 1.77828 0.00000 0.00000
0.51286 0.48625 0.46448 0.44622 0.43182 0.42054 0.41206 0.40654 0.40377 0.40401 0.40657 0.41210 0.42057 0.43211 0.44682 0.46463 0.48614 0.51083 0.53911 0.57135 0.60749 0.64861 0.69644 0.75403 0.82557 0.91838 1.04311 1.21448 1.45924 0.00000 0.00000 0.00000
0.47988 0.45388 0.43292 0.41569 0.40240 0.39228 0.38492 0.38064 0.37912 0.38070 0.38445 0.39129 0.40107 0.41394 0.43000 0.44920 0.47219 0.49825 0.52794 0.56158 0.59923 0.64193 0.69143 0.75120 0.82571 0.92316 1.05617 1.24200 0.00000 0.00000 0.00000 0.00000
0.44477 0.41972 0.39992 0.38404 0.37221 0.36354 0.35768 0.35488 0.35485 0.35786 0.36313 0.37146 0.38273 0.39710 0.41467 0.43540 0.45986 0.48741 0.51862 0.55380 0.59313 0.63757 0.68924 0.75181 0.83062 0.93571 1.08246 0.00000 0.00000 0.00000 0.00000 0.00000
0.40780 0.38416 0.36596 0.35181 0.34185 0.33497 0.33090 0.32986 0.33157 0.33626 0.34327 0.35330 0.36625 0.38230 0.40154 0.42394 0.45002 0.47911 0.51198 0.54885 0.59011 0.63653 0.69092 0.75753 0.84342 0.96175 0.00000 0.00000 0.00000 0.00000 0.00000 0.00000
0.36961 0.34791 0.33185 0.31985 0.31204 0.30731 0.30537 0.30639 0.31011 0.31678 0.32575 0.33770 0.35254 0.37045 0.39152 0.41572 0.44356 0.47447 0.50914 0.54792 0.59124 0.64031 0.69859 0.77189 0.87016 0.00000 0.00000 0.00000 0.00000 0.00000 0.00000 0.00000
0.33040 0.31135 0.29813 0.28876 0.28357 0.28142 0.28198 0.28538 0.29141 0.30037 0.31155 0.32563 0.34254 0.36249 0.38557 0.41164 0.44140 0.47427 0.51089 0.55189 0.59773 0.65052 0.71518 0.80017 0.00000 0.00000 0.00000 0.00000 0.00000 0.00000 0.00000 0.00000
0.29084 0.27534 0.26558 0.25960 0.25758 0.25846 0.26188 0.26801 0.27663 0.28805 0.30166 0.31810 0.33722 0.35939 0.38462 0.41283 0.44465 0.47962 0.51839 0.56190 0.61121 0.67003 0.74581 0.00000 0.00000 0.00000 0.00000 0.00000 0.00000 0.00000 0.00000 0.00000
0.25109 0.24037 0.23505 0.23322 0.23499 0.23939 0.24608 0.25527 0.26675 0.28087 0.29712 0.31611 0.33779 0.36231 0.38983 0.42031 0.45432 0.49159 0.53284 0.57972 0.63463 0.70385 0.00000 0.00000 0.00000 0.00000 0.00000 0.00000 0.00000 0.00000 0.00000 0.00000
0.21177 0.20752 0.20784 0.21104 0.21726 0.22569 0.23602 0.24857 0.26314 0.28018 0.29923 0.32093 0.34515 0.37213 0.40203 0.43488 0.47125 0.51114 0.55582 0.60805 0.67248 0.00000 0.00000 0.00000 0.00000 0.00000 0.00000 0.00000 0.00000 0.00000 0.00000 0.00000
0.17296 0.17770 0.18524 0.19450 0.20588 0.21883 0.23312 0.24928 0.26705 0.28713 0.30908 0.33363 0.36038 0.38986 0.42220 0.45752 0.49653 0.53972 0.58973 0.65080 0.00000 0.00000 0.00000 0.00000 0.00000 0.00000 0.00000 0.00000 0.00000 0.00000 0.00000 0.00000
0.13483 0.15253 0.16936 0.18585 0.20304 0.22093 0.23935 0.25922 0.28033 0.30346 0.32828 0.35552 0.38492 0.41689 0.45171 0.48969 0.53196 0.58012 0.63838 0.00000 0.00000 0.00000 0.00000 0.00000 0.00000 0.00000 0.00000 0.00000 0.00000 0.00000 0.00000 0.00000
0.09746 0.13505 0.16377 0.18861 0.21202 0.23500 0.25736 0.28075 0.30500 0.33095 0.35845 0.38818 0.42014 0.45450 0.49189 0.53303 0.58007 0.63591 0.00000 0.00000 0.00000 0.00000 0.00000 0.00000 0.00000 0.00000 0.00000 0.00000 0.00000 0.00000 0.00000 0.00000
0.06084 0.13211 0.17593 0.20943 0.23849 0.26568 0.29134 0.31753 0.34424 0.37242 0.40210 0.43389 0.46796 0.50460 0.54488 0.59053 0.64467 0.00000 0.00000 0.00000 0.00000 0.00000 0.00000 0.00000 0.00000 0.00000 0.00000 0.00000 0.00000 0.00000 0.00000 0.00000
0.02457 0.16412 0.22213 0.26076 0.29192 0.32057 0.34728 0.37445 0.40211 0.43128 0.46223 0.49531 0.53102 0.56998 0.61428 0.66634 0.00000 0.00000 0.00000 0.00000 0.00000 0.00000 0.00000 0.00000 0.00000 0.00000 0.00000 0.00000 0.00000 0.00000 0.00000 0.00000
0.00000 0.33479 0.35274 0.37201 0.39211 0.41386 0.43577 0.45978 0.48525 0.51304 0.54327 0.57642 0.61327 0.65526 0.70493 0.00000 0.00000 0.00000 0.00000 0.00000 0.00000 0.00000 0.00000 0.00000 0.00000 0.00000 0.00000 0.00000 0.00000 0.00000 0.00000 0.00000
0.04463 0.20617 0.27223 0.31566 0.35046 0.38203 0.41082 0.43998 0.46942 0.50036 0.53333 0.56937 0.61024 0.65715 0.00000 0.00000 0.00000 0.00000 0.00000 0.00000 0.00000 0.00000 0.00000 0.00000 0.00000 0.00000 0.00000 0.00000 0.00000 0.00000 0.00000 0.00000
0.07810 0.18611 0.24973 0.29632 0.33494 0.36976 0.40157 0.43314 0.46461 0.49748 0.53262 0.57199 0.61691 0.00000 0.00000 0.00000 0.00000 0.00000 0.00000 0.00000 0.00000 0.00000 0.00000 0.00000 0.00000 0.00000 0.00000 0.00000 0.00000 0.00000 0.00000 0.00000
0.11084 0.19258 0.24964 0.29477 0.33369 0.36928 0.40223 0.43489 0.46745 0.50192 0.53977 0.58271 0.00000 0.00000 0.00000 0.00000 0.00000 0.00000 0.00000 0.00000 0.00000 0.00000 0.00000 0.00000 0.00000 0.00000 0.00000 0.00000 0.00000 0.00000 0.00000 0.00000
0.14288 0.20916 0.26030 0.30295 0.34094 0.37631 0.40954 0.44278 0.47651 0.51322 0.55389 0.00000 0.00000 0.00000 0.00000 0.00000 0.00000 0.00000 0.00000 0.00000 0.00000 0.00000 0.00000 0.00000 0.00000 0.00000 0.00000 0.00000 0.00000 0.00000 0.00000 0.00000
0.17422 0.23035 0.27669 0.31680 0.35351 0.38837 0.42162 0.45551 0.49114 0.53016 0.00000 0.00000 0.00000 0.00000 0.00000 0.00000 0.00000 0.00000 0.00000 0.00000 0.00000 0.00000 0.00000 0.00000 0.00000 0.00000 0.00000 0.00000 0.00000 0.00000 0.00000 0.00000
0.20486 0.25410 0.29662 0.33440 0.36983 0.40401 0.43750 0.47290 0.51044 0.00000 0.00000 0.00000 0.00000 0.00000 0.00000 0.00000 0.00000 0.00000 0.00000 0.00000 0.00000 0.00000 0.00000 0.00000 0.00000 0.00000 0.00000 0.00000 0.00000 0.00000 0.00000 0.00000
0.23475 0.27896 0.31850 0.35425 0.38865 0.42257 0.45717 0.49417 0.00000 0.00000 0.00000 0.00000 0.00000 0.00000 0.00000 0.00000 0.00000 0.00000 0.00000 0.00000 0.00000 0.00000 0.00000 0.00000 0.00000 0.00000 0.00000 0.00000 0.00000 0.00000 0.00000 0.00000
0.26415 0.30456 0.34159 0.37592 0.40985 0.44449 0.48019 0.00000 0.00000 0.00000 0.00000 0.00000 0.00000 0.00000 0.00000 0.00000 0.00000 0.00000 0.00000 0.00000 0.00000 0.00000 0.00000 0.00000 0.00000 0.00000 0.00000 0.00000 0.00000 0.00000 0.00000 0.00000
0.29286 0.33037 0.36551 0.39906 0.43360 0.46896 0.00000 0.00000 0.00000 0.00000 0.00000 0.00000 0.00000 0.00000 0.00000 0.00000 0.00000 0.00000 0.00000 0.00000 0.00000 0.00000 0.00000 0.00000 0.00000 0.00000 0.00000 0.00000 0.00000 0.00000 0.00000 0.00000
0.32119 0.35656 0.39057 0.42439 0.45934 0.00000 0.00000 0.00000 0.00000 0.00000 0.00000 0.00000 0.00000 0.00000 0.00000 0.00000 0.00000 0.00000 0.00000 0.00000 0.00000 0.00000 0.00000 0.00000 0.00000 0.00000 0.00000 0.00000 0.00000 0.00000 0.00000 0.00000
0.34911 0.38319 0.41720 0.45124 0.00000 0.00000 0.00000 0.00000 0.00000 0.00000 0.00000 0.00000 0.00000 0.00000 0.00000 0.00000 0.00000 0.00000 0.00000 0.00000 0.00000 0.00000 0.00000 0.00000 0.00000 0.00000 0.00000 0.00000 0.00000 0.00000 0.00000 0.00000
0.37700 0.41096 0.44493 0.00000 0.00000 0.00000 0.00000 0.00000 0.00000 0.00000 0.00000 0.00000 0.00000 0.00000 0.00000 0.00000 0.00000 0.00000 0.00000 0.00000 0.00000 0.00000 0.00000 0.00000 0.00000 0.00000 0.00000 0.00000 0.00000 0.00000 0.00000 0.00000
0.40562 0.43947 0.00000 0.00000 0.00000 0.00000 0.00000 0.00000 0.00000 0.00000 0.00000 0.00000 0.00000 0.00000 0.00000 0.00000 0.00000 0.00000 0.00000 0.00000 0.00000 0.00000 0.00000 0.00000 0.00000 0.00000 0.00000 0.00000 0.00000 0.00000 0.00000 0.00000
0.43482 0.00000 0.00000 0.00000 0.00000 0.00000 0.00000 0.00000 0.00000 0.00000 0.00000 0.00000 0.00000 0.00000 0.00000 0.00000 0.00000 0.00000 0.00000 0.00000 0.00000 0.00000 0.00000 0.00000 0.00000 0.00000 0.00000 0.00000 0.00000 0.00000 0.00000 0.00000
