0.00000 0.58460 0.52090 0.45981 0.40391 0.35451 0.31196 0.27593 0.24575 0.22058 0.19957 0.19970 0.19997 0.20054 0.20167 0.20386 0.20808 0.21642 0.23374 0.27118 0.35123 0.51114 0.80816 1.39608
0.00000 0.45720 0.39741 0.34368 0.29699 0.25742 0.22448 0.19733 0.17504 0.15672 0.15676 0.15685 0.15705 0.15747 0.15835 0.16018 0.16415 0.17326 0.19472 0.24393 0.34762 0.54300 0.88376 0.00000
0.00000 0.33761 0.28692 0.24358 0.20748 0.17794 0.15401 0.13472 0.11913 0.11914 0.11917 0.11923 0.11938 0.11969 0.12042 0.12222 0.12687 0.13903 0.16912 0.23633 0.36846 0.59930 0.00000 0.00000
0.00000 0.23624 0.19657 0.16410 0.13802 0.11729 0.10090 0.08791 0.08792 0.08792 0.08794 0.08798 0.08809 0.08837 0.08917 0.09156 0.09854 0.11709 0.16068 0.24996 0.41046 0.00000 0.00000 0.00000
0.00000 0.15691 0.12803 0.10528 0.08756 0.07383 0.06319 0.06319 0.06319 0.06320 0.06321 0.06324 0.06335 0.06372 0.06500 0.06912 0.08083 0.10950 0.16997 0.28152 0.00000 0.00000 0.00000 0.00000
0.00000 0.09916 0.07946 0.06444 0.05307 0.04445 0.04445 0.04445 0.04445 0.04445 0.04446 0.04451 0.04469 0.04540 0.04792 0.05548 0.07474 0.11628 0.19406 0.00000 0.00000 0.00000 0.00000 0.00000
0.00000 0.05976 0.04708 0.03770 0.03077 0.03077 0.03077 0.03077 0.03077 0.03078 0.03080 0.03089 0.03131 0.03287 0.03783 0.05096 0.08003 0.13507 0.00000 0.00000 0.00000 0.00000 0.00000 0.00000
0.00000 0.03440 0.02667 0.02111 0.02111 0.02111 0.02111 0.02111 0.02111 0.02112 0.02117 0.02142 0.02240 0.02567 0.03469 0.05529 0.09497 0.00000 0.00000 0.00000 0.00000 0.00000 0.00000 0.00000
0.00000 0.01894 0.01446 0.01446 0.01446 0.01446 0.01446 0.01446 0.01446 0.01449 0.01464 0.01527 0.01743 0.02365 0.03835 0.06736 0.00000 0.00000 0.00000 0.00000 0.00000 0.00000 0.00000 0.00000
0.00000 0.00998 0.00998 0.00998 0.00998 0.00998 0.00998 0.00998 0.01000 0.01009 0.01049 0.01194 0.01626 0.02681 0.04821 0.00000 0.00000 0.00000 0.00000 0.00000 0.00000 0.00000 0.00000 0.00000
0.00000 0.00000 0.00000 0.00000 0.00000 0.00000 0.00000 0.00000 0.00000 0.00000 0.00000 0.00000 0.00000 0.00000 0.00000 0.00000 0.00000 0.00000 0.00000 0.00000 0.00000 0.00000 0.00000 0.00000
0.00000 0.00000 0.00000 0.00000 0.00000 0.00000 0.00000 0.00000 0.00000 0.00000 0.00000 0.00000 0.00000 0.00000 0.00000 0.00000 0.00000 0.00000 0.00000 0.00000 0.00000 0.00000 0.00000 0.00000
0.00000 0.00000 0.00000 0.00000 0.00000 0.00000 0.00000 0.00000 0.00000 0.00000 0.00000 0.00000 0.00000 0.00000 0.00000 0.00000 0.00000 0.00000 0.00000 0.00000 0.00000 0.00000 0.00000 0.00000
0.00000 0.00000 0.00000 0.00000 0.00000 0.00000 0.00000 0.00000 0.00000 0.00000 0.00000 0.00000 0.00000 0.00000 0.00000 0.00000 0.00000 0.00000 0.00000 0.00000 0.00000 0.00000 0.00000 0.00000
0.00000 0.00000 0.00000 0.00000 0.00000 0.00000 0.00000 0.00000 0.00000 0.00000 0.00000 0.00000 0.00000 0.00000 0.00000 0.00000 0.00000 0.00000 0.00000 0.00000 0.00000 0.00000 0.00000 0.00000
0.00000 0.00000 0.00000 0.00000 0.00000 0.00000 0.00000 0.00000 0.00000 0.00000 0.00000 0.00000 0.00000 0.00000 0.00000 0.00000 0.00000 0.00000 0.00000 0.00000 0.00000 0.00000 0.00000 0.00000
0.00000 0.00000 0.00000 0.00000 0.00000 0.00000 0.00000 0.00000 0.00000 0.00000 0.00000 0.00000 0.00000 0.00000 0.00000 0.00000 0.00000 0.00000 0.00000 0.00000 0.00000 0.00000 0.00000 0.00000
0.00000 0.00000 0.00000 0.00000 0.00000 0.00000 0.00000 0.00000 0.00000 0.00000 0.00000 0.00000 0.00000 0.00000 0.00000 0.00000 0.00000 0.00000 0.00000 0.00000 0.00000 0.00000 0.00000 0.00000
0.00000 0.00000 0.00000 0.00000 0.00000 0.00000 0.00000 0.00000 0.00000 0.00000 0.00000 0.00000 0.00000 0.00000 0.00000 0.00000 0.00000 0.00000 0.00000 0.00000 0.00000 0.00000 0.00000 0.00000
0.00000 0.00000 0.00000 0.00000 0.00000 0.00000 0.00000 0.00000 0.00000 0.00000 0.00000 0.00000 0.00000 0.00000 0.00000 0.00000 0.00000 0.00000 0.00000 0.00000 0.00000 0.00000 0.00000 0.00000
0.00000 0.00000 0.00000 0.00000 0.00000 0.00000 0.00000 0.00000 0.00000 0.00000 0.00000 0.00000 0.00000 0.00000 0.00000 0.00000 0.00000 0.00000 0.00000 0.00000 0.00000 0.00000 0.00000 0.00000
0.00000 0.00000 0.00000 0.00000 0.00000 0.00000 0.00000 0.00000 0.00000 0.00000 0.00000 0.00000 0.00000 0.00000 0.00000 0.00000 0.00000 0.00000 0.00000 0.00000 0.00000 0.00000 0.00000 0.00000
0.00000 0.00000 0.00000 0.00000 0.00000 0.00000 0.00000 0.00000 0.00000 0.00000 0.00000 0.00000 0.00000 0.00000 0.00000 0.00000 0.00000 0.00000 0.00000 0.00000 0.00000 0.00000 0.00000 0.00000
0.00000 0.00000 0.00000 0.00000 0.00000 0.00000 0.00000 0.00000 0.00000 0.00000 0.00000 0.00000 0.00000 0.00000 0.00000 0.00000 0.00000 0.00000 0.00000 0.00000 0.00000 0.00000 0.00000 0.00000
