0.00000 0.95258 0.96909 0.95461 0.92743 0.89589 0.86504 0.83793 0.81665 0.80288 0.79854 0.80512 0.87712 0.97623 1.11503 1.31519 1.61533 2.08495 2.87477 4.33576
0.00000 0.97815 0.94505 0.90558 0.86451 0.82552 0.79063 0.76104 0.73785 0.72229 0.71609 0.76739 0.83918 0.93896 1.08044 1.28719 1.60180 2.10090 2.95102 0.00000
0.00000 0.90563 0.86015 0.81491 0.77230 0.73377 0.69992 0.67130 0.64881 0.63364 0.66905 0.71993 0.79174 0.89260 1.03739 1.25244 1.58508 2.12122 0.00000 0.00000
0.00000 0.81004 0.76257 0.71880 0.67901 0.64343 0.61221 0.58588 0.56542 0.58939 0.62554 0.67757 0.75118 0.85489 1.00552 1.23268 1.59007 0.00000 0.00000 0.00000
0.00000 0.71214 0.66837 0.62891 0.59321 0.56127 0.53333 0.51016 0.52702 0.55329 0.59249 0.64830 0.72623 0.83569 0.99581 1.24100 0.00000 0.00000 0.00000 0.00000
0.00000 0.62279 0.58406 0.54904 0.51727 0.48897 0.46465 0.47724 0.49754 0.52845 0.57341 0.63556 0.72051 0.83860 1.01266 0.00000 0.00000 0.00000 0.00000 0.00000
0.00000 0.54404 0.50971 0.47844 0.45023 0.42559 0.43554 0.45209 0.47787 0.51583 0.56872 0.63939 0.73323 0.86270 0.00000 0.00000 0.00000 0.00000 0.00000 0.00000
0.00000 0.47407 0.44327 0.41531 0.39057 0.39880 0.41276 0.43497 0.46830 0.51509 0.57760 0.65779 0.76185 0.00000 0.00000 0.00000 0.00000 0.00000 0.00000 0.00000
0.00000 0.41080 0.38310 0.35841 0.36517 0.37725 0.39666 0.42642 0.46880 0.52583 0.59842 0.68846 0.00000 0.00000 0.00000 0.00000 0.00000 0.00000 0.00000 0.00000
0.00000 0.35311 0.32852 0.33405 0.34433 0.36153 0.38818 0.42680 0.47963 0.54706 0.62954 0.00000 0.00000 0.00000 0.00000 0.00000 0.00000 0.00000 0.00000 0.00000
0.00000 0.30075 0.30510 0.31394 0.32874 0.35297 0.38788 0.43694 0.50028 0.57768 0.00000 0.00000 0.00000 0.00000 0.00000 0.00000 0.00000 0.00000 0.00000 0.00000
0.00000 0.00000 0.00000 0.00000 0.00000 0.00000 0.00000 0.00000 0.00000 0.00000 0.00000 0.00000 0.00000 0.00000 0.00000 0.00000 0.00000 0.00000 0.00000 0.00000
0.00000 0.00000 0.00000 0.00000 0.00000 0.00000 0.00000 0.00000 0.00000 0.00000 0.00000 0.00000 0.00000 0.00000 0.00000 0.00000 0.00000 0.00000 0.00000 0.00000
0.00000 0.00000 0.00000 0.00000 0.00000 0.00000 0.00000 0.00000 0.00000 0.00000 0.00000 0.00000 0.00000 0.00000 0.00000 0.00000 0.00000 0.00000 0.00000 0.00000
0.00000 0.00000 0.00000 0.00000 0.00000 0.00000 0.00000 0.00000 0.00000 0.00000 0.00000 0.00000 0.00000 0.00000 0.00000 0.00000 0.00000 0.00000 0.00000 0.00000
0.00000 0.00000 0.00000 0.00000 0.00000 0.00000 0.00000 0.00000 0.00000 0.00000 0.00000 0.00000 0.00000 0.00000 0.00000 0.00000 0.00000 0.00000 0.00000 0.00000
0.00000 0.00000 0.00000 0.00000 0.00000 0.00000 0.00000 0.00000 0.00000 0.00000 0.00000 0.00000 0.00000 0.00000 0.00000 0.00000 0.00000 0.00000 0.00000 0.00000
0.00000 0.00000 0.00000 0.00000 0.00000 0.00000 0.00000 0.00000 0.00000 0.00000 0.00000 0.00000 0.00000 0.00000 0.00000 0.00000 0.00000 0.00000 0.00000 0.00000
0.00000 0.00000 0.00000 0.00000 0.00000 0.00000 0.00000 0.00000 0.00000 0.00000 0.00000 0.00000 0.00000 0.00000 0.00000 0.00000 0.00000 0.00000 0.00000 0.00000
0.00000 0.00000 0.00000 0.00000 0.00000 0.00000 0.00000 0.00000 0.00000 0.00000 0.00000 0.00000 0.00000 0.00000 0.00000 0.00000 0.00000 0.00000 0.00000 0.00000
