0.00000 1.26627 1.30090 1.32754 1.35455 1.38283 1.41294 1.44405 1.47553 1.50648 1.53618 1.56427 1.59041 1.61419 1.63569 1.65542 1.67476 1.69668 1.72735 1.77609 1.85697 1.98841 2.20606 2.62488 3.78488
0.00000 1.28330 1.30321 1.32660 1.35354 1.38266 1.41359 1.44513 1.47663 1.50727 1.53641 1.56378 1.58903 1.61176 1.63199 1.65022 1.66777 1.68759 1.71587 1.76195 1.84011 1.96932 2.18628 2.68665 0.00000
0.00000 1.27104 1.29344 1.31973 1.34925 1.38021 1.41220 1.44414 1.47558 1.50585 1.53439 1.56095 1.58520 1.60669 1.62543 1.64187 1.65730 1.67470 1.70031 1.74372 1.81996 1.94974 2.23678 0.00000 0.00000
0.00000 1.26388 1.28940 1.31824 1.34941 1.38117 1.41327 1.44489 1.47571 1.50516 1.53271 1.55809 1.58096 1.60080 1.61759 1.63176 1.64462 1.65922 1.68207 1.72356 1.80061 1.99298 0.00000 0.00000 0.00000
0.00000 1.26306 1.29085 1.32095 1.35250 1.38400 1.41546 1.44620 1.47598 1.50424 1.53045 1.55428 1.57533 1.59307 1.60745 1.61889 1.62881 1.64053 1.66144 1.70397 1.83933 0.00000 0.00000 0.00000 0.00000
0.00000 1.26684 1.29538 1.32541 1.35633 1.38687 1.41720 1.44670 1.47513 1.50190 1.52641 1.54831 1.56712 1.58230 1.59381 1.60217 1.60910 1.61886 1.64104 1.73999 0.00000 0.00000 0.00000 0.00000 0.00000
0.00000 1.27216 1.30019 1.32926 1.35898 1.38821 1.41717 1.44520 1.47204 1.49701 1.51947 1.53901 1.55514 1.56732 1.57562 1.58089 1.58584 1.59712 1.67559 0.00000 0.00000 0.00000 0.00000 0.00000 0.00000
0.00000 1.27648 1.30330 1.33102 1.35932 1.38709 1.41451 1.44089 1.46585 1.48868 1.50868 1.52542 1.53843 1.54728 1.55238 1.55566 1.56237 1.63090 0.00000 0.00000 0.00000 0.00000 0.00000 0.00000 0.00000
0.00000 1.27838 1.30378 1.33002 1.35682 1.38303 1.40874 1.43317 1.45590 1.47617 1.49325 1.50674 1.51629 1.52184 1.52494 1.53022 1.59578 0.00000 0.00000 0.00000 0.00000 0.00000 0.00000 0.00000 0.00000
0.00000 1.27745 1.30135 1.32608 1.35129 1.37573 1.39942 1.42154 1.44159 1.45881 1.47251 1.48239 1.48853 1.49207 1.49741 1.56342 0.00000 0.00000 0.00000 0.00000 0.00000 0.00000 0.00000 0.00000 0.00000
0.00000 1.27360 1.29597 1.31908 1.34247 1.36481 1.38607 1.40538 1.42224 1.43592 1.44586 1.45222 1.45632 1.46235 1.53045 0.00000 0.00000 0.00000 0.00000 0.00000 0.00000 0.00000 0.00000 0.00000 0.00000
0.00000 1.26688 1.28755 1.30875 1.32993 1.34971 1.36800 1.38396 1.39711 1.40687 1.41314 1.41745 1.42432 1.49518 0.00000 0.00000 0.00000 0.00000 0.00000 0.00000 0.00000 0.00000 0.00000 0.00000 0.00000
0.00000 1.25701 1.27565 1.29452 1.31299 1.32962 1.34438 1.35645 1.36550 1.37146 1.37566 1.38304 1.45680 0.00000 0.00000 0.00000 0.00000 0.00000 0.00000 0.00000 0.00000 0.00000 0.00000 0.00000 0.00000
0.00000 1.24349 1.25962 1.27560 1.29073 1.30362 1.31429 1.32210 1.32721 1.33109 1.33867 1.41499 0.00000 0.00000 0.00000 0.00000 0.00000 0.00000 0.00000 0.00000 0.00000 0.00000 0.00000 0.00000 0.00000
0.00000 1.22549 1.23852 1.25098 1.26216 1.27075 1.27698 1.28073 1.28375 1.29135 1.36985 0.00000 0.00000 0.00000 0.00000 0.00000 0.00000 0.00000 0.00000 0.00000 0.00000 0.00000 0.00000 0.00000 0.00000
0.00000 1.20204 1.21131 1.21964 1.22631 1.23030 1.23233 1.23402 1.24112 1.32154 0.00000 0.00000 0.00000 0.00000 0.00000 0.00000 0.00000 0.00000 0.00000 0.00000 0.00000 0.00000 0.00000 0.00000 0.00000
0.00000 1.17205 1.17700 1.18068 1.18258 1.18226 1.18223 1.18839 1.27003 0.00000 0.00000 0.00000 0.00000 0.00000 0.00000 0.00000 0.00000 0.00000 0.00000 0.00000 0.00000 0.00000 0.00000 0.00000 0.00000
0.00000 1.13464 1.13481 1.13363 1.13114 1.12878 1.13355 1.21580 0.00000 0.00000 0.00000 0.00000 0.00000 0.00000 0.00000 0.00000 0.00000 0.00000 0.00000 0.00000 0.00000 0.00000 0.00000 0.00000 0.00000
0.00000 1.08919 1.08445 1.07887 1.07439 1.07715 1.15921 0.00000 0.00000 0.00000 0.00000 0.00000 0.00000 0.00000 0.00000 0.00000 0.00000 0.00000 0.00000 0.00000 0.00000 0.00000 0.00000 0.00000 0.00000
0.00000 1.03563 1.02656 1.01910 1.02002 1.10095 0.00000 0.00000 0.00000 0.00000 0.00000 0.00000 0.00000 0.00000 0.00000 0.00000 0.00000 0.00000 0.00000 0.00000 0.00000 0.00000 0.00000 0.00000 0.00000
0.00000 0.97485 0.96406 0.96232 1.04191 0.00000 0.00000 0.00000 0.00000 0.00000 0.00000 0.00000 0.00000 0.00000 0.00000 0.00000 0.00000 0.00000 0.00000 0.00000 0.00000 0.00000 0.00000 0.00000 0.00000
0.00000 0.91004 0.90524 0.98220 0.00000 0.00000 0.00000 0.00000 0.00000 0.00000 0.00000 0.00000 0.00000 0.00000 0.00000 0.00000 0.00000 0.00000 0.00000 0.00000 0.00000 0.00000 0.00000 0.00000 0.00000
0.00000 0.84964 0.92309 0.00000 0.00000 0.00000 0.00000 0.00000 0.00000 0.00000 0.00000 0.00000 0.00000 0.00000 0.00000 0.00000 0.00000 0.00000 0.00000 0.00000 0.00000 0.00000 0.00000 0.00000 0.00000
0.00000 0.00000 0.00000 0.00000 0.00000 0.00000 0.00000 0.00000 0.00000 0.00000 0.00000 0.00000 0.00000 0.00000 0.00000 0.00000 0.00000 0.00000 0.00000 0.00000 0.00000 0.00000 0.00000 0.00000 0.00000
0.00000 0.00000 0.00000 0.00000 0.00000 0.00000 0.00000 0.00000 0.00000 0.00000 0.00000 0.00000 0.00000 0.00000 0.00000 0.00000 0.00000 0.00000 0.00000 0.00000 0.00000 0.00000 0.00000 0.00000 0.00000
