0.00000 0.97622 0.97953 0.95974 0.92322 0.87506 0.82275 0.77377 0.73315 0.78144 0.83837 0.90146 0.96703 1.03095 1.08991 1.14439 1.20676 1.32363 1.61145
0.00000 0.97045 0.93507 0.88394 0.82175 0.75654 0.69620 0.64602 0.68445 0.73200 0.78725 0.84743 0.90869 0.96695 1.01931 1.06729 1.12592 1.24911 0.00000
0.00000 0.88773 0.82483 0.75133 0.67603 0.60707 0.54966 0.57779 0.61439 0.65914 0.71039 0.76524 0.81993 0.87068 0.91528 0.95657 1.01294 0.00000 0.00000
0.00000 0.75103 0.66868 0.58645 0.51227 0.45081 0.46955 0.49522 0.52828 0.56821 0.61330 0.66074 0.70707 0.74910 0.78549 0.82078 0.00000 0.00000 0.00000
0.00000 0.57718 0.49204 0.41674 0.35509 0.36642 0.38276 0.40494 0.43321 0.46695 0.50450 0.54333 0.58049 0.61352 0.64217 0.00000 0.00000 0.00000 0.00000
0.00000 0.39994 0.32730 0.26892 0.27521 0.28472 0.29831 0.31659 0.33962 0.36674 0.39644 0.42658 0.45481 0.47955 0.00000 0.00000 0.00000 0.00000 0.00000
0.00000 0.24988 0.19708 0.20035 0.20553 0.21330 0.22427 0.23882 0.25691 0.27784 0.30031 0.32261 0.34306 0.00000 0.00000 0.00000 0.00000 0.00000 0.00000
0.00000 0.14133 0.14298 0.14572 0.14999 0.15631 0.16507 0.17648 0.19036 0.20606 0.22246 0.23832 0.00000 0.00000 0.00000 0.00000 0.00000 0.00000 0.00000
0.00000 0.00000 0.00000 0.00000 0.00000 0.00000 0.00000 0.00000 0.00000 0.00000 0.00000 0.00000 0.00000 0.00000 0.00000 0.00000 0.00000 0.00000 0.00000
0.00000 0.00000 0.00000 0.00000 0.00000 0.00000 0.00000 0.00000 0.00000 0.00000 0.00000 0.00000 0.00000 0.00000 0.00000 0.00000 0.00000 0.00000 0.00000
0.00000 0.00000 0.00000 0.00000 0.00000 0.00000 0.00000 0.00000 0.00000 0.00000 0.00000 0.00000 0.00000 0.00000 0.00000 0.00000 0.00000 0.00000 0.00000
0.00000 0.00000 0.00000 0.00000 0.00000 0.00000 0.00000 0.00000 0.00000 0.00000 0.00000 0.00000 0.00000 0.00000 0.00000 0.00000 0.00000 0.00000 0.00000
0.00000 0.00000 0.00000 0.00000 0.00000 0.00000 0.00000 0.00000 0.00000 0.00000 0.00000 0.00000 0.00000 0.00000 0.00000 0.00000 0.00000 0.00000 0.00000
0.00000 0.00000 0.00000 0.00000 0.00000 0.00000 0.00000 0.00000 0.00000 0.00000 0.00000 0.00000 0.00000 0.00000 0.00000 0.00000 0.00000 0.00000 0.00000
0.00000 0.00000 0.00000 0.00000 0.00000 0.00000 0.00000 0.00000 0.00000 0.00000 0.00000 0.00000 0.00000 0.00000 0.00000 0.00000 0.00000 0.00000 0.00000
0.00000 0.00000 0.00000 0.00000 0.00000 0.00000 0.00000 0.00000 0.00000 0.00000 0.00000 0.00000 0.00000 0.00000 0.00000 0.00000 0.00000 0.00000 0.00000
0.00000 0.00000 0.00000 0.00000 0.00000 0.00000 0.00000 0.00000 0.00000 0.00000 0.00000 0.00000 0.00000 0.00000 0.00000 0.00000 0.00000 0.00000 0.00000
0.00000 0.00000 0.00000 0.00000 0.00000 0.00000 0.00000 0.00000 0.00000 0.00000 0.00000 0.00000 0.00000 0.00000 0.00000 0.00000 0.00000 0.00000 0.00000
0.00000 0.00000 0.00000 0.00000 0.00000 0.00000 0.00000 0.00000 0.00000 0.00000 0.00000 0.00000 0.00000 0.00000 0.00000 0.00000 0.00000 0.00000 0.00000
