0.23668 0.22682 0.21774 0.20937 0.20161 0.19441 0.18771 0.18144 0.17559 0.17010 0.16495 0.16010 0.15553 0.15121 0.14712 0.14326 0.13958 0.13610 0.13280 0.12967 0.12670 0.12389 0.12123 0.11873 0.11641 0.11428 0.11239 0.11076 0.10948 0.10864 0.10836 0.10882 0.11023 0.11288 0.11710 0.12327 0.13181 0.14324 0.15808 0.17698 0.20083 0.23098 0.26990 0.32219 0.39693 0.51177 0.70346 1.07083
0.21619 0.20679 0.19817 0.19024 0.18292 0.17614 0.16985 0.16399 0.15852 0.15341 0.14861 0.14411 0.13988 0.13589 0.13211 0.12855 0.12517 0.12198 0.11896 0.11610 0.11341 0.11088 0.10850 0.10630 0.10430 0.10252 0.10103 0.09987 0.09915 0.09898 0.09953 0.10099 0.10363 0.10776 0.11372 0.12189 0.13267 0.14651 0.16386 0.18527 0.21153 0.24394 0.28498 0.33929 0.41589 0.53236 0.72497 0.00000
0.19636 0.18743 0.17928 0.17181 0.16494 0.15859 0.15272 0.14726 0.14218 0.13744 0.13300 0.12885 0.12496 0.12129 0.11782 0.11456 0.11148 0.10857 0.10583 0.10326 0.10085 0.09861 0.09654 0.09466 0.09302 0.09166 0.09064 0.09005 0.09001 0.09068 0.09224 0.09494 0.09906 0.10494 0.11292 0.12336 0.13662 0.15306 0.17304 0.19700 0.22562 0.26011 0.30294 0.35873 0.43652 0.55365 0.00000 0.00000
0.17731 0.16886 0.16118 0.15417 0.14775 0.14183 0.13638 0.13132 0.12663 0.12226 0.11819 0.11438 0.11082 0.10747 0.10432 0.10136 0.09856 0.09595 0.09350 0.09121 0.08910 0.08717 0.08543 0.08391 0.08269 0.08182 0.08138 0.08149 0.08229 0.08398 0.08678 0.09096 0.09683 0.10472 0.11497 0.12790 0.14379 0.16292 0.18552 0.21190 0.24262 0.27882 0.32291 0.37959 0.45771 0.00000 0.00000 0.00000
0.15912 0.15116 0.14395 0.13741 0.13143 0.12596 0.12092 0.11627 0.11196 0.10796 0.10424 0.10077 0.09754 0.09450 0.09165 0.08900 0.08650 0.08417 0.08201 0.08002 0.07822 0.07663 0.07526 0.07418 0.07345 0.07317 0.07343 0.07440 0.07624 0.07918 0.08346 0.08938 0.09725 0.10739 0.12011 0.13567 0.15426 0.17604 0.20110 0.22960 0.26199 0.29933 0.34414 0.40091 0.00000 0.00000 0.00000 0.00000
0.14190 0.13442 0.12769 0.12161 0.11608 0.11104 0.10641 0.10215 0.09822 0.09458 0.09121 0.08808 0.08517 0.08244 0.07990 0.07753 0.07533 0.07330 0.07144 0.06976 0.06831 0.06709 0.06616 0.06558 0.06546 0.06590 0.06704 0.06905 0.07215 0.07657 0.08259 0.09050 0.10060 0.11320 0.12852 0.14676 0.16800 0.19225 0.21944 0.24960 0.28308 0.32103 0.36578 0.00000 0.00000 0.00000 0.00000 0.00000
0.12572 0.11873 0.11247 0.10684 0.10175 0.09713 0.09292 0.08905 0.08548 0.08219 0.07916 0.07635 0.07375 0.07133 0.06908 0.06702 0.06511 0.06338 0.06184 0.06052 0.05944 0.05867 0.05826 0.05830 0.05891 0.06024 0.06244 0.06573 0.07032 0.07648 0.08448 0.09461 0.10714 0.12232 0.14030 0.16117 0.18487 0.21126 0.24009 0.27130 0.30534 0.34312 0.00000 0.00000 0.00000 0.00000 0.00000 0.00000
0.11066 0.10414 0.09834 0.09316 0.08850 0.08429 0.08047 0.07698 0.07377 0.07083 0.06812 0.06562 0.06333 0.06120 0.05925 0.05748 0.05588 0.05448 0.05329 0.05236 0.05174 0.05149 0.05171 0.05250 0.05403 0.05645 0.05995 0.06475 0.07109 0.07924 0.08945 0.10198 0.11706 0.13487 0.15545 0.17877 0.20459 0.23261 0.26248 0.29420 0.32799 0.00000 0.00000 0.00000 0.00000 0.00000 0.00000 0.00000
0.09675 0.09069 0.08535 0.08061 0.07636 0.07255 0.06911 0.06597 0.06311 0.06050 0.05811 0.05591 0.05391 0.05209 0.05044 0.04897 0.04769 0.04665 0.04586 0.04538 0.04530 0.04570 0.04670 0.04843 0.05108 0.05482 0.05986 0.06643 0.07477 0.08513 0.09773 0.11279 0.13048 0.15085 0.17386 0.19927 0.22671 0.25574 0.28610 0.31752 0.00000 0.00000 0.00000 0.00000 0.00000 0.00000 0.00000 0.00000
0.08402 0.07841 0.07350 0.06918 0.06534 0.06190 0.05882 0.05604 0.05351 0.05121 0.04912 0.04723 0.04552 0.04399 0.04265 0.04151 0.04059 0.03995 0.03963 0.03971 0.04029 0.04150 0.04346 0.04635 0.05035 0.05567 0.06252 0.07111 0.08168 0.09442 0.10954 0.12717 0.14739 0.17016 0.19524 0.22225 0.25068 0.28016 0.31017 0.00000 0.00000 0.00000 0.00000 0.00000 0.00000 0.00000 0.00000 0.00000
0.07247 0.06729 0.06280 0.05888 0.05542 0.05235 0.04961 0.04716 0.04494 0.04295 0.04116 0.03956 0.03814 0.03692 0.03591 0.03513 0.03463 0.03447 0.03472 0.03549 0.03690 0.03910 0.04226 0.04655 0.05219 0.05935 0.06827 0.07911 0.09207 0.10732 0.12499 0.14513 0.16772 0.19253 0.21918 0.24715 0.27601 0.30508 0.00000 0.00000 0.00000 0.00000 0.00000 0.00000 0.00000 0.00000 0.00000 0.00000
0.06209 0.05731 0.05321 0.04967 0.04658 0.04385 0.04145 0.03930 0.03739 0.03570 0.03420 0.03289 0.03179 0.03090 0.03025 0.02989 0.02989 0.03031 0.03128 0.03292 0.03537 0.03881 0.04343 0.04941 0.05694 0.06622 0.07743 0.09069 0.10617 0.12397 0.14413 0.16659 0.19119 0.21754 0.24512 0.27348 0.30188 0.00000 0.00000 0.00000 0.00000 0.00000 0.00000 0.00000 0.00000 0.00000 0.00000 0.00000
0.05282 0.04842 0.04470 0.04152 0.03877 0.03638 0.03428 0.03244 0.03082 0.02942 0.02822 0.02722 0.02645 0.02594 0.02572 0.02588 0.02648 0.02766 0.02952 0.03225 0.03600 0.04096 0.04733 0.05529 0.06500 0.07663 0.09030 0.10610 0.12413 0.14441 0.16687 0.19132 0.21742 0.24466 0.27259 0.30043 0.00000 0.00000 0.00000 0.00000 0.00000 0.00000 0.00000 0.00000 0.00000 0.00000 0.00000 0.00000
0.04462 0.04057 0.03720 0.03436 0.03194 0.02986 0.02807 0.02652 0.02520 0.02409 0.02321 0.02255 0.02217 0.02210 0.02241 0.02321 0.02459 0.02671 0.02972 0.03381 0.03916 0.04596 0.05439 0.06460 0.07673 0.09089 0.10715 0.12552 0.14602 0.16859 0.19300 0.21891 0.24586 0.27340 0.30074 0.00000 0.00000 0.00000 0.00000 0.00000 0.00000 0.00000 0.00000 0.00000 0.00000 0.00000 0.00000 0.00000
0.03741 0.03368 0.03065 0.02813 0.02602 0.02424 0.02275 0.02150 0.02048 0.01969 0.01916 0.01890 0.01898 0.01947 0.02046 0.02207 0.02446 0.02779 0.03224 0.03801 0.04529 0.05425 0.06503 0.07776 0.09251 0.10930 0.12817 0.14903 0.17181 0.19630 0.22214 0.24884 0.27604 0.30291 0.00000 0.00000 0.00000 0.00000 0.00000 0.00000 0.00000 0.00000 0.00000 0.00000 0.00000 0.00000 0.00000 0.00000
0.03110 0.02767 0.02495 0.02275 0.02095 0.01947 0.01828 0.01734 0.01665 0.01623 0.01611 0.01634 0.01701 0.01821 0.02008 0.02276 0.02643 0.03129 0.03753 0.04534 0.05489 0.06633 0.07974 0.09518 0.11264 0.13211 0.15349 0.17663 0.20131 0.22719 0.25377 0.28067 0.30710 0.00000 0.00000 0.00000 0.00000 0.00000 0.00000 0.00000 0.00000 0.00000 0.00000 0.00000 0.00000 0.00000 0.00000 0.00000
0.02560 0.02245 0.02004 0.01815 0.01666 0.01550 0.01463 0.01404 0.01374 0.01376 0.01416 0.01502 0.01645 0.01859 0.02159 0.02565 0.03096 0.03773 0.04614 0.05637 0.06854 0.08273 0.09897 0.11723 0.13744 0.15946 0.18314 0.20816 0.23419 0.26076 0.28747 0.31348 0.00000 0.00000 0.00000 0.00000 0.00000 0.00000 0.00000 0.00000 0.00000 0.00000 0.00000 0.00000 0.00000 0.00000 0.00000 0.00000
0.02080 0.01793 0.01583 0.01427 0.01312 0.01231 0.01181 0.01163 0.01181 0.01239 0.01347 0.01516 0.01760 0.02098 0.02547 0.03129 0.03865 0.04774 0.05873 0.07174 0.08683 0.10399 0.12318 0.14427 0.16710 0.19144 0.21700 0.24333 0.26999 0.29660 0.32230 0.00000 0.00000 0.00000 0.00000 0.00000 0.00000 0.00000 0.00000 0.00000 0.00000 0.00000 0.00000 0.00000 0.00000 0.00000 0.00000 0.00000
0.01660 0.01402 0.01227 0.01108 0.01032 0.00992 0.00988 0.01023 0.01102 0.01236 0.01435 0.01715 0.02094 0.02594 0.03235 0.04038 0.05025 0.06211 0.07607 0.09217 0.11039 0.13064 0.15278 0.17657 0.20175 0.22798 0.25480 0.28170 0.30829 0.33375 0.00000 0.00000 0.00000 0.00000 0.00000 0.00000 0.00000 0.00000 0.00000 0.00000 0.00000 0.00000 0.00000 0.00000 0.00000 0.00000 0.00000 0.00000
0.01290 0.01067 0.00935 0.00862 0.00833 0.00846 0.00902 0.01007 0.01170 0.01405 0.01727 0.02157 0.02714 0.03423 0.04306 0.05381 0.06666 0.08171 0.09898 0.11841 0.13989 0.16321 0.18814 0.21434 0.24140 0.26885 0.29614 0.32286 0.34814 0.00000 0.00000 0.00000 0.00000 0.00000 0.00000 0.00000 0.00000 0.00000 0.00000 0.00000 0.00000 0.00000 0.00000 0.00000 0.00000 0.00000 0.00000 0.00000
0.00958 0.00787 0.00713 0.00700 0.00736 0.00820 0.00957 0.01158 0.01436 0.01810 0.02299 0.02926 0.03715 0.04689 0.05869 0.07268 0.08898 0.10758 0.12840 0.15127 0.17597 0.20218 0.22956 0.25764 0.28586 0.31367 0.34066 0.36586 0.00000 0.00000 0.00000 0.00000 0.00000 0.00000 0.00000 0.00000 0.00000 0.00000 0.00000 0.00000 0.00000 0.00000 0.00000 0.00000 0.00000 0.00000 0.00000 0.00000
0.00652 0.00575 0.00590 0.00662 0.00786 0.00967 0.01217 0.01551 0.01987 0.02549 0.03260 0.04145 0.05227 0.06527 0.08061 0.09834 0.11846 0.14085 0.16531 0.19157 0.21926 0.24796 0.27721 0.30637 0.33483 0.36215 0.38738 0.00000 0.00000 0.00000 0.00000 0.00000 0.00000 0.00000 0.00000 0.00000 0.00000 0.00000 0.00000 0.00000 0.00000 0.00000 0.00000 0.00000 0.00000 0.00000 0.00000 0.00000
0.00361 0.00498 0.00648 0.00838 0.01081 0.01395 0.01799 0.02314 0.02964 0.03776 0.04774 0.05985 0.07426 0.09114 0.11052 0.13238 0.15655 0.18280 0.21080 0.24014 0.27035 0.30087 0.33108 0.36030 0.38804 0.41330 0.00000 0.00000 0.00000 0.00000 0.00000 0.00000 0.00000 0.00000 0.00000 0.00000 0.00000 0.00000 0.00000 0.00000 0.00000 0.00000 0.00000 0.00000 0.00000 0.00000 0.00000 0.00000
0.00000 0.00950 0.01178 0.01470 0.01844 0.02320 0.02919 0.03669 0.04595 0.05725 0.07082 0.08686 0.10549 0.12675 0.15055 0.17671 0.20494 0.23485 0.26599 0.29784 0.32976 0.36106 0.39106 0.41926 0.44453 0.00000 0.00000 0.00000 0.00000 0.00000 0.00000 0.00000 0.00000 0.00000 0.00000 0.00000 0.00000 0.00000 0.00000 0.00000 0.00000 0.00000 0.00000 0.00000 0.00000 0.00000 0.00000 0.00000
0.00231 0.00818 0.01231 0.01664 0.02176 0.02800 0.03566 0.04506 0.05645 0.07010 0.08620 0.10489 0.12619 0.15002 0.17620 0.20443 0.23432 0.26540 0.29714 0.32890 0.35996 0.38960 0.41736 0.44212 0.00000 0.00000 0.00000 0.00000 0.00000 0.00000 0.00000 0.00000 0.00000 0.00000 0.00000 0.00000 0.00000 0.00000 0.00000 0.00000 0.00000 0.00000 0.00000 0.00000 0.00000 0.00000 0.00000 0.00000
0.00562 0.01060 0.01536 0.02073 0.02714 0.03493 0.04441 0.05588 0.06958 0.08573 0.10445 0.12579 0.14964 0.17583 0.20406 0.23394 0.26499 0.29665 0.32829 0.35917 0.38857 0.41597 0.44031 0.00000 0.00000 0.00000 0.00000 0.00000 0.00000 0.00000 0.00000 0.00000 0.00000 0.00000 0.00000 0.00000 0.00000 0.00000 0.00000 0.00000 0.00000 0.00000 0.00000 0.00000 0.00000 0.00000 0.00000 0.00000
0.00939 0.01446 0.02001 0.02654 0.03442 0.04396 0.05548 0.06922 0.08540 0.10415 0.12550 0.14938 0.17558 0.20381 0.23368 0.26470 0.29631 0.32786 0.35862 0.38783 0.41499 0.43898 0.00000 0.00000 0.00000 0.00000 0.00000 0.00000 0.00000 0.00000 0.00000 0.00000 0.00000 0.00000 0.00000 0.00000 0.00000 0.00000 0.00000 0.00000 0.00000 0.00000 0.00000 0.00000 0.00000 0.00000 0.00000 0.00000
0.01383 0.01950 0.02612 0.03405 0.04365 0.05520 0.06897 0.08517 0.10394 0.12530 0.14918 0.17540 0.20364 0.23350 0.26450 0.29608 0.32757 0.35823 0.38731 0.41429 0.43804 0.00000 0.00000 0.00000 0.00000 0.00000 0.00000 0.00000 0.00000 0.00000 0.00000 0.00000 0.00000 0.00000 0.00000 0.00000 0.00000 0.00000 0.00000 0.00000 0.00000 0.00000 0.00000 0.00000 0.00000 0.00000 0.00000 0.00000
0.01916 0.02583 0.03381 0.04343 0.05501 0.06880 0.08501 0.10379 0.12516 0.14905 0.17527 0.20352 0.23338 0.26437 0.29592 0.32737 0.35797 0.38695 0.41380 0.43738 0.00000 0.00000 0.00000 0.00000 0.00000 0.00000 0.00000 0.00000 0.00000 0.00000 0.00000 0.00000 0.00000 0.00000 0.00000 0.00000 0.00000 0.00000 0.00000 0.00000 0.00000 0.00000 0.00000 0.00000 0.00000 0.00000 0.00000 0.00000
0.02563 0.03364 0.04328 0.05487 0.06868 0.08491 0.10369 0.12507 0.14897 0.17518 0.20342 0.23329 0.26428 0.29581 0.32723 0.35778 0.38670 0.41346 0.43690 0.00000 0.00000 0.00000 0.00000 0.00000 0.00000 0.00000 0.00000 0.00000 0.00000 0.00000 0.00000 0.00000 0.00000 0.00000 0.00000 0.00000 0.00000 0.00000 0.00000 0.00000 0.00000 0.00000 0.00000 0.00000 0.00000 0.00000 0.00000 0.00000
0.03352 0.04318 0.05478 0.06860 0.08484 0.10363 0.12501 0.14891 0.17513 0.20336 0.23321 0.26422 0.29574 0.32714 0.35766 0.38653 0.41322 0.43658 0.00000 0.00000 0.00000 0.00000 0.00000 0.00000 0.00000 0.00000 0.00000 0.00000 0.00000 0.00000 0.00000 0.00000 0.00000 0.00000 0.00000 0.00000 0.00000 0.00000 0.00000 0.00000 0.00000 0.00000 0.00000 0.00000 0.00000 0.00000 0.00000 0.00000
0.04312 0.05472 0.06855 0.08479 0.10359 0.12497 0.14887 0.17509 0.20333 0.23318 0.26415 0.29570 0.32708 0.35758 0.38642 0.41306 0.43635 0.00000 0.00000 0.00000 0.00000 0.00000 0.00000 0.00000 0.00000 0.00000 0.00000 0.00000 0.00000 0.00000 0.00000 0.00000 0.00000 0.00000 0.00000 0.00000 0.00000 0.00000 0.00000 0.00000 0.00000 0.00000 0.00000 0.00000 0.00000 0.00000 0.00000 0.00000
0.05469 0.06851 0.08476 0.10356 0.12495 0.14885 0.17507 0.20331 0.23316 0.26412 0.29563 0.32705 0.35753 0.38634 0.41296 0.43620 0.00000 0.00000 0.00000 0.00000 0.00000 0.00000 0.00000 0.00000 0.00000 0.00000 0.00000 0.00000 0.00000 0.00000 0.00000 0.00000 0.00000 0.00000 0.00000 0.00000 0.00000 0.00000 0.00000 0.00000 0.00000 0.00000 0.00000 0.00000 0.00000 0.00000 0.00000 0.00000
0.06849 0.08474 0.10354 0.12493 0.14884 0.17506 0.20330 0.23315 0.26412 0.29562 0.32698 0.35750 0.38630 0.41288 0.43610 0.00000 0.00000 0.00000 0.00000 0.00000 0.00000 0.00000 0.00000 0.00000 0.00000 0.00000 0.00000 0.00000 0.00000 0.00000 0.00000 0.00000 0.00000 0.00000 0.00000 0.00000 0.00000 0.00000 0.00000 0.00000 0.00000 0.00000 0.00000 0.00000 0.00000 0.00000 0.00000 0.00000
0.08473 0.10353 0.12492 0.14883 0.17506 0.20329 0.23314 0.26411 0.29562 0.32698 0.35744 0.38626 0.41284 0.43603 0.00000 0.00000 0.00000 0.00000 0.00000 0.00000 0.00000 0.00000 0.00000 0.00000 0.00000 0.00000 0.00000 0.00000 0.00000 0.00000 0.00000 0.00000 0.00000 0.00000 0.00000 0.00000 0.00000 0.00000 0.00000 0.00000 0.00000 0.00000 0.00000 0.00000 0.00000 0.00000 0.00000 0.00000
0.10352 0.12492 0.14882 0.17505 0.20329 0.23314 0.26411 0.29562 0.32698 0.35744 0.38621 0.41281 0.43599 0.00000 0.00000 0.00000 0.00000 0.00000 0.00000 0.00000 0.00000 0.00000 0.00000 0.00000 0.00000 0.00000 0.00000 0.00000 0.00000 0.00000 0.00000 0.00000 0.00000 0.00000 0.00000 0.00000 0.00000 0.00000 0.00000 0.00000 0.00000 0.00000 0.00000 0.00000 0.00000 0.00000 0.00000 0.00000
0.12491 0.14882 0.17505 0.20329 0.23314 0.26411 0.29562 0.32698 0.35744 0.38621 0.41276 0.43596 0.00000 0.00000 0.00000 0.00000 0.00000 0.00000 0.00000 0.00000 0.00000 0.00000 0.00000 0.00000 0.00000 0.00000 0.00000 0.00000 0.00000 0.00000 0.00000 0.00000 0.00000 0.00000 0.00000 0.00000 0.00000 0.00000 0.00000 0.00000 0.00000 0.00000 0.00000 0.00000 0.00000 0.00000 0.00000 0.00000
0.14882 0.17504 0.20329 0.23314 0.26411 0.29562 0.32698 0.35744 0.38621 0.41276 0.43591 0.00000 0.00000 0.00000 0.00000 0.00000 0.00000 0.00000 0.00000 0.00000 0.00000 0.00000 0.00000 0.00000 0.00000 0.00000 0.00000 0.00000 0.00000 0.00000 0.00000 0.00000 0.00000 0.00000 0.00000 0.00000 0.00000 0.00000 0.00000 0.00000 0.00000 0.00000 0.00000 0.00000 0.00000 0.00000 0.00000 0.00000
0.17504 0.20328 0.23314 0.26411 0.29562 0.32698 0.35744 0.38622 0.41276 0.43591 0.00000 0.00000 0.00000 0.00000 0.00000 0.00000 0.00000 0.00000 0.00000 0.00000 0.00000 0.00000 0.00000 0.00000 0.00000 0.00000 0.00000 0.00000 0.00000 0.00000 0.00000 0.00000 0.00000 0.00000 0.00000 0.00000 0.00000 0.00000 0.00000 0.00000 0.00000 0.00000 0.00000 0.00000 0.00000 0.00000 0.00000 0.00000
0.20328 0.23313 0.26411 0.29562 0.32698 0.35744 0.38621 0.41276 0.43591 0.00000 0.00000 0.00000 0.00000 0.00000 0.00000 0.00000 0.00000 0.00000 0.00000 0.00000 0.00000 0.00000 0.00000 0.00000 0.00000 0.00000 0.00000 0.00000 0.00000 0.00000 0.00000 0.00000 0.00000 0.00000 0.00000 0.00000 0.00000 0.00000 0.00000 0.00000 0.00000 0.00000 0.00000 0.00000 0.00000 0.00000 0.00000 0.00000
0.23314 0.26410 0.29562 0.32698 0.35744 0.38621 0.41276 0.43591 0.00000 0.00000 0.00000 0.00000 0.00000 0.00000 0.00000 0.00000 0.00000 0.00000 0.00000 0.00000 0.00000 0.00000 0.00000 0.00000 0.00000 0.00000 0.00000 0.00000 0.00000 0.00000 0.00000 0.00000 0.00000 0.00000 0.00000 0.00000 0.00000 0.00000 0.00000 0.00000 0.00000 0.00000 0.00000 0.00000 0.00000 0.00000 0.00000 0.00000
0.26411 0.29560 0.32698 0.35744 0.38621 0.41276 0.43591 0.00000 0.00000 0.00000 0.00000 0.00000 0.00000 0.00000 0.00000 0.00000 0.00000 0.00000 0.00000 0.00000 0.00000 0.00000 0.00000 0.00000 0.00000 0.00000 0.00000 0.00000 0.00000 0.00000 0.00000 0.00000 0.00000 0.00000 0.00000 0.00000 0.00000 0.00000 0.00000 0.00000 0.00000 0.00000 0.00000 0.00000 0.00000 0.00000 0.00000 0.00000
0.29561 0.32697 0.35744 0.38621 0.41276 0.43591 0.00000 0.00000 0.00000 0.00000 0.00000 0.00000 0.00000 0.00000 0.00000 0.00000 0.00000 0.00000 0.00000 0.00000 0.00000 0.00000 0.00000 0.00000 0.00000 0.00000 0.00000 0.00000 0.00000 0.00000 0.00000 0.00000 0.00000 0.00000 0.00000 0.00000 0.00000 0.00000 0.00000 0.00000 0.00000 0.00000 0.00000 0.00000 0.00000 0.00000 0.00000 0.00000
0.32698 0.35742 0.38621 0.41276 0.43591 0.00000 0.00000 0.00000 0.00000 0.00000 0.00000 0.00000 0.00000 0.00000 0.00000 0.00000 0.00000 0.00000 0.00000 0.00000 0.00000 0.00000 0.00000 0.00000 0.00000 0.00000 0.00000 0.00000 0.00000 0.00000 0.00000 0.00000 0.00000 0.00000 0.00000 0.00000 0.00000 0.00000 0.00000 0.00000 0.00000 0.00000 0.00000 0.00000 0.00000 0.00000 0.00000 0.00000
0.35744 0.38620 0.41276 0.43591 0.00000 0.00000 0.00000 0.00000 0.00000 0.00000 0.00000 0.00000 0.00000 0.00000 0.00000 0.00000 0.00000 0.00000 0.00000 0.00000 0.00000 0.00000 0.00000 0.00000 0.00000 0.00000 0.00000 0.00000 0.00000 0.00000 0.00000 0.00000 0.00000 0.00000 0.00000 0.00000 0.00000 0.00000 0.00000 0.00000 0.00000 0.00000 0.00000 0.00000 0.00000 0.00000 0.00000 0.00000
0.38621 0.41274 0.43591 0.00000 0.00000 0.00000 0.00000 0.00000 0.00000 0.00000 0.00000 0.00000 0.00000 0.00000 0.00000 0.00000 0.00000 0.00000 0.00000 0.00000 0.00000 0.00000 0.00000 0.00000 0.00000 0.00000 0.00000 0.00000 0.00000 0.00000 0.00000 0.00000 0.00000 0.00000 0.00000 0.00000 0.00000 0.00000 0.00000 0.00000 0.00000 0.00000 0.00000 0.00000 0.00000 0.00000 0.00000 0.00000
0.41276 0.43590 0.00000 0.00000 0.00000 0.00000 0.00000 0.00000 0.00000 0.00000 0.00000 0.00000 0.00000 0.00000 0.00000 0.00000 0.00000 0.00000 0.00000 0.00000 0.00000 0.00000 0.00000 0.00000 0.00000 0.00000 0.00000 0.00000 0.00000 0.00000 0.00000 0.00000 0.00000 0.00000 0.00000 0.00000 0.00000 0.00000 0.00000 0.00000 0.00000 0.00000 0.00000 0.00000 0.00000 0.00000 0.00000 0.00000
0.43591 0.00000 0.00000 0.00000 0.00000 0.00000 0.00000 0.00000 0.00000 0.00000 0.00000 0.00000 0.00000 0.00000 0.00000 0.00000 0.00000 0.00000 0.00000 0.00000 0.00000 0.00000 0.00000 0.00000 0.00000 0.00000 0.00000 0.00000 0.00000 0.00000 0.00000 0.00000 0.00000 0.00000 0.00000 0.00000 0.00000 0.00000 0.00000 0.00000 0.00000 0.00000 0.00000 0.00000 0.00000 0.00000 0.00000 0.00000
