0.00000 1.08482 1.10614 1.11843 1.12937 1.14021 1.15128 1.16284 1.17510 1.18824 1.20248 1.21793 1.23464 1.25254 1.27160 1.29165 1.31255 1.33416 1.35640 1.37941 1.40336 1.42863 1.45566 1.48498 1.51715 1.55240 1.59097 1.63271 1.67721 1.72432 1.77427 1.82846 1.89002 1.96516 2.06429 2.20324 2.40583 2.77977 3.37642 4.49695
0.00000 1.11131 1.11766 1.12521 1.13355 1.14249 1.15207 1.16248 1.17391 1.18651 1.20044 1.21574 1.23236 1.25018 1.26908 1.28886 1.30933 1.33036 1.35184 1.37393 1.39681 1.42085 1.44653 1.47437 1.50496 1.53856 1.57544 1.61546 1.65825 1.70367 1.75199 1.80461 1.86468 1.93839 2.03618 2.17389 2.43560 2.81981 3.43296 0.00000
0.00000 1.10788 1.11460 1.12198 1.12980 1.13817 1.14727 1.15737 1.16870 1.18135 1.19542 1.21089 1.22765 1.24548 1.26425 1.28372 1.30369 1.32403 1.34465 1.36570 1.38738 1.41009 1.43431 1.46059 1.48954 1.52145 1.55662 1.59493 1.63604 1.67984 1.72661 1.77775 1.83643 1.90886 2.00553 2.19761 2.46781 2.86688 0.00000 0.00000
0.00000 1.10523 1.11150 1.11816 1.12529 1.13312 1.14192 1.15193 1.16335 1.17619 1.19048 1.20611 1.22290 1.24060 1.25904 1.27799 1.29725 1.31669 1.33623 1.35604 1.37634 1.39753 1.42015 1.44475 1.47197 1.50213 1.53556 1.57216 1.61163 1.65385 1.69913 1.74888 1.80628 1.87764 2.02532 2.22431 2.50740 0.00000 0.00000 0.00000
0.00000 1.10169 1.10712 1.11305 1.11968 1.12727 1.13606 1.14625 1.15793 1.17105 1.18553 1.20122 1.21788 1.23525 1.25316 1.27136 1.28968 1.30799 1.32625 1.34463 1.36337 1.38292 1.40380 1.42663 1.45207 1.48045 1.51215 1.54708 1.58496 1.62568 1.66956 1.71804 1.77438 1.89439 2.04789 2.25818 0.00000 0.00000 0.00000 0.00000
0.00000 1.09650 1.10126 1.10678 1.11328 1.12098 1.13005 1.14060 1.15263 1.16600 1.18056 1.19613 1.21245 1.22925 1.24638 1.26359 1.28073 1.29771 1.31448 1.33125 1.34829 1.36606 1.38512 1.40613 1.42976 1.45639 1.48639 1.51971 1.55607 1.59539 1.63800 1.68543 1.78869 1.91384 2.07761 0.00000 0.00000 0.00000 0.00000 0.00000
0.00000 1.08999 1.09447 1.10001 1.10675 1.11485 1.12437 1.13533 1.14765 1.16110 1.17554 1.19074 1.20645 1.22241 1.23849 1.25447 1.27021 1.28564 1.30074 1.31574 1.33095 1.34684 1.36404 1.38320 1.40504 1.42995 1.45832 1.49012 1.52507 1.56311 1.60468 1.69764 1.80567 1.94048 0.00000 0.00000 0.00000 0.00000 0.00000 0.00000
0.00000 1.08297 1.08761 1.09352 1.10076 1.10938 1.11935 1.13061 1.14301 1.15630 1.17031 1.18484 1.19965 1.21450 1.22927 1.24377 1.25788 1.27157 1.28483 1.29793 1.31121 1.32519 1.34050 1.35783 1.37792 1.40118 1.42801 1.45840 1.49207 1.52908 1.61498 1.71253 1.82991 0.00000 0.00000 0.00000 0.00000 0.00000 0.00000 0.00000
0.00000 1.07630 1.08142 1.08790 1.09572 1.10481 1.11507 1.12637 1.13854 1.15134 1.16460 1.17814 1.19173 1.20518 1.21838 1.23117 1.24346 1.25523 1.26652 1.27764 1.28894 1.30099 1.31443 1.32999 1.34841 1.37012 1.39553 1.42464 1.45729 1.53754 1.62793 1.73472 0.00000 0.00000 0.00000 0.00000 0.00000 0.00000 0.00000 0.00000
0.00000 1.07061 1.07636 1.08344 1.09170 1.10104 1.11127 1.12227 1.13385 1.14579 1.15795 1.17018 1.18227 1.19405 1.20545 1.21632 1.22662 1.23634 1.24558 1.25466 1.26398 1.27412 1.28577 1.29963 1.31650 1.33678 1.36092 1.38902 1.46388 1.54856 1.64823 0.00000 0.00000 0.00000 0.00000 0.00000 0.00000 0.00000 0.00000 0.00000
0.00000 1.06623 1.07255 1.08003 1.08846 1.09767 1.10748 1.11777 1.12837 1.13910 1.14983 1.16044 1.17076 1.18064 1.19003 1.19882 1.20700 1.21460 1.22175 1.22880 1.23618 1.24449 1.25443 1.26673 1.28216 1.30119 1.32434 1.39365 1.47292 1.56696 0.00000 0.00000 0.00000 0.00000 0.00000 0.00000 0.00000 0.00000 0.00000 0.00000
0.00000 1.06301 1.06966 1.07720 1.08538 1.09404 1.10301 1.11218 1.12144 1.13062 1.13962 1.14835 1.15667 1.16445 1.17167 1.17827 1.18426 1.18972 1.19479 1.19987 1.20540 1.21199 1.22035 1.23123 1.24542 1.26348 1.32692 1.40059 1.48933 0.00000 0.00000 0.00000 0.00000 0.00000 0.00000 0.00000 0.00000 0.00000 0.00000 0.00000
0.00000 1.06048 1.06706 1.07421 1.08169 1.08936 1.09709 1.10478 1.11236 1.11969 1.12671 1.13333 1.13946 1.14500 1.14996 1.15431 1.15810 1.16145 1.16452 1.16773 1.17154 1.17655 1.18351 1.19316 1.20641 1.26391 1.33165 1.41492 0.00000 0.00000 0.00000 0.00000 0.00000 0.00000 0.00000 0.00000 0.00000 0.00000 0.00000 0.00000
0.00000 1.05786 1.06389 1.07019 1.07654 1.08282 1.08893 1.09483 1.10046 1.10570 1.11052 1.11487 1.11868 1.12189 1.12456 1.12667 1.12832 1.12965 1.13084 1.13233 1.13457 1.13820 1.14395 1.15270 1.20463 1.26634 1.34378 0.00000 0.00000 0.00000 0.00000 0.00000 0.00000 0.00000 0.00000 0.00000 0.00000 0.00000 0.00000 0.00000
0.00000 1.05421 1.05924 1.06426 1.06909 1.07364 1.07785 1.08169 1.08513 1.08810 1.09057 1.09255 1.09398 1.09484 1.09524 1.09519 1.09481 1.09426 1.09373 1.09368 1.09455 1.09702 1.10192 1.14866 1.20472 1.27623 0.00000 0.00000 0.00000 0.00000 0.00000 0.00000 0.00000 0.00000 0.00000 0.00000 0.00000 0.00000 0.00000 0.00000
0.00000 1.04864 1.05227 1.05565 1.05864 1.06118 1.06324 1.06482 1.06592 1.06647 1.06652 1.06607 1.06513 1.06370 1.06193 1.05985 1.05760 1.05535 1.05331 1.05192 1.05167 1.05334 1.09563 1.14641 1.21237 0.00000 0.00000 0.00000 0.00000 0.00000 0.00000 0.00000 0.00000 0.00000 0.00000 0.00000 0.00000 0.00000 0.00000 0.00000
0.00000 1.04041 1.04228 1.04372 1.04461 1.04493 1.04467 1.04384 1.04248 1.04056 1.03815 1.03531 1.03207 1.02847 1.02467 1.02074 1.01682 1.01309 1.00977 1.00731 1.00633 1.04482 1.09108 1.15185 0.00000 0.00000 0.00000 0.00000 0.00000 0.00000 0.00000 0.00000 0.00000 0.00000 0.00000 0.00000 0.00000 0.00000 0.00000 0.00000
0.00000 1.02885 1.02870 1.02797 1.02659 1.02453 1.02181 1.01848 1.01463 1.01024 1.00542 1.00029 0.99488 0.98929 0.98367 0.97811 0.97276 0.96780 0.96346 0.96033 0.99564 1.03805 1.09438 0.00000 0.00000 0.00000 0.00000 0.00000 0.00000 0.00000 0.00000 0.00000 0.00000 0.00000 0.00000 0.00000 0.00000 0.00000 0.00000 0.00000
0.00000 1.01350 1.01113 1.00808 1.00427 0.99973 0.99448 0.98865 0.98231 0.97553 0.96844 0.96117 0.95380 0.94643 0.93923 0.93230 0.92578 0.91987 0.91494 0.94756 0.98672 1.03929 0.00000 0.00000 0.00000 0.00000 0.00000 0.00000 0.00000 0.00000 0.00000 0.00000 0.00000 0.00000 0.00000 0.00000 0.00000 0.00000 0.00000 0.00000
0.00000 0.99405 0.98932 0.98381 0.97750 0.97043 0.96267 0.95437 0.94566 0.93663 0.92745 0.91827 0.90919 0.90030 0.89180 0.88376 0.87637 0.86995 0.90018 0.93660 0.98600 0.00000 0.00000 0.00000 0.00000 0.00000 0.00000 0.00000 0.00000 0.00000 0.00000 0.00000 0.00000 0.00000 0.00000 0.00000 0.00000 0.00000 0.00000 0.00000
0.00000 0.97027 0.96308 0.95506 0.94622 0.93665 0.92646 0.91583 0.90493 0.89387 0.88285 0.87202 0.86151 0.85140 0.84187 0.83305 0.82522 0.85333 0.88730 0.93402 0.00000 0.00000 0.00000 0.00000 0.00000 0.00000 0.00000 0.00000 0.00000 0.00000 0.00000 0.00000 0.00000 0.00000 0.00000 0.00000 0.00000 0.00000 0.00000 0.00000
0.00000 0.94208 0.93238 0.92186 0.91055 0.89859 0.88613 0.87337 0.86052 0.84771 0.83513 0.82297 0.81133 0.80030 0.79008 0.78091 0.80691 0.83870 0.88298 0.00000 0.00000 0.00000 0.00000 0.00000 0.00000 0.00000 0.00000 0.00000 0.00000 0.00000 0.00000 0.00000 0.00000 0.00000 0.00000 0.00000 0.00000 0.00000 0.00000 0.00000
0.00000 0.90946 0.89729 0.88436 0.87073 0.85658 0.84208 0.82747 0.81296 0.79872 0.78492 0.77175 0.75929 0.74768 0.73720 0.76111 0.79071 0.83277 0.00000 0.00000 0.00000 0.00000 0.00000 0.00000 0.00000 0.00000 0.00000 0.00000 0.00000 0.00000 0.00000 0.00000 0.00000 0.00000 0.00000 0.00000 0.00000 0.00000 0.00000 0.00000
0.00000 0.87258 0.85807 0.84290 0.82717 0.81109 0.79485 0.77872 0.76291 0.74757 0.73289 0.71904 0.70612 0.69435 0.71615 0.74355 0.78332 0.00000 0.00000 0.00000 0.00000 0.00000 0.00000 0.00000 0.00000 0.00000 0.00000 0.00000 0.00000 0.00000 0.00000 0.00000 0.00000 0.00000 0.00000 0.00000 0.00000 0.00000 0.00000 0.00000
0.00000 0.83175 0.81510 0.79795 0.78043 0.76275 0.74513 0.72784 0.71109 0.69501 0.67979 0.66560 0.65265 0.67230 0.69747 0.73489 0.00000 0.00000 0.00000 0.00000 0.00000 0.00000 0.00000 0.00000 0.00000 0.00000 0.00000 0.00000 0.00000 0.00000 0.00000 0.00000 0.00000 0.00000 0.00000 0.00000 0.00000 0.00000 0.00000 0.00000
0.00000 0.78745 0.76896 0.75015 0.73118 0.71228 0.69367 0.67559 0.65826 0.64180 0.62639 0.61229 0.62988 0.65277 0.68775 0.00000 0.00000 0.00000 0.00000 0.00000 0.00000 0.00000 0.00000 0.00000 0.00000 0.00000 0.00000 0.00000 0.00000 0.00000 0.00000 0.00000 0.00000 0.00000 0.00000 0.00000 0.00000 0.00000 0.00000 0.00000
0.00000 0.74030 0.72032 0.70022 0.68021 0.66048 0.64126 0.62277 0.60522 0.58872 0.57354 0.58907 0.60976 0.64220 0.00000 0.00000 0.00000 0.00000 0.00000 0.00000 0.00000 0.00000 0.00000 0.00000 0.00000 0.00000 0.00000 0.00000 0.00000 0.00000 0.00000 0.00000 0.00000 0.00000 0.00000 0.00000 0.00000 0.00000 0.00000 0.00000
0.00000 0.69103 0.66994 0.64897 0.62831 0.60816 0.58870 0.57016 0.55273 0.53660 0.55013 0.56864 0.59858 0.00000 0.00000 0.00000 0.00000 0.00000 0.00000 0.00000 0.00000 0.00000 0.00000 0.00000 0.00000 0.00000 0.00000 0.00000 0.00000 0.00000 0.00000 0.00000 0.00000 0.00000 0.00000 0.00000 0.00000 0.00000 0.00000 0.00000
0.00000 0.64043 0.61865 0.59722 0.57631 0.55610 0.53675 0.51850 0.50159 0.51325 0.52962 0.55706 0.00000 0.00000 0.00000 0.00000 0.00000 0.00000 0.00000 0.00000 0.00000 0.00000 0.00000 0.00000 0.00000 0.00000 0.00000 0.00000 0.00000 0.00000 0.00000 0.00000 0.00000 0.00000 0.00000 0.00000 0.00000 0.00000 0.00000 0.00000
0.00000 0.58932 0.56726 0.54576 0.52497 0.50504 0.48614 0.46854 0.47851 0.49289 0.51784 0.00000 0.00000 0.00000 0.00000 0.00000 0.00000 0.00000 0.00000 0.00000 0.00000 0.00000 0.00000 0.00000 0.00000 0.00000 0.00000 0.00000 0.00000 0.00000 0.00000 0.00000 0.00000 0.00000 0.00000 0.00000 0.00000 0.00000 0.00000 0.00000
0.00000 0.53849 0.51654 0.49531 0.47497 0.45564 0.43754 0.44593 0.45849 0.48110 0.00000 0.00000 0.00000 0.00000 0.00000 0.00000 0.00000 0.00000 0.00000 0.00000 0.00000 0.00000 0.00000 0.00000 0.00000 0.00000 0.00000 0.00000 0.00000 0.00000 0.00000 0.00000 0.00000 0.00000 0.00000 0.00000 0.00000 0.00000 0.00000 0.00000
0.00000 0.48867 0.46717 0.44654 0.42693 0.40854 0.41555 0.42640 0.44684 0.00000 0.00000 0.00000 0.00000 0.00000 0.00000 0.00000 0.00000 0.00000 0.00000 0.00000 0.00000 0.00000 0.00000 0.00000 0.00000 0.00000 0.00000 0.00000 0.00000 0.00000 0.00000 0.00000 0.00000 0.00000 0.00000 0.00000 0.00000 0.00000 0.00000 0.00000
0.00000 0.44049 0.41973 0.39997 0.38142 0.38731 0.39667 0.41502 0.00000 0.00000 0.00000 0.00000 0.00000 0.00000 0.00000 0.00000 0.00000 0.00000 0.00000 0.00000 0.00000 0.00000 0.00000 0.00000 0.00000 0.00000 0.00000 0.00000 0.00000 0.00000 0.00000 0.00000 0.00000 0.00000 0.00000 0.00000 0.00000 0.00000 0.00000 0.00000
0.00000 0.39448 0.37472 0.35611 0.36102 0.36917 0.38567 0.00000 0.00000 0.00000 0.00000 0.00000 0.00000 0.00000 0.00000 0.00000 0.00000 0.00000 0.00000 0.00000 0.00000 0.00000 0.00000 0.00000 0.00000 0.00000 0.00000 0.00000 0.00000 0.00000 0.00000 0.00000 0.00000 0.00000 0.00000 0.00000 0.00000 0.00000 0.00000 0.00000
0.00000 0.35107 0.33255 0.33662 0.34368 0.35865 0.00000 0.00000 0.00000 0.00000 0.00000 0.00000 0.00000 0.00000 0.00000 0.00000 0.00000 0.00000 0.00000 0.00000 0.00000 0.00000 0.00000 0.00000 0.00000 0.00000 0.00000 0.00000 0.00000 0.00000 0.00000 0.00000 0.00000 0.00000 0.00000 0.00000 0.00000 0.00000 0.00000 0.00000
0.00000 0.31060 0.31402 0.32010 0.33369 0.00000 0.00000 0.00000 0.00000 0.00000 0.00000 0.00000 0.00000 0.00000 0.00000 0.00000 0.00000 0.00000 0.00000 0.00000 0.00000 0.00000 0.00000 0.00000 0.00000 0.00000 0.00000 0.00000 0.00000 0.00000 0.00000 0.00000 0.00000 0.00000 0.00000 0.00000 0.00000 0.00000 0.00000 0.00000
0.00000 0.00000 0.00000 0.00000 0.00000 0.00000 0.00000 0.00000 0.00000 0.00000 0.00000 0.00000 0.00000 0.00000 0.00000 0.00000 0.00000 0.00000 0.00000 0.00000 0.00000 0.00000 0.00000 0.00000 0.00000 0.00000 0.00000 0.00000 0.00000 0.00000 0.00000 0.00000 0.00000 0.00000 0.00000 0.00000 0.00000 0.00000 0.00000 0.00000
0.00000 0.00000 0.00000 0.00000 0.00000 0.00000 0.00000 0.00000 0.00000 0.00000 0.00000 0.00000 0.00000 0.00000 0.00000 0.00000 0.00000 0.00000 0.00000 0.00000 0.00000 0.00000 0.00000 0.00000 0.00000 0.00000 0.00000 0.00000 0.00000 0.00000 0.00000 0.00000 0.00000 0.00000 0.00000 0.00000 0.00000 0.00000 0.00000 0.00000
0.00000 0.00000 0.00000 0.00000 0.00000 0.00000 0.00000 0.00000 0.00000 0.00000 0.00000 0.00000 0.00000 0.00000 0.00000 0.00000 0.00000 0.00000 0.00000 0.00000 0.00000 0.00000 0.00000 0.00000 0.00000 0.00000 0.00000 0.00000 0.00000 0.00000 0.00000 0.00000 0.00000 0.00000 0.00000 0.00000 0.00000 0.00000 0.00000 0.00000
0.00000 0.00000 0.00000 0.00000 0.00000 0.00000 0.00000 0.00000 0.00000 0.00000 0.00000 0.00000 0.00000 0.00000 0.00000 0.00000 0.00000 0.00000 0.00000 0.00000 0.00000 0.00000 0.00000 0.00000 0.00000 0.00000 0.00000 0.00000 0.00000 0.00000 0.00000 0.00000 0.00000 0.00000 0.00000 0.00000 0.00000 0.00000 0.00000 0.00000
