0.80037 0.78503 0.77189 0.76080 0.75175 0.74457 0.73913 0.73529 0.73289 0.73171 0.73164 0.73256 0.73418 0.73632 0.73902 0.74209 0.74536 0.74878 0.75229 0.75588 0.75928 0.76267 0.76605 0.76945 0.77299 0.77693 0.78200 0.78898 0.79927 0.81479 0.83848 0.87553 0.93459 1.03597 1.23430 1.69969
0.79423 0.77861 0.76526 0.75402 0.74489 0.73768 0.73226 0.72848 0.72616 0.72509 0.72515 0.72623 0.72800 0.73030 0.73316 0.73639 0.73982 0.74340 0.74706 0.75081 0.75434 0.75786 0.76137 0.76489 0.76856 0.77261 0.77781 0.78495 0.79544 0.81124 0.83533 0.87300 0.93315 1.03679 1.23985 0.00000
0.78686 0.77097 0.75743 0.74602 0.73684 0.72964 0.72426 0.72057 0.71838 0.71745 0.71768 0.71898 0.72094 0.72337 0.72642 0.72984 0.73346 0.73721 0.74105 0.74501 0.74870 0.75237 0.75602 0.75968 0.76349 0.76762 0.77297 0.78029 0.79102 0.80712 0.83168 0.87026 0.93253 1.04129 0.00000 0.00000
0.77897 0.76280 0.74908 0.73754 0.72833 0.72114 0.71583 0.71225 0.71021 0.70944 0.70984 0.71137 0.71352 0.71613 0.71939 0.72301 0.72683 0.73078 0.73480 0.73897 0.74282 0.74664 0.75045 0.75426 0.75821 0.76247 0.76798 0.77549 0.78647 0.80296 0.82827 0.86881 0.93606 0.00000 0.00000 0.00000
0.77051 0.75407 0.74018 0.72856 0.71932 0.71217 0.70694 0.70348 0.70165 0.70106 0.70167 0.70339 0.70576 0.70861 0.71209 0.71594 0.71997 0.72413 0.72835 0.73270 0.73667 0.74066 0.74464 0.74861 0.75271 0.75715 0.76283 0.77054 0.78190 0.79906 0.82614 0.87164 0.00000 0.00000 0.00000 0.00000
0.76153 0.74483 0.73076 0.71909 0.70983 0.70274 0.69761 0.69431 0.69269 0.69228 0.69311 0.69503 0.69765 0.70077 0.70449 0.70860 0.71286 0.71724 0.72168 0.72620 0.73034 0.73450 0.73865 0.74279 0.74706 0.75169 0.75757 0.76557 0.77757 0.79651 0.82844 0.00000 0.00000 0.00000 0.00000 0.00000
0.75197 0.73500 0.72077 0.70906 0.69980 0.69278 0.68778 0.68470 0.68326 0.68303 0.68410 0.68626 0.68915 0.69256 0.69654 0.70096 0.70547 0.71010 0.71476 0.71948 0.72384 0.72815 0.73249 0.73681 0.74125 0.74610 0.75225 0.76084 0.77456 0.79849 0.00000 0.00000 0.00000 0.00000 0.00000 0.00000
0.74183 0.72459 0.71021 0.69846 0.68922 0.68229 0.67744 0.67458 0.67335 0.67335 0.67470 0.67713 0.68031 0.68403 0.68830 0.69302 0.69780 0.70269 0.70760 0.71255 0.71716 0.72166 0.72620 0.73072 0.73535 0.74049 0.74722 0.75758 0.77627 0.00000 0.00000 0.00000 0.00000 0.00000 0.00000 0.00000
0.73105 0.71355 0.69903 0.68726 0.67802 0.67121 0.66655 0.66391 0.66291 0.66321 0.66486 0.66761 0.67116 0.67520 0.67978 0.68479 0.68987 0.69504 0.70022 0.70542 0.71030 0.71504 0.71980 0.72454 0.72940 0.73515 0.74367 0.75921 0.00000 0.00000 0.00000 0.00000 0.00000 0.00000 0.00000 0.00000
0.71956 0.70181 0.68718 0.67539 0.66621 0.65955 0.65511 0.65270 0.65199 0.65264 0.65464 0.65773 0.66166 0.66604 0.67097 0.67628 0.68168 0.68715 0.69263 0.69809 0.70325 0.70827 0.71328 0.71833 0.72380 0.73141 0.74520 0.00000 0.00000 0.00000 0.00000 0.00000 0.00000 0.00000 0.00000 0.00000
0.70725 0.68927 0.67454 0.66278 0.65374 0.64724 0.64305 0.64092 0.64054 0.64158 0.64396 0.64744 0.65173 0.65650 0.66180 0.66744 0.67319 0.67899 0.68479 0.69055 0.69599 0.70132 0.70667 0.71239 0.71980 0.73293 0.00000 0.00000 0.00000 0.00000 0.00000 0.00000 0.00000 0.00000 0.00000 0.00000
0.69399 0.67579 0.66099 0.64930 0.64045 0.63422 0.63033 0.62854 0.62855 0.63001 0.63283 0.63673 0.64141 0.64659 0.65230 0.65832 0.66445 0.67060 0.67675 0.68284 0.68860 0.69432 0.70038 0.70812 0.72124 0.00000 0.00000 0.00000 0.00000 0.00000 0.00000 0.00000 0.00000 0.00000 0.00000 0.00000
0.67971 0.66133 0.64646 0.63487 0.62627 0.62038 0.61685 0.61546 0.61591 0.61784 0.62117 0.62555 0.63063 0.63627 0.64242 0.64887 0.65540 0.66194 0.66851 0.67496 0.68114 0.68764 0.69583 0.70951 0.00000 0.00000 0.00000 0.00000 0.00000 0.00000 0.00000 0.00000 0.00000 0.00000 0.00000 0.00000
0.66425 0.64574 0.63087 0.61946 0.61115 0.60565 0.60256 0.60162 0.60257 0.60502 0.60891 0.61382 0.61938 0.62553 0.63217 0.63908 0.64605 0.65302 0.66002 0.66693 0.67395 0.68271 0.69712 0.00000 0.00000 0.00000 0.00000 0.00000 0.00000 0.00000 0.00000 0.00000 0.00000 0.00000 0.00000 0.00000
0.64739 0.62880 0.61406 0.60290 0.59496 0.58995 0.58736 0.58692 0.58845 0.59149 0.59595 0.60145 0.60759 0.61435 0.62151 0.62893 0.63639 0.64383 0.65135 0.65912 0.66851 0.68384 0.00000 0.00000 0.00000 0.00000 0.00000 0.00000 0.00000 0.00000 0.00000 0.00000 0.00000 0.00000 0.00000 0.00000
0.62899 0.61040 0.59589 0.58508 0.57762 0.57315 0.57116 0.57134 0.57352 0.57723 0.58233 0.58849 0.59529 0.60268 0.61043 0.61841 0.62640 0.63443 0.64291 0.65319 0.66942 0.00000 0.00000 0.00000 0.00000 0.00000 0.00000 0.00000 0.00000 0.00000 0.00000 0.00000 0.00000 0.00000 0.00000 0.00000
0.60886 0.59039 0.57623 0.56588 0.55905 0.55517 0.55389 0.55482 0.55777 0.56222 0.56805 0.57499 0.58251 0.59055 0.59894 0.60754 0.61622 0.62526 0.63640 0.65394 0.00000 0.00000 0.00000 0.00000 0.00000 0.00000 0.00000 0.00000 0.00000 0.00000 0.00000 0.00000 0.00000 0.00000 0.00000 0.00000
0.58690 0.56869 0.55501 0.54528 0.53920 0.53606 0.53562 0.53744 0.54125 0.54656 0.55321 0.56098 0.56929 0.57804 0.58714 0.59652 0.60637 0.61819 0.63692 0.00000 0.00000 0.00000 0.00000 0.00000 0.00000 0.00000 0.00000 0.00000 0.00000 0.00000 0.00000 0.00000 0.00000 0.00000 0.00000 0.00000
0.56295 0.54518 0.53217 0.52325 0.51805 0.51586 0.51641 0.51925 0.52405 0.53033 0.53790 0.54656 0.55573 0.56527 0.57525 0.58592 0.59879 0.61859 0.00000 0.00000 0.00000 0.00000 0.00000 0.00000 0.00000 0.00000 0.00000 0.00000 0.00000 0.00000 0.00000 0.00000 0.00000 0.00000 0.00000 0.00000
0.53696 0.51987 0.50776 0.49986 0.49573 0.49470 0.49642 0.50043 0.50636 0.51372 0.52233 0.53196 0.54210 0.55261 0.56402 0.57791 0.59912 0.00000 0.00000 0.00000 0.00000 0.00000 0.00000 0.00000 0.00000 0.00000 0.00000 0.00000 0.00000 0.00000 0.00000 0.00000 0.00000 0.00000 0.00000 0.00000
0.50886 0.49276 0.48184 0.47524 0.47240 0.47276 0.47584 0.48119 0.48840 0.49698 0.50675 0.51746 0.52879 0.54082 0.55564 0.57836 0.00000 0.00000 0.00000 0.00000 0.00000 0.00000 0.00000 0.00000 0.00000 0.00000 0.00000 0.00000 0.00000 0.00000 0.00000 0.00000 0.00000 0.00000 0.00000 0.00000
0.47862 0.46390 0.45454 0.44957 0.44834 0.45035 0.45501 0.46188 0.47054 0.48048 0.49154 0.50356 0.51666 0.53232 0.55636 0.00000 0.00000 0.00000 0.00000 0.00000 0.00000 0.00000 0.00000 0.00000 0.00000 0.00000 0.00000 0.00000 0.00000 0.00000 0.00000 0.00000 0.00000 0.00000 0.00000 0.00000
0.44620 0.43338 0.42607 0.42313 0.42390 0.42784 0.43433 0.44294 0.45322 0.46468 0.47728 0.49124 0.50824 0.53361 0.00000 0.00000 0.00000 0.00000 0.00000 0.00000 0.00000 0.00000 0.00000 0.00000 0.00000 0.00000 0.00000 0.00000 0.00000 0.00000 0.00000 0.00000 0.00000 0.00000 0.00000 0.00000
0.41176 0.40148 0.39678 0.39635 0.39953 0.40573 0.41433 0.42490 0.43698 0.45023 0.46503 0.48322 0.51041 0.00000 0.00000 0.00000 0.00000 0.00000 0.00000 0.00000 0.00000 0.00000 0.00000 0.00000 0.00000 0.00000 0.00000 0.00000 0.00000 0.00000 0.00000 0.00000 0.00000 0.00000 0.00000 0.00000
0.37541 0.36852 0.36714 0.36978 0.37583 0.38466 0.39566 0.40844 0.42260 0.43836 0.45773 0.48677 0.00000 0.00000 0.00000 0.00000 0.00000 0.00000 0.00000 0.00000 0.00000 0.00000 0.00000 0.00000 0.00000 0.00000 0.00000 0.00000 0.00000 0.00000 0.00000 0.00000 0.00000 0.00000 0.00000 0.00000
0.33736 0.33501 0.33778 0.34418 0.35362 0.36547 0.37920 0.39454 0.41158 0.43236 0.46320 0.00000 0.00000 0.00000 0.00000 0.00000 0.00000 0.00000 0.00000 0.00000 0.00000 0.00000 0.00000 0.00000 0.00000 0.00000 0.00000 0.00000 0.00000 0.00000 0.00000 0.00000 0.00000 0.00000 0.00000 0.00000
0.29783 0.30157 0.30958 0.32054 0.33396 0.34923 0.36614 0.38490 0.40751 0.44062 0.00000 0.00000 0.00000 0.00000 0.00000 0.00000 0.00000 0.00000 0.00000 0.00000 0.00000 0.00000 0.00000 0.00000 0.00000 0.00000 0.00000 0.00000 0.00000 0.00000 0.00000 0.00000 0.00000 0.00000 0.00000 0.00000
0.25699 0.26905 0.28372 0.30022 0.31827 0.33756 0.35860 0.38366 0.41961 0.00000 0.00000 0.00000 0.00000 0.00000 0.00000 0.00000 0.00000 0.00000 0.00000 0.00000 0.00000 0.00000 0.00000 0.00000 0.00000 0.00000 0.00000 0.00000 0.00000 0.00000 0.00000 0.00000 0.00000 0.00000 0.00000 0.00000
0.21501 0.23872 0.26195 0.28512 0.30862 0.33311 0.36147 0.40116 0.00000 0.00000 0.00000 0.00000 0.00000 0.00000 0.00000 0.00000 0.00000 0.00000 0.00000 0.00000 0.00000 0.00000 0.00000 0.00000 0.00000 0.00000 0.00000 0.00000 0.00000 0.00000 0.00000 0.00000 0.00000 0.00000 0.00000 0.00000
0.17215 0.21272 0.24704 0.27827 0.30867 0.34197 0.38680 0.00000 0.00000 0.00000 0.00000 0.00000 0.00000 0.00000 0.00000 0.00000 0.00000 0.00000 0.00000 0.00000 0.00000 0.00000 0.00000 0.00000 0.00000 0.00000 0.00000 0.00000 0.00000 0.00000 0.00000 0.00000 0.00000 0.00000 0.00000 0.00000
0.12859 0.19510 0.24393 0.28537 0.32685 0.37928 0.00000 0.00000 0.00000 0.00000 0.00000 0.00000 0.00000 0.00000 0.00000 0.00000 0.00000 0.00000 0.00000 0.00000 0.00000 0.00000 0.00000 0.00000 0.00000 0.00000 0.00000 0.00000 0.00000 0.00000 0.00000 0.00000 0.00000 0.00000 0.00000 0.00000
0.08416 0.19519 0.26342 0.32012 0.38453 0.00000 0.00000 0.00000 0.00000 0.00000 0.00000 0.00000 0.00000 0.00000 0.00000 0.00000 0.00000 0.00000 0.00000 0.00000 0.00000 0.00000 0.00000 0.00000 0.00000 0.00000 0.00000 0.00000 0.00000 0.00000 0.00000 0.00000 0.00000 0.00000 0.00000 0.00000
0.03806 0.24271 0.33601 0.41998 0.00000 0.00000 0.00000 0.00000 0.00000 0.00000 0.00000 0.00000 0.00000 0.00000 0.00000 0.00000 0.00000 0.00000 0.00000 0.00000 0.00000 0.00000 0.00000 0.00000 0.00000 0.00000 0.00000 0.00000 0.00000 0.00000 0.00000 0.00000 0.00000 0.00000 0.00000 0.00000
0.00000 0.50181 0.57180 0.00000 0.00000 0.00000 0.00000 0.00000 0.00000 0.00000 0.00000 0.00000 0.00000 0.00000 0.00000 0.00000 0.00000 0.00000 0.00000 0.00000 0.00000 0.00000 0.00000 0.00000 0.00000 0.00000 0.00000 0.00000 0.00000 0.00000 0.00000 0.00000 0.00000 0.00000 0.00000 0.00000
0.07330 0.34487 0.00000 0.00000 0.00000 0.00000 0.00000 0.00000 0.00000 0.00000 0.00000 0.00000 0.00000 0.00000 0.00000 0.00000 0.00000 0.00000 0.00000 0.00000 0.00000 0.00000 0.00000 0.00000 0.00000 0.00000 0.00000 0.00000 0.00000 0.00000 0.00000 0.00000 0.00000 0.00000 0.00000 0.00000
0.15426 0.00000 0.00000 0.00000 0.00000 0.00000 0.00000 0.00000 0.00000 0.00000 0.00000 0.00000 0.00000 0.00000 0.00000 0.00000 0.00000 0.00000 0.00000 0.00000 0.00000 0.00000 0.00000 0.00000 0.00000 0.00000 0.00000 0.00000 0.00000 0.00000 0.00000 0.00000 0.00000 0.00000 0.00000 0.00000
