0.00000 1.44678 1.50122 1.53399 1.55986 1.58066 1.60003 1.61771 1.63398 1.64860 1.66091 1.67125 1.67975 1.68648 1.69313 1.70248 1.71848 1.74673 1.79715 1.88205 2.02487 2.35243 2.90371 3.93946 6.24435
0.00000 1.50916 1.52902 1.54800 1.56656 1.58301 1.59939 1.61455 1.62821 1.63983 1.64864 1.65495 1.65899 1.66095 1.66267 1.66714 1.67844 1.70231 1.74877 1.83018 2.04724 2.38948 2.96661 4.05234 0.00000
0.00000 1.50249 1.51894 1.53624 1.55402 1.56988 1.58541 1.59915 1.61066 1.61938 1.62459 1.62675 1.62624 1.62347 1.62049 1.62042 1.62753 1.64767 1.69092 1.84015 2.06720 2.42652 3.03400 0.00000 0.00000
0.00000 1.48915 1.50480 1.52190 1.53943 1.55459 1.56871 1.58021 1.58865 1.59356 1.59439 1.59180 1.58637 1.57874 1.57111 1.56679 1.57014 1.58713 1.69419 1.85042 2.08985 2.47095 0.00000 0.00000 0.00000
0.00000 1.47441 1.49014 1.50710 1.52386 1.53743 1.54904 1.55717 1.56149 1.56171 1.55751 1.54975 1.53925 1.52683 1.51485 1.50674 1.50697 1.58536 1.69743 1.86292 2.11937 0.00000 0.00000 0.00000 0.00000
0.00000 1.46010 1.47555 1.49150 1.50633 1.51701 1.52487 1.52850 1.52776 1.52263 1.51299 1.49995 1.48450 1.46764 1.45185 1.44064 1.50107 1.58297 1.70216 1.88144 0.00000 0.00000 0.00000 0.00000 0.00000
0.00000 1.44556 1.45958 1.47319 1.48467 1.49114 1.49407 1.49230 1.48587 1.47505 1.45992 1.44183 1.42186 1.40118 1.38234 1.43090 1.49382 1.58122 1.71202 0.00000 0.00000 0.00000 0.00000 0.00000 0.00000
0.00000 1.42859 1.43975 1.44954 1.45630 1.45741 1.45455 1.44683 1.43449 1.41803 1.39774 1.37513 1.35136 1.32772 1.36877 1.41908 1.48637 1.58375 0.00000 0.00000 0.00000 0.00000 0.00000 0.00000 0.00000
0.00000 1.40639 1.41320 1.41786 1.41883 1.41381 1.40472 1.39095 1.37286 1.35121 1.32643 1.30012 1.27351 1.31019 1.35245 1.40630 1.48248 0.00000 0.00000 0.00000 0.00000 0.00000 0.00000 0.00000 0.00000
0.00000 1.37618 1.37742 1.37596 1.37048 1.35901 1.34373 1.32423 1.30100 1.27496 1.24661 1.21767 1.25188 1.28940 1.33457 1.39651 0.00000 0.00000 0.00000 0.00000 0.00000 0.00000 0.00000 0.00000 0.00000
0.00000 1.33570 1.33055 1.32248 1.31039 1.29266 1.27165 1.24717 1.21969 1.19031 1.15955 1.19193 1.22668 1.26666 1.31932 0.00000 0.00000 0.00000 0.00000 0.00000 0.00000 0.00000 0.00000 0.00000 0.00000
0.00000 1.28360 1.27175 1.25707 1.23873 1.21536 1.18948 1.16105 1.13049 1.09898 1.12988 1.16256 1.19938 1.24638 0.00000 0.00000 0.00000 0.00000 0.00000 0.00000 0.00000 0.00000 0.00000 0.00000 0.00000
0.00000 1.21956 1.20121 1.18045 1.15663 1.12862 1.09902 1.06786 1.03549 1.06582 1.09676 1.13112 1.17452 0.00000 0.00000 0.00000 0.00000 0.00000 0.00000 0.00000 0.00000 0.00000 0.00000 0.00000 0.00000
0.00000 1.14435 1.12019 1.09427 1.06610 1.03467 1.00264 0.97008 0.99938 1.02961 1.06181 1.10226 0.00000 0.00000 0.00000 0.00000 0.00000 0.00000 0.00000 0.00000 0.00000 0.00000 0.00000 0.00000 0.00000
0.00000 1.05968 1.03076 1.00089 0.96970 0.93621 0.90310 0.93182 0.96081 0.99200 1.02972 0.00000 0.00000 0.00000 0.00000 0.00000 0.00000 0.00000 0.00000 0.00000 0.00000 0.00000 0.00000 0.00000 0.00000
0.00000 0.96794 0.93557 0.90316 0.87034 0.83613 0.86344 0.89185 0.92135 0.95760 0.00000 0.00000 0.00000 0.00000 0.00000 0.00000 0.00000 0.00000 0.00000 0.00000 0.00000 0.00000 0.00000 0.00000 0.00000
0.00000 0.87200 0.83760 0.80406 0.77096 0.79605 0.82287 0.85158 0.88543 0.00000 0.00000 0.00000 0.00000 0.00000 0.00000 0.00000 0.00000 0.00000 0.00000 0.00000 0.00000 0.00000 0.00000 0.00000 0.00000
0.00000 0.77484 0.73981 0.70648 0.73164 0.75588 0.78245 0.81516 0.00000 0.00000 0.00000 0.00000 0.00000 0.00000 0.00000 0.00000 0.00000 0.00000 0.00000 0.00000 0.00000 0.00000 0.00000 0.00000 0.00000
0.00000 0.67930 0.64491 0.66825 0.69343 0.71617 0.74577 0.00000 0.00000 0.00000 0.00000 0.00000 0.00000 0.00000 0.00000 0.00000 0.00000 0.00000 0.00000 0.00000 0.00000 0.00000 0.00000 0.00000 0.00000
0.00000 0.58783 0.60797 0.63218 0.65670 0.67892 0.00000 0.00000 0.00000 0.00000 0.00000 0.00000 0.00000 0.00000 0.00000 0.00000 0.00000 0.00000 0.00000 0.00000 0.00000 0.00000 0.00000 0.00000 0.00000
0.00000 0.00000 0.00000 0.00000 0.00000 0.00000 0.00000 0.00000 0.00000 0.00000 0.00000 0.00000 0.00000 0.00000 0.00000 0.00000 0.00000 0.00000 0.00000 0.00000 0.00000 0.00000 0.00000 0.00000 0.00000
0.00000 0.00000 0.00000 0.00000 0.00000 0.00000 0.00000 0.00000 0.00000 0.00000 0.00000 0.00000 0.00000 0.00000 0.00000 0.00000 0.00000 0.00000 0.00000 0.00000 0.00000 0.00000 0.00000 0.00000 0.00000
0.00000 0.00000 0.00000 0.00000 0.00000 0.00000 0.00000 0.00000 0.00000 0.00000 0.00000 0.00000 0.00000 0.00000 0.00000 0.00000 0.00000 0.00000 0.00000 0.00000 0.00000 0.00000 0.00000 0.00000 0.00000
0.00000 0.00000 0.00000 0.00000 0.00000 0.00000 0.00000 0.00000 0.00000 0.00000 0.00000 0.00000 0.00000 0.00000 0.00000 0.00000 0.00000 0.00000 0.00000 0.00000 0.00000 0.00000 0.00000 0.00000 0.00000
0.00000 0.00000 0.00000 0.00000 0.00000 0.00000 0.00000 0.00000 0.00000 0.00000 0.00000 0.00000 0.00000 0.00000 0.00000 0.00000 0.00000 0.00000 0.00000 0.00000 0.00000 0.00000 0.00000 0.00000 0.00000
