7.185762 7.267757 7.371333 7.501541 7.664374 7.866847 8.117247 8.425268 8.801723 9.258597 9.808838 10.466060 11.244122 12.156564 13.216544 14.436759 15.828728 17.404083 19.175278 21.156813 23.368361 25.837391 28.607885 31.740028 35.320297 39.474525 44.355961 50.114429 56.917591 64.912712 74.352249 85.491592 99.362762 119.139786 156.000000
6.539598 6.637103 6.759046 6.910813 7.098700 7.329990 7.613168 7.958037 8.375365 8.876934 9.475258 10.183286 11.014011 11.979888 13.092858 14.364322 15.804503 17.423885 19.234158 21.249132 23.489197 25.982262 28.777452 31.939814 35.564793 39.792191 44.782455 50.675697 57.622585 65.742683 75.273415 86.455269 100.310226 119.885330 0.000000
5.962498 6.078931 6.223106 6.400743 6.618442 6.883737 7.205279 7.592917 8.057299 8.609908 9.262705 10.027847 10.917293 11.942279 13.113429 14.440724 15.933030 17.599649 19.451735 21.502298 23.773207 26.292892 29.117414 32.316822 35.995323 40.303780 45.402328 51.414120 58.470722 66.672089 76.251709 87.444519 101.203026 0.000000 0.000000
5.457930 5.596978 5.767467 5.975445 6.227790 6.532238 6.897551 7.333545 7.850648 8.459925 9.172652 10.000069 10.952977 12.041272 13.274190 14.660256 16.206968 17.922491 19.817759 21.904922 24.208267 26.756783 29.615074 32.857418 36.594841 40.984306 46.178524 52.281185 59.409966 67.655563 77.253418 88.377434 0.000000 0.000000 0.000000
5.028167 5.193707 5.394722 5.637546 5.929282 6.277807 6.691908 7.181256 7.755952 8.426514 9.203421 10.096854 11.116364 12.270426 13.566911 15.012857 16.614534 18.378981 20.317463 22.441124 24.777845 27.356903 30.252468 33.541111 37.337372 41.798832 47.066936 53.229782 60.398655 68.661224 78.198296 0.000000 0.000000 0.000000 0.000000
4.674630 4.870659 5.106431 5.388509 5.724148 6.121273 6.588580 7.135496 7.771650 8.506904 9.350802 10.312387 11.399902 12.620358 13.980352 15.485514 17.141006 18.952908 20.933474 23.092573 25.462931 28.073420 31.007868 34.342194 38.190929 42.708492 48.026123 54.222931 61.407871 69.609642 0.000000 0.000000 0.000000 0.000000 0.000000
4.398167 4.628706 4.903378 5.228890 5.612562 6.062250 6.586439 7.194173 7.894504 8.696499 9.608682 10.638899 11.794073 13.079762 14.501504 16.063587 17.770329 19.626934 21.647497 23.840225 26.243700 28.885265 31.857285 35.232212 39.122307 43.678135 49.024338 55.234589 62.359280 0.000000 0.000000 0.000000 0.000000 0.000000 0.000000
4.199307 4.468294 4.785804 5.158579 5.593893 6.099406 6.683270 7.354021 8.120005 8.989394 9.969640 11.067385 12.288250 13.636414 15.116707 16.732094 18.486395 20.384050 22.441900 24.665836 27.100815 29.771402 32.776508 36.183708 40.102787 44.681335 50.038944 56.187996 0.000000 0.000000 0.000000 0.000000 0.000000 0.000000 0.000000
4.078411 4.389603 4.753566 5.176959 5.666884 6.230690 6.876054 7.610890 8.442743 9.378830 10.425495 11.588214 12.871422 14.278006 15.812560 17.476740 19.274174 21.208693 23.300575 25.552721 28.016287 30.712029 33.743603 37.174103 41.111279 45.698826 50.994747 0.000000 0.000000 0.000000 0.000000 0.000000 0.000000 0.000000 0.000000
4.035769 4.392629 4.806214 5.282992 5.829764 6.453435 7.161104 7.959958 8.856667 9.857484 10.967676 12.191633 13.532750 14.992743 16.576582 18.284477 20.120293 22.087244 24.209501 26.486216 28.974113 31.690094 34.741322 38.187363 42.131989 46.656979 0.000000 0.000000 0.000000 0.000000 0.000000 0.000000 0.000000 0.000000 0.000000
4.071563 4.477133 4.942966 5.475202 6.080228 6.764402 7.534150 8.395854 9.355294 10.417765 11.587536 12.868086 14.261925 15.769732 17.397566 19.143957 21.013308 23.008190 25.156607 27.453770 29.961176 32.692833 35.757992 39.210884 43.092804 0.000000 0.000000 0.000000 0.000000 0.000000 0.000000 0.000000 0.000000 0.000000 0.000000
4.185789 4.642595 5.162642 5.751638 6.415452 7.159798 7.990361 8.912709 9.931753 11.051886 12.276533 13.608408 15.049376 16.599184 18.265713 20.045452 21.943548 23.961838 26.131798 28.445316 30.968098 33.711643 36.783363 40.174030 0.000000 0.000000 0.000000 0.000000 0.000000 0.000000 0.000000 0.000000 0.000000 0.000000 0.000000
4.378119 4.888054 5.463542 6.109769 6.831992 7.635226 8.524405 9.504282 10.578964 11.752086 13.026370 14.403993 15.886395 17.472490 19.172626 20.980719 22.902800 24.940050 27.127169 29.453924 31.988760 34.738171 37.747982 0.000000 0.000000 0.000000 0.000000 0.000000 0.000000 0.000000 0.000000 0.000000 0.000000 0.000000 0.000000
4.647772 5.212014 5.843369 6.546417 7.325764 8.185706 9.130437 10.163962 11.289701 12.510667 13.829107 15.246886 16.765200 18.382206 20.111065 21.942678 23.884121 25.936441 28.137409 30.475027 33.016300 35.703701 0.000000 0.000000 0.000000 0.000000 0.000000 0.000000 0.000000 0.000000 0.000000 0.000000 0.000000 0.000000 0.000000
4.993385 5.612330 6.299133 7.057733 7.892057 8.805712 9.802210 10.884919 12.056712 13.320184 14.677314 16.129829 17.678900 19.321856 21.074665 22.925200 24.882002 26.946711 29.159109 31.502573 33.982601 0.000000 0.000000 0.000000 0.000000 0.000000 0.000000 0.000000 0.000000 0.000000 0.000000 0.000000 0.000000 0.000000 0.000000
5.412949 6.086168 6.827157 7.639209 8.525585 9.489262 10.533193 11.660225 12.872888 14.173543 15.564112 17.046358 18.621397 20.285706 22.057898 23.923407 25.892843 27.968084 30.186850 32.468800 0.000000 0.000000 0.000000 0.000000 0.000000 0.000000 0.000000 0.000000 0.000000 0.000000 0.000000 0.000000 0.000000 0.000000 0.000000
5.903735 6.629980 7.423092 8.285732 9.220566 10.230049 11.316689 12.483020 13.731401 15.064170 16.483320 17.990660 19.587204 21.268682 23.056236 24.934114 26.914288 28.995386 31.153175 0.000000 0.000000 0.000000 0.000000 0.000000 0.000000 0.000000 0.000000 0.000000 0.000000 0.000000 0.000000 0.000000 0.000000 0.000000 0.000000
6.462323 7.239557 8.081982 8.991698 9.970885 11.021588 12.146066 13.346710 14.625904 15.986110 17.429386 18.957500 20.571396 22.266596 24.066778 25.955219 27.941502 29.961216 0.000000 0.000000 0.000000 0.000000 0.000000 0.000000 0.000000 0.000000 0.000000 0.000000 0.000000 0.000000 0.000000 0.000000 0.000000 0.000000 0.000000
7.084630 7.910090 8.798389 9.751169 10.770242 11.857433 13.014911 14.245131 15.550629 16.934002 18.397278 19.942173 21.569977 23.276695 25.087618 26.982012 28.907207 0.000000 0.000000 0.000000 0.000000 0.000000 0.000000 0.000000 0.000000 0.000000 0.000000 0.000000 0.000000 0.000000 0.000000 0.000000 0.000000 0.000000 0.000000
7.765992 8.636298 9.566541 10.558029 11.612370 12.731357 13.917243 15.172699 16.500420 17.903021 19.382498 20.940863 22.580362 24.297115 26.114086 27.947283 0.000000 0.000000 0.000000 0.000000 0.000000 0.000000 0.000000 0.000000 0.000000 0.000000 0.000000 0.000000 0.000000 0.000000 0.000000 0.000000 0.000000 0.000000 0.000000
8.501285 9.412577 10.380492 11.406177 12.491219 13.637546 14.847660 16.124445 17.470625 18.888853 20.381393 21.951147 23.600843 25.323196 27.079023 0.000000 0.000000 0.000000 0.000000 0.000000 0.000000 0.000000 0.000000 0.000000 0.000000 0.000000 0.000000 0.000000 0.000000 0.000000 0.000000 0.000000 0.000000 0.000000 0.000000
9.285074 10.233154 11.234328 12.289736 13.401148 14.570770 15.801356 17.095882 18.457127 19.888027 21.391701 22.971441 24.626904 26.287766 0.000000 0.000000 0.000000 0.000000 0.000000 0.000000 0.000000 0.000000 0.000000 0.000000 0.000000 0.000000 0.000000 0.000000 0.000000 0.000000 0.000000 0.000000 0.000000 0.000000 0.000000
10.111748 11.092281 12.122332 13.203235 14.337093 15.526402 16.774061 18.083107 19.456635 20.898420 22.411930 23.997269 25.591423 0.000000 0.000000 0.000000 0.000000 0.000000 0.000000 0.000000 0.000000 0.000000 0.000000 0.000000 0.000000 0.000000 0.000000 0.000000 0.000000 0.000000 0.000000 0.000000 0.000000 0.000000 0.000000
10.975733 11.984405 13.039197 14.141782 15.294608 16.500347 17.762009 19.082985 20.467155 21.918636 23.437662 24.961548 0.000000 0.000000 0.000000 0.000000 0.000000 0.000000 0.000000 0.000000 0.000000 0.000000 0.000000 0.000000 0.000000 0.000000 0.000000 0.000000 0.000000 0.000000 0.000000 0.000000 0.000000 0.000000 0.000000
11.871631 12.904387 13.980192 15.101088 16.269764 17.489046 18.762283 20.093687 21.487423 22.944334 24.401838 0.000000 0.000000 0.000000 0.000000 0.000000 0.000000 0.000000 0.000000 0.000000 0.000000 0.000000 0.000000 0.000000 0.000000 0.000000 0.000000 0.000000 0.000000 0.000000 0.000000 0.000000 0.000000 0.000000 0.000000
12.794454 13.847644 14.941191 16.077414 17.259199 18.489731 19.773195 21.114031 22.513124 23.908466 0.000000 0.000000 0.000000 0.000000 0.000000 0.000000 0.000000 0.000000 0.000000 0.000000 0.000000 0.000000 0.000000 0.000000 0.000000 0.000000 0.000000 0.000000 0.000000 0.000000 0.000000 0.000000 0.000000 0.000000 0.000000
13.739772 14.810211 15.918624 17.067549 18.260290 19.500864 20.793655 22.139790 23.477266 0.000000 0.000000 0.000000 0.000000 0.000000 0.000000 0.000000 0.000000 0.000000 0.000000 0.000000 0.000000 0.000000 0.000000 0.000000 0.000000 0.000000 0.000000 0.000000 0.000000 0.000000 0.000000 0.000000 0.000000 0.000000 0.000000
14.703751 15.788651 16.909424 18.069042 19.271646 20.521456 21.819485 23.103966 0.000000 0.000000 0.000000 0.000000 0.000000 0.000000 0.000000 0.000000 0.000000 0.000000 0.000000 0.000000 0.000000 0.000000 0.000000 0.000000 0.000000 0.000000 0.000000 0.000000 0.000000 0.000000 0.000000 0.000000 0.000000 0.000000 0.000000
15.683105 16.780062 17.911301 19.080626 20.292379 21.547384 22.783735 0.000000 0.000000 0.000000 0.000000 0.000000 0.000000 0.000000 0.000000 0.000000 0.000000 0.000000 0.000000 0.000000 0.000000 0.000000 0.000000 0.000000 0.000000 0.000000 0.000000 0.000000 0.000000 0.000000 0.000000 0.000000 0.000000 0.000000 0.000000
16.675077 17.782299 18.923105 20.101501 21.318426 22.511728 0.000000 0.000000 0.000000 0.000000 0.000000 0.000000 0.000000 0.000000 0.000000 0.000000 0.000000 0.000000 0.000000 0.000000 0.000000 0.000000 0.000000 0.000000 0.000000 0.000000 0.000000 0.000000 0.000000 0.000000 0.000000 0.000000 0.000000 0.000000 0.000000
17.677629 18.794310 19.944124 21.127665 22.282866 0.000000 0.000000 0.000000 0.000000 0.000000 0.000000 0.000000 0.000000 0.000000 0.000000 0.000000 0.000000 0.000000 0.000000 0.000000 0.000000 0.000000 0.000000 0.000000 0.000000 0.000000 0.000000 0.000000 0.000000 0.000000 0.000000 0.000000 0.000000 0.000000 0.000000
18.689821 19.815460 20.970398 22.092215 0.000000 0.000000 0.000000 0.000000 0.000000 0.000000 0.000000 0.000000 0.000000 0.000000 0.000000 0.000000 0.000000 0.000000 0.000000 0.000000 0.000000 0.000000 0.000000 0.000000 0.000000 0.000000 0.000000 0.000000 0.000000 0.000000 0.000000 0.000000 0.000000 0.000000 0.000000
19.711100 20.841846 21.935064 0.000000 0.000000 0.000000 0.000000 0.000000 0.000000 0.000000 0.000000 0.000000 0.000000 0.000000 0.000000 0.000000 0.000000 0.000000 0.000000 0.000000 0.000000 0.000000 0.000000 0.000000 0.000000 0.000000 0.000000 0.000000 0.000000 0.000000 0.000000 0.000000 0.000000 0.000000 0.000000
20.737581 21.806612 0.000000 0.000000 0.000000 0.000000 0.000000 0.000000 0.000000 0.000000 0.000000 0.000000 0.000000 0.000000 0.000000 0.000000 0.000000 0.000000 0.000000 0.000000 0.000000 0.000000 0.000000 0.000000 0.000000 0.000000 0.000000 0.000000 0.000000 0.000000 0.000000 0.000000 0.000000 0.000000 0.000000
21.702440 0.000000 0.000000 0.000000 0.000000 0.000000 0.000000 0.000000 0.000000 0.000000 0.000000 0.000000 0.000000 0.000000 0.000000 0.000000 0.000000 0.000000 0.000000 0.000000 0.000000 0.000000 0.000000 0.000000 0.000000 0.000000 0.000000 0.000000 0.000000 0.000000 0.000000 0.000000 0.000000 0.000000 0.000000
