22.272253 22.282347 22.295792 22.313963 22.336407 22.365696 22.401594 22.446640 22.502785 22.572317 22.658478 22.761992 22.886913 23.036371 23.213728 23.422455 23.665014 23.947340 24.271551 24.640532 25.056211 25.520723 26.037251 26.600937 27.215258 27.884014 28.603758 29.381729 30.214407 31.111879 32.094620 33.195240 34.447418 35.912540 37.641693 39.708305 42.200588 45.202522 48.948048 53.876099 60.964241 72.509171 94.380325 145.000000
21.281841 21.291920 21.305349 21.323523 21.345936 21.375181 21.411032 21.456017 21.512083 21.581520 21.667570 21.770939 21.895695 22.044943 22.222052 22.430479 22.672691 22.954622 23.278389 23.646852 24.061949 24.525810 25.041628 25.604519 26.217915 26.885733 27.604465 28.381348 29.212858 30.109062 31.090443 32.189575 33.440002 34.903088 36.629913 38.693745 41.182926 44.181679 47.926334 52.865917 60.015659 71.764496 94.014099 0.000000
20.267834 20.277903 20.291319 20.309551 20.331938 20.361156 20.396967 20.441896 20.497894 20.567247 20.653231 20.756468 20.881069 21.030134 21.207026 21.415203 21.657091 21.938671 22.262022 22.630026 23.044600 23.507877 24.023094 24.585279 25.197735 25.864706 26.582523 27.358429 28.188881 29.083958 30.064114 31.162077 32.410976 33.872311 35.597115 37.658913 40.146427 43.146362 46.906593 51.917194 59.304478 71.590302 0.000000 0.000000
19.260769 19.270838 19.284256 19.302582 19.324955 19.354156 19.389933 19.434828 19.490776 19.560068 19.646042 19.749186 19.873669 20.022594 20.199316 20.407291 20.648853 20.930151 21.253187 21.620813 22.034964 22.497765 23.012518 23.574106 24.185711 24.851967 25.569027 26.344114 27.173697 28.067835 29.046967 30.144133 31.391830 32.851883 34.575535 36.636868 39.127472 42.145264 45.980656 51.236729 59.193039 0.000000 0.000000 0.000000
18.260431 18.270494 18.283899 18.302322 18.324692 18.353909 18.389677 18.434555 18.490486 18.559755 18.645807 18.748903 18.873322 19.022161 19.198784 19.406637 19.647934 19.929052 20.251875 20.619249 21.033112 21.495583 22.010117 22.571262 23.182129 23.847883 24.564398 25.338947 26.167908 27.061399 28.039888 29.136679 30.383751 31.843407 33.567619 35.633423 38.144344 41.239735 45.324238 51.157616 0.000000 0.000000 0.000000 0.000000
17.266815 17.276888 17.290304 17.308704 17.331097 17.360395 17.396183 17.441078 17.497032 17.566328 17.652601 17.755716 17.880161 18.029016 18.205643 18.413481 18.654535 18.935612 19.258368 19.625656 20.039408 20.501747 21.016356 21.577225 22.187674 22.853178 23.569420 24.343773 25.172457 26.065687 27.043961 28.140938 29.388271 30.849264 32.578930 34.666420 37.257500 40.603580 45.266190 0.000000 0.000000 0.000000 0.000000 0.000000
16.280075 16.290176 16.303623 16.321890 16.344328 16.373789 16.409639 16.454611 16.510647 16.580046 16.666658 16.769876 16.894434 17.043419 17.220175 17.428144 17.669086 17.950291 18.273161 18.640568 19.054417 19.516846 20.031820 20.592604 21.203022 21.868567 22.584837 23.359423 24.188213 25.081619 26.060247 27.158106 28.407427 29.874454 31.626606 33.795197 36.638290 40.560684 0.000000 0.000000 0.000000 0.000000 0.000000 0.000000
15.300117 15.310266 15.323773 15.341838 15.364367 15.394121 15.430099 15.475214 15.531411 15.600990 15.688014 15.791475 15.916286 16.065546 16.242598 16.450872 16.691925 16.973457 17.296677 17.664413 18.078594 18.541351 19.056898 19.617762 20.228586 20.894445 21.611046 22.386309 23.215620 24.109755 25.089554 26.189672 27.445553 28.935379 30.768742 33.188931 36.606670 0.000000 0.000000 0.000000 0.000000 0.000000 0.000000 0.000000
14.326878 14.337096 14.350702 14.368624 14.391304 14.421455 14.457641 14.503002 14.559482 14.629375 14.716867 14.820720 14.945961 15.095688 15.273229 15.482040 15.723532 16.005646 16.329456 16.697802 17.112591 17.575943 18.092207 18.653379 19.265022 19.931492 20.648722 21.425098 22.255390 23.150969 24.133404 25.240021 26.518734 28.089252 30.173035 33.164879 0.000000 0.000000 0.000000 0.000000 0.000000 0.000000 0.000000 0.000000
13.360717 13.371044 13.384816 13.402720 13.425650 13.456315 13.492833 13.538575 13.595491 13.665868 13.753888 13.858363 13.984268 14.134720 14.313049 14.522681 14.765050 15.048048 15.372775 15.742042 16.157745 16.622002 17.139153 17.700974 18.313793 18.981190 19.699348 20.477221 21.309162 22.207518 23.196810 24.325645 25.684269 27.503111 30.154964 0.000000 0.000000 0.000000 0.000000 0.000000 0.000000 0.000000 0.000000 0.000000
12.403101 12.413555 12.427577 12.445683 12.468978 12.500224 12.537241 12.583562 12.641135 12.712268 12.800985 12.906366 13.033278 13.184807 13.364283 13.575127 13.818876 14.103174 14.429222 14.799814 15.216840 15.682372 16.200634 16.763588 17.377974 18.046673 18.766129 19.545988 20.380899 21.286064 22.297491 23.504501 25.108557 27.490746 0.000000 0.000000 0.000000 0.000000 0.000000 0.000000 0.000000 0.000000 0.000000 0.000000
11.456607 11.467254 11.481648 11.500171 11.524008 11.555997 11.593745 11.640905 11.699430 11.771634 11.861379 11.968084 12.096432 12.249505 12.430620 12.643195 12.888920 13.175058 13.502971 13.875444 14.294306 14.761588 15.281422 15.846112 16.462479 17.133007 17.854345 18.637350 19.479101 20.405870 21.494028 22.942001 25.102663 0.000000 0.000000 0.000000 0.000000 0.000000 0.000000 0.000000 0.000000 0.000000 0.000000 0.000000
10.525045 10.536007 10.550950 10.570144 10.594748 10.627681 10.666472 10.714830 10.774713 10.848436 10.939703 11.048265 11.178638 11.333879 11.517292 11.732284 11.980683 12.269380 12.599881 12.974937 13.396334 13.865989 14.388036 14.955205 15.574198 16.247341 16.971838 17.761614 18.624548 19.625851 20.949867 22.945097 0.000000 0.000000 0.000000 0.000000 0.000000 0.000000 0.000000 0.000000 0.000000 0.000000 0.000000 0.000000
9.613217 9.624695 9.640417 9.660534 9.686221 9.720396 9.760642 9.810656 9.872428 9.948256 10.041711 10.152837 10.285995 10.444215 10.630774 10.849069 11.101034 11.393210 11.727232 12.105803 12.530599 13.003472 13.528626 14.099186 14.721712 15.398882 16.130247 16.940458 17.875687 19.106230 20.965563 0.000000 0.000000 0.000000 0.000000 0.000000 0.000000 0.000000 0.000000 0.000000 0.000000 0.000000 0.000000 0.000000
8.726599 8.738900 8.755691 8.777081 8.804239 8.840051 8.882276 8.934546 8.998867 9.077539 9.174024 9.288605 9.425498 9.587711 9.778485 10.001194 10.257834 10.554650 10.893353 11.276610 11.705915 12.183083 12.712482 13.287608 13.915224 14.600105 15.351557 16.231220 17.388151 19.138819 0.000000 0.000000 0.000000 0.000000 0.000000 0.000000 0.000000 0.000000 0.000000 0.000000 0.000000 0.000000 0.000000 0.000000
7.871130 7.884634 7.902863 7.925943 7.955076 7.993044 8.037902 8.093165 8.160868 8.243298 8.343843 8.462967 8.604769 8.772214 8.968498 9.196979 9.459647 9.762509 10.107323 10.496677 10.931866 11.414734 11.949842 12.531261 13.167653 13.872845 14.691092 15.783616 17.442673 0.000000 0.000000 0.000000 0.000000 0.000000 0.000000 0.000000 0.000000 0.000000 0.000000 0.000000 0.000000 0.000000 0.000000 0.000000
7.052898 7.068047 7.088188 7.113477 7.145194 7.185992 7.234281 7.293432 7.365510 7.452795 7.558618 7.683582 7.831688 8.005835 8.209168 8.445012 8.715326 9.025900 9.378501 9.775633 10.218342 10.708685 11.251555 11.842957 12.500176 13.269899 14.291478 15.865139 0.000000 0.000000 0.000000 0.000000 0.000000 0.000000 0.000000 0.000000 0.000000 0.000000 0.000000 0.000000 0.000000 0.000000 0.000000 0.000000
6.277831 6.295122 6.317760 6.345897 6.380933 6.425385 6.478048 6.542146 6.619776 6.713201 6.825710 6.958024 7.114041 7.296589 7.508738 7.753783 8.033608 8.353791 8.716104 9.122952 9.575178 10.075339 10.629827 11.242708 11.962476 12.925817 14.405040 0.000000 0.000000 0.000000 0.000000 0.000000 0.000000 0.000000 0.000000 0.000000 0.000000 0.000000 0.000000 0.000000 0.000000 0.000000 0.000000 0.000000
5.551465 5.571461 5.597251 5.628994 5.668216 5.717325 5.775468 5.845734 5.930264 6.031297 6.152093 6.293468 6.459216 6.652069 6.875014 7.131311 7.422722 7.754636 8.128809 8.547582 9.011868 9.525847 10.103062 10.776576 11.680215 13.076265 0.000000 0.000000 0.000000 0.000000 0.000000 0.000000 0.000000 0.000000 0.000000 0.000000 0.000000 0.000000 0.000000 0.000000 0.000000 0.000000 0.000000 0.000000
4.878588 4.901931 4.931645 4.967877 5.012282 5.067187 5.132062 5.209877 5.302829 5.413124 5.543988 5.696318 5.873796 6.079049 6.314944 6.584723 6.889967 7.235912 7.624320 8.057659 8.538106 9.076549 9.713220 10.560829 11.871156 0.000000 0.000000 0.000000 0.000000 0.000000 0.000000 0.000000 0.000000 0.000000 0.000000 0.000000 0.000000 0.000000 0.000000 0.000000 0.000000 0.000000 0.000000 0.000000
4.263049 4.290509 4.325005 4.366737 4.417466 4.479458 4.552467 4.639363 4.742408 4.863762 5.006617 5.171944 5.363307 5.583196 5.834348 6.119973 6.441439 6.803895 7.209280 7.661216 8.168056 8.765298 9.567064 10.794981 0.000000 0.000000 0.000000 0.000000 0.000000 0.000000 0.000000 0.000000 0.000000 0.000000 0.000000 0.000000 0.000000 0.000000 0.000000 0.000000 0.000000 0.000000 0.000000 0.000000
3.707618 3.740084 3.780341 3.828707 3.887023 3.957524 4.040206 4.137850 4.252802 4.387146 4.544052 4.724543 4.932056 5.168922 5.437720 5.741653 6.081816 6.463551 6.889895 7.370105 7.935484 8.689570 9.845924 0.000000 0.000000 0.000000 0.000000 0.000000 0.000000 0.000000 0.000000 0.000000 0.000000 0.000000 0.000000 0.000000 0.000000 0.000000 0.000000 0.000000 0.000000 0.000000 0.000000 0.000000
3.213923 3.252404 3.299523 3.355788 3.423080 3.503624 3.597644 3.707812 3.836592 3.985956 4.159068 4.356964 4.582956 4.839200 5.128076 5.452846 5.814449 6.219341 6.675839 7.214282 7.929103 9.013177 0.000000 0.000000 0.000000 0.000000 0.000000 0.000000 0.000000 0.000000 0.000000 0.000000 0.000000 0.000000 0.000000 0.000000 0.000000 0.000000 0.000000 0.000000 0.000000 0.000000 0.000000 0.000000
2.782463 2.828085 2.883301 2.948845 3.026629 3.118862 3.225984 3.350546 3.495160 3.661640 3.853165 4.070736 4.317563 4.595588 4.907000 5.255301 5.642091 6.078826 6.593453 7.274395 8.296358 0.000000 0.000000 0.000000 0.000000 0.000000 0.000000 0.000000 0.000000 0.000000 0.000000 0.000000 0.000000 0.000000 0.000000 0.000000 0.000000 0.000000 0.000000 0.000000 0.000000 0.000000 0.000000 0.000000
2.412738 2.466731 2.531403 2.607714 2.697601 2.803262 2.925337 3.066242 3.228746 3.414464 3.626633 3.866146 4.136151 4.438324 4.774846 5.150263 5.570470 6.065199 6.716193 7.683078 0.000000 0.000000 0.000000 0.000000 0.000000 0.000000 0.000000 0.000000 0.000000 0.000000 0.000000 0.000000 0.000000 0.000000 0.000000 0.000000 0.000000 0.000000 0.000000 0.000000 0.000000 0.000000 0.000000 0.000000
2.103399 2.167089 2.242692 2.331361 2.435056 2.555956 2.694899 2.854142 3.036620 3.243698 3.478719 3.742397 4.037889 4.366654 4.731662 5.141977 5.620162 6.245693 7.163464 0.000000 0.000000 0.000000 0.000000 0.000000 0.000000 0.000000 0.000000 0.000000 0.000000 0.000000 0.000000 0.000000 0.000000 0.000000 0.000000 0.000000 0.000000 0.000000 0.000000 0.000000 0.000000 0.000000 0.000000 0.000000
1.852445 1.927258 2.015366 2.118075 2.237357 2.375371 2.533126 2.712732 2.917264 3.147779 3.407825 3.697836 4.021204 4.379748 4.780576 5.248896 5.853113 6.728201 0.000000 0.000000 0.000000 0.000000 0.000000 0.000000 0.000000 0.000000 0.000000 0.000000 0.000000 0.000000 0.000000 0.000000 0.000000 0.000000 0.000000 0.000000 0.000000 0.000000 0.000000 0.000000 0.000000 0.000000 0.000000 0.000000
1.657446 1.744905 1.847177 1.965681 2.102387 2.259416 2.437949 2.639933 2.868567 3.124555 3.411732 3.730315 4.084656 4.479923 4.938406 5.528667 6.367391 0.000000 0.000000 0.000000 0.000000 0.000000 0.000000 0.000000 0.000000 0.000000 0.000000 0.000000 0.000000 0.000000 0.000000 0.000000 0.000000 0.000000 0.000000 0.000000 0.000000 0.000000 0.000000 0.000000 0.000000 0.000000 0.000000 0.000000
1.515744 1.617460 1.735633 1.871742 2.027747 2.205714 2.406979 2.633311 2.888049 3.171510 3.487953 3.838078 4.230072 4.682848 5.259311 6.071091 0.000000 0.000000 0.000000 0.000000 0.000000 0.000000 0.000000 0.000000 0.000000 0.000000 0.000000 0.000000 0.000000 0.000000 0.000000 0.000000 0.000000 0.000000 0.000000 0.000000 0.000000 0.000000 0.000000 0.000000 0.000000 0.000000 0.000000 0.000000
1.424638 1.542308 1.678171 1.833743 2.010940 2.211757 2.437676 2.690265 2.973060 3.286048 3.634569 4.022712 4.472253 5.039856 5.826203 0.000000 0.000000 0.000000 0.000000 0.000000 0.000000 0.000000 0.000000 0.000000 0.000000 0.000000 0.000000 0.000000 0.000000 0.000000 0.000000 0.000000 0.000000 0.000000 0.000000 0.000000 0.000000 0.000000 0.000000 0.000000 0.000000 0.000000 0.000000 0.000000
1.381535 1.516927 1.672315 1.849228 2.049509 2.275059 2.527511 2.808206 3.121055 3.466301 3.853081 4.298502 4.860342 5.628152 0.000000 0.000000 0.000000 0.000000 0.000000 0.000000 0.000000 0.000000 0.000000 0.000000 0.000000 0.000000 0.000000 0.000000 0.000000 0.000000 0.000000 0.000000 0.000000 0.000000 0.000000 0.000000 0.000000 0.000000 0.000000 0.000000 0.000000 0.000000 0.000000 0.000000
1.384064 1.539000 1.715770 1.915904 2.141138 2.393260 2.674080 2.984776 3.330320 3.713855 4.157467 4.712939 5.466912 0.000000 0.000000 0.000000 0.000000 0.000000 0.000000 0.000000 0.000000 0.000000 0.000000 0.000000 0.000000 0.000000 0.000000 0.000000 0.000000 0.000000 0.000000 0.000000 0.000000 0.000000 0.000000 0.000000 0.000000 0.000000 0.000000 0.000000 0.000000 0.000000 0.000000 0.000000
1.430148 1.606483 1.806496 2.031713 2.283735 2.564219 2.875306 3.218566 3.602670 4.042587 4.594017 5.334906 0.000000 0.000000 0.000000 0.000000 0.000000 0.000000 0.000000 0.000000 0.000000 0.000000 0.000000 0.000000 0.000000 0.000000 0.000000 0.000000 0.000000 0.000000 0.000000 0.000000 0.000000 0.000000 0.000000 0.000000 0.000000 0.000000 0.000000 0.000000 0.000000 0.000000 0.000000 0.000000
1.518055 1.717649 1.942746 2.194878 2.475486 2.786183 3.130079 3.511676 3.952011 4.497885 5.228762 0.000000 0.000000 0.000000 0.000000 0.000000 0.000000 0.000000 0.000000 0.000000 0.000000 0.000000 0.000000 0.000000 0.000000 0.000000 0.000000 0.000000 0.000000 0.000000 0.000000 0.000000 0.000000 0.000000 0.000000 0.000000 0.000000 0.000000 0.000000 0.000000 0.000000 0.000000 0.000000 0.000000
1.646401 1.871092 2.123083 2.403940 2.714995 3.058409 3.440817 3.878144 4.423103 5.143463 0.000000 0.000000 0.000000 0.000000 0.000000 0.000000 0.000000 0.000000 0.000000 0.000000 0.000000 0.000000 0.000000 0.000000 0.000000 0.000000 0.000000 0.000000 0.000000 0.000000 0.000000 0.000000 0.000000 0.000000 0.000000 0.000000 0.000000 0.000000 0.000000 0.000000 0.000000 0.000000 0.000000 0.000000
1.814155 2.065747 2.346407 2.657869 3.001875 3.383646 3.821691 4.362251 5.077783 0.000000 0.000000 0.000000 0.000000 0.000000 0.000000 0.000000 0.000000 0.000000 0.000000 0.000000 0.000000 0.000000 0.000000 0.000000 0.000000 0.000000 0.000000 0.000000 0.000000 0.000000 0.000000 0.000000 0.000000 0.000000 0.000000 0.000000 0.000000 0.000000 0.000000 0.000000 0.000000 0.000000 0.000000 0.000000
2.020614 2.300874 2.612050 2.956642 3.339196 3.776271 4.316671 5.024378 0.000000 0.000000 0.000000 0.000000 0.000000 0.000000 0.000000 0.000000 0.000000 0.000000 0.000000 0.000000 0.000000 0.000000 0.000000 0.000000 0.000000 0.000000 0.000000 0.000000 0.000000 0.000000 0.000000 0.000000 0.000000 0.000000 0.000000 0.000000 0.000000 0.000000 0.000000 0.000000 0.000000 0.000000 0.000000 0.000000
2.265376 2.576143 2.920314 3.303654 3.741534 4.280053 4.985001 0.000000 0.000000 0.000000 0.000000 0.000000 0.000000 0.000000 0.000000 0.000000 0.000000 0.000000 0.000000 0.000000 0.000000 0.000000 0.000000 0.000000 0.000000 0.000000 0.000000 0.000000 0.000000 0.000000 0.000000 0.000000 0.000000 0.000000 0.000000 0.000000 0.000000 0.000000 0.000000 0.000000 0.000000 0.000000 0.000000 0.000000
2.548453 2.892204 3.274911 3.713696 4.252533 4.953367 0.000000 0.000000 0.000000 0.000000 0.000000 0.000000 0.000000 0.000000 0.000000 0.000000 0.000000 0.000000 0.000000 0.000000 0.000000 0.000000 0.000000 0.000000 0.000000 0.000000 0.000000 0.000000 0.000000 0.000000 0.000000 0.000000 0.000000 0.000000 0.000000 0.000000 0.000000 0.000000 0.000000 0.000000 0.000000 0.000000 0.000000 0.000000
2.870768 3.253035 3.690852 4.230375 4.929922 0.000000 0.000000 0.000000 0.000000 0.000000 0.000000 0.000000 0.000000 0.000000 0.000000 0.000000 0.000000 0.000000 0.000000 0.000000 0.000000 0.000000 0.000000 0.000000 0.000000 0.000000 0.000000 0.000000 0.000000 0.000000 0.000000 0.000000 0.000000 0.000000 0.000000 0.000000 0.000000 0.000000 0.000000 0.000000 0.000000 0.000000 0.000000 0.000000
3.236531 3.673846 4.211780 4.910956 0.000000 0.000000 0.000000 0.000000 0.000000 0.000000 0.000000 0.000000 0.000000 0.000000 0.000000 0.000000 0.000000 0.000000 0.000000 0.000000 0.000000 0.000000 0.000000 0.000000 0.000000 0.000000 0.000000 0.000000 0.000000 0.000000 0.000000 0.000000 0.000000 0.000000 0.000000 0.000000 0.000000 0.000000 0.000000 0.000000 0.000000 0.000000 0.000000 0.000000
3.661130 4.198311 4.894701 0.000000 0.000000 0.000000 0.000000 0.000000 0.000000 0.000000 0.000000 0.000000 0.000000 0.000000 0.000000 0.000000 0.000000 0.000000 0.000000 0.000000 0.000000 0.000000 0.000000 0.000000 0.000000 0.000000 0.000000 0.000000 0.000000 0.000000 0.000000 0.000000 0.000000 0.000000 0.000000 0.000000 0.000000 0.000000 0.000000 0.000000 0.000000 0.000000 0.000000 0.000000
4.188268 4.883172 0.000000 0.000000 0.000000 0.000000 0.000000 0.000000 0.000000 0.000000 0.000000 0.000000 0.000000 0.000000 0.000000 0.000000 0.000000 0.000000 0.000000 0.000000 0.000000 0.000000 0.000000 0.000000 0.000000 0.000000 0.000000 0.000000 0.000000 0.000000 0.000000 0.000000 0.000000 0.000000 0.000000 0.000000 0.000000 0.000000 0.000000 0.000000 0.000000 0.000000 0.000000 0.000000
4.874586 0.000000 0.000000 0.000000 0.000000 0.000000 0.000000 0.000000 0.000000 0.000000 0.000000 0.000000 0.000000 0.000000 0.000000 0.000000 0.000000 0.000000 0.000000 0.000000 0.000000 0.000000 0.000000 0.000000 0.000000 0.000000 0.000000 0.000000 0.000000 0.000000 0.000000 0.000000 0.000000 0.000000 0.000000 0.000000 0.000000 0.000000 0.000000 0.000000 0.000000 0.000000 0.000000 0.000000
