21.143976 21.723877 22.373730 23.103493 23.915049 24.809998 25.792192 26.869980 28.051826 29.329342 30.707388 32.186821 33.761684 35.421352 37.191246 39.059196 41.024940 43.095264 45.239822 47.479355 49.810822 52.241562 54.771553 57.390404 60.134392 62.989567 66.044670 69.330215 72.903206 76.893204 81.488289 87.001320 93.774155 102.424164 114.054512 130.627014 156.004120 197.671448 268.444733 389.000000
20.168810 20.748262 21.397541 22.126659 22.937428 23.831493 24.812691 25.889317 27.069878 28.345922 29.722349 31.200014 32.772903 34.430435 36.198055 38.063576 40.026741 42.094395 44.236088 46.472614 48.800930 51.228359 53.754921 56.370121 59.110401 61.961636 65.012505 68.293648 71.861809 75.846596 80.435829 85.942589 92.708153 101.349548 112.968178 129.522690 154.867569 196.474091 267.131897 0.000000
19.192425 19.772827 20.422880 21.152805 21.964308 22.858938 23.840555 24.917418 26.098188 27.374109 28.750202 30.227350 31.799461 33.455753 35.222107 37.086140 39.047588 41.113598 43.253147 45.487396 47.813251 50.238075 52.761879 55.374008 58.111271 60.958771 64.006310 67.284081 70.848648 74.830093 79.416794 84.923149 91.690697 100.337128 111.962479 128.518341 153.844025 195.380310 0.000000 0.000000
18.266687 18.850725 19.504158 20.237680 21.052702 21.950705 22.935459 24.015181 25.198992 26.477306 27.855474 29.334433 30.907959 32.565033 34.331985 36.196259 38.157562 40.223415 42.362083 44.595329 46.919930 49.343323 51.865540 54.475399 57.210983 60.056084 63.101536 66.378029 69.941338 73.923218 78.513771 84.030861 90.818748 99.496559 111.161430 127.751205 153.070419 0.000000 0.000000 0.000000
17.414301 18.005671 18.666056 19.406994 20.229355 21.134518 22.126087 23.212187 24.402788 25.686859 27.070303 28.554197 30.132036 31.792942 33.562923 35.429649 37.392868 39.459770 41.599087 43.832851 46.157619 48.580959 51.102997 53.711483 56.446968 59.291885 62.336926 65.614929 69.180290 73.168327 77.772629 83.315964 90.150391 98.894173 110.637985 127.289680 0.000000 0.000000 0.000000 0.000000
16.648693 17.251593 17.923149 18.675800 19.509830 20.426390 21.428854 22.525202 23.726486 25.019995 26.412159 27.904366 29.489569 31.157818 32.933315 34.804790 36.771927 38.840855 40.982170 43.217968 45.544228 47.968761 50.491856 53.099476 55.836296 58.683750 61.730072 65.012672 68.584198 72.585983 77.217346 82.806023 89.717224 98.562241 110.412209 0.000000 0.000000 0.000000 0.000000 0.000000
15.974997 16.593718 17.281153 18.049908 18.899960 19.832184 20.849611 21.960009 23.175371 24.481867 25.886127 27.389942 28.985460 30.664045 32.447365 34.325607 36.298477 38.370361 40.514717 42.753674 45.082462 47.509129 50.034149 52.641090 55.380505 58.232273 61.281311 64.572052 68.155022 72.180565 76.855125 82.511803 89.528923 98.495865 0.000000 0.000000 0.000000 0.000000 0.000000 0.000000
15.394806 16.033609 16.741636 17.530741 18.401075 19.353067 20.389261 21.517269 22.749582 24.072378 25.491772 27.010216 28.618725 30.309978 32.103073 33.989803 35.969845 38.045837 40.193867 42.436806 44.768734 47.198078 49.725597 52.332325 55.075302 57.932308 60.985737 64.288231 67.889732 71.951546 76.688133 82.435600 89.574905 0.000000 0.000000 0.000000 0.000000 0.000000 0.000000 0.000000
14.909097 15.572025 16.305042 17.118523 18.013113 18.988701 20.047195 21.196037 22.448061 23.790115 25.227369 26.763145 28.387058 30.092642 31.897146 33.793739 35.782101 37.863400 40.015507 42.262932 44.598377 47.030708 49.561001 52.168755 54.916168 57.778946 60.839108 64.157272 67.787010 71.900208 76.717392 82.568527 0.000000 0.000000 0.000000 0.000000 0.000000 0.000000 0.000000 0.000000
14.518841 15.209713 15.971597 16.813169 17.735718 18.738335 19.822233 20.995003 22.269493 23.633448 25.090944 26.646135 28.287584 30.008816 31.826069 33.733639 35.731205 37.818897 39.975632 42.227966 44.567146 47.002552 49.535778 52.146095 54.898357 57.767948 60.838535 64.178001 67.848808 72.028976 76.935600 0.000000 0.000000 0.000000 0.000000 0.000000 0.000000 0.000000 0.000000 0.000000
14.224512 14.946844 15.740985 16.614012 17.567894 18.600632 19.712639 20.912455 22.211977 23.600111 25.079891 26.655760 28.316540 30.054504 31.885630 33.805031 35.812546 37.907486 40.070171 42.327644 44.670681 47.109245 49.645512 52.259708 55.016624 57.895142 60.981678 64.350822 68.076866 72.331047 0.000000 0.000000 0.000000 0.000000 0.000000 0.000000 0.000000 0.000000 0.000000 0.000000
14.025802 14.782742 15.612096 16.519485 17.507645 18.573133 19.715696 20.945391 22.272194 23.686417 25.190187 26.787399 28.468746 30.224310 32.070148 34.002121 36.020092 38.122959 40.292999 42.555801 44.902760 47.344513 49.884060 52.503021 55.264862 58.156059 61.265938 64.674828 68.461617 0.000000 0.000000 0.000000 0.000000 0.000000 0.000000 0.000000 0.000000 0.000000 0.000000 0.000000
13.921024 14.715242 15.582248 16.526403 17.551239 18.651590 19.827034 21.088793 22.444651 23.886402 25.415438 27.034529 28.736757 30.510492 32.371605 34.316570 36.345337 38.456516 40.634888 42.903046 45.253834 47.698711 50.242020 52.866692 55.635265 58.544479 61.685841 65.137817 0.000000 0.000000 0.000000 0.000000 0.000000 0.000000 0.000000 0.000000 0.000000 0.000000 0.000000 0.000000
13.907284 14.740927 15.647546 16.630299 17.693457 18.830175 20.040400 21.335526 22.721552 24.191736 25.746780 27.388203 29.110977 30.903135 32.779785 34.737915 36.777592 38.897194 41.084057 43.357342 45.711739 48.159679 50.707512 53.339458 56.118557 59.051723 62.225700 0.000000 0.000000 0.000000 0.000000 0.000000 0.000000 0.000000 0.000000 0.000000 0.000000 0.000000 0.000000 0.000000
13.980859 14.855504 15.803196 16.825733 17.927885 19.101841 20.347940 21.676903 23.093576 24.592533 26.173841 27.837824 29.580639 31.391117 33.283226 35.254387 37.304737 39.432583 41.627380 43.905357 46.263008 48.714134 51.267952 53.909618 56.703926 59.660397 0.000000 0.000000 0.000000 0.000000 0.000000 0.000000 0.000000 0.000000 0.000000 0.000000 0.000000 0.000000 0.000000 0.000000
14.137321 15.053967 16.043589 17.106508 18.247543 19.458996 20.741123 22.103716 23.550962 25.078482 26.685806 28.372246 30.134634 31.962976 33.870117 35.853844 37.914394 40.049969 42.251820 44.533905 46.894547 49.349297 51.911320 54.565536 57.373558 0.000000 0.000000 0.000000 0.000000 0.000000 0.000000 0.000000 0.000000 0.000000 0.000000 0.000000 0.000000 0.000000 0.000000 0.000000
14.371700 15.330750 16.362608 17.465893 18.645269 19.893900 21.211441 22.606934 24.084129 25.639536 27.272175 28.980549 30.762011 32.607445 34.528915 36.524460 38.594398 40.737011 42.944851 45.230488 47.594090 50.053585 52.626217 55.289577 0.000000 0.000000 0.000000 0.000000 0.000000 0.000000 0.000000 0.000000 0.000000 0.000000 0.000000 0.000000 0.000000 0.000000 0.000000 0.000000
14.678824 15.680124 16.753992 17.897060 19.113962 20.398930 21.750654 23.177826 24.683941 26.266144 27.923044 29.652491 31.452383 33.313854 35.248631 37.254974 39.333324 41.481968 43.694805 45.983631 48.350677 50.816055 53.395576 0.000000 0.000000 0.000000 0.000000 0.000000 0.000000 0.000000 0.000000 0.000000 0.000000 0.000000 0.000000 0.000000 0.000000 0.000000 0.000000 0.000000
15.053567 16.096453 17.211649 18.393469 19.646753 20.966784 22.351017 23.808283 25.341883 26.949482 28.629293 30.378656 32.196114 34.072330 36.019176 38.035080 40.120605 42.274292 44.491295 46.783211 49.153999 51.620506 0.000000 0.000000 0.000000 0.000000 0.000000 0.000000 0.000000 0.000000 0.000000 0.000000 0.000000 0.000000 0.000000 0.000000 0.000000 0.000000 0.000000 0.000000
15.491231 16.574600 17.729786 18.949150 20.237415 21.590879 23.005611 24.491043 26.050419 27.681803 29.382929 31.150932 32.984879 34.874352 36.831837 38.855900 40.947319 43.105114 45.325729 47.620693 49.989460 0.000000 0.000000 0.000000 0.000000 0.000000 0.000000 0.000000 0.000000 0.000000 0.000000 0.000000 0.000000 0.000000 0.000000 0.000000 0.000000 0.000000 0.000000 0.000000
15.987661 17.110060 18.303190 19.558712 20.880199 22.265209 23.708227 25.219643 26.802954 28.456348 30.177090 31.962305 33.811523 35.712624 37.679169 39.709961 41.806107 43.967281 46.190983 48.482906 0.000000 0.000000 0.000000 0.000000 0.000000 0.000000 0.000000 0.000000 0.000000 0.000000 0.000000 0.000000 0.000000 0.000000 0.000000 0.000000 0.000000 0.000000 0.000000 0.000000
16.538832 17.698532 18.927181 20.216974 21.569691 22.984150 24.453333 25.988396 27.593630 29.267185 31.005655 32.806671 34.669411 36.580387 38.554428 40.590588 42.690453 44.854195 47.074398 0.000000 0.000000 0.000000 0.000000 0.000000 0.000000 0.000000 0.000000 0.000000 0.000000 0.000000 0.000000 0.000000 0.000000 0.000000 0.000000 0.000000 0.000000 0.000000 0.000000 0.000000
17.140385 18.335421 19.597090 20.918699 22.300444 23.742159 25.235825 26.792051 28.417116 30.108948 31.863262 33.678471 35.552132 37.471249 39.451225 41.491520 43.594040 45.753513 0.000000 0.000000 0.000000 0.000000 0.000000 0.000000 0.000000 0.000000 0.000000 0.000000 0.000000 0.000000 0.000000 0.000000 0.000000 0.000000 0.000000 0.000000 0.000000 0.000000 0.000000 0.000000
17.787851 19.016031 20.308325 21.659006 23.067411 24.534004 26.050594 27.625793 29.268536 30.976770 32.744911 34.572342 36.454105 38.379631 40.364155 42.407207 44.505154 0.000000 0.000000 0.000000 0.000000 0.000000 0.000000 0.000000 0.000000 0.000000 0.000000 0.000000 0.000000 0.000000 0.000000 0.000000 0.000000 0.000000 0.000000 0.000000 0.000000 0.000000 0.000000 0.000000
18.476845 19.735826 21.056387 22.433363 23.865974 25.355085 26.892801 28.485310 30.143539 31.866295 33.646317 35.483265 37.370583 39.300972 41.288429 43.326862 0.000000 0.000000 0.000000 0.000000 0.000000 0.000000 0.000000 0.000000 0.000000 0.000000 0.000000 0.000000 0.000000 0.000000 0.000000 0.000000 0.000000 0.000000 0.000000 0.000000 0.000000 0.000000 0.000000 0.000000
19.203386 20.490755 21.837252 23.237799 24.692154 26.201387 27.758003 29.366356 31.037876 32.773315 34.563309 36.406872 38.297932 40.231499 42.214359 0.000000 0.000000 0.000000 0.000000 0.000000 0.000000 0.000000 0.000000 0.000000 0.000000 0.000000 0.000000 0.000000 0.000000 0.000000 0.000000 0.000000 0.000000 0.000000 0.000000 0.000000 0.000000 0.000000 0.000000 0.000000
19.963896 21.277187 22.647259 24.068745 25.542332 27.069271 28.642370 30.264849 31.947412 33.693848 35.492004 37.339836 39.233055 41.162125 0.000000 0.000000 0.000000 0.000000 0.000000 0.000000 0.000000 0.000000 0.000000 0.000000 0.000000 0.000000 0.000000 0.000000 0.000000 0.000000 0.000000 0.000000 0.000000 0.000000 0.000000 0.000000 0.000000 0.000000 0.000000 0.000000
20.754992 22.091782 23.483080 24.923248 26.413534 27.955854 29.542959 31.177528 32.869030 34.624397 36.429253 38.279278 40.167263 0.000000 0.000000 0.000000 0.000000 0.000000 0.000000 0.000000 0.000000 0.000000 0.000000 0.000000 0.000000 0.000000 0.000000 0.000000 0.000000 0.000000 0.000000 0.000000 0.000000 0.000000 0.000000 0.000000 0.000000 0.000000 0.000000 0.000000
21.573561 22.931419 24.341661 25.798817 27.303308 28.858757 30.457502 32.101990 33.800415 35.562256 37.372234 39.216816 0.000000 0.000000 0.000000 0.000000 0.000000 0.000000 0.000000 0.000000 0.000000 0.000000 0.000000 0.000000 0.000000 0.000000 0.000000 0.000000 0.000000 0.000000 0.000000 0.000000 0.000000 0.000000 0.000000 0.000000 0.000000 0.000000 0.000000 0.000000
22.416582 23.793182 25.220097 26.692833 28.209040 29.775463 31.383680 33.035957 34.739555 36.505070 38.312599 0.000000 0.000000 0.000000 0.000000 0.000000 0.000000 0.000000 0.000000 0.000000 0.000000 0.000000 0.000000 0.000000 0.000000 0.000000 0.000000 0.000000 0.000000 0.000000 0.000000 0.000000 0.000000 0.000000 0.000000 0.000000 0.000000 0.000000 0.000000 0.000000
23.281212 24.674284 26.115648 27.602434 29.127953 30.703287 32.319004 33.977180 35.684040 37.444771 0.000000 0.000000 0.000000 0.000000 0.000000 0.000000 0.000000 0.000000 0.000000 0.000000 0.000000 0.000000 0.000000 0.000000 0.000000 0.000000 0.000000 0.000000 0.000000 0.000000 0.000000 0.000000 0.000000 0.000000 0.000000 0.000000 0.000000 0.000000 0.000000 0.000000
24.164728 25.572035 27.025768 28.524797 30.057659 31.640043 33.261524 34.923637 36.625748 0.000000 0.000000 0.000000 0.000000 0.000000 0.000000 0.000000 0.000000 0.000000 0.000000 0.000000 0.000000 0.000000 0.000000 0.000000 0.000000 0.000000 0.000000 0.000000 0.000000 0.000000 0.000000 0.000000 0.000000 0.000000 0.000000 0.000000 0.000000 0.000000 0.000000 0.000000
25.064535 26.483946 27.948002 29.457439 30.996454 32.584255 34.209629 35.867748 0.000000 0.000000 0.000000 0.000000 0.000000 0.000000 0.000000 0.000000 0.000000 0.000000 0.000000 0.000000 0.000000 0.000000 0.000000 0.000000 0.000000 0.000000 0.000000 0.000000 0.000000 0.000000 0.000000 0.000000 0.000000 0.000000 0.000000 0.000000 0.000000 0.000000 0.000000 0.000000
25.978144 27.407656 28.880138 30.398281 31.942736 33.534191 35.155598 0.000000 0.000000 0.000000 0.000000 0.000000 0.000000 0.000000 0.000000 0.000000 0.000000 0.000000 0.000000 0.000000 0.000000 0.000000 0.000000 0.000000 0.000000 0.000000 0.000000 0.000000 0.000000 0.000000 0.000000 0.000000 0.000000 0.000000 0.000000 0.000000 0.000000 0.000000 0.000000 0.000000
26.903294 28.341009 29.820189 31.345566 32.894344 34.481632 0.000000 0.000000 0.000000 0.000000 0.000000 0.000000 0.000000 0.000000 0.000000 0.000000 0.000000 0.000000 0.000000 0.000000 0.000000 0.000000 0.000000 0.000000 0.000000 0.000000 0.000000 0.000000 0.000000 0.000000 0.000000 0.000000 0.000000 0.000000 0.000000 0.000000 0.000000 0.000000 0.000000 0.000000
27.837835 29.282051 30.766409 32.297554 33.843006 0.000000 0.000000 0.000000 0.000000 0.000000 0.000000 0.000000 0.000000 0.000000 0.000000 0.000000 0.000000 0.000000 0.000000 0.000000 0.000000 0.000000 0.000000 0.000000 0.000000 0.000000 0.000000 0.000000 0.000000 0.000000 0.000000 0.000000 0.000000 0.000000 0.000000 0.000000 0.000000 0.000000 0.000000 0.000000
28.779968 30.229185 31.716909 33.246357 0.000000 0.000000 0.000000 0.000000 0.000000 0.000000 0.000000 0.000000 0.000000 0.000000 0.000000 0.000000 0.000000 0.000000 0.000000 0.000000 0.000000 0.000000 0.000000 0.000000 0.000000 0.000000 0.000000 0.000000 0.000000 0.000000 0.000000 0.000000 0.000000 0.000000 0.000000 0.000000 0.000000 0.000000 0.000000 0.000000
29.728432 31.181013 32.664211 0.000000 0.000000 0.000000 0.000000 0.000000 0.000000 0.000000 0.000000 0.000000 0.000000 0.000000 0.000000 0.000000 0.000000 0.000000 0.000000 0.000000 0.000000 0.000000 0.000000 0.000000 0.000000 0.000000 0.000000 0.000000 0.000000 0.000000 0.000000 0.000000 0.000000 0.000000 0.000000 0.000000 0.000000 0.000000 0.000000 0.000000
30.682119 32.130329 0.000000 0.000000 0.000000 0.000000 0.000000 0.000000 0.000000 0.000000 0.000000 0.000000 0.000000 0.000000 0.000000 0.000000 0.000000 0.000000 0.000000 0.000000 0.000000 0.000000 0.000000 0.000000 0.000000 0.000000 0.000000 0.000000 0.000000 0.000000 0.000000 0.000000 0.000000 0.000000 0.000000 0.000000 0.000000 0.000000 0.000000 0.000000
31.633501 0.000000 0.000000 0.000000 0.000000 0.000000 0.000000 0.000000 0.000000 0.000000 0.000000 0.000000 0.000000 0.000000 0.000000 0.000000 0.000000 0.000000 0.000000 0.000000 0.000000 0.000000 0.000000 0.000000 0.000000 0.000000 0.000000 0.000000 0.000000 0.000000 0.000000 0.000000 0.000000 0.000000 0.000000 0.000000 0.000000 0.000000 0.000000 0.000000
