10.774796 10.801073 10.833063 10.872831 10.917276 10.970584 11.036814 11.113644 11.205825 11.319139 11.454253 11.614798 11.804354 12.025969 12.283089 12.586196 12.938105 13.345488 13.815806 14.346427 14.949083 15.632559 16.405554 17.269770 18.233807 19.305658 20.493464 21.805994 23.253201 24.847095 26.608398 28.548779 30.678341 33.052704 35.649658 38.517250 41.689728 45.253754 49.229546 53.638783 58.620937 64.215324 70.556839 77.804680 86.204849 96.320648 108.779602 124.963608 147.892807 183.718811 244.591095 351.000000
10.123034 10.154510 10.192534 10.239198 10.292360 10.355878 10.434349 10.525381 10.634367 10.766636 10.923462 11.108640 11.325768 11.579043 11.871216 12.213167 12.607655 13.061335 13.581800 14.165623 14.824539 15.566231 16.399828 17.325592 18.351774 19.485561 20.734283 22.105886 23.609804 25.258850 27.070850 29.057392 31.230099 33.645920 36.280048 39.183029 42.390224 45.990700 50.002842 54.447159 59.468155 65.098587 71.473656 78.750671 87.171799 97.298286 109.753540 125.901947 148.738846 184.368118 244.843109 0.000000
9.503255 9.540919 9.586108 9.641058 9.704410 9.779823 9.872404 9.979709 10.107727 10.261469 10.442706 10.655387 10.903156 11.191212 11.521580 11.905486 12.345572 12.848410 13.421644 14.061085 14.778314 15.579924 16.475494 17.463728 18.552589 19.748468 21.057909 22.488068 24.047930 25.751286 27.612518 29.643673 31.857925 34.313129 36.982220 39.917988 43.157032 46.790043 50.834850 55.309753 60.364967 66.026344 72.429420 79.729546 88.164818 98.295258 110.739471 126.847618 149.592377 184.996429 0.000000 0.000000
8.916473 8.961449 9.015116 9.079891 9.155105 9.244270 9.353012 9.478817 9.628245 9.806085 10.014510 10.257612 10.539086 10.864966 11.236587 11.665351 12.153781 12.708295 13.336491 14.033470 14.810540 15.673197 16.631451 17.682425 18.833839 20.091270 21.460524 22.947989 24.562368 26.318375 28.226662 30.300190 32.553493 35.045181 37.746269 40.711723 43.979267 47.640717 51.714863 56.216412 61.301464 66.988968 73.414497 80.731499 89.174133 99.302582 111.731468 127.799576 150.423294 0.000000 0.000000 0.000000
8.363801 8.417370 8.480946 8.557261 8.646164 8.751103 8.878205 9.024899 9.198282 9.402936 9.641383 9.917825 10.235979 10.602618 11.018320 11.494588 12.033786 12.642092 13.326998 14.082933 14.920828 15.845058 16.866110 17.979471 19.192654 20.510468 21.937954 23.480844 25.147566 26.953836 28.906250 31.019209 33.308426 35.833088 38.562752 41.554531 44.847286 48.533470 52.634071 57.158844 62.269543 67.978157 74.420502 81.748199 90.192421 100.315262 112.728874 128.727997 0.000000 0.000000 0.000000 0.000000
7.846412 7.910007 7.985125 8.074838 8.179429 8.302340 8.450128 8.620194 8.820130 9.054370 9.325675 9.638319 9.996044 10.406198 10.868605 11.394706 11.986710 12.650484 13.393288 14.209079 15.108222 16.094004 17.177351 18.352175 19.625748 21.002129 22.485682 24.081457 25.797689 27.651114 29.644167 31.793024 34.114407 36.668255 39.423031 42.437958 45.752945 49.460842 53.585251 58.130146 63.261971 68.986687 75.440140 82.773056 91.215324 101.332985 113.702225 0.000000 0.000000 0.000000 0.000000 0.000000
7.365580 7.440791 7.529230 7.634299 7.756724 7.899929 8.070864 8.266914 8.496092 8.762691 9.069630 9.421234 9.821197 10.277370 10.788801 11.366698 12.013134 12.733580 13.534979 14.410985 15.371270 16.417995 17.562557 18.797340 20.129345 21.561935 23.098787 24.744310 26.506588 28.403492 30.433186 32.613953 34.963463 37.542709 40.319382 43.354847 46.689640 50.416748 54.562344 59.124096 64.272293 70.007919 76.467278 83.802231 92.243126 102.326454 0.000000 0.000000 0.000000 0.000000 0.000000 0.000000
6.922575 7.011159 7.114844 7.237431 7.379983 7.545934 7.742532 7.967195 8.228300 8.529978 8.875229 9.268372 9.713025 10.217433 10.779852 11.411098 12.113119 12.890953 13.751085 14.687161 15.707941 16.814491 18.018660 19.311369 20.699316 22.185188 23.772034 25.463625 27.267912 29.204107 31.266113 33.474632 35.848259 38.449543 41.245499 44.299469 47.652092 51.396275 55.560062 60.135063 65.294556 71.036263 77.498596 84.836113 93.246330 0.000000 0.000000 0.000000 0.000000 0.000000 0.000000 0.000000
6.518796 6.622663 6.743681 6.886005 7.051088 7.242314 7.467152 7.723071 8.018747 8.358121 8.744189 9.181224 9.672730 10.227234 10.842184 11.527891 12.286188 13.121627 14.040142 15.035622 16.115742 17.280506 18.542130 19.890209 21.331118 22.866869 24.499857 26.233330 28.075113 30.046171 32.136097 34.368328 36.762497 39.383106 42.196476 45.267326 48.635956 52.394928 56.573261 61.157368 66.323456 72.068520 78.534416 85.845543 0.000000 0.000000 0.000000 0.000000 0.000000 0.000000 0.000000 0.000000
6.155663 6.276858 6.417416 6.581827 6.771919 6.991015 7.246652 7.536432 7.869219 8.248736 8.677907 9.160903 9.701080 10.307143 10.975723 11.716547 12.531314 13.424096 14.400156 15.453899 16.591728 17.812614 19.129063 20.529499 22.019871 23.601593 25.276466 27.047213 28.921679 30.923151 33.036808 35.289253 37.701050 40.339001 43.168358 46.254684 49.637299 53.408138 57.596958 62.186195 67.356155 73.105293 79.545746 0.000000 0.000000 0.000000 0.000000 0.000000 0.000000 0.000000 0.000000 0.000000
5.834655 5.975357 6.137773 6.326696 6.544328 6.793878 7.082839 7.408973 7.781249 8.203156 8.677426 9.208117 9.798410 10.457072 11.179914 11.976035 12.847009 13.796387 14.828696 15.939113 17.132557 18.407036 19.775208 21.224518 22.760441 24.383804 26.095905 27.899122 29.801414 31.829107 33.962883 36.232758 38.660137 41.313957 44.158028 47.258102 50.652077 54.431492 58.626728 63.218727 68.393372 74.117531 0.000000 0.000000 0.000000 0.000000 0.000000 0.000000 0.000000 0.000000 0.000000 0.000000
5.557322 5.719809 5.906477 6.122387 6.370083 6.652625 6.977332 7.342166 7.756094 8.222355 8.743414 9.323159 9.964592 10.676472 11.453709 12.304840 13.231286 14.236082 15.322941 16.487989 17.734518 19.059671 20.476009 21.970291 23.547436 25.207792 26.952307 28.783163 30.708706 32.758968 34.910015 37.195400 39.636951 42.305389 45.162621 48.274097 51.676186 55.460709 59.659946 64.255699 69.405991 0.000000 0.000000 0.000000 0.000000 0.000000 0.000000 0.000000 0.000000 0.000000 0.000000 0.000000
5.325250 5.511867 5.725227 5.970600 6.250838 6.568798 6.931521 7.337201 7.794688 8.306958 8.876125 9.505890 10.199052 10.964298 11.795614 12.701035 13.681771 14.740357 15.879682 17.096931 18.393593 19.766083 21.226620 22.761578 24.375332 26.067848 27.839962 29.693993 31.638821 33.708706 35.875057 38.174686 40.629311 43.310814 46.179104 49.298985 52.705765 56.493313 60.697594 65.268082 0.000000 0.000000 0.000000 0.000000 0.000000 0.000000 0.000000 0.000000 0.000000 0.000000 0.000000 0.000000
5.140046 5.353177 5.595668 5.872931 6.188084 6.543717 6.946548 7.394953 7.897592 8.457180 9.075390 9.755723 10.500742 11.319083 12.203706 13.162256 14.195687 15.306039 16.495358 17.761969 19.105413 20.521545 22.021933 23.593000 25.238562 26.958466 28.753723 30.627050 32.588093 34.675400 36.855759 39.168613 41.634998 44.327568 47.204025 50.329067 53.738640 57.530312 61.710651 0.000000 0.000000 0.000000 0.000000 0.000000 0.000000 0.000000 0.000000 0.000000 0.000000 0.000000 0.000000 0.000000
5.003271 5.245292 5.519300 5.830806 6.183097 6.578439 7.023216 7.515924 8.064963 8.672806 9.340596 10.071613 10.868176 11.738899 12.675641 13.685756 14.769875 15.929581 17.166079 18.478804 19.865320 21.321005 22.856638 24.459072 26.131708 27.874552 29.689119 31.578781 33.553902 35.657001 37.850361 40.175270 42.651596 45.352486 48.233978 51.362324 54.775822 58.542725 0.000000 0.000000 0.000000 0.000000 0.000000 0.000000 0.000000 0.000000 0.000000 0.000000 0.000000 0.000000 0.000000 0.000000
4.916463 5.189694 5.497503 5.845413 6.236856 6.673664 7.161952 7.700236 8.296565 8.953206 9.670690 10.452099 11.299425 12.221411 13.208710 14.268433 15.400877 16.607117 17.887619 19.242847 20.668356 22.159220 23.725344 25.354458 27.049749 28.811718 30.642635 32.546608 34.534466 36.651962 38.857174 41.192394 43.676098 46.382298 49.267040 52.399837 55.788391 0.000000 0.000000 0.000000 0.000000 0.000000 0.000000 0.000000 0.000000 0.000000 0.000000 0.000000 0.000000 0.000000 0.000000 0.000000
4.881009 5.187667 5.531427 5.917727 6.350083 6.829800 7.362841 7.947583 8.591670 9.297255 10.064150 10.895258 11.792182 12.763916 13.799838 14.906844 16.084866 17.334457 18.655432 20.049154 21.509335 23.030790 24.622776 26.274197 27.988358 29.766500 31.611738 33.528702 35.528378 37.658733 39.874100 42.217148 44.705341 47.415169 50.304382 53.412773 0.000000 0.000000 0.000000 0.000000 0.000000 0.000000 0.000000 0.000000 0.000000 0.000000 0.000000 0.000000 0.000000 0.000000 0.000000 0.000000
4.898173 5.240326 5.621971 6.048378 6.523112 7.046843 7.625522 8.257232 8.949187 9.703478 10.519107 11.398822 12.343758 13.363365 14.445601 15.597218 16.817698 18.107107 19.464712 20.892630 22.383001 23.930483 25.544044 27.214020 28.944117 30.736359 32.594593 34.523670 36.534142 38.675377 40.898487 43.246529 45.737564 48.452255 51.317097 0.000000 0.000000 0.000000 0.000000 0.000000 0.000000 0.000000 0.000000 0.000000 0.000000 0.000000 0.000000 0.000000 0.000000 0.000000 0.000000 0.000000
4.968999 5.348517 5.769744 6.237698 6.755952 7.324449 7.949265 8.628054 9.367580 10.169949 11.033259 11.960121 12.951152 14.016413 15.142344 16.335541 17.595053 18.920393 20.310467 21.768063 23.284218 24.853365 26.484869 28.170500 29.914461 31.719557 33.589859 35.530071 37.549839 39.699356 41.927422 44.278866 46.773983 49.464714 0.000000 0.000000 0.000000 0.000000 0.000000 0.000000 0.000000 0.000000 0.000000 0.000000 0.000000 0.000000 0.000000 0.000000 0.000000 0.000000 0.000000 0.000000
5.094318 5.512835 5.975061 6.485669 7.048236 7.661866 8.332928 9.058517 9.844935 10.694398 11.603976 12.576187 13.611054 14.719433 15.886102 17.117514 18.412279 19.769426 21.187624 22.670368 24.208223 25.795341 27.441982 29.141218 30.897781 32.714760 34.596169 36.546036 38.572880 40.727768 42.959255 45.315372 47.785770 0.000000 0.000000 0.000000 0.000000 0.000000 0.000000 0.000000 0.000000 0.000000 0.000000 0.000000 0.000000 0.000000 0.000000 0.000000 0.000000 0.000000 0.000000 0.000000
5.274684 5.733567 6.237876 6.791905 7.399211 8.057996 8.775022 9.546741 10.379023 11.274234 12.228313 13.243748 14.319876 15.468532 16.672626 17.938585 19.264597 20.649288 22.091301 23.594923 25.150982 26.753145 28.413017 30.124592 31.892832 33.720730 35.611782 37.569111 39.600407 41.759083 43.995255 46.327255 0.000000 0.000000 0.000000 0.000000 0.000000 0.000000 0.000000 0.000000 0.000000 0.000000 0.000000 0.000000 0.000000 0.000000 0.000000 0.000000 0.000000 0.000000 0.000000 0.000000
5.510375 6.010688 6.557842 7.155694 7.807804 8.511367 9.273698 10.090498 10.967262 11.906572 12.903083 13.959285 15.073782 16.259575 17.497515 18.794088 20.147188 21.555210 23.016987 24.537758 26.109324 27.724543 29.396425 31.119444 32.898407 34.735821 36.634296 38.596508 40.630810 42.794552 45.006615 0.000000 0.000000 0.000000 0.000000 0.000000 0.000000 0.000000 0.000000 0.000000 0.000000 0.000000 0.000000 0.000000 0.000000 0.000000 0.000000 0.000000 0.000000 0.000000 0.000000 0.000000
5.801350 6.343838 6.934244 7.575962 8.272574 9.020203 9.826827 10.687314 11.606848 12.588274 13.624818 14.719028 15.868710 17.088221 18.356150 19.679256 21.055292 22.482735 23.960793 25.495804 27.081017 28.708010 30.391109 32.124676 33.912979 35.757759 37.661091 39.626751 41.665371 43.805397 0.000000 0.000000 0.000000 0.000000 0.000000 0.000000 0.000000 0.000000 0.000000 0.000000 0.000000 0.000000 0.000000 0.000000 0.000000 0.000000 0.000000 0.000000 0.000000 0.000000 0.000000 0.000000
6.147263 6.732326 7.366029 8.051304 8.791752 9.582394 10.431964 11.334421 12.294711 13.315960 14.389839 15.518991 16.700375 17.949930 19.243853 20.589451 21.984587 23.428070 24.919733 26.466938 28.064585 29.702547 31.395992 33.138767 34.934311 36.783863 38.690651 40.661121 42.675278 0.000000 0.000000 0.000000 0.000000 0.000000 0.000000 0.000000 0.000000 0.000000 0.000000 0.000000 0.000000 0.000000 0.000000 0.000000 0.000000 0.000000 0.000000 0.000000 0.000000 0.000000 0.000000 0.000000
6.547391 7.175093 7.851805 8.579978 9.363269 10.195546 11.086386 12.028800 13.027529 14.086012 15.194220 16.354959 17.564354 18.840101 20.156046 21.520361 22.931269 24.388220 25.891663 27.449814 29.059042 30.707115 32.409634 34.159527 35.959805 37.812752 39.724346 41.670834 0.000000 0.000000 0.000000 0.000000 0.000000 0.000000 0.000000 0.000000 0.000000 0.000000 0.000000 0.000000 0.000000 0.000000 0.000000 0.000000 0.000000 0.000000 0.000000 0.000000 0.000000 0.000000 0.000000 0.000000
7.000723 7.670780 8.389857 9.159950 9.984763 10.857005 11.787145 12.767217 13.801766 14.894582 16.033831 17.222565 18.456104 19.754187 21.088444 22.468229 23.892378 25.361046 26.875168 28.443493 30.063375 31.720301 33.429855 35.184422 36.988045 38.845760 40.733395 0.000000 0.000000 0.000000 0.000000 0.000000 0.000000 0.000000 0.000000 0.000000 0.000000 0.000000 0.000000 0.000000 0.000000 0.000000 0.000000 0.000000 0.000000 0.000000 0.000000 0.000000 0.000000 0.000000 0.000000 0.000000
7.505906 8.217697 8.978178 9.788899 10.653591 11.563868 12.531032 13.546175 14.613633 15.737604 16.904362 18.117355 19.371248 20.688009 22.037388 23.430140 24.865810 26.345137 27.869293 29.447075 31.076218 32.740009 34.454170 36.212036 38.020409 39.854126 0.000000 0.000000 0.000000 0.000000 0.000000 0.000000 0.000000 0.000000 0.000000 0.000000 0.000000 0.000000 0.000000 0.000000 0.000000 0.000000 0.000000 0.000000 0.000000 0.000000 0.000000 0.000000 0.000000 0.000000 0.000000 0.000000
8.061245 8.813833 9.614451 10.464214 11.366898 12.313024 13.314632 14.361986 15.459167 16.610849 17.801434 19.034966 20.305677 21.637947 23.000004 24.404028 25.850193 27.339561 28.873085 30.459208 32.095528 33.763752 35.481201 37.243767 39.028111 0.000000 0.000000 0.000000 0.000000 0.000000 0.000000 0.000000 0.000000 0.000000 0.000000 0.000000 0.000000 0.000000 0.000000 0.000000 0.000000 0.000000 0.000000 0.000000 0.000000 0.000000 0.000000 0.000000 0.000000 0.000000 0.000000 0.000000
8.664822 9.456966 10.296164 11.183105 12.121577 13.101135 14.134330 15.210760 16.334223 17.510027 18.720772 19.971371 21.255903 22.601202 23.974277 25.388592 26.844635 28.343370 29.885176 31.477810 33.118805 34.790188 36.512341 38.250843 0.000000 0.000000 0.000000 0.000000 0.000000 0.000000 0.000000 0.000000 0.000000 0.000000 0.000000 0.000000 0.000000 0.000000 0.000000 0.000000 0.000000 0.000000 0.000000 0.000000 0.000000 0.000000 0.000000 0.000000 0.000000 0.000000 0.000000 0.000000
9.314421 10.144590 11.020538 11.942525 12.914339 13.924693 14.986337 16.088497 17.234661 18.430979 19.658453 20.923155 22.219254 23.575853 24.959009 26.383011 27.848295 29.355335 30.903605 32.500462 34.144775 35.820732 37.518803 0.000000 0.000000 0.000000 0.000000 0.000000 0.000000 0.000000 0.000000 0.000000 0.000000 0.000000 0.000000 0.000000 0.000000 0.000000 0.000000 0.000000 0.000000 0.000000 0.000000 0.000000 0.000000 0.000000 0.000000 0.000000 0.000000 0.000000 0.000000 0.000000
10.007618 10.874018 11.784609 12.739239 13.741716 14.779983 15.866732 16.991127 18.156425 19.369854 20.611132 21.887648 23.193859 24.560720 25.953384 27.386507 28.859995 30.373512 31.925928 33.525795 35.174847 36.826595 0.000000 0.000000 0.000000 0.000000 0.000000 0.000000 0.000000 0.000000 0.000000 0.000000 0.000000 0.000000 0.000000 0.000000 0.000000 0.000000 0.000000 0.000000 0.000000 0.000000 0.000000 0.000000 0.000000 0.000000 0.000000 0.000000 0.000000 0.000000 0.000000 0.000000
10.741793 11.642360 12.585227 13.569830 14.600054 15.663143 16.771540 17.914694 19.095795 20.323408 21.576239 22.863108 24.178642 25.555128 26.956751 28.397945 29.877846 31.395555 32.950920 34.555233 36.180241 0.000000 0.000000 0.000000 0.000000 0.000000 0.000000 0.000000 0.000000 0.000000 0.000000 0.000000 0.000000 0.000000 0.000000 0.000000 0.000000 0.000000 0.000000 0.000000 0.000000 0.000000 0.000000 0.000000 0.000000 0.000000 0.000000 0.000000 0.000000 0.000000 0.000000 0.000000
11.514143 12.446545 13.419074 14.430692 15.485566 16.570244 17.696867 18.855547 20.049599 21.289097 22.552034 23.848427 25.172873 26.558390 27.967972 29.415482 30.899517 32.420204 33.979969 35.560001 0.000000 0.000000 0.000000 0.000000 0.000000 0.000000 0.000000 0.000000 0.000000 0.000000 0.000000 0.000000 0.000000 0.000000 0.000000 0.000000 0.000000 0.000000 0.000000 0.000000 0.000000 0.000000 0.000000 0.000000 0.000000 0.000000 0.000000 0.000000 0.000000 0.000000 0.000000 0.000000
12.321681 13.283345 14.282649 15.318110 16.394423 17.497429 18.639126 19.810575 21.015408 22.265285 23.537516 24.843027 26.175917 27.569445 28.985264 30.436848 31.923805 33.448944 34.984348 0.000000 0.000000 0.000000 0.000000 0.000000 0.000000 0.000000 0.000000 0.000000 0.000000 0.000000 0.000000 0.000000 0.000000 0.000000 0.000000 0.000000 0.000000 0.000000 0.000000 0.000000 0.000000 0.000000 0.000000 0.000000 0.000000 0.000000 0.000000 0.000000 0.000000 0.000000 0.000000 0.000000
13.161239 14.149321 15.172313 16.228275 17.322836 18.441120 19.595242 20.777384 21.991611 23.250978 24.532106 25.846249 27.186691 28.586506 30.006336 31.460812 32.952160 34.452999 0.000000 0.000000 0.000000 0.000000 0.000000 0.000000 0.000000 0.000000 0.000000 0.000000 0.000000 0.000000 0.000000 0.000000 0.000000 0.000000 0.000000 0.000000 0.000000 0.000000 0.000000 0.000000 0.000000 0.000000 0.000000 0.000000 0.000000 0.000000 0.000000 0.000000 0.000000 0.000000 0.000000 0.000000
14.029465 15.040929 16.084381 17.157507 18.267353 19.398283 20.562849 21.754375 22.977280 24.245644 25.535242 26.857136 28.203421 29.607338 31.030001 32.488842 33.955845 0.000000 0.000000 0.000000 0.000000 0.000000 0.000000 0.000000 0.000000 0.000000 0.000000 0.000000 0.000000 0.000000 0.000000 0.000000 0.000000 0.000000 0.000000 0.000000 0.000000 0.000000 0.000000 0.000000 0.000000 0.000000 0.000000 0.000000 0.000000 0.000000 0.000000 0.000000 0.000000 0.000000 0.000000 0.000000
14.922887 15.954551 17.015247 18.102407 19.225027 20.366579 21.540371 22.740622 23.971859 25.248749 26.545933 27.873941 29.223881 30.630749 32.057732 33.492191 0.000000 0.000000 0.000000 0.000000 0.000000 0.000000 0.000000 0.000000 0.000000 0.000000 0.000000 0.000000 0.000000 0.000000 0.000000 0.000000 0.000000 0.000000 0.000000 0.000000 0.000000 0.000000 0.000000 0.000000 0.000000 0.000000 0.000000 0.000000 0.000000 0.000000 0.000000 0.000000 0.000000 0.000000 0.000000 0.000000
15.837897 16.886595 17.961548 19.060080 20.193642 21.344532 22.526926 23.735590 24.974827 26.259348 27.562506 28.894474 30.246918 31.658224 33.060783 0.000000 0.000000 0.000000 0.000000 0.000000 0.000000 0.000000 0.000000 0.000000 0.000000 0.000000 0.000000 0.000000 0.000000 0.000000 0.000000 0.000000 0.000000 0.000000 0.000000 0.000000 0.000000 0.000000 0.000000 0.000000 0.000000 0.000000 0.000000 0.000000 0.000000 0.000000 0.000000 0.000000 0.000000 0.000000 0.000000 0.000000
16.771032 17.833822 18.920494 20.028435 21.171741 22.331289 23.522039 24.738808 25.985256 27.275784 28.582783 29.917564 31.273991 32.661022 0.000000 0.000000 0.000000 0.000000 0.000000 0.000000 0.000000 0.000000 0.000000 0.000000 0.000000 0.000000 0.000000 0.000000 0.000000 0.000000 0.000000 0.000000 0.000000 0.000000 0.000000 0.000000 0.000000 0.000000 0.000000 0.000000 0.000000 0.000000 0.000000 0.000000 0.000000 0.000000 0.000000 0.000000 0.000000 0.000000 0.000000 0.000000
17.719070 18.793453 19.889980 21.006115 22.158581 23.326473 24.525291 25.749388 27.001482 28.295910 29.605600 30.944715 32.276375 0.000000 0.000000 0.000000 0.000000 0.000000 0.000000 0.000000 0.000000 0.000000 0.000000 0.000000 0.000000 0.000000 0.000000 0.000000 0.000000 0.000000 0.000000 0.000000 0.000000 0.000000 0.000000 0.000000 0.000000 0.000000 0.000000 0.000000 0.000000 0.000000 0.000000 0.000000 0.000000 0.000000 0.000000 0.000000 0.000000 0.000000 0.000000 0.000000
18.679276 19.763403 20.868650 21.992474 23.153790 24.329699 25.535826 26.765690 28.021353 29.318565 30.632471 31.947193 0.000000 0.000000 0.000000 0.000000 0.000000 0.000000 0.000000 0.000000 0.000000 0.000000 0.000000 0.000000 0.000000 0.000000 0.000000 0.000000 0.000000 0.000000 0.000000 0.000000 0.000000 0.000000 0.000000 0.000000 0.000000 0.000000 0.000000 0.000000 0.000000 0.000000 0.000000 0.000000 0.000000 0.000000 0.000000 0.000000 0.000000 0.000000 0.000000 0.000000
19.649635 20.742395 21.855839 22.987225 24.157032 25.340157 26.552053 27.785624 29.043755 30.345278 31.634663 0.000000 0.000000 0.000000 0.000000 0.000000 0.000000 0.000000 0.000000 0.000000 0.000000 0.000000 0.000000 0.000000 0.000000 0.000000 0.000000 0.000000 0.000000 0.000000 0.000000 0.000000 0.000000 0.000000 0.000000 0.000000 0.000000 0.000000 0.000000 0.000000 0.000000 0.000000 0.000000 0.000000 0.000000 0.000000 0.000000 0.000000 0.000000 0.000000 0.000000 0.000000
20.628899 21.729767 22.851242 23.990053 25.167498 26.356304 27.571899 28.808079 30.070187 31.347301 0.000000 0.000000 0.000000 0.000000 0.000000 0.000000 0.000000 0.000000 0.000000 0.000000 0.000000 0.000000 0.000000 0.000000 0.000000 0.000000 0.000000 0.000000 0.000000 0.000000 0.000000 0.000000 0.000000 0.000000 0.000000 0.000000 0.000000 0.000000 0.000000 0.000000 0.000000 0.000000 0.000000 0.000000 0.000000 0.000000 0.000000 0.000000 0.000000 0.000000 0.000000 0.000000
21.616430 22.725258 23.854563 25.000204 26.183632 27.376047 28.594259 29.834562 31.071928 0.000000 0.000000 0.000000 0.000000 0.000000 0.000000 0.000000 0.000000 0.000000 0.000000 0.000000 0.000000 0.000000 0.000000 0.000000 0.000000 0.000000 0.000000 0.000000 0.000000 0.000000 0.000000 0.000000 0.000000 0.000000 0.000000 0.000000 0.000000 0.000000 0.000000 0.000000 0.000000 0.000000 0.000000 0.000000 0.000000 0.000000 0.000000 0.000000 0.000000 0.000000 0.000000 0.000000
22.612009 23.728588 24.865036 26.016064 27.203365 28.398306 29.620663 30.836367 0.000000 0.000000 0.000000 0.000000 0.000000 0.000000 0.000000 0.000000 0.000000 0.000000 0.000000 0.000000 0.000000 0.000000 0.000000 0.000000 0.000000 0.000000 0.000000 0.000000 0.000000 0.000000 0.000000 0.000000 0.000000 0.000000 0.000000 0.000000 0.000000 0.000000 0.000000 0.000000 0.000000 0.000000 0.000000 0.000000 0.000000 0.000000 0.000000 0.000000 0.000000 0.000000 0.000000 0.000000
23.615370 24.739023 25.881145 27.035576 28.225613 29.424597 30.622372 0.000000 0.000000 0.000000 0.000000 0.000000 0.000000 0.000000 0.000000 0.000000 0.000000 0.000000 0.000000 0.000000 0.000000 0.000000 0.000000 0.000000 0.000000 0.000000 0.000000 0.000000 0.000000 0.000000 0.000000 0.000000 0.000000 0.000000 0.000000 0.000000 0.000000 0.000000 0.000000 0.000000 0.000000 0.000000 0.000000 0.000000 0.000000 0.000000 0.000000 0.000000 0.000000 0.000000 0.000000 0.000000
24.625805 25.755056 26.900833 28.057611 29.251900 30.426212 0.000000 0.000000 0.000000 0.000000 0.000000 0.000000 0.000000 0.000000 0.000000 0.000000 0.000000 0.000000 0.000000 0.000000 0.000000 0.000000 0.000000 0.000000 0.000000 0.000000 0.000000 0.000000 0.000000 0.000000 0.000000 0.000000 0.000000 0.000000 0.000000 0.000000 0.000000 0.000000 0.000000 0.000000 0.000000 0.000000 0.000000 0.000000 0.000000 0.000000 0.000000 0.000000 0.000000 0.000000 0.000000 0.000000
25.641821 26.774660 27.923025 29.083693 30.253489 0.000000 0.000000 0.000000 0.000000 0.000000 0.000000 0.000000 0.000000 0.000000 0.000000 0.000000 0.000000 0.000000 0.000000 0.000000 0.000000 0.000000 0.000000 0.000000 0.000000 0.000000 0.000000 0.000000 0.000000 0.000000 0.000000 0.000000 0.000000 0.000000 0.000000 0.000000 0.000000 0.000000 0.000000 0.000000 0.000000 0.000000 0.000000 0.000000 0.000000 0.000000 0.000000 0.000000 0.000000 0.000000 0.000000 0.000000
26.661394 27.796755 28.949253 30.085098 0.000000 0.000000 0.000000 0.000000 0.000000 0.000000 0.000000 0.000000 0.000000 0.000000 0.000000 0.000000 0.000000 0.000000 0.000000 0.000000 0.000000 0.000000 0.000000 0.000000 0.000000 0.000000 0.000000 0.000000 0.000000 0.000000 0.000000 0.000000 0.000000 0.000000 0.000000 0.000000 0.000000 0.000000 0.000000 0.000000 0.000000 0.000000 0.000000 0.000000 0.000000 0.000000 0.000000 0.000000 0.000000 0.000000 0.000000 0.000000
27.683460 28.822886 29.950800 0.000000 0.000000 0.000000 0.000000 0.000000 0.000000 0.000000 0.000000 0.000000 0.000000 0.000000 0.000000 0.000000 0.000000 0.000000 0.000000 0.000000 0.000000 0.000000 0.000000 0.000000 0.000000 0.000000 0.000000 0.000000 0.000000 0.000000 0.000000 0.000000 0.000000 0.000000 0.000000 0.000000 0.000000 0.000000 0.000000 0.000000 0.000000 0.000000 0.000000 0.000000 0.000000 0.000000 0.000000 0.000000 0.000000 0.000000 0.000000 0.000000
28.709551 29.824322 0.000000 0.000000 0.000000 0.000000 0.000000 0.000000 0.000000 0.000000 0.000000 0.000000 0.000000 0.000000 0.000000 0.000000 0.000000 0.000000 0.000000 0.000000 0.000000 0.000000 0.000000 0.000000 0.000000 0.000000 0.000000 0.000000 0.000000 0.000000 0.000000 0.000000 0.000000 0.000000 0.000000 0.000000 0.000000 0.000000 0.000000 0.000000 0.000000 0.000000 0.000000 0.000000 0.000000 0.000000 0.000000 0.000000 0.000000 0.000000 0.000000 0.000000
29.710962 0.000000 0.000000 0.000000 0.000000 0.000000 0.000000 0.000000 0.000000 0.000000 0.000000 0.000000 0.000000 0.000000 0.000000 0.000000 0.000000 0.000000 0.000000 0.000000 0.000000 0.000000 0.000000 0.000000 0.000000 0.000000 0.000000 0.000000 0.000000 0.000000 0.000000 0.000000 0.000000 0.000000 0.000000 0.000000 0.000000 0.000000 0.000000 0.000000 0.000000 0.000000 0.000000 0.000000 0.000000 0.000000 0.000000 0.000000 0.000000 0.000000 0.000000 0.000000
