20.520203 20.646790 20.800739 20.986433 21.207634 21.468531 21.774025 22.128551 22.536102 23.000912 23.526876 24.118124 24.780680 25.521673 26.350399 27.279722 28.327639 29.520885 30.901669 32.535069 34.536362 37.098831 40.552490 45.447342 52.752975 64.366669 84.898804 128.000000
19.536423 19.662828 19.816557 20.001982 20.222862 20.483385 20.788446 21.142466 21.549431 22.013569 22.538776 23.129177 23.790787 24.530718 25.358252 26.286243 27.332655 28.524193 29.902990 31.534065 33.532505 36.091373 39.540409 44.429832 51.731224 63.345928 83.877243 0.000000
18.520367 18.646595 18.800108 18.985285 19.205853 19.466009 19.770641 20.124161 20.530552 20.994034 21.518501 22.108065 22.768732 23.507614 24.333971 25.260645 26.305546 27.495401 28.872248 30.501030 32.496761 35.052582 38.499416 43.393108 50.721062 62.405170 0.000000 0.000000
17.500273 17.626339 17.779654 17.964586 18.184868 18.444679 18.748901 19.101946 19.507786 19.970642 20.494390 21.083147 21.742905 22.480766 23.305983 24.231367 25.274839 26.463041 27.838047 29.464750 31.458420 34.013786 37.468750 42.400410 49.835148 0.000000 0.000000 0.000000
16.482079 16.608019 16.761169 16.945892 17.165936 17.425449 17.729313 18.081936 18.487282 18.949566 19.472658 20.060669 20.719580 21.456488 22.280638 23.204826 24.246946 25.433672 26.807072 28.432455 30.426786 32.992207 36.489155 41.539848 0.000000 0.000000 0.000000 0.000000
15.470538 15.596411 15.749475 15.934083 16.153954 16.413271 16.716883 17.069189 17.474154 17.935987 18.458544 19.045929 19.704121 20.440208 21.263426 22.186565 23.227551 24.413107 25.785736 27.412594 29.418140 32.027332 35.646973 0.000000 0.000000 0.000000 0.000000 0.000000
14.467563 14.593498 14.746609 14.931264 15.151149 15.410428 15.713961 16.066143 16.470919 16.932497 17.454729 18.041702 18.699396 19.434895 20.257427 21.179798 22.220026 23.405291 24.780043 26.418867 28.469057 31.201965 0.000000 0.000000 0.000000 0.000000 0.000000 0.000000
13.474609 13.600819 13.754208 13.939135 14.159303 14.418841 14.722614 15.074990 15.479906 15.941571 16.463812 17.050713 17.708246 18.443497 19.265732 20.187847 21.228262 22.416088 23.803217 25.486893 27.660536 0.000000 0.000000 0.000000 0.000000 0.000000 0.000000 0.000000
12.494569 12.621383 12.775412 12.961016 13.181893 13.442134 13.746593 14.099646 14.505202 14.967453 15.490203 16.077532 16.735415 17.470940 18.293468 19.216318 20.259748 21.460121 22.891697 24.697357 0.000000 0.000000 0.000000 0.000000 0.000000 0.000000 0.000000 0.000000
11.531893 11.659794 11.814997 12.001861 12.224064 12.485651 12.791469 13.145875 13.552766 14.016314 14.540281 15.128740 15.787674 16.524258 17.348213 18.274630 19.330687 20.574535 22.125444 0.000000 0.000000 0.000000 0.000000 0.000000 0.000000 0.000000 0.000000 0.000000
10.592261 10.721939 10.879055 11.067960 11.292342 11.556167 11.864258 12.220980 12.630149 13.095961 13.622084 14.212611 14.873585 15.612510 16.440762 17.380026 18.478394 19.837854 0.000000 0.000000 0.000000 0.000000 0.000000 0.000000 0.000000 0.000000 0.000000 0.000000
9.682079 9.814443 9.974459 10.166456 10.394136 10.661363 10.972938 11.333190 11.745885 12.215183 12.744697 13.338558 14.003107 14.747330 15.588824 16.569202 17.778875 0.000000 0.000000 0.000000 0.000000 0.000000 0.000000 0.000000 0.000000 0.000000 0.000000 0.000000
8.808290 8.944517 9.108702 9.305121 9.537519 9.809626 10.126188 10.491524 10.909289 11.383643 11.918129 12.517118 13.188333 13.946557 14.828141 15.915108 0.000000 0.000000 0.000000 0.000000 0.000000 0.000000 0.000000 0.000000 0.000000 0.000000 0.000000 0.000000
7.978266 8.119799 8.289709 8.492203 8.731040 9.009836 9.333229 9.705517 10.130232 10.611546 11.153116 11.760534 12.446888 13.244512 14.227891 0.000000 0.000000 0.000000 0.000000 0.000000 0.000000 0.000000 0.000000 0.000000 0.000000 0.000000 0.000000 0.000000
7.199646 7.348223 7.525720 7.736224 7.983554 8.271154 8.603532 8.984974 9.418859 9.909552 10.461724 11.085850 11.811321 12.706123 0.000000 0.000000 0.000000 0.000000 0.000000 0.000000 0.000000 0.000000 0.000000 0.000000 0.000000 0.000000 0.000000 0.000000
6.480054 6.637675 6.824904 7.045674 7.303832 7.602634 7.946459 8.339561 8.785324 9.289106 9.859993 10.523389 11.341766 0.000000 0.000000 0.000000 0.000000 0.000000 0.000000 0.000000 0.000000 0.000000 0.000000 0.000000 0.000000 0.000000 0.000000 0.000000
5.826715 5.995641 6.195004 6.428549 6.700120 7.012784 7.370778 7.778472 8.239971 8.764731 9.375545 10.128056 0.000000 0.000000 0.000000 0.000000 0.000000 0.000000 0.000000 0.000000 0.000000 0.000000 0.000000 0.000000 0.000000 0.000000 0.000000 0.000000
5.246091 5.428795 5.642914 5.891950 6.179744 6.509125 6.884367 7.310599 7.795510 8.361127 9.057901 0.000000 0.000000 0.000000 0.000000 0.000000 0.000000 0.000000 0.000000 0.000000 0.000000 0.000000 0.000000 0.000000 0.000000 0.000000 0.000000 0.000000
4.743586 4.942720 5.174376 5.441778 5.748745 6.097971 6.494442 6.946620 7.473552 8.122379 0.000000 0.000000 0.000000 0.000000 0.000000 0.000000 0.000000 0.000000 0.000000 0.000000 0.000000 0.000000 0.000000 0.000000 0.000000 0.000000 0.000000 0.000000
4.323358 4.541689 4.793762 5.082505 5.411814 5.784790 6.209602 6.705120 7.313027 0.000000 0.000000 0.000000 0.000000 0.000000 0.000000 0.000000 0.000000 0.000000 0.000000 0.000000 0.000000 0.000000 0.000000 0.000000 0.000000 0.000000 0.000000 0.000000
3.988225 4.228596 4.504011 4.817208 5.172716 5.576195 6.045620 6.620281 0.000000 0.000000 0.000000 0.000000 0.000000 0.000000 0.000000 0.000000 0.000000 0.000000 0.000000 0.000000 0.000000 0.000000 0.000000 0.000000 0.000000 0.000000 0.000000 0.000000
3.739698 4.004956 4.306745 4.648104 5.036273 5.485452 6.032476 0.000000 0.000000 0.000000 0.000000 0.000000 0.000000 0.000000 0.000000 0.000000 0.000000 0.000000 0.000000 0.000000 0.000000 0.000000 0.000000 0.000000 0.000000 0.000000 0.000000 0.000000
3.578087 3.871151 4.202851 4.578496 5.013618 5.538942 0.000000 0.000000 0.000000 0.000000 0.000000 0.000000 0.000000 0.000000 0.000000 0.000000 0.000000 0.000000 0.000000 0.000000 0.000000 0.000000 0.000000 0.000000 0.000000 0.000000 0.000000 0.000000
3.502717 3.826984 4.194422 4.617789 5.128133 0.000000 0.000000 0.000000 0.000000 0.000000 0.000000 0.000000 0.000000 0.000000 0.000000 0.000000 0.000000 0.000000 0.000000 0.000000 0.000000 0.000000 0.000000 0.000000 0.000000 0.000000 0.000000 0.000000
3.512600 3.873622 4.289503 4.786973 0.000000 0.000000 0.000000 0.000000 0.000000 0.000000 0.000000 0.000000 0.000000 0.000000 0.000000 0.000000 0.000000 0.000000 0.000000 0.000000 0.000000 0.000000 0.000000 0.000000 0.000000 0.000000 0.000000 0.000000
3.608241 4.018122 4.507244 0.000000 0.000000 0.000000 0.000000 0.000000 0.000000 0.000000 0.000000 0.000000 0.000000 0.000000 0.000000 0.000000 0.000000 0.000000 0.000000 0.000000 0.000000 0.000000 0.000000 0.000000 0.000000 0.000000 0.000000 0.000000
3.796055 4.278286 0.000000 0.000000 0.000000 0.000000 0.000000 0.000000 0.000000 0.000000 0.000000 0.000000 0.000000 0.000000 0.000000 0.000000 0.000000 0.000000 0.000000 0.000000 0.000000 0.000000 0.000000 0.000000 0.000000 0.000000 0.000000 0.000000
4.092899 0.000000 0.000000 0.000000 0.000000 0.000000 0.000000 0.000000 0.000000 0.000000 0.000000 0.000000 0.000000 0.000000 0.000000 0.000000 0.000000 0.000000 0.000000 0.000000 0.000000 0.000000 0.000000 0.000000 0.000000 0.000000 0.000000 0.000000
