10.809155 11.080208 11.423174 11.849584 12.371610 13.004171 13.771017 14.717456 15.930452 17.561378 19.843718 23.106220 27.816374 34.869999 47.000000
9.845268 10.115986 10.458524 10.884398 11.405760 12.037519 12.803395 13.748646 14.960132 16.589025 18.868504 22.126848 26.830864 33.875042 0.000000
8.862620 9.133278 9.475703 9.901394 10.422502 11.053941 11.819454 12.764334 13.975440 15.603841 17.882395 21.138813 25.838900 0.000000 0.000000
7.893213 8.164643 8.507873 8.934397 9.456389 10.088852 10.855712 11.802560 13.016548 14.648790 16.931656 20.191525 0.000000 0.000000 0.000000
6.949183 7.223286 7.569391 7.999000 8.524378 9.160797 9.932763 10.886725 12.110698 13.755955 16.053478 0.000000 0.000000 0.000000 0.000000
6.053164 6.333457 6.686247 7.123056 7.656375 8.302106 9.085977 10.056214 11.302436 12.975750 0.000000 0.000000 0.000000 0.000000 0.000000
5.236263 5.528211 5.893586 6.343970 6.892288 7.555565 8.361638 9.361601 10.647128 0.000000 0.000000 0.000000 0.000000 0.000000 0.000000
4.531856 4.842813 5.228703 5.701225 6.273991 6.965714 7.807233 8.853214 0.000000 0.000000 0.000000 0.000000 0.000000 0.000000 0.000000
3.968173 4.306948 4.722814 5.227650 5.835976 6.568657 7.459943 0.000000 0.000000 0.000000 0.000000 0.000000 0.000000 0.000000 0.000000
3.563682 3.939879 4.395946 4.943937 5.599362 6.385235 0.000000 0.000000 0.000000 0.000000 0.000000 0.000000 0.000000 0.000000 0.000000
3.326440 3.749738 4.256081 4.857551 5.570346 0.000000 0.000000 0.000000 0.000000 0.000000 0.000000 0.000000 0.000000 0.000000 0.000000
3.256125 3.735537 4.301098 4.964432 0.000000 0.000000 0.000000 0.000000 0.000000 0.000000 0.000000 0.000000 0.000000 0.000000 0.000000
3.346828 3.889944 4.521378 0.000000 0.000000 0.000000 0.000000 0.000000 0.000000 0.000000 0.000000 0.000000 0.000000 0.000000 0.000000
3.589307 4.201324 0.000000 0.000000 0.000000 0.000000 0.000000 0.000000 0.000000 0.000000 0.000000 0.000000 0.000000 0.000000 0.000000
3.972071 0.000000 0.000000 0.000000 0.000000 0.000000 0.000000 0.000000 0.000000 0.000000 0.000000 0.000000 0.000000 0.000000 0.000000
