3.640622 3.702489 3.785202 3.894076 4.036228 4.220689 4.459477 4.767370 5.163479 5.672834 6.326138 7.161611 8.219766 9.540828 11.156897 13.086254 15.323812 17.856112 20.700081 24.004490 28.212938 34.247658 43.922409 63.000000
3.063572 3.140990 3.242988 3.375487 3.546125 3.764431 4.042825 4.396451 4.844634 5.412186 6.129033 7.031872 8.158822 9.547012 11.225310 13.209601 15.494993 18.074583 20.983580 24.400188 28.780390 34.990803 44.642834 0.000000
2.599979 2.698290 2.825906 2.989408 3.196976 3.458604 3.787042 4.197679 4.709814 5.347733 6.140142 7.121723 8.327741 9.792040 11.540423 13.587133 15.928864 18.567255 21.555563 25.089373 29.603642 35.811134 0.000000 0.000000
2.245867 2.370923 2.530886 2.732962 2.985788 3.299693 3.687548 4.164727 4.750140 5.467119 6.342676 7.409124 8.698745 10.242404 12.063624 14.175989 16.578535 19.280886 22.348055 25.970993 30.463057 0.000000 0.000000 0.000000
1.995015 2.153116 2.352412 2.600591 2.906567 3.280749 3.735810 4.286722 4.951576 5.752297 6.713853 7.866091 9.238637 10.860188 12.752810 14.929676 17.391092 20.151320 23.274769 26.852610 0.000000 0.000000 0.000000 0.000000
1.842278 2.040052 2.285726 2.587233 2.953463 3.394556 3.922588 4.551702 5.298721 6.183845 7.229907 8.464623 9.915694 11.610392 13.569289 15.803742 18.313147 21.110033 24.170361 0.000000 0.000000 0.000000 0.000000 0.000000
1.784196 2.028416 2.327312 2.688725 3.121145 3.634032 4.238445 4.947299 5.775843 6.742505 7.868292 9.179472 10.702469 12.462914 14.478263 16.756174 19.291941 22.014095 0.000000 0.000000 0.000000 0.000000 0.000000 0.000000
1.819011 2.116314 2.474726 2.901585 3.404573 3.992051 4.673698 5.460960 6.367492 7.410270 8.609120 9.989451 11.576045 13.391119 15.447193 17.746304 20.200787 0.000000 0.000000 0.000000 0.000000 0.000000 0.000000 0.000000
1.946194 2.302718 2.725979 3.222382 3.798389 4.460940 5.218137 6.079996 7.058908 8.171062 9.435607 10.876659 12.515481 14.369046 16.443419 18.657774 0.000000 0.000000 0.000000 0.000000 0.000000 0.000000 0.000000 0.000000
2.165742 2.586700 3.078752 3.646963 4.296268 5.032033 5.860872 6.791761 7.836479 9.010898 10.333020 11.823716 13.498859 15.368793 17.356497 0.000000 0.000000 0.000000 0.000000 0.000000 0.000000 0.000000 0.000000 0.000000
2.477457 2.966698 3.529696 4.169881 4.890538 5.695590 6.590606 7.584190 8.687959 9.916972 11.286098 12.811058 14.501006 16.283125 0.000000 0.000000 0.000000 0.000000 0.000000 0.000000 0.000000 0.000000 0.000000 0.000000
2.880345 3.439951 4.073991 4.784155 5.572244 6.441226 7.396302 8.446181 9.601788 10.875358 12.276744 13.815142 15.416442 0.000000 0.000000 0.000000 0.000000 0.000000 0.000000 0.000000 0.000000 0.000000 0.000000 0.000000
3.372144 4.002165 4.705219 5.481463 6.331709 7.258689 8.267718 9.367078 10.564981 11.868979 13.282509 14.731612 0.000000 0.000000 0.000000 0.000000 0.000000 0.000000 0.000000 0.000000 0.000000 0.000000 0.000000 0.000000
3.949068 4.647451 5.415626 6.252736 7.159348 8.138449 9.194944 10.334668 11.561287 12.876272 14.199927 0.000000 0.000000 0.000000 0.000000 0.000000 0.000000 0.000000 0.000000 0.000000 0.000000 0.000000 0.000000 0.000000
4.605742 5.368598 6.196722 7.089009 8.046278 9.071255 10.166438 11.333420 12.569937 13.794543 0.000000 0.000000 0.000000 0.000000 0.000000 0.000000 0.000000 0.000000 0.000000 0.000000 0.000000 0.000000 0.000000 0.000000
5.335475 6.157651 7.040097 7.981982 8.983842 10.046186 11.167341 12.343277 13.488918 0.000000 0.000000 0.000000 0.000000 0.000000 0.000000 0.000000 0.000000 0.000000 0.000000 0.000000 0.000000 0.000000 0.000000 0.000000
6.130823 7.006731 7.937989 8.923527 9.961666 11.048960 12.178237 13.262873 0.000000 0.000000 0.000000 0.000000 0.000000 0.000000 0.000000 0.000000 0.000000 0.000000 0.000000 0.000000 0.000000 0.000000 0.000000 0.000000
6.984360 7.908538 8.882747 9.903770 10.966002 12.060746 13.098348 0.000000 0.000000 0.000000 0.000000 0.000000 0.000000 0.000000 0.000000 0.000000 0.000000 0.000000 0.000000 0.000000 0.000000 0.000000 0.000000 0.000000
7.889192 8.855827 9.864911 10.909395 11.978511 12.981278 0.000000 0.000000 0.000000 0.000000 0.000000 0.000000 0.000000 0.000000 0.000000 0.000000 0.000000 0.000000 0.000000 0.000000 0.000000 0.000000 0.000000 0.000000
8.838429 9.839505 10.871553 11.922500 12.899381 0.000000 0.000000 0.000000 0.000000 0.000000 0.000000 0.000000 0.000000 0.000000 0.000000 0.000000 0.000000 0.000000 0.000000 0.000000 0.000000 0.000000 0.000000 0.000000
9.823255 10.846936 11.885118 12.843634 0.000000 0.000000 0.000000 0.000000 0.000000 0.000000 0.000000 0.000000 0.000000 0.000000 0.000000 0.000000 0.000000 0.000000 0.000000 0.000000 0.000000 0.000000 0.000000 0.000000
10.831282 11.860855 12.806448 0.000000 0.000000 0.000000 0.000000 0.000000 0.000000 0.000000 0.000000 0.000000 0.000000 0.000000 0.000000 0.000000 0.000000 0.000000 0.000000 0.000000 0.000000 0.000000 0.000000 0.000000
11.845462 12.782335 0.000000 0.000000 0.000000 0.000000 0.000000 0.000000 0.000000 0.000000 0.000000 0.000000 0.000000 0.000000 0.000000 0.000000 0.000000 0.000000 0.000000 0.000000 0.000000 0.000000 0.000000 0.000000
12.767050 0.000000 0.000000 0.000000 0.000000 0.000000 0.000000 0.000000 0.000000 0.000000 0.000000 0.000000 0.000000 0.000000 0.000000 0.000000 0.000000 0.000000 0.000000 0.000000 0.000000 0.000000 0.000000 0.000000
