63.980652 64.718018 65.483208 66.274719 67.088547 67.923660 68.777359 69.647469 70.533287 71.431999 72.341759 73.261368 74.189003 75.123734 76.062508 77.005371 77.951805 78.899704 79.849236 80.798203 81.746712 82.694702 83.641747 84.588547 85.535179 86.479698 87.422699 88.364746 89.306282 90.248016 91.190971 92.133682 93.077866 94.024307 94.977470 95.940910 96.913483 97.902039 98.904121 99.930710 100.991859 102.103188 103.289337 104.586914 106.040192 107.697540 109.637901 111.948807 114.746872 118.216034 122.695602 128.860504 138.001480 153.237701 182.783264 249.000000
62.932190 63.668518 64.432632 65.223030 66.035706 66.869644 67.722168 68.591057 69.475616 70.373055 71.281540 72.199852 73.126183 74.059593 74.997055 75.938591 76.883690 77.830231 78.778435 79.726067 80.673248 81.619904 82.565636 83.511070 84.456375 85.399551 86.341232 87.281960 88.222176 89.162575 90.104210 91.045586 91.988403 92.933533 93.885345 94.847420 95.818672 96.805832 97.806496 98.831612 99.891281 101.001068 102.185555 103.481316 104.932503 106.587524 108.525116 110.832817 113.626915 117.091248 121.564491 127.720810 136.848892 152.063660 181.567688 0.000000
61.871002 62.606377 63.369511 64.158905 64.970535 65.803413 66.654800 67.522583 68.406013 69.302299 70.209618 71.126755 72.051903 72.984116 73.920372 74.860703 75.804588 76.749931 77.696915 78.643326 79.589294 80.534729 81.479233 82.423485 83.367569 84.309555 85.250023 86.189545 87.128540 88.067749 89.008179 89.948326 90.889984 91.833885 92.784470 93.745331 94.715294 95.701195 96.700584 97.724426 98.782684 99.891060 101.074028 102.368095 103.817413 105.470367 107.405472 109.710243 112.500763 115.960594 120.428123 126.576523 135.693008 150.888611 0.000000 0.000000
60.833435 61.568050 62.330399 63.118950 63.929745 64.761749 65.612297 66.479164 67.361687 68.257057 69.163437 70.079620 71.003807 71.935066 72.870354 73.809708 74.752617 75.696983 76.642990 77.588432 78.533417 79.477875 80.421402 81.364670 82.307777 83.248756 84.188248 85.126816 86.064857 87.003090 87.942535 88.881744 89.822380 90.765327 91.714928 92.674759 93.643738 94.628609 95.626968 96.649712 97.706924 98.814163 99.995941 101.288666 102.736511 104.387688 106.320801 108.623222 111.410843 114.867111 119.330109 125.472237 134.579742 0.000000 0.000000 0.000000
59.817875 60.551968 61.313766 62.101776 62.911995 63.743404 64.593330 65.459579 66.341469 67.236191 68.141914 69.057449 69.980972 70.911560 71.846176 72.784866 73.727104 74.670792 75.616112 76.560875 77.505188 78.448982 79.391823 80.334427 81.276855 82.217163 83.155991 84.093872 85.031227 85.968796 86.907578 87.846107 88.786087 89.728340 90.677269 91.636444 92.604721 93.588882 94.586548 95.608551 96.665009 97.771400 98.952309 100.244148 101.690948 103.340942 105.272751 107.573441 110.359077 113.812843 118.272812 124.411163 0.000000 0.000000 0.000000 0.000000
58.817013 59.550797 60.312271 61.099945 61.909809 62.740868 63.590431 64.456322 65.337837 66.232178 67.137527 68.052666 68.975807 69.905998 70.840218 71.778511 72.720345 73.663628 74.608559 75.552917 76.496826 77.440208 78.382652 79.324844 80.266884 81.206810 82.145241 83.082726 84.019684 84.956848 85.895210 86.833374 87.772942 88.714775 89.663315 90.622070 91.589943 92.573708 93.570930 94.592522 95.648521 96.754463 97.934845 99.226151 100.672333 102.321632 104.252563 106.552315 109.336754 112.789299 117.248085 0.000000 0.000000 0.000000 0.000000 0.000000
57.821335 58.554943 59.316238 60.103737 60.913418 61.744282 62.593643 63.459328 64.340622 65.234749 66.139885 67.054810 67.977730 68.907700 69.841698 70.779762 71.721382 72.664452 73.609146 74.553284 75.496971 76.440125 77.382355 78.324318 79.266136 80.205849 81.144051 82.081306 83.018051 83.954987 84.893150 85.831078 86.770432 87.712051 88.660355 89.618896 90.586533 91.570068 92.567032 93.588379 94.644150 95.749825 96.929947 98.220932 99.666771 101.315689 103.246185 105.545441 108.329422 111.781830 0.000000 0.000000 0.000000 0.000000 0.000000 0.000000
56.823284 57.556767 58.317928 59.105263 59.914806 60.745522 61.594742 62.460274 63.341442 64.235420 65.140396 66.055168 66.977921 67.907730 68.841576 69.779472 70.720924 71.663826 72.608360 73.552345 74.495865 75.438858 76.380928 77.322716 78.264374 79.203911 80.141960 81.079063 82.015648 82.952423 83.890419 84.828171 85.767357 86.708832 87.656960 88.615318 89.582802 90.566139 91.562943 92.584137 93.639679 94.745209 95.925133 97.215881 98.661476 100.310097 102.240273 104.539322 107.323471 0.000000 0.000000 0.000000 0.000000 0.000000 0.000000 0.000000
55.819218 56.552544 57.313545 58.100727 58.910095 59.740635 60.589664 61.455006 62.335960 63.229748 64.134521 65.049095 65.971664 66.901268 67.834908 68.772614 69.713860 70.656563 71.600891 72.544662 73.487984 74.430786 75.372643 76.314240 77.255692 78.195030 79.132874 80.069771 81.006142 81.942719 82.880524 83.818069 84.757042 85.698311 86.646225 87.604416 88.571686 89.554832 90.551407 91.572380 92.627724 93.732994 94.912659 96.203110 97.648399 99.296753 101.226639 103.525848 0.000000 0.000000 0.000000 0.000000 0.000000 0.000000 0.000000 0.000000
54.809696 55.542793 56.303562 57.090504 57.899624 58.729908 59.578693 60.443775 61.324467 62.217983 63.122482 64.036774 64.959053 65.888382 66.821732 67.759148 68.700104 69.642517 70.586571 71.530052 72.473083 73.415588 74.357162 75.298477 76.239632 77.178680 78.116226 79.052849 79.988930 80.925224 81.862740 82.800011 83.738708 84.679688 85.627335 86.585228 87.552208 88.535027 89.531311 90.551933 91.606956 92.711891 93.891197 95.181282 96.626167 98.274200 100.204247 0.000000 0.000000 0.000000 0.000000 0.000000 0.000000 0.000000 0.000000 0.000000
53.797661 54.530472 55.290936 56.077560 56.886356 57.716305 58.564747 59.429482 60.309822 61.202976 62.107117 63.021046 63.942951 64.871902 65.804878 66.741920 67.682510 68.624542 69.568207 70.511314 71.453972 72.396095 73.337288 74.278229 75.219017 76.157692 77.094872 78.031105 78.966820 79.902733 80.839867 81.776749 82.715088 83.655678 84.602943 85.560425 86.527016 87.509460 88.505348 89.525589 90.580185 91.684654 92.863487 94.153069 95.597496 97.245476 0.000000 0.000000 0.000000 0.000000 0.000000 0.000000 0.000000 0.000000 0.000000 0.000000
52.786560 53.519020 54.279121 55.065372 55.873787 56.703342 57.551369 58.415695 59.295624 60.188358 61.092068 62.005558 62.927032 63.855545 64.788071 65.724678 66.664810 67.606415 68.549629 69.492279 70.434486 71.376167 72.316910 73.257393 74.197723 75.135956 76.072693 77.008492 77.943748 78.879219 79.815918 80.752373 81.690262 82.630409 83.577225 84.534233 85.500359 86.482338 87.477745 88.497513 89.551605 90.655556 91.833900 93.123016 94.567535 0.000000 0.000000 0.000000 0.000000 0.000000 0.000000 0.000000 0.000000 0.000000 0.000000 0.000000
51.779667 52.511765 53.271484 54.057346 54.865356 55.694500 56.542130 57.406025 58.285503 59.177788 60.081051 60.994091 61.915096 62.843155 63.775223 64.711349 65.651009 66.592125 67.534889 68.477074 69.418823 70.360039 71.300308 72.240334 73.180183 74.117950 75.054214 75.989548 76.924355 77.859352 78.795586 79.731552 80.668999 81.608688 82.555000 83.511559 84.477188 85.458679 86.453575 87.472832 88.526398 89.629875 90.807785 92.097015 0.000000 0.000000 0.000000 0.000000 0.000000 0.000000 0.000000 0.000000 0.000000 0.000000 0.000000 0.000000
50.778858 51.510601 52.269958 53.055443 53.863064 54.691811 55.538998 56.402473 57.281544 58.173401 59.076225 59.988827 60.909397 61.836998 62.768620 63.704292 64.643517 65.584183 66.526482 67.468216 68.409508 69.350266 70.290092 71.229645 72.169067 73.106369 74.042191 74.977074 75.911430 76.845993 77.781754 78.717278 79.654289 80.593513 81.539368 82.495445 83.460617 84.441628 85.436020 86.454842 87.507874 88.610977 89.789093 0.000000 0.000000 0.000000 0.000000 0.000000 0.000000 0.000000 0.000000 0.000000 0.000000 0.000000 0.000000 0.000000
49.784760 50.516186 51.275219 52.060364 52.867641 53.696030 54.542870 55.405964 56.284660 57.176136 58.078575 58.990784 59.910957 60.838169 61.769390 62.704674 63.643478 64.583740 65.525658 66.466988 67.407875 68.348251 69.287636 70.226814 71.165810 72.102722 73.038139 73.972626 74.906578 75.840721 76.776115 77.711227 78.647804 79.586647 80.532013 81.487686 82.452454 83.433044 84.427063 85.445412 86.498207 87.601524 0.000000 0.000000 0.000000 0.000000 0.000000 0.000000 0.000000 0.000000 0.000000 0.000000 0.000000 0.000000 0.000000 0.000000
48.796837 49.528000 50.286762 51.071625 51.878613 52.706707 53.553226 54.415981 55.294353 56.185509 57.087627 57.999508 58.919346 59.846268 60.777157 61.712101 62.650581 63.590500 64.532059 65.473053 66.413597 67.353645 68.292702 69.231537 70.170212 71.106781 72.041862 72.975998 73.909622 74.843445 75.778465 76.713272 77.649529 78.588020 79.532875 80.488197 81.452606 82.432838 83.426537 84.444740 85.497910 0.000000 0.000000 0.000000 0.000000 0.000000 0.000000 0.000000 0.000000 0.000000 0.000000 0.000000 0.000000 0.000000 0.000000 0.000000
47.813957 48.544926 49.303471 50.088108 50.894855 51.722713 52.569012 53.431442 54.309570 55.200466 56.102325 57.013947 57.933506 58.860271 59.790897 60.725574 61.663780 62.603436 63.544731 64.485451 65.425728 66.365486 67.304298 68.242828 69.181252 70.117561 71.052368 71.986252 72.919617 73.853180 74.787949 75.722473 76.658440 77.596672 78.541031 79.496109 80.460243 81.440231 82.433830 83.452423 0.000000 0.000000 0.000000 0.000000 0.000000 0.000000 0.000000 0.000000 0.000000 0.000000 0.000000 0.000000 0.000000 0.000000 0.000000 0.000000
46.834656 47.565456 48.323860 49.108334 49.914917 50.742599 51.588707 52.450756 53.328686 54.219391 55.121052 56.032471 56.951817 57.878563 58.808983 59.743458 60.681526 61.620953 62.562065 63.502590 64.442635 65.382195 66.320808 67.259163 68.197342 69.133423 70.068047 71.001740 71.934891 72.868233 73.802872 74.737198 75.672943 76.610977 77.554855 78.509705 79.473663 80.453636 81.447670 0.000000 0.000000 0.000000 0.000000 0.000000 0.000000 0.000000 0.000000 0.000000 0.000000 0.000000 0.000000 0.000000 0.000000 0.000000 0.000000 0.000000
45.857475 46.588154 47.346413 48.130760 48.937222 49.764771 50.610733 51.472370 52.350163 53.240715 54.142231 55.053501 55.972610 56.899540 57.829815 58.764141 59.702114 60.641426 61.582371 62.522751 63.462669 64.402077 65.340553 66.278763 67.216660 68.152641 69.087097 70.020645 70.953651 71.886856 72.821411 73.755585 74.691185 75.629044 76.572632 77.527382 78.491371 79.471924 0.000000 0.000000 0.000000 0.000000 0.000000 0.000000 0.000000 0.000000 0.000000 0.000000 0.000000 0.000000 0.000000 0.000000 0.000000 0.000000 0.000000 0.000000
44.881065 45.611668 46.369846 47.154110 47.960476 48.787937 49.633812 50.494884 51.372559 52.263012 53.164413 54.075573 54.994385 55.921707 56.851875 57.786095 58.724201 59.663406 60.604237 61.544514 62.484322 63.423630 64.361992 65.300110 66.237656 67.173500 68.107857 69.041298 69.974190 70.907303 71.842041 72.776115 73.711617 74.649338 75.592865 76.547668 77.512245 0.000000 0.000000 0.000000 0.000000 0.000000 0.000000 0.000000 0.000000 0.000000 0.000000 0.000000 0.000000 0.000000 0.000000 0.000000 0.000000 0.000000 0.000000 0.000000
43.904400 44.634953 45.393074 46.177280 46.983589 47.810989 48.656818 49.517265 50.394875 51.285248 52.186577 53.097656 54.016029 54.943924 55.874020 56.808167 57.746529 58.685661 59.626427 60.566631 61.506386 62.445618 63.383923 64.321960 65.259041 66.194824 67.129105 68.062469 68.995300 69.928337 70.863396 71.797386 72.732841 73.670425 74.614258 75.569695 0.000000 0.000000 0.000000 0.000000 0.000000 0.000000 0.000000 0.000000 0.000000 0.000000 0.000000 0.000000 0.000000 0.000000 0.000000 0.000000 0.000000 0.000000 0.000000 0.000000
42.926674 43.657196 44.415272 45.199444 46.005718 46.833084 47.678871 48.538704 49.416267 50.306595 51.207878 52.118904 53.036785 53.965195 54.895233 55.829334 56.768219 57.707314 58.648041 59.588200 60.527916 61.467110 62.405373 63.343330 64.279778 65.215515 66.149750 67.083046 68.015816 68.948799 69.884514 70.818497 71.753922 72.691360 73.636139 0.000000 0.000000 0.000000 0.000000 0.000000 0.000000 0.000000 0.000000 0.000000 0.000000 0.000000 0.000000 0.000000 0.000000 0.000000 0.000000 0.000000 0.000000 0.000000 0.000000 0.000000
41.947132 42.677639 43.435719 44.219875 45.026138 45.853489 46.699238 47.558681 48.436214 49.326519 50.227772 51.138775 52.055988 52.984913 53.914932 54.849010 55.788425 56.727509 57.668213 58.608364 59.548054 60.487236 61.425480 62.363438 63.299191 64.234894 65.169106 66.102386 67.035133 67.968086 68.904449 69.838432 70.774040 71.711739 0.000000 0.000000 0.000000 0.000000 0.000000 0.000000 0.000000 0.000000 0.000000 0.000000 0.000000 0.000000 0.000000 0.000000 0.000000 0.000000 0.000000 0.000000 0.000000 0.000000 0.000000 0.000000
40.965332 41.695831 42.453907 43.238064 44.044323 44.871712 45.717480 46.576611 47.454144 48.344440 49.245693 50.156685 51.073353 52.002499 52.932507 53.866585 54.806694 55.745781 56.686485 57.626637 58.566315 59.505501 60.443741 61.381699 62.316681 63.252380 64.186577 65.119820 66.052582 66.985535 67.922607 68.856796 69.793030 0.000000 0.000000 0.000000 0.000000 0.000000 0.000000 0.000000 0.000000 0.000000 0.000000 0.000000 0.000000 0.000000 0.000000 0.000000 0.000000 0.000000 0.000000 0.000000 0.000000 0.000000 0.000000 0.000000
39.980797 40.711334 41.469398 42.253567 43.059837 43.887287 44.733040 45.592201 46.469749 47.360062 48.261318 49.172321 50.088501 51.017693 51.947701 52.881779 53.822372 54.761471 55.702190 56.642349 57.582058 58.521244 59.459503 60.397495 61.331902 62.267590 63.201797 64.135048 65.067818 66.000801 66.938499 67.873383 0.000000 0.000000 0.000000 0.000000 0.000000 0.000000 0.000000 0.000000 0.000000 0.000000 0.000000 0.000000 0.000000 0.000000 0.000000 0.000000 0.000000 0.000000 0.000000 0.000000 0.000000 0.000000 0.000000 0.000000
38.993366 39.723896 40.481995 41.266178 42.072460 42.900066 43.745834 44.605160 45.482719 46.373051 47.274330 48.185345 49.101288 50.030315 50.960339 51.894432 52.835323 53.774429 54.715168 55.655350 56.595039 57.534256 58.472530 59.410519 60.344673 61.280388 62.214588 63.147858 64.080643 65.013840 65.952438 0.000000 0.000000 0.000000 0.000000 0.000000 0.000000 0.000000 0.000000 0.000000 0.000000 0.000000 0.000000 0.000000 0.000000 0.000000 0.000000 0.000000 0.000000 0.000000 0.000000 0.000000 0.000000 0.000000 0.000000 0.000000
38.002998 38.733555 39.491638 40.275822 41.082115 41.909992 42.755791 43.615402 44.492985 45.383339 46.284637 47.195671 48.111629 49.040375 49.970409 50.904518 51.845451 52.784584 53.725338 54.665527 55.605137 56.544361 57.482689 58.420658 59.354889 60.290627 61.224857 62.158173 63.091171 64.025070 0.000000 0.000000 0.000000 0.000000 0.000000 0.000000 0.000000 0.000000 0.000000 0.000000 0.000000 0.000000 0.000000 0.000000 0.000000 0.000000 0.000000 0.000000 0.000000 0.000000 0.000000 0.000000 0.000000 0.000000 0.000000 0.000000
37.009911 37.740459 38.498573 39.282772 40.089077 40.917347 41.763149 42.623081 43.500687 44.391060 45.292377 46.203434 47.119621 48.048004 48.978062 49.912201 50.852970 51.792118 52.732887 53.673096 54.612526 55.551785 56.490070 57.428074 58.362732 59.298489 60.232792 61.166275 62.099995 0.000000 0.000000 0.000000 0.000000 0.000000 0.000000 0.000000 0.000000 0.000000 0.000000 0.000000 0.000000 0.000000 0.000000 0.000000 0.000000 0.000000 0.000000 0.000000 0.000000 0.000000 0.000000 0.000000 0.000000 0.000000 0.000000 0.000000
36.014614 36.745167 37.503288 38.287483 39.093792 39.922462 40.768299 41.628601 42.506233 43.396629 44.297966 45.209045 46.125492 47.053532 47.983608 48.917767 49.858253 50.797409 51.738182 52.678406 53.617531 54.556763 55.495110 56.433117 57.368488 58.304298 59.238762 60.172977 0.000000 0.000000 0.000000 0.000000 0.000000 0.000000 0.000000 0.000000 0.000000 0.000000 0.000000 0.000000 0.000000 0.000000 0.000000 0.000000 0.000000 0.000000 0.000000 0.000000 0.000000 0.000000 0.000000 0.000000 0.000000 0.000000 0.000000 0.000000
35.017746 35.748302 36.506435 37.290642 38.096962 38.926105 39.771946 40.632572 41.510223 42.400635 43.301971 44.213070 45.129887 46.057610 46.987705 47.921875 48.862019 49.801193 50.741985 51.682220 52.620865 53.560108 54.498405 55.436436 56.372799 57.308781 58.243961 0.000000 0.000000 0.000000 0.000000 0.000000 0.000000 0.000000 0.000000 0.000000 0.000000 0.000000 0.000000 0.000000 0.000000 0.000000 0.000000 0.000000 0.000000 0.000000 0.000000 0.000000 0.000000 0.000000 0.000000 0.000000 0.000000 0.000000 0.000000 0.000000
34.020031 34.750595 35.508781 36.292995 37.099319 37.928814 38.774670 39.635601 40.513237 41.403664 42.304958 43.216068 44.133266 45.060696 45.990803 46.924980 47.864799 48.803967 49.744770 50.685005 51.623112 52.562340 53.500664 54.438705 55.376259 56.312969 0.000000 0.000000 0.000000 0.000000 0.000000 0.000000 0.000000 0.000000 0.000000 0.000000 0.000000 0.000000 0.000000 0.000000 0.000000 0.000000 0.000000 0.000000 0.000000 0.000000 0.000000 0.000000 0.000000 0.000000 0.000000 0.000000 0.000000 0.000000 0.000000 0.000000
33.022228 33.752808 34.511127 35.295357 36.101692 36.931370 37.777256 38.638397 39.516068 40.406509 41.307667 42.218784 43.136295 44.063484 44.993595 45.927776 46.867455 47.806633 48.747437 49.687672 50.625134 51.564369 52.502705 53.440929 54.380241 0.000000 0.000000 0.000000 0.000000 0.000000 0.000000 0.000000 0.000000 0.000000 0.000000 0.000000 0.000000 0.000000 0.000000 0.000000 0.000000 0.000000 0.000000 0.000000 0.000000 0.000000 0.000000 0.000000 0.000000 0.000000 0.000000 0.000000 0.000000 0.000000 0.000000 0.000000
32.025078 32.755688 33.514221 34.298481 35.104836 35.934540 36.780426 37.641769 38.519447 39.409893 40.310814 41.221939 42.139748 43.066719 43.996826 44.931004 45.870617 46.809784 47.750576 48.690804 49.627827 50.567059 51.505539 52.444443 0.000000 0.000000 0.000000 0.000000 0.000000 0.000000 0.000000 0.000000 0.000000 0.000000 0.000000 0.000000 0.000000 0.000000 0.000000 0.000000 0.000000 0.000000 0.000000 0.000000 0.000000 0.000000 0.000000 0.000000 0.000000 0.000000 0.000000 0.000000 0.000000 0.000000 0.000000 0.000000
31.029457 31.760088 32.518929 33.303185 34.109573 34.939178 35.785088 36.646526 37.524231 38.414700 39.315273 40.226383 41.144432 42.071205 43.001301 43.935463 44.875214 45.814377 46.755165 47.695362 48.632122 49.571529 50.510643 0.000000 0.000000 0.000000 0.000000 0.000000 0.000000 0.000000 0.000000 0.000000 0.000000 0.000000 0.000000 0.000000 0.000000 0.000000 0.000000 0.000000 0.000000 0.000000 0.000000 0.000000 0.000000 0.000000 0.000000 0.000000 0.000000 0.000000 0.000000 0.000000 0.000000 0.000000 0.000000 0.000000
30.036179 30.766857 31.526081 32.310394 33.116806 33.946205 34.792130 35.653637 36.531330 37.421844 38.322010 39.233109 40.151325 41.077927 42.007992 42.942127 43.882130 44.821255 45.762016 46.702236 47.639103 48.579117 0.000000 0.000000 0.000000 0.000000 0.000000 0.000000 0.000000 0.000000 0.000000 0.000000 0.000000 0.000000 0.000000 0.000000 0.000000 0.000000 0.000000 0.000000 0.000000 0.000000 0.000000 0.000000 0.000000 0.000000 0.000000 0.000000 0.000000 0.000000 0.000000 0.000000 0.000000 0.000000 0.000000 0.000000
29.046440 29.777193 30.536793 31.321167 32.127632 32.956810 33.802765 34.664200 35.541904 36.432518 37.332253 38.243332 39.161686 40.088131 41.018173 41.952259 42.892525 43.831627 44.772366 45.712677 46.650352 0.000000 0.000000 0.000000 0.000000 0.000000 0.000000 0.000000 0.000000 0.000000 0.000000 0.000000 0.000000 0.000000 0.000000 0.000000 0.000000 0.000000 0.000000 0.000000 0.000000 0.000000 0.000000 0.000000 0.000000 0.000000 0.000000 0.000000 0.000000 0.000000 0.000000 0.000000 0.000000 0.000000 0.000000 0.000000
28.061592 28.792458 29.552410 30.336880 31.143415 31.972393 32.818390 33.679623 34.557335 35.448181 36.347565 37.258621 38.177090 39.103382 40.033375 40.967422 41.907902 42.846966 43.787811 44.728703 0.000000 0.000000 0.000000 0.000000 0.000000 0.000000 0.000000 0.000000 0.000000 0.000000 0.000000 0.000000 0.000000 0.000000 0.000000 0.000000 0.000000 0.000000 0.000000 0.000000 0.000000 0.000000 0.000000 0.000000 0.000000 0.000000 0.000000 0.000000 0.000000 0.000000 0.000000 0.000000 0.000000 0.000000 0.000000 0.000000
27.083353 27.814362 28.574633 29.359226 30.165880 30.994690 31.840757 32.701778 33.579510 34.470627 35.369858 36.280891 37.199436 38.125633 39.055584 39.989597 40.930103 41.869255 42.810673 0.000000 0.000000 0.000000 0.000000 0.000000 0.000000 0.000000 0.000000 0.000000 0.000000 0.000000 0.000000 0.000000 0.000000 0.000000 0.000000 0.000000 0.000000 0.000000 0.000000 0.000000 0.000000 0.000000 0.000000 0.000000 0.000000 0.000000 0.000000 0.000000 0.000000 0.000000 0.000000 0.000000 0.000000 0.000000 0.000000 0.000000
26.113857 26.845104 27.605597 28.390377 29.197180 30.025969 30.872133 31.732935 32.610722 33.502243 34.401455 35.312481 36.231064 37.157169 38.087082 39.021095 39.961544 40.901276 0.000000 0.000000 0.000000 0.000000 0.000000 0.000000 0.000000 0.000000 0.000000 0.000000 0.000000 0.000000 0.000000 0.000000 0.000000 0.000000 0.000000 0.000000 0.000000 0.000000 0.000000 0.000000 0.000000 0.000000 0.000000 0.000000 0.000000 0.000000 0.000000 0.000000 0.000000 0.000000 0.000000 0.000000 0.000000 0.000000 0.000000 0.000000
25.155706 25.887228 26.647936 27.432993 28.240030 29.068943 29.915262 30.775938 31.653818 32.545776 33.445164 34.356216 35.274769 36.200817 37.130737 38.064816 39.005596 0.000000 0.000000 0.000000 0.000000 0.000000 0.000000 0.000000 0.000000 0.000000 0.000000 0.000000 0.000000 0.000000 0.000000 0.000000 0.000000 0.000000 0.000000 0.000000 0.000000 0.000000 0.000000 0.000000 0.000000 0.000000 0.000000 0.000000 0.000000 0.000000 0.000000 0.000000 0.000000 0.000000 0.000000 0.000000 0.000000 0.000000 0.000000 0.000000
24.211948 24.943848 25.704838 26.490286 27.297657 28.126850 28.973398 29.834150 30.712166 31.604530 32.504185 33.415310 34.333801 35.259834 36.189846 37.124439 0.000000 0.000000 0.000000 0.000000 0.000000 0.000000 0.000000 0.000000 0.000000 0.000000 0.000000 0.000000 0.000000 0.000000 0.000000 0.000000 0.000000 0.000000 0.000000 0.000000 0.000000 0.000000 0.000000 0.000000 0.000000 0.000000 0.000000 0.000000 0.000000 0.000000 0.000000 0.000000 0.000000 0.000000 0.000000 0.000000 0.000000 0.000000 0.000000 0.000000
23.286234 24.018627 24.780005 25.565981 26.373819 27.203531 28.050428 28.911461 29.789717 30.682394 31.582468 32.493706 33.411991 34.338181 35.268692 0.000000 0.000000 0.000000 0.000000 0.000000 0.000000 0.000000 0.000000 0.000000 0.000000 0.000000 0.000000 0.000000 0.000000 0.000000 0.000000 0.000000 0.000000 0.000000 0.000000 0.000000 0.000000 0.000000 0.000000 0.000000 0.000000 0.000000 0.000000 0.000000 0.000000 0.000000 0.000000 0.000000 0.000000 0.000000 0.000000 0.000000 0.000000 0.000000 0.000000 0.000000
22.382750 23.115803 23.877794 24.664495 25.472956 26.303379 27.150732 28.012274 28.890850 29.783791 30.684311 31.595724 32.513889 33.440598 0.000000 0.000000 0.000000 0.000000 0.000000 0.000000 0.000000 0.000000 0.000000 0.000000 0.000000 0.000000 0.000000 0.000000 0.000000 0.000000 0.000000 0.000000 0.000000 0.000000 0.000000 0.000000 0.000000 0.000000 0.000000 0.000000 0.000000 0.000000 0.000000 0.000000 0.000000 0.000000 0.000000 0.000000 0.000000 0.000000 0.000000 0.000000 0.000000 0.000000 0.000000 0.000000
21.506191 22.240206 23.003061 23.790697 24.599985 25.431314 26.279257 27.141466 28.020472 28.913662 29.814713 30.726431 31.644855 0.000000 0.000000 0.000000 0.000000 0.000000 0.000000 0.000000 0.000000 0.000000 0.000000 0.000000 0.000000 0.000000 0.000000 0.000000 0.000000 0.000000 0.000000 0.000000 0.000000 0.000000 0.000000 0.000000 0.000000 0.000000 0.000000 0.000000 0.000000 0.000000 0.000000 0.000000 0.000000 0.000000 0.000000 0.000000 0.000000 0.000000 0.000000 0.000000 0.000000 0.000000 0.000000 0.000000
20.661861 21.397177 22.161217 22.950037 23.760363 24.592766 25.441446 26.304523 27.184080 28.077568 28.979252 29.891636 0.000000 0.000000 0.000000 0.000000 0.000000 0.000000 0.000000 0.000000 0.000000 0.000000 0.000000 0.000000 0.000000 0.000000 0.000000 0.000000 0.000000 0.000000 0.000000 0.000000 0.000000 0.000000 0.000000 0.000000 0.000000 0.000000 0.000000 0.000000 0.000000 0.000000 0.000000 0.000000 0.000000 0.000000 0.000000 0.000000 0.000000 0.000000 0.000000 0.000000 0.000000 0.000000 0.000000 0.000000
19.855400 20.592489 21.358078 22.148384 22.960020 23.793621 24.643179 25.507299 26.387550 27.281446 28.184134 0.000000 0.000000 0.000000 0.000000 0.000000 0.000000 0.000000 0.000000 0.000000 0.000000 0.000000 0.000000 0.000000 0.000000 0.000000 0.000000 0.000000 0.000000 0.000000 0.000000 0.000000 0.000000 0.000000 0.000000 0.000000 0.000000 0.000000 0.000000 0.000000 0.000000 0.000000 0.000000 0.000000 0.000000 0.000000 0.000000 0.000000 0.000000 0.000000 0.000000 0.000000 0.000000 0.000000 0.000000 0.000000
19.092901 19.832251 20.599758 21.391891 22.205120 23.040110 23.890717 24.755983 25.637154 26.531862 0.000000 0.000000 0.000000 0.000000 0.000000 0.000000 0.000000 0.000000 0.000000 0.000000 0.000000 0.000000 0.000000 0.000000 0.000000 0.000000 0.000000 0.000000 0.000000 0.000000 0.000000 0.000000 0.000000 0.000000 0.000000 0.000000 0.000000 0.000000 0.000000 0.000000 0.000000 0.000000 0.000000 0.000000 0.000000 0.000000 0.000000 0.000000 0.000000 0.000000 0.000000 0.000000 0.000000 0.000000 0.000000 0.000000
18.380545 19.122709 19.892584 20.686897 21.502048 22.338579 23.190399 24.057083 24.939560 0.000000 0.000000 0.000000 0.000000 0.000000 0.000000 0.000000 0.000000 0.000000 0.000000 0.000000 0.000000 0.000000 0.000000 0.000000 0.000000 0.000000 0.000000 0.000000 0.000000 0.000000 0.000000 0.000000 0.000000 0.000000 0.000000 0.000000 0.000000 0.000000 0.000000 0.000000 0.000000 0.000000 0.000000 0.000000 0.000000 0.000000 0.000000 0.000000 0.000000 0.000000 0.000000 0.000000 0.000000 0.000000 0.000000 0.000000
17.724564 18.470081 19.242792 20.039682 20.857088 21.695421 22.548714 23.417183 0.000000 0.000000 0.000000 0.000000 0.000000 0.000000 0.000000 0.000000 0.000000 0.000000 0.000000 0.000000 0.000000 0.000000 0.000000 0.000000 0.000000 0.000000 0.000000 0.000000 0.000000 0.000000 0.000000 0.000000 0.000000 0.000000 0.000000 0.000000 0.000000 0.000000 0.000000 0.000000 0.000000 0.000000 0.000000 0.000000 0.000000 0.000000 0.000000 0.000000 0.000000 0.000000 0.000000 0.000000 0.000000 0.000000 0.000000 0.000000
17.130999 17.880417 18.656425 19.456316 20.276346 21.116859 21.972073 0.000000 0.000000 0.000000 0.000000 0.000000 0.000000 0.000000 0.000000 0.000000 0.000000 0.000000 0.000000 0.000000 0.000000 0.000000 0.000000 0.000000 0.000000 0.000000 0.000000 0.000000 0.000000 0.000000 0.000000 0.000000 0.000000 0.000000 0.000000 0.000000 0.000000 0.000000 0.000000 0.000000 0.000000 0.000000 0.000000 0.000000 0.000000 0.000000 0.000000 0.000000 0.000000 0.000000 0.000000 0.000000 0.000000 0.000000 0.000000 0.000000
16.605558 17.359417 18.139240 18.942551 19.765621 20.608786 0.000000 0.000000 0.000000 0.000000 0.000000 0.000000 0.000000 0.000000 0.000000 0.000000 0.000000 0.000000 0.000000 0.000000 0.000000 0.000000 0.000000 0.000000 0.000000 0.000000 0.000000 0.000000 0.000000 0.000000 0.000000 0.000000 0.000000 0.000000 0.000000 0.000000 0.000000 0.000000 0.000000 0.000000 0.000000 0.000000 0.000000 0.000000 0.000000 0.000000 0.000000 0.000000 0.000000 0.000000 0.000000 0.000000 0.000000 0.000000 0.000000 0.000000
16.153311 16.912165 17.696310 18.503519 19.330164 0.000000 0.000000 0.000000 0.000000 0.000000 0.000000 0.000000 0.000000 0.000000 0.000000 0.000000 0.000000 0.000000 0.000000 0.000000 0.000000 0.000000 0.000000 0.000000 0.000000 0.000000 0.000000 0.000000 0.000000 0.000000 0.000000 0.000000 0.000000 0.000000 0.000000 0.000000 0.000000 0.000000 0.000000 0.000000 0.000000 0.000000 0.000000 0.000000 0.000000 0.000000 0.000000 0.000000 0.000000 0.000000 0.000000 0.000000 0.000000 0.000000 0.000000 0.000000
15.778648 16.543053 17.332060 18.143745 0.000000 0.000000 0.000000 0.000000 0.000000 0.000000 0.000000 0.000000 0.000000 0.000000 0.000000 0.000000 0.000000 0.000000 0.000000 0.000000 0.000000 0.000000 0.000000 0.000000 0.000000 0.000000 0.000000 0.000000 0.000000 0.000000 0.000000 0.000000 0.000000 0.000000 0.000000 0.000000 0.000000 0.000000 0.000000 0.000000 0.000000 0.000000 0.000000 0.000000 0.000000 0.000000 0.000000 0.000000 0.000000 0.000000 0.000000 0.000000 0.000000 0.000000 0.000000 0.000000
15.485057 16.255560 17.050041 0.000000 0.000000 0.000000 0.000000 0.000000 0.000000 0.000000 0.000000 0.000000 0.000000 0.000000 0.000000 0.000000 0.000000 0.000000 0.000000 0.000000 0.000000 0.000000 0.000000 0.000000 0.000000 0.000000 0.000000 0.000000 0.000000 0.000000 0.000000 0.000000 0.000000 0.000000 0.000000 0.000000 0.000000 0.000000 0.000000 0.000000 0.000000 0.000000 0.000000 0.000000 0.000000 0.000000 0.000000 0.000000 0.000000 0.000000 0.000000 0.000000 0.000000 0.000000 0.000000 0.000000
15.275040 16.052258 0.000000 0.000000 0.000000 0.000000 0.000000 0.000000 0.000000 0.000000 0.000000 0.000000 0.000000 0.000000 0.000000 0.000000 0.000000 0.000000 0.000000 0.000000 0.000000 0.000000 0.000000 0.000000 0.000000 0.000000 0.000000 0.000000 0.000000 0.000000 0.000000 0.000000 0.000000 0.000000 0.000000 0.000000 0.000000 0.000000 0.000000 0.000000 0.000000 0.000000 0.000000 0.000000 0.000000 0.000000 0.000000 0.000000 0.000000 0.000000 0.000000 0.000000 0.000000 0.000000 0.000000 0.000000
15.150105 0.000000 0.000000 0.000000 0.000000 0.000000 0.000000 0.000000 0.000000 0.000000 0.000000 0.000000 0.000000 0.000000 0.000000 0.000000 0.000000 0.000000 0.000000 0.000000 0.000000 0.000000 0.000000 0.000000 0.000000 0.000000 0.000000 0.000000 0.000000 0.000000 0.000000 0.000000 0.000000 0.000000 0.000000 0.000000 0.000000 0.000000 0.000000 0.000000 0.000000 0.000000 0.000000 0.000000 0.000000 0.000000 0.000000 0.000000 0.000000 0.000000 0.000000 0.000000 0.000000 0.000000 0.000000 0.000000
