12.408859 12.408865 12.408875 12.408889 12.408911 12.408943 12.408985 12.409045 12.409139 12.409275 12.409469 12.409742 12.410128 12.410674 12.411426 12.412466 12.413898 12.415858 12.418506 12.422072 12.426857 12.433200 12.441594 12.452640 12.466988 12.485567 12.509455 12.539922 12.578582 12.627275 12.688161 12.763806 12.857244 12.971991 13.112358 13.283520 13.491810 13.745510 14.055377 14.436141 14.907871 15.498008 16.243914 17.195118 18.415672 19.988432 22.018904 24.641848 28.030886 32.411758 38.087273 45.549610 55.780449 71.077103 97.252357 152.000000
11.472048 11.472056 11.472068 11.472085 11.472111 11.472148 11.472201 11.472272 11.472381 11.472538 11.472759 11.473071 11.473507 11.474119 11.474957 11.476110 11.477687 11.479832 11.482718 11.486579 11.491728 11.498528 11.507482 11.519197 11.534367 11.553932 11.578983 11.610827 11.651096 11.701657 11.764724 11.842887 11.939278 12.057525 12.202132 12.378600 12.593753 12.856643 13.179116 13.577453 14.073663 14.697536 15.488805 16.499004 17.793133 19.453131 21.581238 24.306345 27.793915 32.260464 38.000423 45.501945 55.752674 71.085587 97.347466 0.000000
10.559981 10.559992 10.560007 10.560030 10.560062 10.560110 10.560176 10.560265 10.560400 10.560592 10.560861 10.561235 10.561756 10.562480 10.563461 10.564800 10.566616 10.569068 10.572335 10.576681 10.582432 10.589973 10.599835 10.612660 10.629160 10.650323 10.677269 10.711347 10.754230 10.807840 10.874454 10.956761 11.058020 11.182086 11.333822 11.519269 11.746105 12.024625 12.368426 12.796142 13.332702 14.011133 14.874292 15.975979 17.381603 19.170790 21.440050 24.309048 27.931673 32.512184 38.335831 45.890869 56.187725 71.587555 0.000000 0.000000
9.681019 9.681035 9.681055 9.681084 9.681128 9.681190 9.681275 9.681394 9.681568 9.681812 9.682150 9.682617 9.683258 9.684140 9.685329 9.686935 9.689094 9.691979 9.695795 9.700827 9.707435 9.716022 9.727164 9.741537 9.759900 9.783290 9.812875 9.850068 9.896591 9.954452 10.026034 10.114170 10.222353 10.354783 10.516874 10.715494 10.959555 11.261091 11.636047 12.106036 12.699450 13.452867 14.412126 15.632436 17.178019 19.123804 21.557789 24.587887 28.354656 33.050755 38.956810 46.573978 56.917961 0.000000 0.000000 0.000000
8.833858 8.833878 8.833906 8.833948 8.834007 8.834090 8.834207 8.834362 8.834590 8.834907 8.835340 8.835935 8.836743 8.837846 8.839317 8.841285 8.843905 8.847375 8.851926 8.857872 8.865611 8.875587 8.888416 8.904821 8.925629 8.951929 8.984960 9.026208 9.077476 9.140899 9.219016 9.314887 9.432341 9.576109 9.752408 9.969262 10.237222 10.570533 10.987941 11.514422 12.181896 13.030117 14.106814 15.466797 17.170572 19.285578 21.888823 25.075178 28.972933 33.768589 39.749855 47.409561 0.000000 0.000000 0.000000 0.000000
8.020247 8.020276 8.020315 8.020372 8.020452 8.020566 8.020721 8.020932 8.021234 8.021648 8.022213 8.022979 8.024013 8.025406 8.027251 8.029697 8.032926 8.037161 8.042665 8.049796 8.058995 8.070757 8.085747 8.104753 8.128670 8.158670 8.196068 8.242458 8.299756 8.370272 8.456787 8.562679 8.692301 8.851129 9.046480 9.287901 9.587996 9.963623 10.436605 11.035282 11.794679 12.756604 13.968875 15.483333 17.353857 19.637821 22.399763 25.722498 29.727345 34.605705 40.630089 0.000000 0.000000 0.000000 0.000000 0.000000
7.243458 7.243498 7.243554 7.243634 7.243745 7.243899 7.244110 7.244390 7.244791 7.245337 7.246077 7.247071 7.248399 7.250180 7.252515 7.255584 7.259602 7.264817 7.271551 7.280195 7.291249 7.305268 7.322989 7.345263 7.373079 7.407700 7.450552 7.503365 7.568229 7.647693 7.744888 7.863667 8.009121 8.187736 8.408282 8.682190 9.024459 9.454806 9.998132 10.685711 11.554633 12.647049 14.008375 15.684669 17.720478 20.161409 23.060310 26.492746 30.583380 35.505703 0.000000 0.000000 0.000000 0.000000 0.000000 0.000000
6.506971 6.507027 6.507105 6.507217 6.507369 6.507579 6.507864 6.508242 6.508778 6.509501 6.510472 6.511766 6.513484 6.515765 6.518734 6.522608 6.527631 6.534104 6.542393 6.552948 6.566329 6.583173 6.604290 6.630623 6.663269 6.703605 6.753201 6.813976 6.888262 6.978954 7.089674 7.224959 7.390879 7.595249 7.848630 8.164652 8.560909 9.059966 9.689380 10.482419 11.476639 12.712235 14.229497 16.065992 18.255156 20.831305 23.839949 27.359102 31.493599 0.000000 0.000000 0.000000 0.000000 0.000000 0.000000 0.000000
5.813870 5.813948 5.814056 5.814209 5.814416 5.814702 5.815088 5.815597 5.816311 5.817267 5.818542 5.820228 5.822450 5.825376 5.829160 5.834057 5.840364 5.848421 5.858660 5.871602 5.887876 5.908214 5.933520 5.964841 6.003406 6.050746 6.108623 6.179213 6.265187 6.369925 6.497735 6.654068 6.846256 7.083763 7.379210 7.748611 8.212119 8.794744 9.525843 10.439176 11.570643 12.955880 14.627457 16.612661 18.933952 21.618414 24.713329 28.275639 0.000000 0.000000 0.000000 0.000000 0.000000 0.000000 0.000000 0.000000
5.166553 5.166661 5.166812 5.167019 5.167304 5.167692 5.168212 5.168896 5.169844 5.171106 5.172776 5.174970 5.177838 5.181592 5.186412 5.192604 5.200519 5.210556 5.223223 5.239114 5.258952 5.283573 5.313990 5.351389 5.397164 5.453039 5.521037 5.603684 5.704128 5.826410 5.975755 6.158782 6.384371 6.663882 7.012153 7.447521 7.992305 8.673159 9.519835 10.564638 11.839389 13.372673 15.187514 17.300941 19.728062 22.497395 25.634176 0.000000 0.000000 0.000000 0.000000 0.000000 0.000000 0.000000 0.000000 0.000000
4.566647 4.566797 4.567004 4.567288 4.567675 4.568198 4.568896 4.569809 4.571064 4.572723 4.574903 4.577750 4.581445 4.586248 4.592373 4.600187 4.610108 4.622598 4.638253 4.657762 4.681946 4.711771 4.748385 4.793144 4.847649 4.913883 4.994223 5.091669 5.210018 5.354185 5.530555 5.747166 6.014678 6.346457 6.759495 7.274081 7.913920 8.706005 9.678676 10.860517 12.276919 13.947644 15.886031 18.102201 20.612020 23.421402 0.000000 0.000000 0.000000 0.000000 0.000000 0.000000 0.000000 0.000000 0.000000 0.000000
4.014933 4.015139 4.015423 4.015809 4.016331 4.017035 4.017967 4.019181 4.020834 4.023006 4.025840 4.029517 4.034257 4.040380 4.048137 4.057969 4.070367 4.085875 4.105184 4.129089 4.158536 4.194647 4.238729 4.292357 4.357398 4.436184 4.531568 4.647188 4.787683 4.959070 5.169131 5.427526 5.746785 6.142198 6.632551 7.239308 7.986343 8.899321 10.003054 11.320230 12.868081 14.657304 16.694633 18.990952 21.538586 0.000000 0.000000 0.000000 0.000000 0.000000 0.000000 0.000000 0.000000 0.000000 0.000000 0.000000
3.511380 3.511662 3.512048 3.512570 3.513273 3.514212 3.515452 3.517058 3.519225 3.522053 3.525721 3.530448 3.536504 3.544270 3.554052 3.566372 3.581811 3.600996 3.624739 3.653957 3.689743 3.733398 3.786448 3.850732 3.928478 4.022484 4.136224 4.274160 4.441999 4.647069 4.898730 5.208331 5.590177 6.061098 6.640953 7.351237 8.214418 9.252862 10.485842 11.928481 13.589612 15.473687 17.588037 19.919773 0.000000 0.000000 0.000000 0.000000 0.000000 0.000000 0.000000 0.000000 0.000000 0.000000 0.000000 0.000000
3.055207 3.055592 3.056114 3.056816 3.057755 3.059002 3.060639 3.062754 3.065578 3.069242 3.073962 3.080009 3.087702 3.097508 3.109786 3.125152 3.144290 3.167930 3.197018 3.232617 3.275996 3.328684 3.392475 3.469564 3.562649 3.675133 3.811298 3.976624 4.178078 4.424472 4.726788 5.097950 5.553664 6.111585 6.791581 7.613664 8.597082 9.759028 11.111686 12.662368 14.414075 16.371874 18.518892 0.000000 0.000000 0.000000 0.000000 0.000000 0.000000 0.000000 0.000000 0.000000 0.000000 0.000000 0.000000 0.000000
2.644941 2.645461 2.646163 2.647102 2.648350 2.649997 2.652148 2.654915 2.658575 2.663293 2.669334 2.677025 2.686749 2.699060 2.714390 2.733461 2.757077 2.786079 2.821577 2.864810 2.917259 2.980743 3.057403 3.149900 3.261539 3.396496 3.560048 3.758882 4.001360 4.297811 4.660717 5.104188 5.644647 6.299546 7.087328 8.024860 9.126390 10.402534 11.858117 13.495070 15.317063 17.304745 0.000000 0.000000 0.000000 0.000000 0.000000 0.000000 0.000000 0.000000 0.000000 0.000000 0.000000 0.000000 0.000000 0.000000
2.278557 2.279258 2.280197 2.281444 2.283091 2.285254 2.288062 2.291663 2.296379 2.302420 2.310108 2.319835 2.332059 2.347427 2.366466 2.390015 2.419014 2.454441 2.497596 2.549931 2.613204 2.689595 2.781703 2.892786 3.026919 3.189223 3.386137 3.625683 3.917638 4.273697 4.707470 5.233585 5.868180 6.627166 7.525969 8.576679 9.787226 11.161436 12.699067 14.402854 16.251894 0.000000 0.000000 0.000000 0.000000 0.000000 0.000000 0.000000 0.000000 0.000000 0.000000 0.000000 0.000000 0.000000 0.000000 0.000000
1.953601 1.954539 1.955786 1.957433 1.959596 1.962417 1.966060 1.970718 1.976756 1.984445 1.994170 2.006402 2.021682 2.040765 2.064286 2.093217 2.128656 2.171752 2.224031 2.287216 2.363412 2.455272 2.565970 2.699528 2.860957 3.056469 3.293779 3.582244 3.932907 4.358449 4.872943 5.490576 6.225925 7.091863 8.099274 9.254270 10.558261 12.010496 13.611574 15.339589 0.000000 0.000000 0.000000 0.000000 0.000000 0.000000 0.000000 0.000000 0.000000 0.000000 0.000000 0.000000 0.000000 0.000000 0.000000 0.000000
1.667327 1.668574 1.670221 1.672383 1.675204 1.678863 1.683562 1.689541 1.697228 1.706957 1.719186 1.734479 1.753473 1.777041 1.805947 1.841319 1.884439 1.936667 1.999812 2.075939 2.167601 2.278049 2.411188 2.571953 2.766447 3.002052 3.287761 3.634099 4.052988 4.557455 5.161090 5.876429 6.715077 7.685427 8.792721 10.036966 11.415133 12.927587 14.550173 0.000000 0.000000 0.000000 0.000000 0.000000 0.000000 0.000000 0.000000 0.000000 0.000000 0.000000 0.000000 0.000000 0.000000 0.000000 0.000000 0.000000
1.416810 1.418456 1.420618 1.423439 1.427097 1.431814 1.437835 1.445462 1.455189 1.467425 1.482715 1.501724 1.525204 1.554159 1.589507 1.632559 1.684820 1.747918 1.824017 1.915617 2.025847 2.158699 2.318960 2.512614 2.746944 3.030472 3.373296 3.786726 4.282926 4.874350 5.572938 6.388247 7.327548 8.393761 9.586358 10.901308 12.336590 13.867965 0.000000 0.000000 0.000000 0.000000 0.000000 0.000000 0.000000 0.000000 0.000000 0.000000 0.000000 0.000000 0.000000 0.000000 0.000000 0.000000 0.000000 0.000000
1.199056 1.201217 1.204038 1.207696 1.212410 1.218453 1.226122 1.235789 1.248023 1.263323 1.282329 1.305824 1.334690 1.370089 1.413117 1.465308 1.528445 1.604495 1.696072 1.806236 1.938820 2.098716 2.291714 2.524925 2.806778 3.146745 3.555646 4.044943 4.626149 5.310031 6.105598 7.018145 8.049689 9.197618 10.457621 11.826916 13.278646 0.000000 0.000000 0.000000 0.000000 0.000000 0.000000 0.000000 0.000000 0.000000 0.000000 0.000000 0.000000 0.000000 0.000000 0.000000 0.000000 0.000000 0.000000 0.000000
1.011109 1.013929 1.017586 1.022300 1.028339 1.036032 1.045741 1.057915 1.073211 1.092230 1.115722 1.144607 1.179917 1.222995 1.275161 1.338223 1.414316 1.505835 1.615970 1.748466 1.908012 2.100513 2.332828 2.613158 2.950888 3.356039 3.839527 4.412098 5.083541 5.861688 6.751441 7.752950 8.862976 10.075320 11.387015 12.770558 0.000000 0.000000 0.000000 0.000000 0.000000 0.000000 0.000000 0.000000 0.000000 0.000000 0.000000 0.000000 0.000000 0.000000 0.000000 0.000000 0.000000 0.000000 0.000000 0.000000
0.850107 0.853763 0.858478 0.864516 0.872204 0.881939 0.894156 0.909392 0.928408 0.951917 0.980796 1.016126 1.059116 1.111331 1.174364 1.250372 1.341934 1.451991 1.584441 1.743850 1.935874 2.167494 2.446589 2.782247 3.184417 3.663041 4.228281 4.889119 5.652430 6.521997 7.497787 8.574853 9.746592 11.008241 12.332074 0.000000 0.000000 0.000000 0.000000 0.000000 0.000000 0.000000 0.000000 0.000000 0.000000 0.000000 0.000000 0.000000 0.000000 0.000000 0.000000 0.000000 0.000000 0.000000 0.000000 0.000000
0.713359 0.718071 0.724109 0.731797 0.741525 0.753770 0.769049 0.788005 0.811510 0.840411 0.875733 0.918745 0.970872 1.033951 1.109926 1.201388 1.311482 1.443821 1.603146 1.794952 2.025912 2.304029 2.637995 3.037387 3.512100 4.071148 4.722930 5.473523 6.325808 7.278770 8.327499 9.463844 10.682719 11.954622 0.000000 0.000000 0.000000 0.000000 0.000000 0.000000 0.000000 0.000000 0.000000 0.000000 0.000000 0.000000 0.000000 0.000000 0.000000 0.000000 0.000000 0.000000 0.000000 0.000000 0.000000 0.000000
0.598375 0.604411 0.612099 0.621827 0.634063 0.649372 0.668369 0.691816 0.720711 0.756061 0.799062 0.851213 0.914207 0.990220 1.081643 1.191615 1.323974 1.483138 1.674796 1.905412 2.182617 2.515224 2.912337 3.383403 3.937434 4.581522 5.321199 6.158615 7.091969 8.115520 9.221342 10.402870 11.630306 0.000000 0.000000 0.000000 0.000000 0.000000 0.000000 0.000000 0.000000 0.000000 0.000000 0.000000 0.000000 0.000000 0.000000 0.000000 0.000000 0.000000 0.000000 0.000000 0.000000 0.000000 0.000000 0.000000
0.502908 0.510592 0.520320 0.532556 0.547857 0.566886 0.590371 0.619210 0.654552 0.697588 0.749724 0.812741 0.888672 0.980124 1.090045 1.222254 1.381407 1.572827 1.803197 2.079877 2.411242 2.806508 3.274572 3.823939 4.461753 5.192126 6.016744 6.933170 7.935035 9.013721 10.162982 11.351523 0.000000 0.000000 0.000000 0.000000 0.000000 0.000000 0.000000 0.000000 0.000000 0.000000 0.000000 0.000000 0.000000 0.000000 0.000000 0.000000 0.000000 0.000000 0.000000 0.000000 0.000000 0.000000 0.000000 0.000000
0.424970 0.434693 0.446930 0.462230 0.481249 0.504769 0.533644 0.568931 0.611956 0.664135 0.727133 0.803088 0.894458 1.004396 1.136536 1.295498 1.486860 1.716886 1.993176 2.323767 2.717371 3.182988 3.728502 4.360512 5.083261 5.896932 6.798759 7.781868 8.837150 9.957702 11.112607 0.000000 0.000000 0.000000 0.000000 0.000000 0.000000 0.000000 0.000000 0.000000 0.000000 0.000000 0.000000 0.000000 0.000000 0.000000 0.000000 0.000000 0.000000 0.000000 0.000000 0.000000 0.000000 0.000000 0.000000 0.000000
0.362850 0.375080 0.390380 0.409400 0.432909 0.461822 0.497142 0.540113 0.592277 0.655327 0.731257 0.822650 0.932505 1.064645 1.223512 1.414627 1.644521 1.920322 2.250329 2.642831 3.106274 3.648635 4.275836 4.991558 5.796237 6.685546 7.652454 8.687455 9.783220 10.908195 0.000000 0.000000 0.000000 0.000000 0.000000 0.000000 0.000000 0.000000 0.000000 0.000000 0.000000 0.000000 0.000000 0.000000 0.000000 0.000000 0.000000 0.000000 0.000000 0.000000 0.000000 0.000000 0.000000 0.000000 0.000000 0.000000
0.315118 0.330410 0.349430 0.372939 0.401840 0.437203 0.480203 0.532313 0.595344 0.671335 0.762698 0.872574 1.004625 1.163468 1.354452 1.584022 1.859587 2.188915 2.580578 3.042513 3.582097 4.205348 4.915234 5.711649 6.590665 7.543652 8.561119 9.635389 10.734501 0.000000 0.000000 0.000000 0.000000 0.000000 0.000000 0.000000 0.000000 0.000000 0.000000 0.000000 0.000000 0.000000 0.000000 0.000000 0.000000 0.000000 0.000000 0.000000 0.000000 0.000000 0.000000 0.000000 0.000000 0.000000 0.000000 0.000000
0.280634 0.299643 0.323152 0.352054 0.387402 0.430451 0.482586 0.545563 0.621529 0.712963 0.822802 0.954870 1.113615 1.304541 1.533927 1.809069 2.138020 2.528761 2.989540 3.527134 4.146930 4.852014 5.641546 6.511110 7.452658 8.455025 9.510697 10.587358 0.000000 0.000000 0.000000 0.000000 0.000000 0.000000 0.000000 0.000000 0.000000 0.000000 0.000000 0.000000 0.000000 0.000000 0.000000 0.000000 0.000000 0.000000 0.000000 0.000000 0.000000 0.000000 0.000000 0.000000 0.000000 0.000000 0.000000 0.000000
0.258546 0.282043 0.310943 0.346293 0.389325 0.441517 0.504514 0.580423 0.671825 0.781743 0.913767 1.072521 1.263330 1.492616 1.767503 2.095900 2.486082 2.945642 3.481700 4.098961 4.799864 5.583723 6.445416 7.376438 8.366426 9.406047 10.463280 0.000000 0.000000 0.000000 0.000000 0.000000 0.000000 0.000000 0.000000 0.000000 0.000000 0.000000 0.000000 0.000000 0.000000 0.000000 0.000000 0.000000 0.000000 0.000000 0.000000 0.000000 0.000000 0.000000 0.000000 0.000000 0.000000 0.000000 0.000000 0.000000
0.248298 0.277184 0.312531 0.355566 0.407739 0.470801 0.546725 0.638068 0.747946 0.880054 1.038754 1.229561 1.458701 1.733428 2.061475 2.450945 2.909720 3.444214 4.059502 4.757281 5.536223 6.391407 7.313673 8.292228 9.318732 10.359172 0.000000 0.000000 0.000000 0.000000 0.000000 0.000000 0.000000 0.000000 0.000000 0.000000 0.000000 0.000000 0.000000 0.000000 0.000000 0.000000 0.000000 0.000000 0.000000 0.000000 0.000000 0.000000 0.000000 0.000000 0.000000 0.000000 0.000000 0.000000 0.000000 0.000000
0.249630 0.284961 0.327991 0.380169 0.443209 0.519209 0.610559 0.720375 0.852434 1.011220 1.201959 1.431080 1.705619 2.033429 2.422429 2.880298 3.413738 4.027075 4.722411 5.497626 6.347182 7.262194 8.231257 9.245598 10.272342 0.000000 0.000000 0.000000 0.000000 0.000000 0.000000 0.000000 0.000000 0.000000 0.000000 0.000000 0.000000 0.000000 0.000000 0.000000 0.000000 0.000000 0.000000 0.000000 0.000000 0.000000 0.000000 0.000000 0.000000 0.000000 0.000000 0.000000 0.000000 0.000000 0.000000 0.000000
0.262589 0.305601 0.357770 0.420818 0.496794 0.588233 0.698046 0.830039 0.988764 1.179588 1.408621 1.683115 2.010681 2.399346 2.856597 3.388904 4.000884 4.693847 5.466135 6.311391 7.220142 8.181327 9.185589 10.199604 0.000000 0.000000 0.000000 0.000000 0.000000 0.000000 0.000000 0.000000 0.000000 0.000000 0.000000 0.000000 0.000000 0.000000 0.000000 0.000000 0.000000 0.000000 0.000000 0.000000 0.000000 0.000000 0.000000 0.000000 0.000000 0.000000 0.000000 0.000000 0.000000 0.000000 0.000000 0.000000
0.287540 0.339690 0.402724 0.478713 0.570124 0.680040 0.812017 0.970672 1.161421 1.390530 1.664912 1.992395 2.380742 2.837538 3.369050 3.979640 4.670917 5.440406 6.282266 7.186196 8.140595 9.136477 10.139961 0.000000 0.000000 0.000000 0.000000 0.000000 0.000000 0.000000 0.000000 0.000000 0.000000 0.000000 0.000000 0.000000 0.000000 0.000000 0.000000 0.000000 0.000000 0.000000 0.000000 0.000000 0.000000 0.000000 0.000000 0.000000 0.000000 0.000000 0.000000 0.000000 0.000000 0.000000 0.000000 0.000000
0.325193 0.388209 0.464176 0.555605 0.665490 0.797587 0.956208 1.146881 1.375898 1.650339 1.977678 2.365893 2.822279 3.353192 3.962789 4.652402 5.419867 6.258514 7.158628 8.107768 9.096440 10.091161 0.000000 0.000000 0.000000 0.000000 0.000000 0.000000 0.000000 0.000000 0.000000 0.000000 0.000000 0.000000 0.000000 0.000000 0.000000 0.000000 0.000000 0.000000 0.000000 0.000000 0.000000 0.000000 0.000000 0.000000 0.000000 0.000000 0.000000 0.000000 0.000000 0.000000 0.000000 0.000000 0.000000 0.000000
0.376641 0.452591 0.543989 0.653898 0.785960 0.944719 1.135336 1.364269 1.638598 1.965974 2.354001 2.810192 3.340588 3.949425 4.637828 5.403346 6.239645 7.136171 8.081142 9.064205 10.051378 0.000000 0.000000 0.000000 0.000000 0.000000 0.000000 0.000000 0.000000 0.000000 0.000000 0.000000 0.000000 0.000000 0.000000 0.000000 0.000000 0.000000 0.000000 0.000000 0.000000 0.000000 0.000000 0.000000 0.000000 0.000000 0.000000 0.000000 0.000000 0.000000 0.000000 0.000000 0.000000 0.000000 0.000000 0.000000
0.443413 0.534800 0.644666 0.776759 0.935480 1.126252 1.355103 1.629337 1.956574 2.344605 2.800555 3.330679 3.938876 4.626348 5.390435 6.224512 7.118403 8.059474 9.038076 10.019373 0.000000 0.000000 0.000000 0.000000 0.000000 0.000000 0.000000 0.000000 0.000000 0.000000 0.000000 0.000000 0.000000 0.000000 0.000000 0.000000 0.000000 0.000000 0.000000 0.000000 0.000000 0.000000 0.000000 0.000000 0.000000 0.000000 0.000000 0.000000 0.000000 0.000000 0.000000 0.000000 0.000000 0.000000 0.000000 0.000000
0.527559 0.637424 0.769457 0.928219 1.118950 1.347974 1.622094 1.949222 2.337084 2.792993 3.322813 3.930648 4.617346 5.380322 6.212758 7.104183 8.042371 9.016828 9.993433 0.000000 0.000000 0.000000 0.000000 0.000000 0.000000 0.000000 0.000000 0.000000 0.000000 0.000000 0.000000 0.000000 0.000000 0.000000 0.000000 0.000000 0.000000 0.000000 0.000000 0.000000 0.000000 0.000000 0.000000 0.000000 0.000000 0.000000 0.000000 0.000000 0.000000 0.000000 0.000000 0.000000 0.000000 0.000000 0.000000 0.000000
0.631740 0.763791 0.922468 1.113252 1.342232 1.616542 1.943517 2.331251 2.786956 3.316683 3.924137 4.610368 5.372440 6.203590 7.093182 8.028696 9.000072 9.972339 0.000000 0.000000 0.000000 0.000000 0.000000 0.000000 0.000000 0.000000 0.000000 0.000000 0.000000 0.000000 0.000000 0.000000 0.000000 0.000000 0.000000 0.000000 0.000000 0.000000 0.000000 0.000000 0.000000 0.000000 0.000000 0.000000 0.000000 0.000000 0.000000 0.000000 0.000000 0.000000 0.000000 0.000000 0.000000 0.000000 0.000000 0.000000
0.759349 0.918073 1.108739 1.337785 1.612048 1.939229 2.326768 2.782321 3.311799 3.919099 4.604872 5.366366 6.196480 7.084629 8.018148 8.986683 9.955719 0.000000 0.000000 0.000000 0.000000 0.000000 0.000000 0.000000 0.000000 0.000000 0.000000 0.000000 0.000000 0.000000 0.000000 0.000000 0.000000 0.000000 0.000000 0.000000 0.000000 0.000000 0.000000 0.000000 0.000000 0.000000 0.000000 0.000000 0.000000 0.000000 0.000000 0.000000 0.000000 0.000000 0.000000 0.000000 0.000000 0.000000 0.000000 0.000000
0.914611 1.105365 1.334251 1.608594 1.935723 2.323481 2.778792 3.308091 3.915096 4.600645 5.361594 6.191024 7.078019 8.009964 8.976375 9.942436 0.000000 0.000000 0.000000 0.000000 0.000000 0.000000 0.000000 0.000000 0.000000 0.000000 0.000000 0.000000 0.000000 0.000000 0.000000 0.000000 0.000000 0.000000 0.000000 0.000000 0.000000 0.000000 0.000000 0.000000 0.000000 0.000000 0.000000 0.000000 0.000000 0.000000 0.000000 0.000000 0.000000 0.000000 0.000000 0.000000 0.000000 0.000000 0.000000 0.000000
1.102667 1.331698 1.605827 1.933052 2.320752 2.776291 3.305297 3.912090 4.597295 5.357954 6.186756 7.072964 8.003653 8.968380 9.932219 0.000000 0.000000 0.000000 0.000000 0.000000 0.000000 0.000000 0.000000 0.000000 0.000000 0.000000 0.000000 0.000000 0.000000 0.000000 0.000000 0.000000 0.000000 0.000000 0.000000 0.000000 0.000000 0.000000 0.000000 0.000000 0.000000 0.000000 0.000000 0.000000 0.000000 0.000000 0.000000 0.000000 0.000000 0.000000 0.000000 0.000000 0.000000 0.000000 0.000000 0.000000
1.329584 1.603939 1.930878 2.318690 2.774164 3.303404 3.909853 4.594810 5.355069 6.183515 7.069021 7.998841 8.962229 9.924301 0.000000 0.000000 0.000000 0.000000 0.000000 0.000000 0.000000 0.000000 0.000000 0.000000 0.000000 0.000000 0.000000 0.000000 0.000000 0.000000 0.000000 0.000000 0.000000 0.000000 0.000000 0.000000 0.000000 0.000000 0.000000 0.000000 0.000000 0.000000 0.000000 0.000000 0.000000 0.000000 0.000000 0.000000 0.000000 0.000000 0.000000 0.000000 0.000000 0.000000 0.000000 0.000000
1.602258 1.929533 2.316972 2.772573 3.301737 3.908419 4.592983 5.352958 6.180951 7.066046 7.995093 8.957546 9.918206 0.000000 0.000000 0.000000 0.000000 0.000000 0.000000 0.000000 0.000000 0.000000 0.000000 0.000000 0.000000 0.000000 0.000000 0.000000 0.000000 0.000000 0.000000 0.000000 0.000000 0.000000 0.000000 0.000000 0.000000 0.000000 0.000000 0.000000 0.000000 0.000000 0.000000 0.000000 0.000000 0.000000 0.000000 0.000000 0.000000 0.000000 0.000000 0.000000 0.000000 0.000000 0.000000 0.000000
1.928162 2.316073 2.771196 3.300501 3.907096 4.591884 5.351419 6.179091 7.063684 7.992270 8.953898 9.913575 0.000000 0.000000 0.000000 0.000000 0.000000 0.000000 0.000000 0.000000 0.000000 0.000000 0.000000 0.000000 0.000000 0.000000 0.000000 0.000000 0.000000 0.000000 0.000000 0.000000 0.000000 0.000000 0.000000 0.000000 0.000000 0.000000 0.000000 0.000000 0.000000 0.000000 0.000000 0.000000 0.000000 0.000000 0.000000 0.000000 0.000000 0.000000 0.000000 0.000000 0.000000 0.000000 0.000000 0.000000
2.314909 2.770670 3.299377 3.906125 4.590813 5.350558 6.177746 7.061982 7.990026 8.951153 9.909964 0.000000 0.000000 0.000000 0.000000 0.000000 0.000000 0.000000 0.000000 0.000000 0.000000 0.000000 0.000000 0.000000 0.000000 0.000000 0.000000 0.000000 0.000000 0.000000 0.000000 0.000000 0.000000 0.000000 0.000000 0.000000 0.000000 0.000000 0.000000 0.000000 0.000000 0.000000 0.000000 0.000000 0.000000 0.000000 0.000000 0.000000 0.000000 0.000000 0.000000 0.000000 0.000000 0.000000 0.000000 0.000000
2.769628 3.299163 3.905185 4.590032 5.349664 6.177050 7.060759 7.988420 8.948971 9.907248 0.000000 0.000000 0.000000 0.000000 0.000000 0.000000 0.000000 0.000000 0.000000 0.000000 0.000000 0.000000 0.000000 0.000000 0.000000 0.000000 0.000000 0.000000 0.000000 0.000000 0.000000 0.000000 0.000000 0.000000 0.000000 0.000000 0.000000 0.000000 0.000000 0.000000 0.000000 0.000000 0.000000 0.000000 0.000000 0.000000 0.000000 0.000000 0.000000 0.000000 0.000000 0.000000 0.000000 0.000000 0.000000 0.000000
3.298180 3.905223 4.589219 5.349018 6.176272 7.060170 7.987273 8.947413 9.905087 0.000000 0.000000 0.000000 0.000000 0.000000 0.000000 0.000000 0.000000 0.000000 0.000000 0.000000 0.000000 0.000000 0.000000 0.000000 0.000000 0.000000 0.000000 0.000000 0.000000 0.000000 0.000000 0.000000 0.000000 0.000000 0.000000 0.000000 0.000000 0.000000 0.000000 0.000000 0.000000 0.000000 0.000000 0.000000 0.000000 0.000000 0.000000 0.000000 0.000000 0.000000 0.000000 0.000000 0.000000 0.000000 0.000000 0.000000
3.904256 4.589454 5.348288 6.175715 7.059466 7.986747 8.946305 9.903549 0.000000 0.000000 0.000000 0.000000 0.000000 0.000000 0.000000 0.000000 0.000000 0.000000 0.000000 0.000000 0.000000 0.000000 0.000000 0.000000 0.000000 0.000000 0.000000 0.000000 0.000000 0.000000 0.000000 0.000000 0.000000 0.000000 0.000000 0.000000 0.000000 0.000000 0.000000 0.000000 0.000000 0.000000 0.000000 0.000000 0.000000 0.000000 0.000000 0.000000 0.000000 0.000000 0.000000 0.000000 0.000000 0.000000 0.000000 0.000000
4.588479 5.348662 6.175037 7.058966 7.986087 8.945815 9.902455 0.000000 0.000000 0.000000 0.000000 0.000000 0.000000 0.000000 0.000000 0.000000 0.000000 0.000000 0.000000 0.000000 0.000000 0.000000 0.000000 0.000000 0.000000 0.000000 0.000000 0.000000 0.000000 0.000000 0.000000 0.000000 0.000000 0.000000 0.000000 0.000000 0.000000 0.000000 0.000000 0.000000 0.000000 0.000000 0.000000 0.000000 0.000000 0.000000 0.000000 0.000000 0.000000 0.000000 0.000000 0.000000 0.000000 0.000000 0.000000 0.000000
5.347678 6.175495 7.058317 7.985620 8.945172 9.901980 0.000000 0.000000 0.000000 0.000000 0.000000 0.000000 0.000000 0.000000 0.000000 0.000000 0.000000 0.000000 0.000000 0.000000 0.000000 0.000000 0.000000 0.000000 0.000000 0.000000 0.000000 0.000000 0.000000 0.000000 0.000000 0.000000 0.000000 0.000000 0.000000 0.000000 0.000000 0.000000 0.000000 0.000000 0.000000 0.000000 0.000000 0.000000 0.000000 0.000000 0.000000 0.000000 0.000000 0.000000 0.000000 0.000000 0.000000 0.000000 0.000000 0.000000
6.174515 7.058816 7.984984 8.944722 9.901344 0.000000 0.000000 0.000000 0.000000 0.000000 0.000000 0.000000 0.000000 0.000000 0.000000 0.000000 0.000000 0.000000 0.000000 0.000000 0.000000 0.000000 0.000000 0.000000 0.000000 0.000000 0.000000 0.000000 0.000000 0.000000 0.000000 0.000000 0.000000 0.000000 0.000000 0.000000 0.000000 0.000000 0.000000 0.000000 0.000000 0.000000 0.000000 0.000000 0.000000 0.000000 0.000000 0.000000 0.000000 0.000000 0.000000 0.000000 0.000000 0.000000 0.000000 0.000000
7.057851 7.985497 8.944092 9.900903 0.000000 0.000000 0.000000 0.000000 0.000000 0.000000 0.000000 0.000000 0.000000 0.000000 0.000000 0.000000 0.000000 0.000000 0.000000 0.000000 0.000000 0.000000 0.000000 0.000000 0.000000 0.000000 0.000000 0.000000 0.000000 0.000000 0.000000 0.000000 0.000000 0.000000 0.000000 0.000000 0.000000 0.000000 0.000000 0.000000 0.000000 0.000000 0.000000 0.000000 0.000000 0.000000 0.000000 0.000000 0.000000 0.000000 0.000000 0.000000 0.000000 0.000000 0.000000 0.000000
7.984555 8.944613 9.900273 0.000000 0.000000 0.000000 0.000000 0.000000 0.000000 0.000000 0.000000 0.000000 0.000000 0.000000 0.000000 0.000000 0.000000 0.000000 0.000000 0.000000 0.000000 0.000000 0.000000 0.000000 0.000000 0.000000 0.000000 0.000000 0.000000 0.000000 0.000000 0.000000 0.000000 0.000000 0.000000 0.000000 0.000000 0.000000 0.000000 0.000000 0.000000 0.000000 0.000000 0.000000 0.000000 0.000000 0.000000 0.000000 0.000000 0.000000 0.000000 0.000000 0.000000 0.000000 0.000000 0.000000
8.943686 9.900797 0.000000 0.000000 0.000000 0.000000 0.000000 0.000000 0.000000 0.000000 0.000000 0.000000 0.000000 0.000000 0.000000 0.000000 0.000000 0.000000 0.000000 0.000000 0.000000 0.000000 0.000000 0.000000 0.000000 0.000000 0.000000 0.000000 0.000000 0.000000 0.000000 0.000000 0.000000 0.000000 0.000000 0.000000 0.000000 0.000000 0.000000 0.000000 0.000000 0.000000 0.000000 0.000000 0.000000 0.000000 0.000000 0.000000 0.000000 0.000000 0.000000 0.000000 0.000000 0.000000 0.000000 0.000000
9.899866 0.000000 0.000000 0.000000 0.000000 0.000000 0.000000 0.000000 0.000000 0.000000 0.000000 0.000000 0.000000 0.000000 0.000000 0.000000 0.000000 0.000000 0.000000 0.000000 0.000000 0.000000 0.000000 0.000000 0.000000 0.000000 0.000000 0.000000 0.000000 0.000000 0.000000 0.000000 0.000000 0.000000 0.000000 0.000000 0.000000 0.000000 0.000000 0.000000 0.000000 0.000000 0.000000 0.000000 0.000000 0.000000 0.000000 0.000000 0.000000 0.000000 0.000000 0.000000 0.000000 0.000000 0.000000 0.000000
