0,0,-0.9842679999999997,0.018394000000000688,9.693997,0.0
0,1,-0.9842679999999997,0.018394000000000688,9.693997,0.0
0,2,-0.9841380000000002,0.02966999999999942,9.682721,0.0
0,3,-0.9839669999999998,0.04645400000000066,9.649152999999998,0.0
0,4,-0.983752,0.07055599999999984,9.576847,0.0
0,5,-0.9834965000000002,0.10389999999999944,9.443471000000002,0.0
0,6,-0.9832084999999999,0.14831700000000048,9.221385999999997,0.0
0,7,-0.982907,0.20522000000000062,8.879967999999996,0.0
0,8,-0.9826190000000006,0.2752909999999993,8.389471000000006,0.0
0,9,-0.9823864999999996,0.3581450000000004,7.726638999999997,0.0
0,10,-0.9822435,0.4522560000000002,6.879639999999998,0.0
0,11,-0.9822685,0.5552719999999987,5.849480000000014,0.0
0,12,-0.9822685,0.6659630000000014,4.631878999999984,0.0
0,13,-0.9821845000000007,0.7908359999999988,3.1334030000000155,0.0
0,14,-0.9812289999999999,0.9621960000000005,0.905722999999993,0.0
0,15,-0.9774435000000006,1.2738139999999998,-3.4569289999999953,0.0
0,16,-0.974048999999999,1.9313840000000013,-13.32047900000002,0.0
0,17,-0.9658160000000038,3.3288459999999986,-35.67987099999998,0.0
0,18,-0.9426349999999957,6.240711000000001,-85.18157600000002,0.0
0,19,-0.8908119999999826,11.848778,-186.126782,0.0
1,0,-0.9842679999999997,0.018394000000000688,9.693997,0.009771999999999448
1,1,-0.9841380000000002,0.018653999999999726,9.693737,0.009670999999999097
1,2,-0.9839669999999998,0.03001200000000015,9.682037,0.009532999999999348
1,3,-0.983752,0.04688400000000037,9.647863,0.009352999999999945
1,4,-0.9834965000000002,0.07106699999999933,9.574803000000003,0.009120500000000753
1,5,-0.9832084999999999,0.10447600000000001,9.440591,0.008840499999999807
1,6,-0.982907,0.14892000000000039,9.217767999999998,0.008508999999999212
1,7,-0.9826190000000006,0.20579599999999942,8.875936000000005,0.008137000000000505
1,8,-0.9823864999999996,0.2757560000000012,8.38575099999999,0.007731499999999336
1,9,-0.9822435,0.3584309999999995,7.724065000000005,0.00730949999999897
1,10,-0.9822139999999999,0.45231500000000047,6.879049999999996,0.006870999999999405
1,11,-0.9822685,0.5552719999999987,5.849480000000014,0.006386500000001405
1,12,-0.9821845000000007,0.666131,4.629863,0.005704500000000223
1,13,-0.9812289999999999,0.7927470000000003,3.1085599999999953,0.0043170000000012365
1,14,-0.9774434999999997,0.9697670000000009,0.7997289999999868,0.0008634999999994619
1,15,-0.974048999999999,1.2806029999999986,-3.5587639999999796,0.0
1,16,-0.9580790000000015,1.9396170000000001,-13.459944,0.0
1,17,-0.9063050000000015,3.3520269999999996,-36.110277999999994,0.0
1,18,-0.7875399999999999,6.292534,-86.21766199999999,0.0
2,0,-0.9842679999999997,0.018394000000000688,9.693997,0.0
2,1,-0.9841380000000002,0.018653999999999726,9.693737,0.0
2,2,-0.9839669999999998,0.03001200000000015,9.682037,0.0
2,3,-0.983752,0.04688400000000037,9.647863,0.0
2,4,-0.9834965000000002,0.07106699999999933,9.574803000000003,0.0
2,5,-0.9832084999999999,0.10447600000000001,9.440591,0.0
2,6,-0.982907,0.14892000000000039,9.217767999999998,0.0
2,7,-0.9826190000000006,0.20579599999999942,8.875936000000005,0.0
2,8,-0.9823864999999996,0.2757560000000012,8.38575099999999,0.0
2,9,-0.9822435,0.3584309999999995,7.724065000000005,0.0
2,10,-0.9589569999999998,0.45231500000000047,6.832535999999996,0.0
2,11,-0.9565790000000014,0.5551629999999985,5.799300000000018,0.0
2,12,-0.9539379999999991,0.666131,4.573369999999997,0.0
2,13,-0.9812289999999999,0.7927470000000003,3.1085599999999953,0.0
2,14,-0.9402809999999988,0.9697670000000009,0.7254039999999851,0.0
2,15,-0.9580790000000015,1.2965729999999986,-3.8142839999999776,0.0
2,16,-0.848001,1.9913910000000001,-14.456710000000001,0.0
2,17,-0.6961189999999995,3.470792000000001,-38.43089000000002,0.0
3,0,-0.9740780000000004,0.018654000000001503,9.673617,0.0
3,1,-0.9734030000000002,0.01932899999999904,9.671592,0.0
3,2,-0.9724909999999998,0.030924000000000618,9.657260999999998,0.0
3,3,-0.971304,0.0480710000000002,9.619406,0.0
3,4,-0.9698189999999993,0.07255199999999995,9.541507999999999,0.0
3,5,-0.9680330000000001,0.10626199999999919,9.401310000000004,0.0
3,6,-0.9659789999999999,0.1509740000000006,9.171587999999996,0.0
3,7,-0.9637199999999995,0.20805499999999988,8.822325,0.0
3,8,-0.9613470000000008,0.27812899999999985,8.324688000000004,0.0
3,9,-0.9589569999999998,0.3608210000000005,7.655981999999995,0.0
3,10,-0.9565790000000014,0.4546929999999989,6.8040000000000145,0.0
3,11,-0.9539379999999991,0.5578040000000009,5.764966999999988,0.0
3,12,-0.9498149999999992,0.6702539999999999,4.515647999999999,0.0
3,13,-0.8864529999999995,0.8022810000000007,2.7412379999999903,0.0
3,14,-0.914657,0.9953909999999997,0.3154200000000049,0.0
3,15,-0.848001,1.3632289999999987,-5.034279999999983,0.0
3,16,-0.6961189999999995,2.1432730000000006,-17.190586000000014,0.0
4,0,-0.9439229999999998,0.019329000000000818,9.583151999999998,0.0
4,1,-0.9424519999999994,0.030924000000000618,9.567143999999997,0.0
4,2,-0.9404700000000004,0.03290599999999966,9.557234000000001,0.0
4,3,-0.9378960000000003,0.05064500000000027,9.51146,0.0
4,4,-0.9346740000000002,0.07577400000000001,9.423185,0.0
4,5,-0.9307869999999996,0.11014899999999983,9.270136999999998,0.0
4,6,-0.926285,0.15547600000000017,9.025493999999998,0.0
4,7,-0.9212850000000001,0.21305499999999977,8.660020000000003,0.0
4,8,-0.9159480000000002,0.2834659999999998,8.145795000000003,0.0
4,9,-0.9104210000000004,0.36634800000000034,7.4606309999999985,0.0
4,10,-0.9046549999999991,0.4604590000000002,6.590567999999995,0.0
4,11,-0.8977909999999998,0.5646680000000002,5.521021999999998,0.0
4,12,-0.8864529999999995,0.6815920000000002,4.189505999999996,0.0
4,13,-0.7852540000000001,0.8286079999999991,2.0205180000000116,0.0
4,14,-0.7915070000000011,1.0640099999999997,-1.0146959999999918,0.0
4,15,-0.6299629999999983,1.5247730000000015,-8.111554000000027,0.0
5,0,-0.8992389999999997,0.020800000000001262,9.404415999999998,0.0
5,1,-0.8965070000000006,0.03290599999999966,9.381382000000002,0.0
5,2,-0.8928510000000003,0.03656199999999998,9.359446000000002,0.0
5,3,-0.8881230000000002,0.05537300000000034,9.298184,0.0
5,4,-0.882231,0.08166600000000024,9.189844999999998,0.0
5,5,-0.8751550000000003,0.11722499999999947,9.012229000000005,0.0
5,6,-0.8669760000000002,0.16365500000000033,8.739183999999998,0.0
5,7,-0.8578749999999999,0.22215600000000002,8.342673,0.0
5,8,-0.8480979999999994,0.29324300000000036,7.796178999999994,0.0
5,9,-0.8377970000000001,0.37664899999999957,7.077426000000004,0.0
5,10,-0.826568,0.47168800000000033,6.165929999999997,0.0
5,11,-0.8119800000000001,0.579256,5.017310000000001,0.0
5,12,-0.6869540000000001,0.7083180000000002,2.972497999999998,0.0
5,13,-0.6268350000000007,0.8929080000000003,0.45682300000000087,0.0
5,14,-0.5669009999999997,1.218062999999999,-4.069861999999988,0.0
6,0,-0.8363070000000006,0.023531999999999442,9.089756000000003,0.0
6,1,-0.8317199999999998,0.03656199999999998,9.053790999999999,0.0
6,2,-0.8256479999999993,0.042634000000000505,9.011286999999996,0.0
6,3,-0.8178739999999998,0.06314699999999984,8.923617,0.0
6,4,-0.808255,0.09128500000000006,8.781489,0.0
6,5,-0.7967819999999994,0.12869799999999998,8.562998999999998,0.0
6,6,-0.7835809999999999,0.1768559999999999,8.243003,0.0
6,7,-0.7689130000000004,0.23682399999999948,7.795187000000006,0.0
6,8,-0.7530710000000003,0.3090850000000005,7.194307999999998,0.0
6,9,-0.7360109999999995,0.3937090000000003,6.414955999999995,0.0
6,10,-0.7161980000000003,0.4915009999999995,5.415950000000007,0.0
6,11,-0.6869540000000001,0.6085000000000003,4.070495999999998,0.0
6,12,-0.5106590000000004,0.7684369999999996,1.2534190000000072,0.0
6,13,-0.4877540000000007,1.0319890000000003,-2.0466349999999984,0.0
7,0,-0.7548059999999994,0.028119000000000227,8.600749999999996,0.0
7,1,-0.7476819999999997,0.035243000000001246,8.550881999999998,0.0
7,2,-0.7383630000000001,0.05195300000000014,8.468939,0.0
7,3,-0.7265670000000002,0.07494299999999976,8.340387000000002,0.0
7,4,-0.7121280000000003,0.10572399999999993,8.146971000000002,0.0
7,5,-0.6950450000000004,0.14578099999999994,7.867162000000002,0.0
7,6,-0.6755059999999999,0.19639500000000032,7.477318999999998,0.0
7,7,-0.6538249999999994,0.258505,6.952891999999997,0.0
7,8,-0.6301690000000004,0.3327409999999995,6.2676480000000065,0.0
7,9,-0.6036870000000008,0.420191,5.382674000000005,0.0
7,10,-0.5695439999999996,0.5256440000000007,4.194595999999991,0.0
7,11,-0.5106590000000004,0.6673849999999995,2.3649910000000087,0.0
7,12,-0.38615200000000005,0.892944,-0.9877069999999994,0.0
8,0,-0.657708,0.03524300000000036,7.921064,0.0
8,1,-0.6472730000000002,0.05195300000000014,7.831309000000001,0.0
8,2,-0.633826,0.07494299999999976,7.6912,0.0
8,3,-0.617032,0.09173699999999974,7.5232600000000005,0.0
8,4,-0.5967189999999998,0.12603700000000018,7.257855999999997,0.0
8,5,-0.5729219999999997,0.169578,6.893315999999997,0.0
8,6,-0.5458670000000003,0.2234499999999997,6.407516000000005,0.0
8,7,-0.5157750000000001,0.2885970000000002,5.775897999999999,0.0
8,8,-0.482189,0.3663269999999996,4.9631000000000025,0.0
8,9,-0.44166499999999953,0.46071500000000043,3.8838039999999925,0.0
8,10,-0.3809760000000004,0.5863329999999998,2.2677300000000056,0.0
8,11,-0.26725399999999944,0.7811070000000004,-0.589786000000009,0.0
9,0,-0.5498340000000002,0.04567800000000055,7.058072000000001,0.0
9,1,-0.5352709999999998,0.06024100000000043,6.9270049999999985,0.0
9,2,-0.5168140000000001,0.09173699999999974,6.721516000000001,0.0
9,3,-0.4941119999999999,0.11443899999999996,6.471793999999999,0.0
9,4,-0.46701400000000026,0.1531349999999998,6.111824000000003,0.0
9,5,-0.43557900000000016,0.2010130000000001,5.637397000000002,0.0
9,6,-0.39994799999999975,0.2590810000000001,5.026377999999998,0.0
9,7,-0.35983199999999993,0.32871300000000003,4.247541999999999,0.0
9,8,-0.3126859999999998,0.41347299999999976,3.229908,0.0
9,9,-0.248297,0.5251040000000002,1.7573589999999975,0.0
9,10,-0.14120799999999978,0.693422,-0.7213040000000017,0.0
10,0,-0.436388,0.060240999999999545,6.037058,0.0
10,1,-0.41687699999999994,0.08385700000000007,5.8378429999999994,0.0
10,2,-0.39259100000000013,0.11443899999999996,5.558105000000001,0.0
10,3,-0.36319900000000027,0.14383099999999982,5.205401000000003,0.0
10,4,-0.328576,0.1877580000000001,4.72739,0.0
10,5,-0.28871,0.2590810000000001,4.025236,0.0
10,6,-0.24330000000000007,0.30449100000000007,3.3440860000000003,0.0
10,7,-0.19030799999999992,0.3817050000000002,2.350881999999998,0.0
10,8,-0.1216809999999997,0.4821,0.9618469999999975,0.0
10,9,-0.01809900000000031,0.6286859999999996,-1.2466609999999942,0.0
11,0,-0.322001,0.07975200000000005,4.893187999999999,0.0
11,1,-0.2967660000000001,0.10814299999999988,4.612447000000001,0.0
11,2,-0.2659419999999999,0.13896700000000006,4.242558999999999,0.0
11,3,-0.2292329999999998,0.18053999999999992,3.755613999999998,0.0
11,4,-0.18646199999999968,0.24087900000000007,3.093765999999997,0.0
11,5,-0.1372279999999999,0.29011299999999984,2.355256,0.0
11,6,-0.07972899999999994,0.36199000000000003,1.3633819999999992,0.0
11,7,-0.007336000000000009,0.4540980000000001,0.014410999999999508,0.0
11,8,0.09455099999999961,0.5839869999999996,-2.0155689999999926,0.0
12,0,-0.21018900000000018,0.1049869999999995,3.6632560000000023,0.0
12,1,-0.17855200000000004,0.13896700000000006,3.2812690000000004,0.0
12,2,-0.14060899999999998,0.17691000000000012,2.78801,0.0
12,3,-0.09603800000000007,0.22511099999999984,2.1567560000000014,0.0
12,4,-0.04432500000000017,0.29011299999999984,1.3333230000000027,0.0
12,5,0.0162589999999998,0.36199000000000003,0.30751400000000206,0.0
12,6,0.09143899999999983,0.43717000000000006,-0.9705459999999984,0.0
12,7,0.19240699999999977,0.5550660000000001,-2.8895379999999977,0.0
13,0,-0.1031209999999998,0.13662399999999986,2.3784399999999977,0.0
13,1,-0.06451300000000004,0.17691000000000012,1.8748580000000004,0.0
13,2,-0.018935000000000146,0.22511099999999984,1.2315200000000022,0.0
13,3,0.03422999999999998,0.27827599999999997,0.43404500000000024,0.0
13,4,0.09670099999999993,0.3506969999999998,-0.6013249999999983,0.0
13,5,0.17365200000000014,0.43717000000000006,-1.9571020000000021,0.0
13,6,0.2738940000000003,0.5374120000000002,-3.761458000000005,0.0
14,0,-0.001607000000000136,0.17523199999999983,1.0587580000000019,0.0
14,1,0.04448500000000011,0.22132400000000008,0.41346999999999845,0.0
14,2,0.09842100000000009,0.27827599999999997,-0.4004380000000012,0.0
14,3,0.16193000000000013,0.34471300000000005,-1.425366000000002,0.0
14,4,0.2398410000000002,0.42764800000000003,-2.7699490000000027,0.0
14,5,0.3393609999999998,0.5374120000000002,-4.6125289999999985,0.0
15,0,0.09480299999999997,0.22132400000000008,-0.29098199999999963,0.0
15,1,0.1491119999999999,0.275633,-1.105616999999999,0.0
15,2,0.21313099999999996,0.341785,-2.1333959999999994,0.0
15,3,0.291482,0.4226240000000001,-3.4728270000000006,0.0
15,4,0.39028899999999966,0.5271679999999996,-5.274300999999994,0.0
16,0,0.18778000000000006,0.275633,-1.685637000000001,0.0
16,1,0.2520260000000001,0.34044300000000005,-2.7141370000000014,0.0
16,2,0.3305300000000002,0.42013600000000006,-4.051083000000004,0.0
16,3,0.42870799999999987,0.5214309999999998,-5.827637999999997,0.0
17,0,0.28061099999999994,0.3398789999999998,-3.170932999999999,0.0
17,1,0.35914,0.41840800000000034,-4.5059260000000005,0.0
17,2,0.45682199999999984,0.5183139999999997,-6.268110999999997,0.0
18,0,0.37944500000000003,0.41840799999999945,-4.851111,0.0
18,1,0.47677000000000014,0.516629,-6.603857000000002,0.0
19,0,0.4904949999999999,0.515733,-6.8500109999999985,0.0
