0,0,-0.9791954999999999,0.0006150000000006983,7.827449,0.0
0,1,-0.9791954999999999,0.0006150000000006983,7.827449,0.0
0,2,-0.9791765000000003,0.0012900000000000134,7.826774,0.0
0,3,-0.9791455,0.0023929999999996454,7.824568000000001,0.0
0,4,-0.9790934999999998,0.004354000000000191,7.818684999999999,0.0
0,5,-0.9790105000000002,0.007690999999999448,7.805337000000002,0.0
0,6,-0.9788815,0.013239000000000445,7.777596999999997,0.0
0,7,-0.9786890000000001,0.02212299999999967,7.724293000000002,0.0
0,8,-0.9784145,0.03572400000000009,7.629085999999999,0.0
0,9,-0.9780365,0.056079000000000434,7.466245999999996,0.0
0,10,-0.9775395000000002,0.08531900000000014,7.203085999999999,0.0
0,11,-0.9769150000000004,0.12602399999999925,6.796036000000008,0.0
0,12,-0.9761739999999999,0.18033100000000069,6.198658999999992,0.0
0,13,-0.9753415000000003,0.250197,5.360267,0.0
0,14,-0.9744670000000002,0.33662299999999945,4.2367290000000075,0.0
0,15,-0.9736134999999999,0.4401440000000001,2.7874349999999986,0.0
0,16,-0.9728344999999998,0.5614989999999995,0.967110000000007,0.0
0,17,-0.9721139999999995,0.7087760000000003,-1.3893220000000053,0.0
0,18,-0.971482,0.9146560000000008,-4.889282000000014,0.0
0,19,-0.971482,1.2684829999999998,-11.258167999999996,0.0
0,20,-0.9706949999999992,1.9393539999999998,-24.004716999999996,0.0
0,21,-0.9652940000000001,3.154439,-48.306416999999996,0.0
0,22,-0.9430069999999944,5.247475999999999,-92.26019399999998,0.0
0,23,-0.8865729999999985,9.815722000000001,-192.76160600000003,0.0
1,0,-0.9791954999999999,0.0006150000000006983,7.827449,0.007723500000000438
1,1,-0.9791765000000003,0.0006529999999997926,7.827411000000001,0.0077104999999999535
1,2,-0.9791455,0.001352000000000686,7.826649999999999,0.007689499999999239
1,3,-0.9790934999999998,0.0024969999999999715,7.824256,0.007653499999999536
1,4,-0.9790105000000002,0.004519999999999413,7.8180210000000026,0.007595499999999866
1,5,-0.9788815,0.007948999999999984,7.804047,0.007503500000000329
1,6,-0.9786890000000001,0.01362400000000008,7.775287,0.007366000000000206
1,7,-0.9784145,0.03572400000000009,7.629085999999999,0.007167499999999993
1,8,-0.9780365,0.03648000000000007,7.623037999999999,0.006888500000000519
1,9,-0.9775395000000002,0.05707299999999993,7.457300000000001,0.006514500000000201
1,10,-0.9769150000000004,0.08656799999999976,7.190596000000003,0.006032999999999955
1,11,-0.9761739999999999,0.12750600000000034,6.779733999999996,0.005439000000000416
1,12,-0.9753415000000003,0.18199599999999982,6.1786790000000025,0.004735500000000226
1,13,-0.9744670000000002,0.2519460000000002,5.337529999999997,0.00394199999999989
1,14,-0.9736134999999999,0.33833,4.2128309999999995,0.0030815000000004034
1,15,-0.9728344999999998,0.44170200000000026,2.764064999999996,0.0021735000000000504
1,16,-0.9721139999999995,0.5629400000000002,0.944053999999996,0.0011849999999995475
1,17,-0.9712770000000006,0.7104499999999971,-1.4177799999999523,0.0
1,18,-0.9712770000000006,0.9144510000000015,-4.885797000000025,0.0
1,19,-0.970695000000001,1.2692699999999988,-11.273120999999977,0.0
1,20,-0.9652940000000001,1.9447550000000007,-24.112737000000013,0.0
1,21,-0.9138769999999994,3.1767259999999986,-48.803573999999976,0.0
1,22,-0.8865729999999985,5.303910000000002,-93.50174200000004,0.0
2,0,-0.9791954999999999,0.0006150000000006983,7.827449,0.0
2,1,-0.9791765000000003,0.0006529999999997926,7.827411000000001,0.0
2,2,-0.9791455,0.001352000000000686,7.826649999999999,0.0
2,3,-0.9790934999999998,0.0024969999999999715,7.824256,0.0
2,4,-0.9790105000000002,0.004519999999999413,7.8180210000000026,0.0
2,5,-0.9788815,0.007948999999999984,7.804047,0.0
2,6,-0.9786890000000001,0.01362400000000008,7.775287,0.0
2,7,-0.9784145,0.022672000000000025,7.72045,0.0
2,8,-0.9780365,0.03648000000000007,7.623037999999999,0.0
2,9,-0.9775395000000002,0.05707299999999993,7.457300000000001,0.0
2,10,-0.9769150000000004,0.08656799999999976,7.190596000000003,0.0
2,11,-0.9761739999999999,0.12750600000000034,6.779733999999996,0.0
2,12,-0.9753415000000003,0.18199599999999982,6.1786790000000025,0.0
2,13,-0.9744670000000002,0.2519460000000002,5.337529999999997,0.0
2,14,-0.9736134999999999,0.33833,4.2128309999999995,0.0
2,15,-0.9728344999999998,0.44170200000000026,2.764064999999996,0.0
2,16,-0.9179070000000005,0.5629400000000002,0.8356399999999979,0.0
2,17,-0.9711339999999993,0.7105929999999994,-1.4203539999999908,0.0
2,18,-0.9668350000000014,0.9187499999999993,-4.967620999999985,0.0
2,19,-0.9544909999999991,1.2816140000000011,-11.523861000000023,0.0
2,20,-0.8406579999999995,1.9853690000000004,-25.122872000000008,0.0
2,21,-0.797267999999999,3.293334999999999,-51.36897199999998,0.0
3,0,-0.9540489999999995,0.0006529999999997926,7.777155999999999,0.0
3,1,-0.9539569999999999,0.0007449999999993295,7.77688,0.0
3,2,-0.9538010000000003,0.0015080000000002869,7.7756490000000005,0.0
3,3,-0.953544,0.0027540000000003673,7.772385999999999,0.0
3,4,-0.9531289999999997,0.00493499999999969,7.764598,0.0
3,5,-0.9524900000000001,0.008587999999999596,7.748069000000002,0.0
3,6,-0.9515359999999999,0.014578000000000202,7.7152569999999985,0.0
3,7,-0.9501650000000001,0.024042999999999815,7.654354000000001,0.0
3,8,-0.9482660000000003,0.03837899999999994,7.548305000000001,0.0
3,9,-0.9457420000000001,0.05959700000000012,7.370988999999999,0.0
3,10,-0.9425239999999997,0.08978600000000014,7.0896339999999975,0.0
3,11,-0.9385950000000003,0.13143499999999975,6.661357000000003,0.0
3,12,-0.9340169999999999,0.18657400000000024,6.041093999999997,0.0
3,13,-0.9289259999999997,0.2570370000000004,5.180264999999994,0.0
3,14,-0.9235129999999998,0.3437429999999999,4.036848000000001,0.0
3,15,-0.9179070000000005,0.4473079999999996,2.5701200000000073,0.0
3,16,-0.9118530000000007,0.568994,0.7266680000000019,0.0
3,17,-0.8079909999999995,0.7187700000000001,-1.981334000000004,0.0
3,18,-0.8869789999999984,0.9354470000000008,-5.427879000000017,0.0
3,19,-0.8406579999999995,1.327935,-12.631626000000002,0.0
3,20,-0.7119780000000002,2.1140489999999996,-27.95383199999999,0.0
4,0,-0.9000530000000007,0.0007449999999993295,7.615168000000002,0.0
4,1,-0.8998409999999994,0.0009570000000005408,7.6143199999999975,0.0
4,2,-0.8994840000000002,0.0018649999999995615,7.611984000000001,0.0
4,3,-0.8988960000000006,0.003341999999999956,7.606678000000002,0.0
4,4,-0.8979679999999997,0.005863000000000618,7.595402999999997,0.0
4,5,-0.8965439999999996,0.010011999999999688,7.573111,0.0
4,6,-0.8944409999999996,0.016681000000000168,7.531353999999998,0.0
4,7,-0.8914429999999998,0.02704099999999965,7.457202000000001,0.0
4,8,-0.8873239999999996,0.04249800000000015,7.332526999999997,0.0
4,9,-0.8818830000000002,0.06503799999999949,7.130443000000005,0.0
4,10,-0.8749789999999997,0.09669000000000061,6.817958999999993,0.0
4,11,-0.8665799999999999,0.13983399999999957,6.352923000000004,0.0
4,12,-0.8568030000000002,0.19635099999999994,5.692128000000001,0.0
4,13,-0.8459130000000004,0.26792700000000025,4.789655999999998,0.0
4,14,-0.8342530000000004,0.3554029999999999,3.6058280000000025,0.0
4,15,-0.821942,0.459619,2.0975599999999996,0.0
4,16,-0.6821169999999999,0.5829450000000005,-0.31163000000000807,0.0
4,17,-0.7870150000000002,0.7397459999999993,-2.4008539999999883,0.0
4,18,-0.6062249999999993,0.982806000000001,-7.256034000000017,0.0
4,19,-0.6169250000000002,1.450666,-15.634714000000002,0.0
5,0,-0.8232349999999999,0.0009570000000005408,7.3078959999999995,0.0
5,1,-0.8228020000000003,0.0013899999999997803,7.3057310000000015,0.0
5,2,-0.8220869999999998,0.003341999999999956,7.299441999999999,0.0
5,3,-0.8191330000000003,0.007664000000000115,7.272859000000002,0.0
5,4,-0.8191330000000003,0.010011999999999688,7.263467000000004,0.0
5,5,-0.816414,0.012731000000000048,7.238996,0.0
5,6,-0.8124480000000003,0.02064699999999986,7.179586000000002,0.0
5,7,-0.8068659999999999,0.03262300000000007,7.079819999999998,0.0
5,8,-0.7992870000000001,0.05007699999999993,6.919747000000001,0.0
5,9,-0.7893789999999994,0.07494600000000018,6.671254999999995,0.0
5,10,-0.776932,0.10913700000000004,6.301301,0.0
5,11,-0.7619119999999997,0.15485399999999983,5.769031,0.0
5,12,-0.7445369999999998,0.21372599999999986,5.0345640000000005,0.0
5,13,-0.725244,0.28722000000000003,4.056170999999999,0.0
5,14,-0.7045129999999995,0.3761340000000004,2.796633999999992,0.0
5,15,-0.6821169999999999,0.48201499999999964,1.2023200000000047,0.0
5,16,-0.654509,0.6105530000000003,-0.8637900000000052,0.0
5,17,-0.6062249999999993,0.78803,-3.944842000000003,0.0
5,18,-0.4950020000000004,1.094029,-9.702939999999995,0.0
6,0,-0.7258829999999996,0.0013900000000006685,6.821135999999997,0.0
6,1,-0.725082,0.002190999999999832,6.816330000000001,0.0
6,2,-0.721724,0.006552999999999809,6.789147000000001,0.0
6,3,-0.721724,0.007664000000000115,6.785814,0.0
6,4,-0.718569,0.010819000000000134,6.757419,0.0
6,5,-0.7138880000000003,0.01741199999999976,6.702961000000003,0.0
6,6,-0.7071779999999999,0.027357000000000298,6.612975999999998,0.0
6,7,-0.6978819999999999,0.04191900000000004,6.469828,0.0
6,8,-0.685451,0.06250799999999979,6.251119000000002,0.0
6,9,-0.6694330000000002,0.09096400000000004,5.927363000000001,0.0
6,10,-0.6495610000000003,0.12900899999999993,5.465726000000002,0.0
6,11,-0.6258520000000001,0.17856300000000003,4.827932000000001,0.0
6,12,-0.5986690000000001,0.24090899999999982,3.9790280000000027,0.0
6,13,-0.5686239999999998,0.31726500000000035,2.882485999999994,0.0
6,14,-0.5360659999999999,0.4086920000000003,1.4985869999999961,0.0
6,15,-0.49903799999999965,0.5190429999999999,-0.2684950000000006,0.0
6,16,-0.4466020000000004,0.6629889999999996,-2.7423009999999914,0.0
6,17,-0.3461560000000006,0.8884759999999998,-6.952768999999993,0.0
7,0,-0.6147800000000001,0.002190999999999832,6.154518000000001,0.0
7,1,-0.613394,0.0035769999999999413,6.1448160000000005,0.0
7,2,-0.6111850000000001,0.006552999999999809,6.1259130000000015,0.0
7,3,-0.607767,0.010819000000000134,6.092606999999999,0.0
7,4,-0.6026400000000001,0.015946000000000016,6.041337,0.0
7,5,-0.5951909999999998,0.024861000000000022,5.9535339999999985,0.0
7,6,-0.5847240000000002,0.03782399999999986,5.815450000000002,0.0
7,7,-0.5705040000000001,0.05613900000000016,5.60602,0.0
7,8,-0.5518350000000001,0.08117699999999983,5.300071000000002,0.0
7,9,-0.528184,0.11461500000000013,4.867009999999999,0.0
7,10,-0.4993059999999998,0.1578870000000001,4.275415999999998,0.0
7,11,-0.4653139999999998,0.21255500000000005,3.490791999999998,0.0
7,12,-0.4267369999999997,0.2794859999999999,2.484511999999999,0.0
7,13,-0.3841380000000001,0.35986399999999996,1.2217830000000012,0.0
7,14,-0.3366440000000006,0.45618599999999976,-0.36286099999999255,0.0
7,15,-0.11475899999999983,0.5788419999999999,-3.6332399999999994,0.0
7,16,-0.18196100000000026,0.757873,-5.848290999999999,0.0
8,0,-0.499193,0.0035769999999999413,5.345409,0.0
8,1,-0.496904,0.005866000000000149,5.327097,0.0
8,2,-0.493352,0.00964100000000001,5.294906000000001,0.0
8,3,-0.487984,0.015946000000000016,5.238745,0.0
8,4,-0.4801249999999999,0.023805000000000076,5.152295999999999,0.0
8,5,-0.468977,0.03782399999999986,5.005221000000001,0.0
8,6,-0.4536669999999998,0.053134000000000015,4.806190999999998,0.0
8,7,-0.43332100000000007,0.08117699999999983,4.470473000000002,0.0
8,8,-0.40717199999999987,0.10732600000000003,4.078237999999999,0.0
8,9,-0.3746959999999999,0.14709100000000008,3.500309999999999,0.0
8,10,-0.3357490000000003,0.19683399999999973,2.741047000000005,0.0
8,11,-0.29059100000000004,0.2577130000000003,1.7709929999999972,0.0
8,12,-0.23973500000000003,0.3303419999999999,0.5652260000000013,0.0
8,13,-0.182801,0.416798,-0.927718,0.0
8,14,-0.11475899999999983,0.5242279999999999,-2.868644,0.0
8,15,-0.02042499999999947,0.6731760000000002,-5.708588000000008,0.0
9,0,-0.38804000000000005,0.005866000000000149,4.4561850000000005,0.0
9,1,-0.38442,0.009485999999999883,4.423605,0.0
9,2,-0.378942,0.015118999999999994,4.368670000000001,0.0
9,3,-0.359394,0.035295000000000076,4.1404879999999995,0.0
9,4,-0.359394,0.035295000000000076,4.1404879999999995,0.0
9,5,-0.3435110000000001,0.053134000000000015,3.9249430000000007,0.0
9,6,-0.32225000000000015,0.07648499999999991,3.6147490000000015,0.0
9,7,-0.2946770000000001,0.10732600000000003,3.1782780000000006,0.0
9,8,-0.26006299999999993,0.14194000000000018,2.6244539999999983,0.0
9,9,-0.21800200000000003,0.189152,1.8682090000000005,0.0
9,10,-0.16852999999999985,0.24630599999999991,0.9085749999999995,0.0
9,11,-0.11192000000000002,0.31432300000000013,-0.28108500000000136,0.0
9,12,-0.04791500000000015,0.3943469999999998,-1.737393999999996,0.0
9,13,0.02716699999999994,0.4918800000000001,-3.5835280000000007,0.0
9,14,0.1232540000000002,0.6203150000000002,-6.117966000000005,0.0
10,0,-0.28776100000000004,0.009485999999999883,3.553674000000001,0.0
10,1,-0.282231,0.015015999999999696,3.498374,0.0
10,2,-0.2740910000000001,0.02325899999999992,3.408731000000001,0.0
10,3,-0.262452,0.035295000000000076,3.2680100000000003,0.0
10,4,-0.24631300000000012,0.05189199999999983,3.056371000000002,0.0
10,5,-0.22460999999999998,0.07359499999999997,2.752529,0.0
10,6,-0.19633099999999992,0.10405799999999998,2.316039999999999,0.0
10,7,-0.16060699999999994,0.13978199999999996,1.7444559999999996,0.0
10,8,-0.1168680000000002,0.18567899999999993,0.9857870000000024,0.0
10,9,-0.06491800000000003,0.24110200000000015,0.022902999999999007,0.0
10,10,-0.004872999999999905,0.30635100000000004,-1.1647880000000013,0.0
10,11,0.06362099999999993,0.38281699999999996,-2.6143879999999986,0.0
10,12,0.234591,0.4743019999999998,-5.330422999999998,0.0
10,13,0.24155799999999994,0.5898620000000001,-6.786813000000001,0.0
11,0,-0.201484,0.015015999999999696,2.690904,0.0
11,1,-0.193307,0.02325899999999992,2.6008910000000003,0.0
11,2,-0.1816129999999999,0.03503600000000007,2.460396999999999,0.0
11,3,-0.165369,0.05127999999999999,2.249225,0.0
11,4,-0.14348799999999995,0.07331500000000002,1.9424289999999993,0.0
11,5,-0.11489399999999994,0.10218899999999997,1.5123989999999994,0.0
11,6,-0.07866600000000001,0.13890199999999997,0.9303260000000003,0.0
11,7,-0.03412599999999988,0.1843220000000001,0.16786599999999807,0.0
11,8,0.0190450000000002,0.23885,-0.7987110000000022,0.0
11,9,0.08091199999999987,0.3029689999999998,-1.9921999999999973,0.0
11,10,0.15185500000000007,0.37729400000000024,-3.441498000000003,0.0
11,11,0.234591,0.4655529999999999,-5.234183999999999,0.0
11,12,0.33367000000000013,0.5733809999999999,-7.510161,0.0
12,0,-0.12930599999999998,0.02319300000000002,1.8969459999999998,0.0
12,1,-0.11758600000000002,0.03495300000000001,1.7562660000000003,0.0
12,2,-0.10130700000000004,0.05127999999999999,1.5445430000000004,0.0
12,3,-0.07935999999999999,0.07331500000000002,1.237021,0.0
12,4,-0.050650000000000084,0.10202499999999992,0.8063710000000013,0.0
12,5,-0.014210999999999974,0.13890199999999997,0.22132099999999988,0.0
12,6,0.030664000000000025,0.18377699999999997,-0.5415540000000001,0.0
12,7,0.084376,0.23803400000000008,-1.5116400000000005,0.0
12,8,0.1470619999999998,0.3015359999999998,-2.7083859999999964,0.0
12,9,0.21921600000000008,0.3751230000000001,-4.162930000000002,0.0
12,10,0.30328299999999997,0.46136100000000013,-5.947876000000001,0.0
12,11,0.4025979999999998,0.5648679999999997,-8.174725999999994,0.0
13,0,-0.069137,0.03491299999999997,1.1749180000000001,0.0
13,1,-0.05284299999999997,0.051232,0.9630709999999998,0.0
13,2,-0.030874000000000013,0.07322700000000004,0.6554530000000001,0.0
13,3,-0.0021250000000000435,0.10202499999999992,0.2240710000000008,0.0
13,4,0.034380999999999995,0.13853099999999996,-0.3600249999999998,0.0
13,5,0.07939299999999994,0.18364000000000003,-1.1256169999999994,0.0
13,6,0.13331300000000001,0.23769700000000005,-2.0968620000000007,0.0
13,7,0.1963379999999999,0.30105899999999997,-3.2963589999999985,0.0
13,8,0.26897800000000016,0.37417600000000006,-4.752498000000003,0.0
13,9,0.3536199999999998,0.45976499999999976,-6.537555999999995,0.0
13,10,0.48820700000000006,0.5604470000000004,-9.193325000000005,0.0
14,0,-0.017647000000000024,0.051207,0.5055480000000003,0.0
14,1,0.0043320000000000025,0.07320099999999996,0.19782700000000003,0.0
14,2,0.03309300000000004,0.101962,-0.23358800000000052,0.0
14,3,0.06962199999999996,0.13853099999999996,-0.8181579999999994,0.0
14,4,0.11466900000000002,0.18364000000000003,-1.5842050000000003,0.0
14,5,0.16867300000000007,0.23764400000000008,-2.5562770000000015,0.0
14,6,0.23182199999999997,0.30084599999999995,-3.756372999999999,0.0
14,7,0.30463799999999996,0.37387499999999996,-5.213971,0.0
14,8,0.38943799999999995,0.45897600000000005,-6.996877999999999,0.0
14,9,0.48820700000000006,0.5585339999999999,-9.176108,0.0
15,0,0.028955999999999982,0.07318600000000003,-0.14689399999999975,0.0
15,1,0.05772299999999997,0.101962,-0.5784079999999996,0.0
15,2,0.09425800000000001,0.13850499999999993,-1.162984,0.0
15,3,0.139316,0.18357800000000002,-1.929015,0.0
15,4,0.19333900000000004,0.23764400000000008,-2.901601000000001,0.0
15,5,0.256532,0.30084599999999995,-4.102313,0.0
15,6,0.3294140000000001,0.37387499999999996,-5.560835000000001,0.0
15,7,0.41422499999999984,0.4586859999999997,-7.341865999999996,0.0
15,8,0.5290890000000004,0.5574240000000001,-9.755992000000006,0.0
16,0,0.07435400000000003,0.10195300000000007,-0.8278640000000005,0.0
16,1,0.11089299999999996,0.13849700000000004,-1.4124929999999996,0.0
16,2,0.15595599999999998,0.18356299999999992,-2.1785699999999997,0.0
16,3,0.20998000000000006,0.23760100000000006,-3.151044000000001,0.0
16,4,0.27318299999999995,0.30080399999999996,-4.351900999999999,0.0
16,5,0.34608400000000006,0.3737330000000001,-5.810033000000002,0.0
16,6,0.43089299999999975,0.4585419999999998,-7.591021999999995,0.0
16,7,0.5290890000000004,0.5568820000000003,-9.752198000000007,0.0
17,0,0.12175799999999998,0.13849199999999984,-1.5863279999999995,0.0
17,1,0.16682200000000003,0.18356000000000006,-2.3524200000000004,0.0
17,2,0.22085,0.237587,-3.324922,0.0
17,3,0.28404700000000005,0.30080399999999996,-4.525725,0.0
17,4,0.35694899999999996,0.37370599999999987,-5.983764999999999,0.0
17,5,0.44173400000000007,0.4585180000000002,-7.764358000000001,0.0
17,6,0.539809,0.5566169999999997,-9.922127999999997,0.0
18,0,0.17369700000000005,0.18355599999999983,-2.4692910000000006,0.0
18,1,0.22772500000000007,0.23758800000000002,-3.441799000000001,0.0
18,2,0.2909329999999999,0.30079,-4.642744999999998,0.0
18,3,0.363812,0.37370599999999987,-6.100436,0.0
18,4,0.4485990000000002,0.4585180000000002,-7.881063000000003,0.0
18,5,0.550738,0.5564879999999999,-10.111444999999998,0.0
19,0,0.23194499999999996,0.23758400000000002,-3.5177549999999993,0.0
19,1,0.2951449999999999,0.30079,-4.718560999999998,0.0
19,2,0.36805,0.37368200000000007,-6.176648,0.0
19,3,0.45279199999999986,0.45849300000000004,-7.9564369999999975,0.0
19,4,0.550738,0.5564879999999999,-10.111445,0.0
20,0,0.297663,0.30078400000000016,-4.766397,0.0
20,1,0.370552,0.37368200000000007,-6.2241859999999996,0.0
20,2,0.4567700000000001,0.45844200000000024,-8.033306000000003,0.0
20,3,0.553201,0.5564390000000001,-10.158046000000002,0.0
21,0,0.37201400000000007,0.37367300000000014,-6.253417000000002,0.0
21,1,0.4567700000000001,0.45844200000000024,-8.033306000000003,0.0
21,2,0.5546690000000001,0.556327,-10.187070000000002,0.0
22,0,0.45759700000000003,0.45842899999999887,-8.05066,0.0
22,1,0.5554730000000001,0.556327,-10.203954000000001,0.0
23,0,0.5559289999999999,0.5563050000000018,-10.213963999999999,0.0
