0,0,-1.0105050000000002,0.6038580000000024,30.424397,0.0
0,1,-1.0105050000000002,0.6038580000000024,30.424397,0.0
0,2,-1.0112427499999992,0.6516019999999969,30.376653000000005,0.0
0,3,-1.0115117500000004,0.7059770000000043,30.26790299999999,0.0
0,4,-1.0122946666666657,0.7617259999999959,30.100656000000015,0.0
0,5,-1.0133146666666661,0.8204920000000016,29.865591999999992,0.0
0,6,-1.0144239999999993,0.8912539999999964,29.511782000000018,0.0
0,7,-1.0156366666666656,0.9735610000000037,29.017939999999975,0.0
0,8,-1.016958666666665,1.0632049999999964,28.390432000000025,0.0
0,9,-1.0184073333333334,1.1692780000000056,27.541847999999952,0.0
0,10,-1.020005666666665,1.2867849999999947,26.48428500000005,0.0
0,11,-1.0217643333333324,1.4288560000000032,25.063574999999965,0.0
0,12,-1.023726000000001,1.6077530000000024,23.095707999999973,0.0
0,13,-1.0259130000000003,1.8314400000000006,20.411463999999995,0.0
0,14,-1.0283623333333338,2.1153109999999984,16.721141000000024,0.0
0,15,-1.0310976666666676,2.4800189999999986,11.61522900000002,0.0
0,16,-1.0351283333333328,2.951397,4.544559,0.0
0,17,-1.0387053333333327,3.5802989999999966,-5.517872999999945,0.0
0,18,-1.0425719999999998,4.424274000000004,-19.86544800000007,0.0
0,19,-1.0473399999999984,5.526061999999996,-39.69763199999993,0.0
0,20,-1.0554885000000027,7.021630000000002,-68.11342400000004,0.0
0,21,-1.0649070000000052,9.017097000000007,-108.02276400000014,0.0
0,22,-1.0785370000000114,11.675338999999994,-163.84584599999982,0.0
0,23,-1.0964015000000131,15.302909999999997,-243.65240799999992,0.0
0,24,-1.1094209999999975,20.884406999999996,-372.0268389999999,0.0
0,25,-1.1316989999999123,30.659256,-606.6232150000001,0.0
0,26,-1.1677239999999074,50.88369700000001,-1112.2342400000002,0.0
0,27,-1.1677240000003621,93.258118,-2213.969186,0.0
1,0,-1.0098345000000002,0.6011760000000024,30.424397,0.03539250000000038
1,1,-1.0105050000000002,0.6038580000000024,30.424397,0.03521099999999855
1,2,-1.0112427499999992,0.6516019999999969,30.376653000000005,0.035042750000000567
1,3,-1.0115117500000004,0.7059770000000043,30.26790299999999,0.03445874999999887
1,4,-1.0122946666666657,0.7617259999999959,30.100656000000015,0.034160666666668504
1,5,-1.0133146666666661,0.8204920000000016,29.865591999999992,0.034039666666664914
1,6,-1.0144239999999993,0.8912539999999964,29.511782000000018,0.033909999999999885
1,7,-1.0156366666666656,0.9735610000000037,29.017939999999975,0.033752666666664766
1,8,-1.016958666666665,1.0632049999999964,28.390432000000025,0.03358766666666679
1,9,-1.0184073333333334,1.1692780000000056,27.541847999999952,0.03341733333333008
1,10,-1.020005666666665,1.2867849999999947,26.48428500000005,0.033215666666665866
1,11,-1.0217643333333324,1.4288560000000032,25.063574999999965,0.03298333333332937
1,12,-1.023726000000001,1.6077530000000024,23.095707999999973,0.032675999999999705
1,13,-1.0259130000000003,1.8314400000000006,20.411463999999995,0.032329999999999304
1,14,-1.0283623333333338,2.1153109999999984,16.721141000000024,0.03183333333333138
1,15,-1.0310976666666676,2.4800189999999986,11.61522900000002,0.031146666666664657
1,16,-1.0351283333333328,2.951397,4.544559,0.030947333333330107
1,17,-1.0387053333333327,3.5802989999999966,-5.517872999999945,0.029676333333334526
1,18,-1.0425719999999998,4.424274000000004,-19.86544800000007,0.027633999999999048
1,19,-1.0473399999999984,5.526061999999996,-39.69763199999993,0.02488699999999966
1,20,-1.0554885000000027,7.021630000000002,-68.11342400000004,0.023658500000003357
1,21,-1.0649070000000052,9.017097000000007,-108.02276400000014,0.021298000000001593
1,22,-1.0785370000000114,11.675338999999994,-163.84584599999982,0.019103999999998678
1,23,-1.0964015000000131,15.302909999999997,-243.65240799999992,0.0163765000000069
1,24,-1.1094209999999975,20.884406999999996,-372.0268389999999,0.0043640000000095824
1,25,-1.1094209999999975,30.63697800000003,-606.0885430000008,0.0
1,26,-1.0677029999999945,50.84767200000002,-1111.3976110000006,0.0
2,0,-1.0098345000000002,0.6011760000000024,30.424397,0.013779000000003094
2,1,-1.0105050000000002,0.6038580000000024,30.424397,0.013489999999997337
2,2,-1.0112427499999992,0.6516019999999969,30.376653000000005,0.01322150000000022
2,3,-1.0115117500000004,0.7059770000000043,30.26790299999999,0.012723499999996335
2,4,-1.0122946666666657,0.7617259999999959,30.100656000000015,0.012312333333333925
2,5,-1.0133146666666661,0.8204920000000016,29.865591999999992,0.012162333333332498
2,6,-1.0144239999999993,0.8912539999999964,29.511782000000018,0.011995000000001088
2,7,-1.0156366666666656,0.9735610000000037,29.017939999999975,0.011810333333329481
2,8,-1.016958666666665,1.0632049999999964,28.390432000000025,0.011609333333334693
2,9,-1.0184073333333334,1.1692780000000056,27.541847999999952,0.011392666666667939
2,10,-1.020005666666665,1.2867849999999947,26.48428500000005,0.011149333333333455
2,11,-1.0217643333333324,1.4288560000000032,25.063574999999965,0.010859666666666268
2,12,-1.023726000000001,1.6077530000000024,23.095707999999973,0.01052999999999793
2,13,-1.0259130000000003,1.8314400000000006,20.411463999999995,0.010081999999999258
2,14,-1.0283623333333338,2.1153109999999984,16.721141000000024,0.009429666666669334
2,15,-1.0310976666666676,2.4800189999999986,11.61522900000002,0.008579333333337047
2,16,-1.0351283333333328,2.951397,4.544559,0.00787466666666603
2,17,-1.0387053333333327,3.5802989999999966,-5.517872999999945,0.006140666666667016
2,18,-1.0425719999999998,4.424274000000004,-19.86544800000007,0.003444999999999254
2,19,-1.0467569999999995,5.52489600000001,-39.67664400000018,0.0
2,20,-1.0478369999999775,7.00632699999996,-67.82266699999926,0.0
2,21,-1.0554885000000098,8.998260000000002,-107.64602400000004,0.0
2,22,-1.0649070000000336,11.64807900000001,-163.2733860000002,0.0
2,23,-1.0785370000000114,15.267180999999994,-242.86636999999985,0.0
2,24,-1.0964014999999847,20.858368,-371.427942,0.0
2,25,-1.0677029999999945,30.678696000000002,-607.173211,0.0
3,0,-1.0098345000000002,0.6011760000000024,30.424397,0.0007935000000003356
3,1,-1.0105050000000002,0.6038580000000024,30.424397,0.0005289999999984474
3,2,-1.0112427499999992,0.6516019999999969,30.376653000000005,0.0002872499999977407
3,3,-1.0115117500000004,0.7059770000000043,30.26790299999999,0.0002232499999976767
3,4,-1.0115117500000004,0.7593772499999988,30.107702250000006,0.0
3,5,-1.0122946666666657,0.8174320000000002,29.877831999999998,0.0
3,6,-1.0133146666666661,0.8879259999999967,29.528422000000017,0.0
3,7,-1.0144239999999993,0.969923000000005,29.039767999999967,0.0
3,8,-1.0156366666666656,1.059238999999998,28.418194000000014,0.0
3,9,-1.016958666666665,1.1649320000000003,27.576615999999994,0.0
3,10,-1.0184073333333334,1.2819900000000004,26.52744,0.0
3,11,-1.0170130000000057,1.4235800000000012,25.107357000000007,0.0
3,12,-1.0179940000000016,1.601867999999996,23.14913200000005,0.0
3,13,-1.018844999999999,1.8248790000000028,20.475552999999962,0.0
3,14,-1.0259130000000003,2.107962999999998,16.81666500000003,0.0
3,15,-1.0283623333333338,2.4718129999999974,11.730113000000038,0.0
3,16,-1.0310976666666676,2.9393050000000045,4.725938999999933,0.0
3,17,-1.017165999999996,3.571045000000005,-5.4251730000001,0.0
3,18,-1.017165999999996,4.412674000000003,-19.732866000000058,0.0
3,19,-1.0425720000000023,5.512340999999999,-39.450653999999986,0.0
3,20,-1.0473400000000008,7.004836000000012,-67.79433800000021,0.0
3,21,-0.9941020000000123,8.99900799999999,-107.83749199999976,0.0
3,22,-1.0469280000000083,11.648240000000001,-163.31288600000002,0.0
3,23,-1.036650999999992,15.27745800000001,-243.18651300000022,0.0
3,24,-0.9636909999999972,20.931327999999993,-373.44440299999985,0.0
4,0,-1.0098345000000002,0.6011760000000024,30.424397,0.0
4,1,-1.0105050000000002,0.6038580000000024,30.424397,0.0
4,2,-1.0105050000000002,0.648651000000001,30.379604,0.0
4,3,-1.0112427499999992,0.7049009999999996,30.270055,0.0
4,4,-0.9987320000000004,0.7593909999999973,30.05654200000001,0.0
4,5,-1.0114980000000031,0.816830000000003,29.87785,0.0
4,6,-1.0127769999999998,0.8879259999999967,29.52680900000002,0.0
4,7,-1.0135170000000038,0.969923000000005,29.037046999999983,0.0
4,8,-1.014324000000002,1.059238999999998,28.414256000000023,0.0
4,9,-1.01511,1.1649320000000003,27.57107,0.0
4,10,-1.0160450000000054,1.2819900000000004,26.520353000000014,0.0
4,11,-1.0170130000000057,1.4235800000000012,25.107357000000007,0.0
4,12,-1.0179940000000016,1.601867999999996,23.14913200000005,0.0
4,13,-1.0179940000000016,1.8240280000000055,20.483211999999938,0.0
4,14,-1.0194130000000001,2.107962999999998,16.797165000000028,0.0
4,15,-1.0192909999999955,2.471935000000002,11.701068999999954,0.0
4,16,-1.0186430000000044,2.9399529999999956,4.678207000000086,0.0
4,17,-0.9881089999999944,3.571045000000005,-5.541401000000107,0.0
4,18,-0.9638440000000017,4.433647000000001,-20.318400000000004,0.0
4,19,-1.0042230000000032,5.520015999999998,-39.71152599999996,0.0
4,20,-0.9941020000000123,7.014373999999997,-68.14481199999989,0.0
4,21,-0.9794989999999899,9.013611000000012,-108.18796400000029,0.0
4,22,-0.7645339999999976,11.781020999999996,-167.2655229999999,0.0
4,23,-0.7645339999999976,15.361732000000003,-246.0411650000001,0.0
5,0,-0.997677999999997,0.6011760000000024,30.375770999999986,0.0
5,1,-0.9976520000000022,0.6012019999999971,30.375641000000012,0.0
5,2,-0.9978620000000014,0.648651000000001,30.329032000000005,0.0
5,3,-0.9987320000000004,0.7049009999999996,30.220012000000004,0.0
5,4,-0.9980029999999971,0.7601200000000006,30.050709999999984,0.0
5,5,-0.9854030000000016,0.8165289999999992,29.762074000000013,0.0
5,6,-0.998304000000001,0.8868709999999993,29.47486900000001,0.0
5,7,-0.9986819999999987,0.9688219999999994,28.985052999999997,0.0
5,8,-0.9990430000000003,1.0580350000000003,28.362367,0.0
5,9,-0.9995770000000022,1.1641460000000023,27.51601199999999,0.0
5,10,-0.9999309999999966,1.281054999999995,26.465247000000033,0.0
5,11,-1.0002479999999991,1.4226120000000009,25.050944999999984,0.0
5,12,-1.0002479999999991,1.6008640000000014,23.09017299999998,0.0
5,13,-0.9997940000000014,1.824505000000002,20.404210999999982,0.0
5,14,-0.9982949999999988,2.1088939999999994,16.699659000000004,0.0
5,15,-0.966507,2.483543999999995,11.287322000000074,0.0
5,16,-0.9881089999999944,2.946827000000006,4.446086999999878,0.0
5,17,-0.951309000000002,3.5796049999999937,-5.862360999999886,0.0
5,18,-0.9303129999999982,4.433647000000001,-20.48605500000002,0.0
5,19,-0.9417419999999979,5.542118000000002,-40.38138800000005,0.0
5,20,-0.8541179999999997,7.044066999999998,-69.35653899999997,0.0
5,21,-0.8666230000000041,9.059037000000004,-109.59341400000004,0.0
5,22,-0.7645339999999976,11.781020999999996,-167.2655229999999,0.0
6,0,-0.9853810000000003,0.6012019999999971,30.314286000000003,0.0
6,1,-0.9845239999999968,0.6020590000000006,30.309143999999982,0.0
6,2,-0.9844089999999994,0.6485559999999992,30.261957,0.0
6,3,-0.9858040000000017,0.7040310000000005,30.157982000000004,0.0
6,4,-0.9854030000000016,0.7605210000000007,29.986106000000007,0.0
6,5,-0.9853200000000015,0.8166119999999992,29.761244000000012,0.0
6,6,-0.9853200000000015,0.8868360000000024,29.410123999999996,0.0
6,7,-0.9853069999999988,0.968869999999999,28.917842,0.0
6,8,-0.9852920000000012,1.058049999999998,28.293492000000022,0.0
6,9,-0.9842069999999978,1.1650940000000034,27.430629999999958,0.0
6,10,-0.983908999999997,1.2809990000000013,26.385696999999972,0.0
6,11,-0.9832770000000011,1.4229269999999943,24.962625000000067,0.0
6,12,-0.982052000000003,1.6020889999999994,22.984493000000022,0.0
6,13,-0.9795530000000028,1.8270040000000023,20.270518999999986,0.0
6,14,-0.9748039999999989,2.1136430000000033,16.51571799999995,0.0
6,15,-0.9478870000000015,2.483543999999995,11.175602000000083,0.0
6,16,-0.951309000000002,2.962025000000004,4.018918999999947,0.0
6,17,-0.9303129999999982,3.6006009999999975,-6.32427299999997,0.0
6,18,-0.8986169999999944,4.465343000000004,-21.215063000000107,0.0
6,19,-0.8541179999999997,5.586616999999997,-41.66498899999995,0.0
6,20,-0.7878949999999918,7.110290000000006,-71.01211400000017,0.0
6,21,-0.5911940000000016,9.174865999999994,-113.48383999999989,0.0
7,0,-0.9732570000000003,0.6020590000000006,30.241542000000003,0.0
7,1,-0.9719050000000031,0.6034109999999977,30.232078000000023,0.0
7,2,-0.9714050000000007,0.6490560000000016,30.182933000000002,0.0
7,3,-0.9726180000000006,0.7026359999999983,30.08305100000001,0.0
7,4,-0.9727190000000014,0.7605210000000007,29.910002000000006,0.0
7,5,-0.9721060000000001,0.8172250000000005,29.678894999999997,0.0
7,6,-0.971936000000003,0.8870059999999995,29.328800000000022,0.0
7,7,-0.9714279999999995,0.9693780000000025,28.83101199999998,0.0
7,8,-0.9708749999999995,1.058602999999998,28.20256600000001,0.0
7,9,-0.9690070000000013,1.1669620000000016,27.322617999999995,0.0
7,10,-0.9678880000000021,1.2821180000000005,26.27838100000001,0.0
7,11,-0.9661249999999981,1.4246899999999982,24.840320000000006,0.0
7,12,-0.9629589999999979,1.6052549999999997,22.83194299999999,0.0
7,13,-0.9574280000000002,1.832535,20.065866,0.0
7,14,-0.9478870000000015,2.123184000000002,16.220641999999984,0.0
7,15,-0.9145469999999989,2.499476999999999,10.71916000000001,0.0
7,16,-0.8878020000000006,2.9885110000000026,3.1964349999999655,0.0
7,17,-0.8669629999999984,3.639105999999998,-7.35895799999998,0.0
7,18,-0.7833359999999985,4.520592000000001,-22.92960900000002,0.0
7,19,-0.7287749999999988,5.669556,-43.99288800000001,0.0
7,20,-0.5355460000000036,7.2478710000000035,-75.33347600000005,0.0
8,0,-0.960167000000002,0.6034109999999977,30.149912000000015,0.0
8,1,-0.9589210000000001,0.6046569999999996,30.139944,0.0
8,2,-0.9580270000000013,0.7013030000000029,29.984793000000003,0.0
8,3,-0.9581469999999968,0.7014229999999984,29.98539299999998,0.0
8,4,-0.958753999999999,0.7604199999999999,29.812650999999992,0.0
8,5,-0.957221999999998,0.8187570000000015,29.567046999999977,0.0
8,6,-0.9572539999999989,0.8870059999999995,29.226025999999994,0.0
8,7,-0.9560610000000018,0.9705709999999996,28.71509200000002,0.0
8,8,-0.9549500000000002,1.0597139999999996,28.082203000000003,0.0
8,9,-0.9530010000000004,1.1689110000000014,27.19303499999999,0.0
8,10,-0.9507849999999998,1.2843340000000012,26.136499999999987,0.0
8,11,-0.9472960000000015,1.4281789999999965,24.670138000000048,0.0
8,12,-0.9413869999999989,1.6111640000000023,22.610030999999964,0.0
8,13,-0.9313050000000018,1.842616999999997,19.75193900000005,0.0
8,14,-0.8961489999999941,2.139942000000005,15.605465999999886,0.0
8,15,-0.8878020000000006,2.526221999999997,10.130770000000048,0.0
8,16,-0.8457720000000037,3.0305409999999995,2.2297450000000367,0.0
8,17,-0.7833359999999985,3.7015420000000034,-9.005759000000069,0.0
8,18,-0.6901050000000026,4.6138229999999965,-25.260383999999917,0.0
8,19,-0.5355460000000036,5.824114999999999,-48.28211199999995,0.0
9,0,-0.9450909999999979,0.6046569999999996,30.029303999999982,0.0
9,1,-0.9440579999999983,0.6056899999999992,30.020006999999985,0.0
9,2,-0.9426329999999972,0.6513750000000016,29.961496999999973,0.0
9,3,-0.9415470000000035,0.7023889999999966,29.84969500000004,0.0
9,4,-0.9418229999999994,0.7598129999999976,29.679631000000004,0.0
9,5,-0.9397629999999992,0.8208170000000017,29.417074999999986,0.0
9,6,-0.9394279999999995,0.8873089999999983,29.0816,0.0
9,7,-0.9371659999999977,0.9728330000000014,28.548097999999975,0.0
9,8,-0.9353699999999989,1.0615099999999984,27.911195000000006,0.0
9,9,-0.9104330000000012,1.171158000000002,26.809577999999995,0.0
9,10,-0.9293230000000001,1.2881339999999994,25.926804000000008,0.0
9,11,-0.9232499999999995,1.4342519999999972,24.410967000000024,0.0
9,12,-0.913058999999997,1.6213550000000048,22.26111499999992,0.0
9,13,-0.8961489999999941,1.859527,19.25086099999995,0.0
9,14,-0.8689500000000052,2.1671409999999938,15.007088000000131,0.0
9,15,-0.8052629999999965,2.5679740000000066,8.822242999999872,0.0
9,16,-0.7627990000000011,3.094939999999994,0.535577000000103,0.0
9,17,-0.6631020000000021,3.8012390000000025,-11.662480000000023,0.0
9,18,-0.5013199999999998,4.775604999999999,-29.68273999999998,0.0
10,0,-0.9260400000000004,0.6056899999999992,29.857845000000005,0.0
10,1,-0.9248350000000016,0.606894999999998,29.845795000000017,0.0
10,2,-0.9225250000000003,0.653685000000003,29.775904999999998,0.0
10,3,-0.9206349999999972,0.7042789999999997,29.655816999999974,0.0
10,4,-0.9197659999999992,0.7604059999999997,29.478745999999994,0.0
10,5,-0.9177720000000029,0.822810999999998,29.209186000000038,0.0
10,6,-0.9163899999999998,0.8886910000000015,28.86596599999999,0.0
10,7,-0.9132400000000018,0.9759829999999994,28.310714000000022,0.0
10,8,-0.9104330000000012,1.064316999999999,27.664306000000018,0.0
10,9,-0.907038,1.174553000000003,26.748467999999974,0.0
10,10,-0.8733360000000019,1.2944869999999966,25.33204200000005,0.0
10,11,-0.8906139999999994,1.4443230000000007,24.006461999999985,0.0
10,12,-0.8739590000000064,1.6380099999999977,21.709355000000087,0.0
10,13,-0.8471370000000036,1.8863490000000027,18.461067,0.0
10,14,-0.8052629999999965,2.209015000000001,13.847668999999954,0.0
10,15,-0.7423700000000011,2.630867000000002,7.312810999999982,0.0
10,16,-0.6421349999999961,3.195174999999999,-2.1541590000000213,0.0
10,17,-0.47500199999999637,3.9683720000000022,-16.19664100000007,0.0
11,0,-0.9010640000000016,0.606894999999998,29.608085000000017,0.0
11,1,-0.899286,0.6086729999999996,29.588527,0.0
11,2,-0.8962649999999996,0.6567060000000033,29.50726299999999,0.0
11,3,-0.8938130000000015,0.7067309999999978,29.380241000000023,0.0
11,4,-0.8916260000000023,0.762592999999999,29.188598000000027,0.0
11,5,-0.8897890000000004,0.8246479999999998,28.920171000000003,0.0
11,6,-0.8870390000000015,0.8914410000000004,28.555956000000013,0.0
11,7,-0.8834099999999978,0.979612000000003,27.987010999999956,0.0
11,8,-0.8791209999999978,1.068605999999999,27.316873999999984,0.0
11,9,-0.8733360000000019,1.180337999999999,26.35938300000003,0.0
11,10,-0.862959,1.3048639999999985,25.124502000000014,0.0
11,11,-0.8144089999999977,1.4602610000000027,23.036481999999946,0.0
11,12,-0.8209609999999969,1.6640699999999988,20.86665499999998,0.0
11,13,-0.7802009999999981,1.9271090000000015,17.26182699999996,0.0
11,14,-0.7174270000000007,2.2717889999999983,12.090473000000031,0.0
11,15,-0.619847,2.7284470000000027,4.623880999999962,0.0
11,16,-0.4548109999999994,3.3602109999999996,-6.667974999999998,0.0
12,0,-0.8695029999999981,0.6086729999999996,29.26091399999998,0.0
12,1,-0.866895999999997,0.6112800000000007,29.229629999999965,0.0
12,2,-0.8636380000000017,0.6599639999999987,29.141850000000023,0.0
12,3,-0.8607349999999983,0.762592999999999,28.848796999999983,0.0
12,4,-0.8574239999999982,0.765903999999999,28.799131999999982,0.0
12,5,-0.8556409999999985,0.8264309999999995,28.535627999999985,0.0
12,6,-0.8515929999999976,0.8954890000000013,28.141761999999964,0.0
12,7,-0.8471940000000018,0.9840109999999989,27.55784200000003,0.0
12,8,-0.8407079999999993,1.0750920000000015,26.84244299999998,0.0
12,9,-0.8311099999999989,1.1899359999999994,25.808514999999993,0.0
12,10,-0.8144089999999977,1.3215649999999997,24.423441999999977,0.0
12,11,-0.7902009999999997,1.4844690000000007,22.50390599999999,0.0
12,12,-0.7510389999999987,1.7032319999999999,19.627568999999987,0.0
12,13,-0.6903569999999988,1.9877910000000014,15.48467699999997,0.0
12,14,-0.5940969999999979,2.368048999999999,9.386202999999988,0.0
12,15,-0.4318620000000024,2.890681999999998,0.12252100000005584,0.0
13,0,-0.8320159999999994,0.6112800000000007,28.811069999999994,0.0
13,1,-0.828514000000002,0.6147819999999982,28.765544000000027,0.0
13,2,-0.8249759999999995,0.6635020000000011,28.67082999999999,0.0
13,3,-0.8214790000000001,0.7131310000000006,28.526111,0.0
13,4,-0.8171689999999998,0.7702139999999993,28.298832,0.0
13,5,-0.814582999999999,0.8290170000000003,28.030001999999985,0.0
13,6,-0.8091260000000027,0.9009459999999976,27.599416000000048,0.0
13,7,-0.8028280000000017,0.9903089999999999,26.98136400000002,0.0
13,8,-0.7929209999999998,1.0849990000000034,26.18974299999997,0.0
13,9,-0.7777390000000004,1.2051179999999988,25.031425000000016,0.0
13,10,-0.7525189999999995,1.3467850000000006,23.42856199999999,0.0
13,11,-0.715878,1.5211100000000002,21.208979,0.0
13,12,-0.6577380000000019,1.761371999999998,17.81027700000005,0.0
13,13,-0.5649840000000026,2.0805450000000008,12.774399000000024,0.0
13,14,-0.3784440000000018,2.5250699999999995,4.57055400000003,0.0
14,0,-0.7890569999999997,0.6147819999999982,28.252602999999997,0.0
14,1,-0.7845759999999977,0.6192630000000001,28.18986899999997,0.0
14,2,-0.7803600000000017,0.6677179999999971,28.08239000000003,0.0
14,3,-0.7760260000000017,0.7174650000000007,27.92222000000002,0.0
14,4,-0.7703120000000006,0.7759280000000004,27.666835000000006,0.0
14,5,-0.7661170000000013,0.8332119999999996,27.37896900000002,0.0
14,6,-0.7586939999999984,0.9083690000000004,26.899261999999975,0.0
14,7,-0.7490809999999968,0.9999220000000015,26.215361999999946,0.0
14,8,-0.7340240000000016,1.1000559999999986,25.303626000000033,0.0
14,9,-0.7108460000000001,1.2282960000000003,23.953214,0.0
14,10,-0.674431000000002,1.3831999999999987,22.04926800000004,0.0
14,11,-0.618698000000002,1.5768430000000002,19.332576000000024,0.0
14,12,-0.5298619999999978,1.850208000000002,15.081856999999946,0.0
14,13,-0.3784440000000018,2.231962999999997,8.380945000000064,0.0
15,0,-0.7401450000000018,0.6192630000000001,27.567835000000027,0.0
15,1,-0.7346220000000017,0.6677179999999971,27.442058000000028,0.0
15,2,-0.729182999999999,0.6731569999999998,27.355033999999986,0.0
15,3,-0.723789,0.7228589999999997,27.17472,0.0
15,4,-0.7165500000000016,0.7831669999999988,26.885211000000027,0.0
15,5,-0.7097149999999992,0.840047000000002,26.55516599999998,0.0
15,6,-0.6992280000000015,0.9188559999999981,26.003816000000032,0.0
15,7,-0.6845420000000004,1.0146080000000026,25.20901399999999,0.0
15,8,-0.6620559999999998,1.1225419999999993,24.116186000000003,0.0
15,9,-0.6275919999999999,1.26276,22.477482,0.0
15,10,-0.5749089999999981,1.4358830000000005,20.129129999999968,0.0
15,11,-0.48910899999999913,1.6626429999999992,16.574529999999996,0.0
15,12,-0.3441180000000017,1.9951989999999995,10.741549000000031,0.0
16,0,-0.6852249999999991,0.6247860000000003,26.744034999999986,0.0
16,1,-0.6785159999999983,0.6731569999999998,26.595028999999975,0.0
16,2,-0.6712169999999986,0.6804559999999995,26.47094599999998,0.0
16,3,-0.6645639999999986,0.7295119999999997,26.26638599999998,0.0
16,4,-0.6556569999999979,0.7920739999999995,25.93618799999997,0.0
16,5,-0.6450540000000018,0.8506499999999981,25.532236000000037,0.0
16,6,-0.6299529999999969,0.933957000000003,24.874084999999933,0.0
16,7,-0.6081439999999994,1.0364170000000001,23.91038099999999,0.0
16,8,-0.5752680000000012,1.1554179999999974,22.55135800000004,0.0
16,9,-0.5243590000000005,1.3136690000000009,20.470806,0.0
16,10,-0.44433599999999984,1.515906000000001,17.370304999999988,0.0
16,11,-0.262278000000002,1.801684999999999,11.599587000000042,0.0
17,0,-0.624352,0.631495000000001,25.770067,0.0
17,1,-0.6162340000000022,0.6396130000000007,25.632061000000036,0.0
17,2,-0.6070039999999999,0.6896860000000018,25.425077999999996,0.0
17,3,-0.5983110000000025,0.7382049999999971,25.18025900000005,0.0
17,4,-0.5866910000000018,0.8036940000000001,24.78625200000003,0.0
17,5,-0.5712960000000002,0.8660449999999997,24.275133000000004,0.0
17,6,-0.5496580000000009,0.9555950000000024,23.459537,0.0
17,7,-0.5180080000000018,1.0680669999999992,22.246655000000036,0.0
17,8,-0.47021099999999905,1.2032150000000001,20.488069999999983,0.0
17,9,-0.39301499999999834,1.3908650000000016,17.67453799999996,0.0
17,10,-0.262278000000002,1.6466429999999974,13.150007000000059,0.0
18,0,-0.5581560000000003,0.6396130000000007,24.644735000000004,0.0
18,1,-0.5483060000000002,0.6494630000000008,24.467435000000002,0.0
18,2,-0.5371390000000016,0.7008530000000004,24.215039000000026,0.0
18,3,-0.5250509999999977,0.8036940000000001,23.73837199999996,0.0
18,4,-0.5090199999999996,0.8197249999999983,23.401721,0.0
18,5,-0.4877969999999969,0.8872680000000024,22.749534999999934,0.0
18,6,-0.4570280000000011,0.9863639999999982,21.70021300000003,0.0
18,7,-0.41144099999999995,1.1136540000000004,20.115906999999996,0.0
18,8,-0.33929600000000093,1.2753599999999992,17.685355000000023,0.0
18,9,-0.2143890000000006,1.515772000000002,13.513732999999995,0.0
19,0,-0.48687600000000053,0.6494629999999972,23.36169500000001,0.0
19,1,-0.47484599999999944,0.6614930000000001,23.13312499999999,0.0
19,2,-0.4611169999999998,0.714582,22.819184999999997,0.0
19,3,-0.444504000000002,0.8197249999999983,22.240433000000042,0.0
19,4,-0.42243999999999815,0.8872680000000024,21.573108999999956,0.0
19,5,-0.3931350000000009,0.9165729999999996,20.89909400000002,0.0
19,6,-0.34940899999999786,1.0300900000000013,19.500714999999953,0.0
19,7,-0.2809400000000011,1.1821229999999971,17.28760600000004,0.0
19,8,-0.1641370000000002,1.392163,13.598069000000002,0.0
20,0,-0.4109759999999998,0.6614930000000001,21.919594999999994,0.0
20,1,-0.39607600000000076,0.714582,21.583406000000014,0.0
20,2,-0.37857200000000013,0.7320860000000007,21.215822000000003,0.0
20,3,-0.3561979999999991,0.8417890000000021,20.496426999999976,0.0
20,4,-0.3263360000000013,0.871651,19.809601000000026,0.0
20,5,-0.285302999999999,1.0300900000000013,18.282700999999975,0.0
20,6,-0.2203710000000001,1.0950220000000002,16.659401000000003,0.0
20,7,-0.10984599999999745,1.2926479999999998,13.263144999999952,0.0
21,0,-0.3309540000000002,0.6763930000000009,20.319155000000002,0.0
21,1,-0.312322,0.6950249999999976,19.927883,0.0
21,2,-0.2894900000000007,0.754918,19.388518000000012,0.0
21,3,-0.25967499999999966,0.871651,18.476380999999993,0.0
21,4,-0.21895699999999962,0.912369,17.499148999999992,0.0
21,5,-0.15805500000000094,1.0185080000000006,15.795651000000017,0.0
21,6,-0.054577000000001874,1.2926479999999998,12.15776500000004,0.0
22,0,-0.24717399999999934,0.6950249999999976,18.559774999999988,0.0
22,1,-0.2236469999999997,0.754918,18.005814999999995,0.0
22,2,-0.19348599999999827,0.7850790000000014,17.31211199999996,0.0
22,3,-0.15345600000000026,0.8591249999999988,16.28336000000001,0.0
22,4,-0.09461299999999895,1.0185080000000006,14.463368999999975,0.0
22,5,0.0023879999999998347,1.1984999999999992,11.526388000000008,0.0
23,0,-0.1590070000000008,0.7185519999999954,16.62010100000002,0.0
23,1,-0.1290509999999987,0.7485079999999993,15.93111299999997,0.0
23,2,-0.08915400000000062,0.8249759999999995,14.937014000000016,0.0
23,3,-0.03236099999999986,0.9159179999999996,13.448890999999998,0.0
23,4,0.059284999999999144,1.0628580000000003,10.900213000000019,0.0
24,0,-0.06577699999999886,0.7485080000000011,14.475810999999974,0.0
24,1,-0.02694300000000105,0.7873419999999989,13.543795000000026,0.0
24,2,0.02826499999999932,0.8801839999999999,12.125961000000016,0.0
24,3,0.11497899999999994,1.0026320000000002,9.799929,0.0
25,0,0.033449999999998425,0.7873419999999989,12.094363000000039,0.0
25,1,0.08673600000000015,0.8801839999999999,10.722656999999996,0.0
25,2,0.16900600000000132,0.962454000000001,8.583636999999966,0.0
26,0,0.14230100000000157,0.8406280000000006,9.37308799999996,0.0
26,1,0.22094200000000086,0.962454000000001,7.285236999999977,0.0
27,0,0.2694459999999985,0.9192689999999999,6.067318000000039,0.0
