0,0,-0.8565719999999999,-0.000576000000000576,8.273289,0.0
0,1,-0.8565719999999999,-0.000576000000000576,8.273289,0.0
0,2,-0.8565200000000006,0.0007882500000002679,8.27192475,3.274999999902661e-05
0,3,-0.8565200000000006,0.0007882500000002679,8.27192475,0.0005865000000007115
0,4,-0.8565200000000006,0.0007882500000002679,8.27192475,0.0002012499999981543
0,5,-0.8565200000000006,0.0007882500000002679,8.27192475,0.0
0,6,-0.8561140000000007,0.0010579999999986711,8.270576000000007,0.0
0,7,-0.8557469999999983,0.0014250000000011198,8.268373999999993,0.0
0,8,-0.8550600000000008,0.0021799999999991826,8.263089000000006,0.0
0,9,-0.8543419999999999,0.003227000000000757,8.254712999999994,0.0
0,10,-0.8533170000000005,0.004695999999999145,8.241492000000008,0.0
0,11,-0.8518709999999992,0.006453999999999738,8.223912000000002,0.0
0,12,-0.8498719999999995,0.008789000000000158,8.198226999999997,0.0
0,13,-0.8470319999999996,0.014428000000000551,8.130558999999993,0.0
0,14,-0.8433380000000001,0.019595999999999947,8.063375,0.0
0,15,-0.8381229999999995,0.028439000000000547,7.939572999999992,0.0
0,16,-0.8309600000000001,0.04021299999999961,7.762963000000006,0.0
0,17,-0.8211880000000003,0.05694800000000022,7.4952029999999965,0.0
0,18,-0.8078710000000004,0.07981099999999941,7.10653200000001,0.0
0,19,-0.789847,0.11184700000000092,6.529883999999983,0.0
0,20,-0.765524000000001,0.1601039999999987,5.613001000000025,0.0
0,21,-0.7335619999999992,0.2235700000000005,4.3436809999999895,0.0
0,22,-0.6919889999999995,0.31074300000000044,2.5130479999999906,0.0
0,23,-0.6394909999999996,0.4276420000000005,-0.05873000000001127,0.0
0,24,-0.575603000000001,0.5815199999999994,-3.597923999999985,0.0
0,25,-0.501004,0.7820870000000006,-8.411532000000015,0.0
0,26,-0.41834999999999845,1.03411,-14.712107000000001,0.0
0,27,-0.331742000000002,1.3525179999999999,-22.990714999999994,0.0
0,28,-0.24626999999999555,1.7437229999999992,-33.55324999999998,0.0
0,29,-0.1673630000000017,2.2371870000000005,-47.37024200000001,0.0
0,30,-0.09973199999998883,2.8674029999999995,-65.64650599999999,0.0
0,31,-0.04634099999999819,3.7037709999999997,-90.73754599999998,0.0
0,32,-0.005252999999996177,4.879975000000002,-127.19987000000006,0.0
0,33,0.038158000000009906,6.621057,-182.91449400000002,0.0
0,34,0.13064200000002302,9.497658000000001,-277.84232700000007,0.0
0,35,0.33945499999998674,15.262160999999999,-473.8354289999999,0.0
0,36,0.5599209999999175,28.659793999999998,-942.7525839999998,0.0
1,0,-0.8565719999999999,-0.000576000000000576,8.273289,0.0
1,1,-0.8565199999999997,-0.000524000000000413,8.273237,0.0
1,2,-0.8561140000000007,0.0008897500000000225,8.27141725,2.250000000536545e-06
1,3,-0.8561140000000007,0.0008897500000000225,8.27141725,0.00040949999999995157
1,4,-0.8561140000000007,0.0008897500000000225,8.27141725,8.07499999995187e-05
1,5,-0.8561140000000007,0.0008897500000000225,8.27141725,0.0
1,6,-0.8557069999999998,0.0014450000000003627,8.268233999999998,0.0
1,7,-0.8550600000000008,0.0020919999999993166,8.263705000000005,0.0
1,8,-0.8543419999999999,0.002898000000000067,8.257344999999999,0.0
1,9,-0.8533169999999997,0.0042520000000001446,8.245487999999998,0.0
1,10,-0.8518709999999992,0.006142000000000536,8.227031999999994,0.0
1,11,-0.8498719999999995,0.008452999999999378,8.201923000000006,0.0
1,12,-0.8470319999999996,0.011629000000000111,8.164146999999998,0.0
1,13,-0.8433380000000001,0.01812199999999997,8.082537,0.0
1,14,-0.8381229999999995,0.024811000000000583,7.990364999999992,0.0
1,15,-0.8309600000000001,0.03560199999999991,7.832128000000002,0.0
1,16,-0.8211880000000003,0.0499849999999995,7.606611000000008,0.0
1,17,-0.8078710000000004,0.07026500000000002,7.268814,0.0
1,18,-0.789847,0.0978349999999999,6.782100000000002,0.0
1,19,-0.765524000000001,0.1361699999999999,6.0677470000000024,0.0
1,20,-0.7335619999999992,0.19206600000000051,4.973760999999989,0.0
1,21,-0.6919889999999995,0.26514300000000013,3.470647999999997,0.0
1,22,-0.6394909999999996,0.36324100000000037,1.358091999999992,0.0
1,23,-0.575603000000001,0.49152999999999913,-1.5281539999999794,0.0
1,24,-0.501004,0.6561190000000003,-5.388300000000008,0.0
1,25,-0.4183500000000002,0.8647410000000004,-10.477882000000012,0.0
1,26,-0.331742000000002,1.120718,-16.963915,0.0
1,27,-0.05754600000000032,1.4379899999999992,-25.48718299999998,0.0
1,28,0.052381000000000455,1.8226300000000002,-35.98239000000001,0.0
1,29,-0.09973199999999594,2.304818000000001,-49.33154100000002,0.0
1,30,-0.04634099999999819,2.920794000000001,-67.24823600000002,0.0
1,31,0.3033999999999999,3.744858999999998,-92.31992699999995,0.0
1,32,0.35888900000000135,4.923386000000001,-128.90975300000002,0.0
1,33,0.1306419999999946,6.713541000000003,-185.96646600000008,0.0
1,34,0.5526539999999969,9.706470999999993,-285.1551679999998,0.0
1,35,0.7118140000000039,15.482627,-481.7036320000001,0.0
2,0,-0.7979539999999998,-0.0005239999999986367,8.214671,0.0
2,1,-0.7978519999999998,-0.0004220000000003665,8.214466999999999,0.0
2,2,-0.7973990000000004,0.0010029999999998651,8.212136000000001,0.0
2,3,-0.7972070000000002,0.0010669999999999291,8.211624,0.00024300000000110344
2,4,-0.7972070000000002,0.0010669999999999291,8.211624,0.0
2,5,-0.7970860000000002,0.0011879999999999669,8.210898,0.0
2,6,-0.7964820000000001,0.0020490000000004116,8.205384999999998,0.0
2,7,-0.7953339999999995,0.0030689999999999884,8.196969,0.0
2,8,-0.7943449999999999,0.004057999999999673,8.188068000000001,0.0
2,9,-0.792713,0.005884,8.170196,0.0
2,10,-0.7904300000000006,0.008424999999999905,8.142761000000002,0.0
2,11,-0.787293,0.01158999999999999,8.104837,0.0
2,12,-0.7828569999999999,0.016065000000000218,8.046739999999996,0.0
2,13,-0.7770260000000002,0.02395299999999967,7.940422000000004,0.0
2,14,-0.7689180000000002,0.03291900000000059,7.807647999999992,0.0
2,15,-0.7578460000000007,0.04667399999999944,7.592934000000009,0.0
2,16,-0.7428109999999997,0.06502000000000052,7.287673999999991,0.0
2,17,-0.7224490000000001,0.09062699999999957,6.837238000000007,0.0
2,18,-0.6950979999999998,0.12518600000000024,6.195032999999995,0.0
2,19,-0.6585989999999997,0.17266899999999996,5.267341,0.0
2,20,-0.6111620000000002,0.23950300000000002,3.902621,0.0
2,21,-0.550446,0.32585900000000034,2.054068999999993,0.0
2,22,-0.4751089999999998,0.4385780000000006,-0.46370400000001233,0.0
2,23,-0.3852379999999993,0.5814009999999996,-3.785551999999992,0.0
2,24,-0.18330300000000044,0.7587960000000002,-8.269507000000004,0.0
2,25,-0.05881900000000151,0.9759119999999992,-13.72925899999998,0.0
2,26,0.07186699999999924,1.2345620000000004,-20.456881000000006,0.0
2,27,0.052381000000000455,1.547917,-28.565139000000002,0.0
2,28,0.3231529999999996,1.9221439999999994,-39.210811999999976,0.0
2,29,0.4305190000000003,2.389123999999999,-52.50098399999997,0.0
2,30,0.5203150000000001,2.987993000000003,-70.04777700000008,0.0
2,31,0.5928949999999986,3.8003479999999996,-94.56358699999998,0.0
2,32,0.4256689999999992,4.9901659999999985,-131.11349299999995,0.0
2,33,0.8172149999999974,6.921586999999999,-193.78311799999994,0.0
2,34,0.8172149999999974,9.865631,-290.93657,0.0
3,0,-0.731541,-0.0004220000000003665,8.081845000000001,0.0
3,1,-0.7313650000000003,-0.0002460000000006346,8.081317000000002,0.0
3,2,-0.7309649999999985,0.0011790000000004852,8.078691999999995,0.0
3,3,-0.7305510000000002,0.0013199999999997658,8.077168,9.200000000220143e-05
3,4,-0.7305510000000002,0.0013199999999997658,8.077168,0.0
3,5,-0.730105,0.0017659999999999343,8.074046,0.0
3,6,-0.7292120000000004,0.002942,8.065487000000001,0.0
3,7,-0.7274969999999987,0.004421000000000674,8.051467999999993,0.0
3,8,-0.7261439999999997,0.005773999999999724,8.037938,0.0
3,9,-0.723738,0.008289999999999687,8.010592000000003,0.0
3,10,-0.7202070000000003,0.011772999999999811,7.968652000000002,0.0
3,11,-0.7156949999999993,0.016175000000000495,7.911095999999993,0.0
3,12,-0.7093949999999998,0.022475000000000023,7.822895999999999,0.0
3,13,-0.7008999999999999,0.03244799999999959,7.677735000000005,0.0
3,14,-0.6892640000000005,0.0445549999999999,7.485436000000003,0.0
3,15,-0.6734969999999993,0.062441000000000635,7.187730999999989,0.0
3,16,-0.6522269999999999,0.08628999999999998,6.766186,0.0
3,17,-0.623659,0.1191949999999995,6.154002000000008,0.0
3,18,-0.5857039999999998,0.16314100000000042,5.293054999999992,0.0
3,19,-0.535838,0.2225349999999997,4.074365000000006,0.0
3,20,-0.41068199999999955,0.30327199999999976,2.164894000000003,0.0
3,21,-0.330692,0.4057150000000007,-0.1239360000000147,0.0
3,22,-0.29554900000000117,0.5352419999999993,-2.949431999999982,0.0
3,23,-0.11900399999999944,0.6936470000000003,-6.96397700000001,0.0
3,24,0.009233000000000047,0.8832799999999992,-11.710246999999981,0.0
3,25,0.07186699999999924,1.106598,-17.257780999999994,0.0
3,26,0.20159199999999977,1.364287000000001,-24.089181000000025,0.0
3,27,0.4170770000000008,1.6694779999999998,-32.670602,0.0
3,28,0.5368949999999995,2.02951,-42.75092,0.0
3,29,0.6399700000000017,2.4789199999999987,-55.64362499999997,0.0
3,30,0.7252210000000012,3.0605730000000015,-72.76731500000004,0.0
3,31,0.7946780000000011,3.8644029999999994,-97.09058599999999,0.0
3,32,0.8876440000000017,5.101126000000001,-135.73965300000003,0.0
3,33,0.8876440000000017,6.921586999999999,-193.99440499999997,0.0
4,0,-0.671081,-0.0002460000000006346,7.9004650000000005,0.0
4,1,-0.6708099999999995,2.4999999999941735e-05,7.899380999999998,0.0
4,2,-0.6703779999999995,0.0014170000000000016,7.896260999999998,0.0
4,3,-0.669848,0.0016819999999997393,7.893611000000001,0.0
4,4,-0.669638,0.0018289999999998585,7.89233,0.0
4,5,-0.6688489999999998,0.002618000000000009,7.886017999999999,0.0
4,6,-0.6675759999999995,0.004215000000000302,7.872940999999996,0.0
4,7,-0.6652769999999997,0.006247000000000114,7.851552999999998,0.0
4,8,-0.6632959999999999,0.008227999999999902,7.8297620000000006,0.0
4,9,-0.6598899999999999,0.011695999999999707,7.788394000000002,0.0
4,10,-0.6548919999999994,0.016473000000000404,7.725408999999994,0.0
4,11,-0.6486840000000011,0.02257799999999932,7.639527000000012,0.0
4,12,-0.6399499999999998,0.03131200000000067,7.5085169999999914,0.0
4,13,-0.628164,0.04423399999999944,7.306309000000007,0.0
4,14,-0.612228,0.06049099999999985,7.031224000000002,0.0
4,15,-0.5908350000000002,0.08383400000000041,6.618849999999995,0.0
4,16,-0.5622250000000006,0.11489999999999956,6.038420000000009,0.0
4,17,-0.524286,0.1571340000000001,5.210919999999998,0.0
4,18,-0.47462599999999977,0.21280100000000068,4.065940999999987,0.0
4,19,-0.41068199999999955,0.28647899999999993,2.483961,0.0
4,20,-0.2819540000000007,0.3832619999999993,0.13017200000001594,0.0
4,21,-0.23329300000000064,0.5031140000000001,-2.461511999999999,0.0
4,22,-0.11900399999999944,0.6495310000000005,-5.9934250000000135,0.0
4,23,0.052495999999999654,0.8218839999999998,-10.471190999999994,0.0
4,24,0.1892270000000007,1.0203209999999991,-15.582165999999983,0.0
4,25,0.28476500000000016,1.2450890000000001,-21.358750000000004,0.0
4,26,0.4170770000000008,1.4965990000000016,-28.17574800000005,0.0
4,27,0.5886659999999999,1.7892959999999984,-36.47222599999996,0.0
4,28,0.6972300000000011,2.1325850000000024,-46.17528500000007,0.0
4,29,0.7252210000000012,2.564170999999998,-58.371656999999956,0.0
4,30,0.8623890000000003,3.1300300000000014,-75.33024000000003,0.0
4,31,0.9293200000000006,3.935680999999999,-99.77756199999996,0.0
4,32,0.8876440000000017,5.101126000000001,-135.73965300000003,0.0
5,0,-0.6166480000000005,2.4999999999941735e-05,7.6827330000000025,0.0
5,1,-0.6162619999999999,0.0004110000000006053,7.680802999999999,0.0
5,2,-0.615831,0.0017649999999997945,7.677294000000001,0.0
5,3,-0.6150669999999998,0.002178999999999931,7.672645999999999,0.0
5,4,-0.6144700000000007,0.0026969999999995053,7.668107000000005,0.0
5,5,-0.6133220000000001,0.0038450000000000983,7.657775,0.0
5,6,-0.6115310000000003,0.006006000000000178,7.638015,0.0
5,7,-0.6085620000000009,0.008721999999999674,7.606874000000007,0.0
5,8,-0.6056360000000005,0.011648000000000103,7.571762000000001,0.0
5,9,-0.6009260000000003,0.01640599999999992,7.510148000000002,0.0
5,10,-0.5941369999999999,0.02292000000000005,7.417576999999999,0.0
5,11,-0.5857449999999993,0.03131200000000067,7.291696999999989,0.0
5,12,-0.5738600000000007,0.043196999999999264,7.101537000000012,0.0
5,13,-0.5579809999999998,0.060113000000000305,6.819149999999995,0.0
5,14,-0.5367539999999993,0.0817180000000004,6.432149999999991,0.0
5,15,-0.5085519999999999,0.1120359999999998,5.866688000000003,0.0
5,16,-0.47131399999999957,0.15213799999999988,5.078968,0.0
5,17,-0.4227039999999995,0.20574400000000015,3.9782219999999953,0.0
5,18,-0.3603050000000003,0.2751999999999999,2.4854750000000037,0.0
5,19,-0.2819540000000007,0.36482999999999954,0.4803800000000118,0.0
5,20,-0.1865919999999992,0.4786240000000008,-2.15851600000002,0.0
5,21,-0.07436299999999996,0.6153429999999993,-5.454040999999986,0.0
5,22,0.08506800000000059,0.7763900000000001,-9.633183000000006,0.0
5,23,0.21847199999999933,0.9586150000000009,-14.309153000000016,0.0
5,24,0.329168000000001,1.1602619999999995,-19.500513999999995,0.0
5,25,0.4645350000000015,1.3804560000000006,-25.462005000000023,0.0
5,26,0.6142239999999983,1.62073,-32.217299999999994,0.0
5,27,0.7236359999999991,1.8978599999999997,-39.96973999999999,0.0
5,28,0.8164839999999991,2.2238289999999985,-49.23514299999995,0.0
5,29,0.8623890000000003,2.6380860000000013,-61.06386400000004,0.0
5,30,0.9480690000000003,3.1868930000000013,-77.40766700000005,0.0
5,31,0.9507349999999981,3.935680999999999,-99.88463699999994,0.0
6,0,-0.5660669999999994,0.0004110000000006053,7.429827999999997,0.0
6,1,-0.5655470000000005,0.0009309999999995711,7.426708000000003,0.0
6,2,-0.5649290000000002,0.0022809999999999775,7.421650000000001,0.0
6,3,-0.5639689999999993,0.0029690000000002215,7.414513999999995,0.0
6,4,-0.5628929999999999,0.003944999999999865,7.40513,0.0
6,5,-0.5612490000000001,0.005588999999999622,7.388690000000002,0.0
6,6,-0.5587600000000004,0.00849499999999992,7.359226000000002,0.0
6,7,-0.5549239999999989,0.012103000000000641,7.314561999999989,0.0
6,8,-0.5506789999999997,0.016347999999999807,7.259377,0.0
6,9,-0.5442609999999997,0.022823999999999955,7.169060999999998,0.0
6,10,-0.5352210000000008,0.031635999999999775,7.035513000000007,0.0
6,11,-0.5238050000000003,0.04305200000000031,6.852856999999998,0.0
6,12,-0.5080369999999998,0.05896499999999971,6.583206000000002,0.0
6,13,-0.4870570000000001,0.08109300000000008,6.191789999999999,0.0
6,14,-0.45929900000000057,0.1094759999999999,5.6562630000000045,0.0
6,15,-0.4229099999999999,0.14842500000000047,4.8926429999999925,0.0
6,16,-0.3756050000000002,0.1994429999999996,3.8435430000000075,0.0
6,17,-0.3151099999999998,0.26623900000000056,2.4118369999999896,0.0
6,18,-0.23930600000000002,0.35100399999999965,0.5160080000000065,0.0
6,19,-0.14690099999999973,0.45723499999999984,-1.9505799999999978,0.0
6,20,-0.03811100000000067,0.5874139999999999,-5.076720999999994,0.0
6,21,0.11416300000000046,0.7385220000000006,-9.012525000000013,0.0
6,22,0.21847199999999933,0.9097939999999989,-13.235090999999974,0.0
6,23,0.35592999999999897,1.0960730000000005,-18.157977000000006,0.0
6,24,0.49013500000000043,1.294467000000001,-23.526269000000024,0.0
6,25,0.6142239999999983,1.5045449999999985,-29.312674999999953,0.0
6,26,0.7236359999999991,1.7301420000000007,-35.60907200000001,0.0
6,27,0.8164839999999991,1.9907079999999997,-42.94087599999999,0.0
6,28,0.8919920000000019,2.2993370000000013,-51.72690700000005,0.0
6,29,0.9480690000000003,2.6941629999999996,-63.118497,0.0
6,30,0.9507349999999981,3.189558999999999,-77.50097699999995,0.0
7,0,-0.5175070000000006,0.0009309999999995711,7.138468000000004,0.0
7,1,-0.5168119999999998,0.0016259999999999053,7.133602999999999,0.0
7,2,-0.5159580000000004,0.0030519999999998326,7.126199000000003,0.0
7,3,-0.5146450000000002,0.004154999999999909,7.114802000000002,0.0
7,4,-0.5129689999999996,0.005710000000000104,7.098404999999996,0.0
7,5,-0.5106449999999998,0.008033999999999875,7.072840999999999,0.0
7,6,-0.5072139999999994,0.011926000000000325,7.029363999999994,0.0
7,7,-0.5022070000000003,0.016728999999999772,6.965497000000004,0.0
7,8,-0.4961929999999999,0.02274300000000018,6.881300999999998,0.0
7,9,-0.48753400000000013,0.031482999999999706,6.750768000000003,0.0
7,10,-0.475638,0.04329200000000011,6.561214999999999,0.0
7,11,-0.46028899999999995,0.058641000000000165,6.3002819999999975,0.0
7,12,-0.4396,0.07965399999999967,5.924316000000004,0.0
7,13,-0.4123049999999999,0.10838800000000015,5.388442999999997,0.0
7,14,-0.3766359999999995,0.1451450000000003,4.660918999999993,0.0
7,15,-0.330603,0.19445800000000002,3.648306,0.0
7,16,-0.2719480000000001,0.2580979999999995,2.2831210000000084,0.0
7,17,-0.19876300000000047,0.33942400000000017,0.4696100000000003,0.0
7,18,-0.10966599999999982,0.4401010000000003,-1.8655780000000064,0.0
7,19,-0.0047360000000002955,0.5621649999999994,-4.797239999999985,0.0
7,20,0.11416300000000046,0.7063130000000006,-8.368345000000016,0.0
7,21,0.24310600000000004,0.8674650000000002,-12.493986000000003,0.0
7,22,0.37637800000000077,1.0430659999999996,-17.114510999999997,0.0
7,23,0.507282,1.2269769999999998,-22.076880999999997,0.0
7,24,0.6291719999999987,1.4163569999999996,-27.285850999999987,0.0
7,25,0.7372820000000004,1.6126550000000002,-32.75377300000001,0.0
7,26,0.8294890000000006,1.8223490000000009,-38.64157200000003,0.0
7,27,0.9111219999999989,2.066033000000001,-45.54878700000001,0.0
7,28,0.9603749999999991,2.3548979999999986,-53.692912999999955,0.0
7,29,0.9607939999999999,2.6945820000000005,-63.206998000000006,0.0
8,0,-0.4700719999999996,0.0016259999999999053,6.806422999999997,0.0
8,1,-0.469125,0.0030519999999998326,6.798368,0.0
8,2,-0.46794,0.0041959999999998665,6.787744,0.0
8,3,-0.46610600000000035,0.00586999999999982,6.769724000000004,0.0
8,4,-0.46365999999999996,0.008175000000000043,6.743240999999999,0.0
8,5,-0.46040100000000006,0.011433999999999944,6.704133000000001,0.0
8,6,-0.45571800000000007,0.016609000000000318,6.640793999999999,0.0
8,7,-0.44913200000000053,0.023028999999999744,6.549586000000006,0.0
8,8,-0.440798,0.03136300000000025,6.424575999999998,0.0
8,9,-0.42922899999999986,0.04305199999999987,6.238512,0.0
8,10,-0.4137120000000003,0.058724999999999916,5.973319000000004,0.0
8,11,-0.3933249999999999,0.0791120000000003,5.606352999999997,0.0
8,12,-0.3664889999999996,0.10648999999999997,5.090506999999997,0.0
8,13,-0.33153500000000014,0.14334199999999964,4.368651000000005,0.0
8,14,-0.28654400000000013,0.1901360000000003,3.400400999999997,0.0
8,15,-0.22959500000000066,0.2514069999999995,2.0870150000000125,0.0
8,16,-0.1587569999999996,0.32893600000000056,0.3573759999999879,0.0
8,17,-0.07293600000000033,0.42524499999999943,-1.870135999999988,0.0
8,18,0.028087999999999447,0.5411250000000001,-4.648287999999997,0.0
8,19,0.14251600000000053,0.6765930000000004,-8.002136000000013,0.0
8,20,0.2667489999999999,0.830546,-11.921107,0.0
8,21,0.41426799999999986,0.9960560000000003,-16.411459000000004,0.0
8,22,0.5363379999999998,1.1696499999999999,-21.033492999999993,0.0
8,23,0.6404650000000007,1.3455180000000002,-25.735605000000014,0.0
8,24,0.7462119999999999,1.5221039999999988,-30.643058999999973,0.0
8,25,0.8368420000000008,1.703285000000001,-35.716443000000034,0.0
8,26,0.9111219999999989,1.896628999999999,-41.14428299999996,0.0
8,27,0.9659319999999987,2.1208430000000007,-47.412327000000005,0.0
8,28,0.9659319999999987,2.354458000000001,-53.719932000000014,0.0
9,0,-0.42359100000000005,0.0025729999999999364,6.434575000000001,0.0
9,1,-0.42062199999999983,0.005867000000000289,6.4058579999999985,0.0
9,2,-0.42062199999999983,0.005867000000000289,6.4058579999999985,0.0
9,3,-0.4180790000000001,0.008293999999999802,6.378117000000001,0.0
9,4,-0.4146230000000002,0.011591999999999825,6.337119000000002,0.0
9,5,-0.4101079999999997,0.016107000000000316,6.278423999999996,0.0
9,6,-0.4037580000000003,0.02295899999999973,6.187014000000004,0.0
9,7,-0.3950599999999995,0.03154500000000038,6.057215999999993,0.0
9,8,-0.3837330000000003,0.04287199999999958,5.875984000000006,0.0
9,9,-0.3684289999999999,0.058356000000000297,5.6143759999999965,0.0
9,10,-0.3482099999999999,0.0789439999999999,5.247113000000001,0.0
9,11,-0.3216770000000002,0.10564499999999999,4.741306000000002,0.0
9,12,-0.287347,0.14082000000000017,4.045410999999998,0.0
9,13,-0.24336199999999986,0.1873269999999998,3.0914620000000013,0.0
9,14,-0.18782999999999994,0.24566800000000022,1.8332409999999966,0.0
9,15,-0.11917499999999981,0.3200619999999996,0.1738300000000037,0.0
9,16,-0.03619799999999973,0.41191300000000064,-1.9507280000000127,0.0
9,17,0.06098600000000065,0.5224289999999998,-4.593640000000002,0.0
9,18,0.1710630000000002,0.6512019999999996,-7.773473999999995,0.0
9,19,0.2904960000000001,0.7960260000000003,-11.455203000000008,0.0
9,20,0.4335610000000001,0.9543179999999998,-15.750335999999997,0.0
9,21,0.5363379999999998,1.1181260000000002,-19.951489000000002,0.0
9,22,0.6614159999999991,1.2841629999999995,-24.56396799999998,0.0
9,23,0.760707,1.4482809999999997,-29.068182999999994,0.0
9,24,0.842137000000001,1.610627000000001,-33.53501100000003,0.0
9,25,0.9149759999999993,1.7761239999999994,-38.16248999999998,0.0
9,26,0.9690970000000014,1.9504919999999988,-43.008778999999976,0.0
9,27,0.9690970000000014,2.1198770000000025,-47.412789000000075,0.0
10,0,-0.37821700000000025,0.0038709999999992917,6.026209000000002,0.0
10,1,-0.3740220000000001,0.008264000000000049,5.981664,0.0
10,2,-0.3740220000000001,0.008264000000000049,5.981664,0.0
10,3,-0.37056799999999956,0.01167000000000007,5.940311999999995,0.0
10,4,-0.36578900000000036,0.016277999999999793,5.878698000000004,0.0
10,5,-0.3595999999999999,0.022467000000000237,5.792051999999998,0.0
10,6,-0.35105699999999995,0.0315019999999997,5.661447000000001,0.0
10,7,-0.3395799999999993,0.04294700000000029,5.478006999999991,0.0
10,8,-0.3244379999999998,0.058088999999999835,5.220592999999999,0.0
10,9,-0.3044030000000002,0.07839099999999988,4.857827000000003,0.0
10,10,-0.2782399999999998,0.10510700000000028,4.3557529999999955,0.0
10,11,-0.24435800000000008,0.13952699999999973,3.6727330000000036,0.0
10,12,-0.201206,0.18397200000000025,2.752317999999997,0.0
10,13,-0.14701200000000014,0.24152099999999965,1.5197900000000057,0.0
10,14,-0.08019900000000035,0.312481,-0.07081999999999677,0.0
10,15,0.00011300000000025179,0.40037400000000023,-2.104442000000006,0.0
10,16,0.09398399999999985,0.5057840000000002,-4.624302000000002,0.0
10,17,0.199789,0.628234,-7.641551999999999,0.0
10,18,0.3146300000000002,0.7660429999999998,-11.132714999999997,0.0
10,19,0.4335610000000001,0.9149570000000002,-15.002477000000004,0.0
10,20,0.5509890000000004,1.071746,-19.155748000000003,0.0
10,21,0.6614159999999991,1.228552999999999,-23.396157999999968,0.0
10,22,0.760707,1.3834540000000004,-27.64198900000001,0.0
10,23,0.8512240000000002,1.534293,-31.865617000000004,0.0
10,24,0.9204160000000012,1.6817930000000008,-35.95003700000003,0.0
10,25,0.9702229999999998,1.8284619999999991,-39.968162999999976,0.00042499999999279225
10,26,0.9702229999999998,1.9493660000000004,-42.990763000000015,0.0
11,0,-0.33418099999999984,0.005669000000001034,5.585848999999998,0.0
11,1,-0.33169099999999996,0.008264000000000049,5.558354,0.0
11,2,-0.328322,0.011633000000000004,5.517926,0.0
11,3,-0.3236319999999999,0.016318999999999972,5.456963999999999,0.0
11,4,-0.317134,0.02264200000000005,5.366517,0.0
11,5,-0.30873700000000026,0.031038999999999817,5.240562000000004,0.0
11,6,-0.29734399999999983,0.04289500000000013,5.055958999999998,0.0
11,7,-0.28223900000000013,0.05805199999999999,4.7988620000000015,0.0
11,8,-0.2623350000000002,0.07799299999999976,4.440331000000004,0.0
11,9,-0.23642699999999994,0.10429900000000014,3.944894999999998,0.0
11,10,-0.2030540000000003,0.13847999999999994,3.2701630000000037,0.0
11,11,-0.16054600000000008,0.18203499999999995,2.3670250000000013,0.0
11,12,-0.10743000000000036,0.23708799999999997,1.1771660000000042,0.0
11,13,-0.04231999999999969,0.3066310000000003,-0.37356000000000744,0.0
11,14,0.0357050000000001,0.3905059999999998,-2.3222099999999988,0.0
11,15,0.1264510000000003,0.49112000000000045,-4.72901200000001,0.0
11,16,0.22856599999999982,0.6078989999999997,-7.603961999999994,0.0
11,17,0.3388739999999997,0.7385419999999998,-10.907637999999993,0.0
11,18,0.45319799999999955,0.8803669999999997,-14.576226999999989,0.0
11,19,0.5812820000000007,1.0277630000000002,-18.63827900000001,0.0
11,20,0.6722309999999991,1.1779729999999997,-22.492707999999986,0.0
11,21,0.768021000000001,1.3243430000000007,-26.473798000000023,0.0
11,22,0.8512240000000002,1.4666569999999997,-30.377624999999995,0.0
11,23,0.9229120000000002,1.603485000000001,-34.17640900000002,0.0
11,24,0.9710209999999995,1.732397999999999,-37.67060699999997,0.0009049999999959368
11,25,0.9710209999999995,1.8276639999999995,-39.95699099999998,0.0
12,0,-0.29166800000000004,0.008159000000000027,5.118206000000001,0.0
12,1,-0.2835780000000001,0.016288999999999998,5.0164300000000015,0.0
12,2,-0.2835780000000001,0.016288999999999998,5.0164300000000015,0.0
12,3,-0.277239,0.02265000000000006,4.92764,0.0
12,4,-0.26851999999999987,0.03120400000000001,4.797349999999998,0.0
12,5,-0.2572479999999999,0.04247599999999996,4.616997999999999,0.0
12,6,-0.24219000000000013,0.05795299999999992,4.358917000000002,0.0
12,7,-0.22241200000000005,0.07783000000000007,4.002319,0.0
12,8,-0.19669299999999978,0.10371200000000003,3.5125169999999972,0.0
12,9,-0.16367299999999974,0.1373190000000002,2.8474209999999953,0.0
12,10,-0.12184399999999984,0.18030899999999983,1.9585629999999998,0.0
12,11,-0.06961700000000004,0.23426199999999975,0.792309000000003,0.0
12,12,-0.0058829999999998606,0.30082200000000014,-0.7046590000000035,0.0
12,13,0.07006500000000004,0.3825790000000002,-2.5971190000000033,0.0
12,14,0.15810400000000024,0.478545,-4.901145000000003,0.0
12,15,0.25671399999999966,0.5897299999999999,-7.641054999999994,0.0
12,16,0.36310399999999987,0.714289,-10.786119999999997,0.0
12,17,0.47285800000000044,0.8482960000000004,-14.24728000000001,0.0
12,18,0.5812820000000007,1.0277630000000002,-18.63827900000001,0.0
12,19,0.6833290000000005,1.12981,-21.699689000000006,0.0
12,20,0.7755320000000001,1.2701759999999993,-25.473078999999988,0.0
12,21,0.8558880000000002,1.4046990000000008,-29.12781100000002,0.0
12,22,0.9254999999999995,1.5336809999999996,-32.671776999999985,0.0
12,23,0.9716589999999998,1.6522320000000006,-35.833807000000014,0.0013429999999985398
12,24,0.9716589999999998,1.7317599999999986,-37.662950999999964,0.0
13,0,-0.2507269999999999,0.01159299999999952,4.626913999999999,0.0
13,1,-0.23968199999999995,0.022637999999999936,4.476979999999999,0.0
13,2,-0.23968199999999995,0.022637999999999936,4.476979999999999,0.0
13,3,-0.23114900000000005,0.03118299999999996,4.348961000000001,0.0
13,4,-0.21960100000000016,0.04261399999999993,4.164544000000002,0.0
13,5,-0.2046429999999999,0.05757200000000018,3.910257999999998,0.0
13,6,-0.184952,0.07764399999999982,3.553915000000001,0.0
13,7,-0.1593929999999999,0.10338900000000018,3.0671779999999975,0.0
13,8,-0.126641,0.13646399999999992,2.4098770000000007,0.0
13,9,-0.08528700000000011,0.17867300000000008,1.5346030000000008,0.0
13,10,-0.033946000000000254,0.2316499999999997,0.3903770000000062,0.0
13,11,0.02862600000000004,0.29683400000000004,-1.0748990000000012,0.0
13,12,0.10286600000000012,0.37506200000000023,-2.9005270000000047,0.0
13,13,0.18847299999999967,0.46818599999999977,-5.130905999999992,0.0
13,14,0.28404099999999977,0.5741130000000001,-7.750340999999999,0.0
13,15,0.38668000000000013,0.714289,-11.069032,0.0
13,16,0.49247900000000033,0.8482960000000004,-14.48273200000001,0.0
13,17,0.596527,0.9523440000000001,-17.500124,0.0
13,18,0.6946199999999996,1.0868839999999995,-21.06251299999999,0.0
13,19,0.7832340000000002,1.2184240000000006,-24.582215000000016,0.0
13,20,0.8656259999999989,1.3476409999999994,-28.108433999999974,0.0
13,21,0.9254999999999995,1.4695,-31.323975999999995,0.0
13,22,0.9722549999999996,1.5804359999999997,-34.26144699999999,0.0017849999999981492
13,23,0.9722549999999996,1.6516360000000008,-35.82784700000001,0.0
14,0,-0.21127800000000008,0.016289000000000442,4.114077000000001,0.0
14,1,-0.20489300000000016,0.02265600000000001,4.024687000000002,0.0
14,2,-0.19634400000000007,0.031193999999999944,3.896463000000001,0.0
14,3,-0.18497399999999997,0.042564000000000046,3.7145429999999995,0.0
14,4,-0.1698200000000003,0.05766999999999989,3.4570690000000046,0.0
14,5,-0.15021300000000015,0.07727700000000004,3.104143000000002,0.0
14,6,-0.124784,0.10307299999999997,2.6191570000000004,0.0
14,7,-0.09224600000000005,0.13592700000000013,1.9665009999999998,0.0
14,8,-0.051263999999999976,0.177446,1.1021199999999998,0.0
14,9,-0.0005510000000001902,0.22938599999999987,-0.02338199999999624,0.0
14,10,0.06090500000000043,0.2931060000000003,-1.457246000000009,0.0
14,11,0.13369800000000032,0.36962699999999993,-3.2415580000000035,0.0
14,12,0.21727099999999977,0.4586349999999997,-5.390667999999994,0.0
14,13,0.3101160000000003,0.5610310000000003,-7.919250000000007,0.0
14,14,0.409497,0.6734939999999998,-10.772602999999997,0.0
14,15,0.5114849999999995,0.7943569999999998,-13.892516999999991,0.0
14,16,0.6117509999999999,0.9203540000000006,-17.18619600000001,0.0
14,17,0.7058739999999997,1.0464669999999998,-20.521725999999994,0.0
14,18,0.7911009999999994,1.1721109999999992,-23.85085199999998,0.0
14,19,0.8656259999999989,1.2929490000000001,-27.069285999999988,0.0
14,20,0.9309720000000006,1.4102190000000014,-30.212260000000036,0.0
14,21,0.9728905000000001,1.5141864999999992,-32.87846899999999,0.0022425000000012574
14,22,0.9728905000000001,1.5798004999999993,-34.25636299999999,0.0
15,0,-0.17306500000000002,0.022655999999999565,3.5790950000000006,0.0
15,1,-0.16449299999999972,0.0312110000000001,3.450514999999996,0.0
15,2,-0.1530720000000001,0.042597999999999914,3.267813000000002,0.0
15,3,-0.13807900000000006,0.05759099999999995,3.012932000000001,0.0
15,4,-0.11839199999999983,0.07731700000000008,2.6584489999999974,0.0
15,5,-0.09303299999999992,0.10267599999999999,2.176627999999999,0.0
15,6,-0.060686999999999935,0.13592700000000013,1.5246749999999982,0.0
15,7,-0.0199990000000001,0.17661499999999997,0.6702270000000017,0.0
15,8,0.030217999999999856,0.22938599999999987,-0.4541479999999969,0.0
15,9,0.09086900000000009,0.2931060000000003,-1.8767420000000041,0.0
15,10,0.16229899999999997,0.36962699999999993,-3.641971999999999,0.0
15,11,0.24415599999999982,0.4514839999999998,-5.688396999999995,0.0
15,12,0.33467400000000014,0.5610310000000003,-8.263062000000005,0.0
15,13,0.43115099999999984,0.657508,-10.867940999999998,0.0
15,14,0.5298420000000004,0.7721850000000003,-13.83910700000001,0.0
15,15,0.6264320000000003,0.8909469999999997,-16.950625,0.0
15,16,0.7171349999999999,1.0464669999999998,-20.679379999999995,0.0
15,17,0.7989459999999999,1.128278,-23.215520999999995,0.0
15,18,0.875775,1.2438670000000007,-26.332969000000013,0.0
15,19,0.9309720000000006,1.3532189999999993,-29.129259999999995,0.0
15,20,0.973592,1.4528390000000009,-31.661340000000017,0.0027129999999999654
15,21,0.973592,1.5134849999999993,-32.874259999999985,0.0
16,0,-0.13565300000000002,0.031210999999999878,3.0179150000000003,0.0
16,1,-0.12425599999999992,0.04260300000000006,2.8355629999999987,0.0
16,2,-0.1091859999999999,0.05763200000000002,2.5794139999999985,0.0
16,3,-0.08961200000000002,0.07720599999999989,2.2270820000000007,0.0
16,4,-0.06428699999999998,0.10267599999999999,1.7454379999999998,0.0
16,5,-0.032027999999999945,0.13541899999999996,1.0978379999999994,0.0
16,6,0.008394000000000013,0.17661499999999997,0.244332,0.0
16,7,0.05820800000000004,0.226429,-0.8515760000000006,0.0
16,8,0.11821500000000018,0.2900370000000001,-2.2593110000000034,0.0
16,9,0.18864500000000017,0.3645360000000002,-3.9862520000000043,0.0
16,10,0.2688999999999999,0.44479099999999994,-5.992626999999997,0.0
16,11,0.37830299999999983,0.54006,-8.695764999999998,0.0
16,12,0.45142499999999997,0.6431019999999998,-10.999178999999998,0.0
16,13,0.5471599999999999,0.7532429999999999,-13.852630999999995,0.0
16,14,0.6406000000000001,0.8909469999999997,-17.163144999999997,0.0
16,15,0.7279629999999999,0.9783099999999996,-19.784034999999992,0.0
16,16,0.8068299999999997,1.089924,-22.720116999999995,0.0
16,17,0.875775,1.2438670000000007,-26.332969000000013,0.0
16,18,0.9338730000000002,1.301965000000001,-28.25020300000002,0.0
16,19,0.9743320000000004,1.3936779999999995,-30.548380999999996,0.003176999999997321
16,20,0.973592,1.4528390000000009,-31.661340000000017,0.0
17,0,-0.09840700000000002,0.04260300000000017,2.4219790000000003,0.0
17,1,-0.08339099999999999,0.05763200000000002,2.1666939999999997,0.0
17,2,-0.06375900000000001,0.07723499999999994,1.8133470000000003,0.0
17,3,-0.03850999999999993,0.10248400000000002,1.3336159999999988,0.0
17,4,-0.0063470000000001026,0.13493500000000003,0.6893620000000016,0.0
17,5,0.03392099999999987,0.175203,-0.1562659999999978,0.0
17,6,0.08337400000000006,0.226429,-1.254232000000001,0.0
17,7,0.14284300000000005,0.2876700000000001,-2.6344230000000017,0.0
17,8,0.2124759999999999,0.3573029999999999,-4.305614999999998,0.0
17,9,0.29152999999999984,0.43952100000000005,-6.307276999999997,0.0
17,10,0.37830299999999983,0.5315639999999999,-8.610804999999996,0.0
17,11,0.4701580000000001,0.6431019999999998,-11.298907,0.0
17,12,0.5632820000000005,0.7532429999999999,-14.110583000000005,0.0
17,13,0.6538770000000005,0.8438379999999999,-16.737838000000007,0.0
17,14,0.7383899999999999,0.9501379999999999,-19.556458999999997,0.0
17,15,0.8143820000000002,1.0543019999999999,-22.306619,0.0
17,16,0.8809150000000008,1.1564570000000005,-24.97000500000002,0.0
17,17,0.9367900000000002,1.2530979999999996,-27.466136,0.0
17,18,0.9751634999999998,1.3403385000000005,-29.60157400000001,0.003656500000001728
17,19,0.9751634999999998,1.3928465,-30.546718,0.0
18,0,-0.0604849999999999,0.057618999999999865,1.7773049999999984,0.0
18,1,-0.040906,0.0771980000000001,1.424883,0.0
18,2,-0.015665999999999958,0.10248400000000002,0.9452679999999991,0.0
18,3,0.016428999999999916,0.13480499999999995,0.30269000000000157,0.0
18,4,0.056564999999999976,0.175203,-0.5412139999999996,0.0
18,5,0.10578700000000008,0.2244250000000001,-1.6240980000000018,0.0
18,6,0.16478700000000002,0.285898,-2.995067,0.0
18,7,0.23373100000000013,0.3573029999999999,-4.666950000000002,0.0
18,8,0.31183400000000017,0.43540599999999996,-6.619525000000003,0.0
18,9,0.39722999999999997,0.5249169999999999,-8.872740999999998,0.0
18,10,0.48714400000000024,0.6214780000000002,-11.360242000000007,0.0
18,11,0.5781369999999999,0.7362260000000003,-14.158914000000001,0.0
18,12,0.6661699999999993,0.8242589999999996,-16.71187099999998,0.0
18,13,0.7480719999999996,0.9501379999999999,-19.72105299999999,0.0
18,14,0.8216429999999999,1.0237090000000002,-22.001754000000002,0.0
18,15,0.8858159999999993,1.1184749999999992,-24.483591999999973,0.0
18,16,0.9397749999999991,1.2104160000000004,-26.83396899999999,0.0
18,17,0.9760235000000002,1.2893465000000006,-28.749330000000015,0.004142500000000382
18,18,0.9751634999999998,1.3403385000000005,-29.60157400000001,0.0
19,0,-0.020842000000000027,0.07719799999999988,1.0637310000000006,0.0
19,1,0.004369999999999985,0.10247499999999998,0.5846380000000003,0.0
19,2,0.03639899999999996,0.1345789999999999,-0.05609199999999903,0.0
19,3,0.07643400000000011,0.17461400000000005,-0.8968270000000023,0.0
19,4,0.12547600000000014,0.2244250000000001,-1.9785000000000033,0.0
19,5,0.18415999999999988,0.28429400000000005,-3.334156999999998,0.0
19,6,0.25251599999999996,0.35265000000000013,-4.974701,0.0
19,7,0.3297779999999997,0.4321039999999998,-6.919402999999994,0.0
19,8,0.41409699999999994,0.5197250000000002,-9.134811000000001,0.0
19,9,0.5025110000000002,0.6133310000000001,-11.563525000000004,0.0
19,10,0.59151,0.7229079999999999,-14.253129999999999,0.0
19,11,0.677486,0.8242589999999996,-16.915558999999995,0.0
19,12,0.757015,0.9257400000000002,-19.564853000000003,0.0
19,13,0.828303,0.9970280000000002,-21.774781000000004,0.0
19,14,0.8905020000000006,1.0859080000000008,-24.112002000000018,0.0
19,15,0.9426199999999998,1.1705929999999984,-26.287833999999975,0.0
19,16,0.9769385000000002,1.2447345000000007,-28.052008000000015,0.004628499999999036
19,17,0.9769385000000002,1.2884315000000006,-28.751160000000013,0.0
20,0,0.021742999999999957,0.10241,0.25461600000000084,0.0
20,1,0.05373399999999995,0.13450399999999996,-0.38530699999999896,0.0
20,2,0.09367700000000001,0.17461400000000005,-1.2244440000000003,0.0
20,3,0.14257600000000004,0.22398300000000004,-2.3016320000000006,0.0
20,4,0.20101899999999984,0.28310899999999983,-3.648552999999996,0.0
20,5,0.268961,0.351051,-5.279161,0.0
20,6,0.3455210000000002,0.4292100000000003,-7.201156000000005,0.0
20,7,0.42886099999999994,0.5154439999999996,-9.385359999999995,0.0
20,8,0.516114,0.6069780000000002,-11.771158000000002,0.0
20,9,0.6035639999999995,0.710477,-14.357845999999991,0.0
20,10,0.687595,0.8088839999999999,-16.938505,0.0
20,11,0.7652570000000001,0.8865460000000001,-19.268365000000003,0.0
20,12,0.8344550000000002,0.9970280000000002,-21.891669000000007,0.0
20,13,0.8947479999999999,1.057321,-23.821044999999998,0.0
20,14,0.9453219999999991,1.136482,-25.861617999999982,0.0
20,15,0.9778070000000003,1.2030779999999996,-27.443662000000003,0.005093000000002235
20,16,0.9769385000000002,1.2447345000000007,-28.052008000000015,0.0
21,0,0.068604,0.1344010000000001,-0.6826040000000001,0.0
21,1,0.10849200000000003,0.17444700000000002,-1.5204100000000007,0.0
21,2,0.15726700000000005,0.22351300000000007,-2.594042000000001,0.0
21,3,0.21551999999999993,0.28176599999999996,-3.9338609999999985,0.0
21,4,0.2831570000000001,0.350063,-5.559129000000002,0.0
21,5,0.35920200000000024,0.42709600000000014,-7.464206000000005,0.0
21,6,0.4417399999999998,0.5154439999999996,-9.642939999999992,0.0
21,7,0.527911,0.6069780000000002,-12.007098000000003,0.0
21,8,0.6141809999999999,0.7007809999999997,-14.482921999999995,0.0
21,9,0.6967040000000004,0.7945080000000004,-16.976925000000012,0.0
21,10,0.7725629999999999,0.8703669999999999,-19.252694999999996,0.0
21,11,0.8401569999999996,0.9541399999999998,-21.50989899999999,0.0
21,12,0.8987020000000001,1.057321,-23.900125000000003,0.0
21,13,0.9500090000000005,1.1063490000000007,-25.56590800000002,0.0
21,14,0.9786549999999998,1.167406999999999,-26.961227999999984,0.005522000000002691
21,15,0.9778070000000003,1.2030779999999996,-27.443662000000003,0.0
22,0,0.12106300000000003,0.17428900000000036,-1.784243000000001,0.0
22,1,0.16976400000000003,0.22322200000000003,-2.8558970000000006,0.0
22,2,0.22785600000000006,0.28176599999999996,-4.192917000000001,0.0
22,3,0.295253,0.350063,-5.8131450000000005,0.0
22,4,0.3709310000000001,0.42709600000000014,-7.710515000000003,0.0
22,5,0.452858,0.509023,-9.840617,0.0
22,6,0.5469519999999997,0.5970459999999997,-12.350799999999992,0.0
22,7,0.6232930000000003,0.6932480000000001,-14.614010000000007,0.0
22,8,0.7046840000000003,0.7833040000000002,-17.04366900000001,0.0
22,9,0.7791619999999995,0.8703669999999999,-19.39127399999999,0.0
22,10,0.8451680000000001,0.9541399999999998,-21.61513,0.0
22,11,0.9023880000000002,1.0315310000000002,-23.668051000000006,0.0
22,12,0.9500090000000005,1.0791520000000006,-25.239544000000016,0.0
22,13,0.9793959999999995,1.1357359999999996,-26.56506599999998,0.005902999999996439
22,14,0.9786549999999998,1.167406999999999,-26.961227999999984,0.0
23,0,0.18025899999999995,0.2229900000000007,-3.0865549999999993,0.0
23,1,0.23824699999999988,0.28131400000000006,-4.420614999999998,0.0
23,2,0.30543699999999996,0.3491629999999999,-6.034492999999999,0.0
23,3,0.3808300000000002,0.42574100000000015,-7.922873000000005,0.0
23,4,0.4623409999999999,0.5072519999999998,-10.042158999999996,0.0
23,5,0.5469519999999997,0.5936339999999998,-12.333739999999992,0.0
23,6,0.6379400000000004,0.681276,-14.86467400000001,0.0
23,7,0.7114489999999996,0.7746390000000001,-17.123178999999993,0.0
23,8,0.7849019999999998,0.8577819999999994,-19.40428899999999,0.0
23,9,0.8497120000000002,0.9363730000000006,-21.53742800000001,0.0
23,10,0.9055919999999995,0.9922529999999998,-23.32558799999999,0.0
23,11,0.9521569999999997,1.0791520000000006,-25.2868,0.0
23,12,0.9801205,1.1071155000000008,-26.237559000000008,0.006262499999998283
23,13,0.9793959999999995,1.1666659999999993,-26.967155999999978,0.0
24,0,0.24688500000000002,0.2809779999999993,-4.618953,0.0
24,1,0.3139430000000001,0.34850400000000015,-6.228813000000002,0.0
24,2,0.38907499999999984,0.42455600000000016,-8.108952999999996,0.0
24,3,0.47026199999999996,0.5072519999999998,-10.224341999999998,0.0
24,4,0.5544310000000001,0.5936339999999998,-12.505757000000003,0.0
24,5,0.6379400000000004,0.677143,-14.84400900000001,0.0
24,6,0.7173099999999999,0.7670189999999999,-17.204641999999996,0.0
24,7,0.7897030000000003,0.8480920000000003,-19.437192000000007,0.0
24,8,0.8536340000000004,0.9225919999999999,-21.503605000000007,0.0
24,9,0.908525,0.9922529999999998,-23.393047,0.0
24,10,0.9539990000000005,1.057925,-25.09566900000001,0.0
24,11,0.9808184999999998,1.0847444999999993,-26.007531999999987,0.0066024999999996226
24,12,0.9801205,1.1350114999999992,-26.57231099999999,0.0
25,0,0.3209390000000001,0.3480359999999987,-6.396249000000001,0.0
25,1,0.3959119999999998,0.4236359999999999,-8.271200999999994,0.0
25,2,0.4767830000000002,0.5057430000000003,-10.376319000000006,0.0
25,3,0.5605979999999997,0.5895579999999998,-12.639323999999991,0.0
25,4,0.6436639999999998,0.677143,-14.981384999999996,0.0
25,5,0.7223290000000002,0.7606459999999995,-17.286860000000004,0.0
25,6,0.7938800000000006,0.8394120000000003,-19.476680000000016,0.0
25,7,0.8568600000000002,0.9120230000000005,-21.49647700000001,0.0
25,8,0.9110199999999997,0.9774829999999994,-23.31999699999999,0.0
25,9,0.9557029999999997,1.0377270000000003,-24.934585,0.0
25,10,0.9813985000000001,1.084164499999999,-26.015651999999996,0.0068905000000043515
25,11,0.9808184999999998,1.0847444999999993,-26.007531999999987,0.0
26,0,0.4014749999999998,0.4230089999999995,-8.409648999999995,0.0
26,1,0.482167,0.5045070000000003,-10.508447000000002,0.0
26,2,0.5656149999999998,0.587955,-12.761542999999993,0.0
26,3,0.6483080000000001,0.6744870000000001,-15.086861000000003,0.0
26,4,0.729911,0.7527279999999998,-17.443261999999997,0.0
26,5,0.8004500000000005,0.826727,-19.573272000000017,0.0
26,6,0.8596959999999996,0.9023919999999999,-21.499959999999987,0.0
26,7,0.9130449999999994,0.966183,-23.280221999999988,0.0
26,8,0.9571370000000003,1.0221659999999995,-24.830386000000004,0.0
26,9,0.9819585000000002,1.0628625000000005,-25.81719200000001,0.007155499999999648
26,10,0.9813985000000001,1.0634225000000006,-25.80823200000001,0.0
27,0,0.4864930000000003,0.5037009999999995,-10.620117000000008,0.0
27,1,0.5697550000000002,0.587955,-12.869183000000007,0.0
27,2,0.6520440000000001,0.6702439999999998,-15.173275000000002,0.0
27,3,0.729911,0.7527279999999998,-17.443262,0.0
27,4,0.8004500000000005,0.8232670000000004,-19.559432000000015,0.0
27,5,0.8621499999999997,0.894425,-21.515961999999995,0.0
27,6,0.9148560000000003,0.9557409999999997,-23.254214000000008,0.0
27,7,0.9582780000000009,1.010275000000001,-24.76492400000003,0.0
27,8,0.9824139999999995,1.046532,-25.682515999999985,0.0073790000000002465
27,9,0.9819585000000002,1.0628625000000005,-25.81719200000001,0.0
28,0,0.573042,0.5869630000000008,-12.956940000000001,0.0
28,1,0.6551480000000001,0.6702439999999998,-15.257083,0.0
28,2,0.7325880000000002,0.747684,-17.50284300000001,0.0
28,3,0.802765,0.8202949999999998,-19.613020999999996,0.0
28,4,0.864134,0.8884269999999992,-21.539539999999995,0.0
28,5,0.9164320000000004,0.9471310000000006,-23.245106000000014,0.0
28,6,0.9593219999999993,0.9991630000000002,-24.715327999999985,0.0
28,7,0.9827719999999998,1.0226130000000007,-25.512628,0.007556999999998482
28,8,0.9824139999999995,1.046532,-25.682515999999985,0.0
29,0,0.6575769999999999,0.6690690000000004,-15.323919999999996,0.0
29,1,0.7348620000000001,0.7463540000000037,-17.565185000000007,0.0
29,2,0.8046009999999999,0.8202949999999998,-19.664428999999995,0.0
29,3,0.8656420000000002,0.8846360000000004,-21.566600000000008,0.0
29,4,0.917662,0.9407249999999996,-23.247515999999997,0.0
29,5,0.9602399999999998,0.9900209999999996,-24.68617999999999,0.0
29,6,0.9831175000000005,1.0222674999999999,-25.520229000000015,0.007718499999999295
29,7,0.9827719999999998,1.0340529999999992,-25.592707999999988,0.0
30,0,0.7366070000000002,0.7463540000000002,-17.615790000000008,0.0
30,1,0.8062290000000001,0.8174229999999998,-19.705897,0.0
30,2,0.8668339999999999,0.8813360000000001,-21.591267999999992,0.0
30,3,0.9185650000000001,0.9366560000000002,-23.257427000000003,0.0
30,4,0.9609249999999996,0.9833029999999994,-24.672454999999985,0.0
30,5,0.9834205000000003,1.0125955000000006,-25.47128700000001,0.007859500000002129
30,6,0.9831175000000005,1.0222674999999999,-25.520229000000015,0.0
31,0,0.8074439999999994,0.8159760000000027,-19.740899999999982,0.0
31,1,0.8679779999999999,0.8780279999999996,-21.618971999999996,0.0
31,2,0.9193009999999999,0.9330670000000003,-23.26874,0.0
31,3,0.9614089999999997,0.9790159999999997,-24.66982699999999,0.0
31,4,0.9836320000000001,1.0055870000000002,-25.442801000000003,0.007961000000001661
31,5,0.9834205000000003,1.0125955000000006,-25.47128700000001,0.0
32,0,0.8687950000000004,0.8765099999999997,-21.642781000000014,0.0
32,1,0.9200689999999998,0.9293509999999996,-23.285115999999995,0.0
32,2,0.9618190000000002,0.9751750000000001,-24.671014000000007,0.0
32,3,0.9837790000000002,1.0010919999999999,-25.429525000000005,0.00803499999999957
32,4,0.9836320000000001,1.0055870000000002,-25.442801000000003,0.0
33,0,0.9205949999999996,0.927783999999999,-23.300380999999987,0.0
33,1,0.9622979999999997,0.971101,-24.67819399999999,0.0
33,2,0.9839095000000002,0.9927125000000006,-25.412985000000006,0.008097499999998092
33,3,0.9837790000000002,1.0010919999999999,-25.429525000000005,0.0
34,0,0.9626019999999995,0.9694870000000009,-24.686611999999986,0.0
34,1,0.9840795,0.9925425000000008,-25.418425,0.008173499999998057
34,2,0.9839095000000002,0.9970045000000001,-25.421569000000005,0.0
35,0,0.9841725000000006,0.9908714999999972,-25.420009000000015,0.008222499999995136
35,1,0.9840795,0.9925425000000008,-25.418425,0.0
36,0,0.9841725000000006,0.9908714999999972,-25.420009000000015,0.0
