0,0,-0.9951499999999994,0.0021420000000009765,11.283112,0.0
0,1,-0.9951499999999994,0.0021420000000009765,11.283112,0.0
0,2,-0.9951473333333336,0.003697999999999979,11.281556,0.0
0,3,-0.9951446666666666,0.004749999999999588,11.279452000000001,0.0
0,4,-0.995139333333333,0.007813000000000514,11.270262999999998,0.0
0,5,-0.9951340000000002,0.011661000000000143,11.254871,0.0
0,6,-0.9951279999999999,0.017096000000000444,11.227695999999998,0.0
0,7,-0.9951223333333333,0.0248709999999992,11.181046000000006,0.0
0,8,-0.9951176666666667,0.03546000000000049,11.106922999999997,0.0
0,9,-0.995122666666667,0.05016200000000026,10.989306999999998,0.0
0,10,-0.9951403333333335,0.06832799999999928,10.825813000000007,0.0
0,11,-0.9951766666666669,0.0926430000000007,10.582662999999993,0.0
0,12,-0.9952393333333335,0.12324399999999969,10.246052000000004,0.0
0,13,-0.9953406666666668,0.16110699999999945,9.791696000000007,0.0
0,14,-0.995492333333333,0.2068879999999993,9.196543000000009,0.0
0,15,-0.9957086666666667,0.2606160000000006,8.44435099999999,0.0
0,16,-0.9960063333333332,0.32474700000000034,7.482385999999995,0.0
0,17,-0.9964040000000001,0.3974989999999998,6.318354000000003,0.0
0,18,-0.9969209999999998,0.4820879999999992,4.880341000000014,0.0
0,19,-0.997583333333333,0.5823070000000001,3.0763989999999968,0.0
0,20,-0.9984209999999999,0.7017600000000002,0.8067919999999962,0.0
0,21,-0.9994826666666666,0.8527620000000002,-2.2132480000000037,0.0
0,22,-1.0008346666666668,1.0498329999999996,-6.351738999999991,0.0
0,23,-1.0025670000000002,1.3131410000000017,-12.144515000000037,0.0
0,24,-1.004808500000001,1.6629199999999997,-20.189431999999993,0.0
0,25,-1.0078004999999983,2.1205999999999996,-31.173751999999986,0.0
0,26,-1.0115960000000008,2.699000999999999,-45.63377699999997,0.0
0,27,-1.0163030000000042,3.3964040000000004,-63.76625500000001,0.0
0,28,-1.0220230000000043,4.243492000000003,-86.63763100000008,0.0
0,29,-1.0291179999999969,5.456043999999999,-120.58908699999995,0.0
0,30,-1.0291179999999969,8.028914999999998,-195.20234599999992,0.0
0,31,-1.028586999999959,16.334896,-444.381776,0.0
1,0,-0.9951499999999994,0.0021420000000009765,11.283112,0.015356000000001147
1,1,-0.9951473333333336,0.002149999999998542,11.283104000000002,0.01535033333333402
1,2,-0.9951446666666666,0.004749999999999588,11.279452000000001,0.01534266666666717
1,3,-0.995139333333333,0.004766000000000048,11.279404,0.015330333333333557
1,4,-0.9951340000000002,0.007828999999999198,11.270199000000003,0.015314999999999301
1,5,-0.9951279999999999,0.011679000000000883,11.254780999999996,0.015294999999998837
1,6,-0.9951223333333333,0.017113000000000156,11.227594,0.015264333333333213
1,7,-0.9951176666666667,0.03546000000000075,11.106922999999995,0.015228666666666668
1,8,-0.9951166666666668,0.03546300000000002,11.106899,0.015179666666667146
1,9,-0.995122666666667,0.06827499999999986,10.826290000000002,0.015115666666666527
1,10,-0.9951403333333335,0.06832799999999928,10.825813000000007,0.015042333333333602
1,11,-0.9951766666666669,0.0926430000000007,10.582662999999993,0.014949666666665862
1,12,-0.9952393333333335,0.12324399999999969,10.246052000000004,0.014841333333332485
1,13,-0.9953406666666668,0.16110699999999945,9.791696000000007,0.014717666666667184
1,14,-0.995492333333333,0.2068879999999993,9.196543000000009,0.014579333333333722
1,15,-0.9957086666666667,0.2606160000000006,8.44435099999999,0.014429666666667784
1,16,-0.9960063333333332,0.32474700000000034,7.482385999999995,0.014271333333332747
1,17,-0.9964040000000001,0.3974989999999998,6.318354000000003,0.014108999999999483
1,18,-0.9969209999999998,0.4820879999999992,4.880341000000014,0.013941000000000314
1,19,-0.997583333333333,0.5823070000000001,3.0763989999999968,0.013774333333333999
1,20,-0.9984209999999999,0.7017600000000002,0.8067919999999962,0.013611000000000373
1,21,-0.9994826666666666,0.8527620000000002,-2.2132480000000037,0.013457666666666923
1,22,-1.0008346666666668,1.0498329999999996,-6.351738999999991,0.013306666666667466
1,23,-1.0025670000000002,1.3131410000000017,-12.144515000000037,0.013160000000000283
1,24,-1.004808500000001,1.6629199999999997,-20.189431999999993,0.013021499999998909
1,25,-1.0078004999999983,2.1205999999999996,-31.173751999999986,0.01296549999999641
1,26,-1.0115960000000008,2.699000999999999,-45.63377699999997,0.012892999999994714
1,27,-1.0163030000000042,3.3964040000000004,-63.76625500000001,0.01274400000000142
1,28,-1.0220230000000043,4.243492000000003,-86.63763100000008,0.012451999999996133
1,29,-1.0291179999999969,5.456043999999999,-120.58908699999995,0.01182500000000175
1,30,-1.028587000000016,8.029976999999969,-195.23420599999906,0.0
2,0,-0.9951499999999994,0.0021420000000009765,11.283112,0.003505999999999121
2,1,-0.9951473333333336,0.002149999999998542,11.283104000000002,0.0034976666666679535
2,2,-0.9951446666666666,0.0037060000000010973,11.281539999999998,0.003486333333333036
2,3,-0.995139333333333,0.004766000000000048,11.279404,0.0034686666666658983
2,4,-0.9951340000000002,0.007828999999999198,11.270199000000003,0.0034450000000010306
2,5,-0.9951279999999999,0.011679000000000883,11.254780999999996,0.0034129999999994443
2,6,-0.9951223333333333,0.017113000000000156,11.227594,0.003369666666665383
2,7,-0.9951176666666667,0.02488499999999938,11.180948000000004,0.0033113333333332218
2,8,-0.9951166666666668,0.03546300000000002,11.106899,0.003237333333332204
2,9,-0.995122666666667,0.05016200000000026,10.989306999999998,0.0031443333333331935
2,10,-0.9951403333333335,0.06832799999999928,10.825813000000007,0.003029666666666486
2,11,-0.9951766666666669,0.0926430000000007,10.582662999999993,0.002891333333333135
2,12,-0.9952393333333335,0.12324399999999969,10.246052000000004,0.0027286666666668236
2,13,-0.9953406666666668,0.16110699999999945,9.791696000000007,0.00254333333333423
2,14,-0.995492333333333,0.2068879999999993,9.196543000000009,0.00233566666666718
2,15,-0.9957086666666667,0.2606160000000006,8.44435099999999,0.002111333333334242
2,16,-0.9960063333333332,0.32474700000000034,7.482385999999995,0.00187066666666591
2,17,-0.9964040000000001,0.3974989999999998,6.318354000000003,0.0016250000000006537
2,18,-0.9969209999999998,0.4820879999999992,4.880341000000014,0.0013740000000008745
2,19,-0.997583333333333,0.5823070000000001,3.0763989999999968,0.0011246666666675509
2,20,-0.9984209999999999,0.7017600000000002,0.8067919999999962,0.0008800000000011021
2,21,-0.9994826666666666,0.8527620000000002,-2.2132480000000037,0.0006503333333334194
2,22,-1.0008346666666668,1.0498329999999996,-6.351738999999991,0.00042233333333419054
2,23,-1.0025670000000002,1.3131410000000017,-12.144515000000037,0.00020300000000128549
2,24,-1.0047699999999982,1.6628429999999965,-20.18766099999992,0.0
2,25,-1.0073279999999964,2.119654999999993,-31.15107199999984,0.0
2,26,-1.0104079999999982,2.696624999999999,-45.574376999999984,0.0
2,27,-1.0137650000000065,3.3913280000000134,-63.63427900000035,0.0
2,28,-1.016612999999997,4.232671999999984,-86.34549099999957,0.0
2,29,-1.0220230000000043,5.441853999999999,-120.19176699999997,0.0
3,0,-0.9951499999999994,0.0021420000000009765,11.283112,0.0
3,1,-0.9951473333333336,0.002149999999998542,11.283104000000002,0.0
3,2,-0.9951446666666666,0.0037060000000010973,11.281539999999998,0.0
3,3,-0.995139333333333,0.004766000000000048,11.279404,0.0
3,4,-0.9951340000000002,0.007828999999999198,11.270199000000003,0.0
3,5,-0.9951279999999999,0.011679000000000883,11.254780999999996,0.0
3,6,-0.9951223333333333,0.017113000000000156,11.227594,0.0
3,7,-0.9951176666666667,0.02488499999999938,11.180948000000004,0.0
3,8,-0.9951166666666668,0.03546300000000002,11.106899,0.0
3,9,-0.9951166666666668,0.05014399999999952,10.989451000000004,0.0
3,10,-0.995122666666667,0.06827499999999986,10.826290000000002,0.0
3,11,-0.9951403333333335,0.09253400000000056,10.583752999999994,0.0
3,12,-0.9951766666666669,0.12305600000000005,10.24812,0.0
3,13,-0.9952393333333335,0.16080299999999959,9.795344000000005,0.0
3,14,-0.9796229999999992,0.20643300000000053,9.155304999999991,0.0
3,15,-0.9788040000000002,0.2599669999999996,8.403372000000006,0.0
3,16,-0.9957086666666667,0.32385400000000075,7.4957809999999885,0.0
3,17,-0.9960063333333332,0.39630599999999916,6.337442000000014,0.0
3,18,-0.9964040000000001,0.480537,4.906708,0.0
3,19,-0.9969209999999998,0.5803200000000004,3.112164999999992,0.0
3,20,-0.997583333333333,0.6992469999999997,0.8545390000000044,0.0
3,21,-0.9984209999999999,0.849577,-2.149548000000001,0.0
3,22,-0.975301,1.0457769999999993,-6.339107999999985,0.0
3,23,-1.0008346666666672,1.3079440000000009,-12.03018100000002,0.0
3,24,-1.002566999999999,1.6562340000000013,-20.035654000000033,0.0
3,25,-0.9786639999999984,2.1120579999999975,-31.047138999999948,0.0
3,26,-1.0078004999999972,2.688802499999998,-45.378814499999955,0.0
3,27,-1.011596000000002,3.3848209999999943,-63.465096999999844,0.0
3,28,-1.0137649999999994,4.229203999999999,-86.25693099999998,0.0
4,0,-0.983982000000001,0.002149999999998542,11.249608000000004,0.0
4,1,-0.9839399999999996,0.0037060000000010973,11.247925999999996,0.0
4,2,-0.9838770000000006,0.004766000000000048,11.245617000000003,0.0
4,3,-0.9837930000000004,0.004850000000000243,11.245113,0.0
4,4,-0.9836739999999997,0.007947999999999844,11.235343,0.0
4,5,-0.9835120000000002,0.011841000000000435,11.219123,0.0
4,6,-0.9833000000000007,0.01732499999999959,11.190855000000006,0.0
4,7,-0.9830240000000003,0.025160999999999767,11.142735000000002,0.0
4,8,-0.982672,0.035815000000000374,11.066748999999998,0.0
4,9,-0.9822329999999999,0.0505829999999996,10.946849000000004,0.0
4,10,-0.9817089999999995,0.06879900000000028,10.780808999999994,0.0
4,11,-0.9810949999999998,0.09314800000000023,10.534862999999998,0.0
4,12,-0.9803949999999997,0.1237560000000002,10.195374999999997,0.0
4,13,-0.9796229999999992,0.16157500000000002,9.738458999999997,0.0
4,14,-0.9469150000000006,0.20725199999999955,9.013826000000009,0.0
4,15,-0.9779689999999999,0.260802,8.388342,0.0
4,16,-0.9419050000000002,0.3246739999999999,7.286006000000002,0.0
4,17,-0.9763989999999989,0.39705600000000096,6.26586999999998,0.0
4,18,-0.9366070000000004,0.4811809999999994,4.676577000000012,0.0
4,19,-0.9752659999999995,0.5808090000000004,3.037908999999992,0.0
4,20,-0.9316960000000005,0.6995339999999999,0.607854000000005,0.0
4,21,-0.9749689999999998,0.8495869999999996,-2.2201139999999935,0.0
4,22,-0.9278410000000008,1.045444999999999,-6.521643999999977,0.0
4,23,-0.9760249999999999,1.3079440000000009,-12.104610000000022,0.0
4,24,-0.9256100000000007,1.6550689999999992,-20.29014499999998,0.0
4,25,-0.9786639999999984,2.1120579999999975,-31.047138999999945,0.0
4,26,-0.9242230000000013,2.686990999999999,-45.63822799999997,0.0
4,27,-0.921641000000001,3.3837660000000014,-63.76470600000002,0.0
5,0,-0.9589799999999995,0.0021919999999990836,11.149599999999998,0.0
5,1,-0.9588659999999996,0.002305999999999031,11.149029999999998,0.0
5,2,-0.9587029999999999,0.0039319999999998245,11.146588999999999,0.0
5,3,-0.958475,0.005078000000000138,11.143156999999999,0.0
5,4,-0.9581559999999998,0.008267000000000024,11.131995,0.0
5,5,-0.9577260000000001,0.012271000000000143,11.113828999999999,0.0
5,6,-0.9571569999999996,0.017894000000000077,11.082868999999999,0.0
5,7,-0.95641,0.025907999999999376,11.031050000000004,0.0
5,8,-0.9554590000000003,0.036766000000000076,10.950289000000001,0.0
5,9,-0.9542679999999999,0.05177399999999999,10.824269999999999,0.0
5,10,-0.952833,0.07023400000000013,10.650955,0.0
5,11,-0.9511180000000001,0.09486300000000014,10.39609,0.0
5,12,-0.949141,0.12573300000000032,10.046634999999997,0.0
5,13,-0.9469150000000006,0.16380099999999942,9.578689000000011,0.0
5,14,-0.9444809999999997,0.20968600000000048,8.970013999999992,0.0
5,15,-0.9419050000000002,0.26337799999999945,8.20544600000001,0.0
5,16,-0.9392389999999997,0.3273400000000004,7.232685999999992,0.0
5,17,-0.9366070000000004,0.39968800000000027,6.061957999999998,0.0
5,18,-0.9340670000000006,0.4837209999999992,4.620697000000018,0.0
5,19,-0.9316960000000005,0.5831800000000005,2.8185799999999936,0.0
5,20,-0.9295869999999997,0.7016430000000007,0.5572379999999857,0.0
5,21,-0.9278410000000008,0.8513329999999986,-2.4452919999999647,0.0
5,22,-0.9265119999999989,1.046774000000001,-6.556198000000027,0.0
5,23,-0.9256100000000007,1.3081219999999991,-12.310363999999977,0.0
5,24,-0.8419809999999988,1.6556430000000013,-20.72149200000004,0.0
5,25,-0.8384239999999998,2.1113969999999984,-31.677372999999964,0.0
5,26,-0.8334769999999985,2.6895729999999993,-46.15650799999999,0.0
6,0,-0.9191180000000001,0.002305999999999031,10.95029,0.0
6,1,-0.9188720000000004,0.0039319999999998245,10.947434000000001,0.0
6,2,-0.9185220000000003,0.004281999999999897,10.944984000000002,0.0
6,3,-0.9180270000000004,0.00557300000000005,10.939432000000002,0.0
6,4,-0.9173420000000005,0.008951999999999849,10.925185000000003,0.0
6,5,-0.9164200000000005,0.013193000000000232,10.902689000000002,0.0
6,6,-0.9152040000000001,0.019110000000000404,10.865807999999998,0.0
6,7,-0.9136129999999998,0.027498999999999718,10.805928000000002,0.0
6,8,-0.9115890000000002,0.03878999999999966,10.714747000000003,0.0
6,9,-0.9090609999999995,0.05430200000000074,10.575482999999991,0.0
6,10,-0.9060049999999995,0.07329000000000008,10.386254999999997,0.0
6,11,-0.9023680000000001,0.09849999999999959,10.112333000000005,0.0
6,12,-0.8981540000000008,0.1299469999999996,9.74113200000001,0.0
6,13,-0.8933970000000002,0.16855799999999999,9.249258000000001,0.0
6,14,-0.8881690000000004,0.21491400000000027,8.615261999999998,0.0
6,15,-0.8825839999999996,0.2689630000000003,7.825065999999993,0.0
6,16,-0.8767560000000003,0.3331679999999997,6.827023000000007,0.0
6,17,-0.8709000000000007,0.4055439999999999,5.633871000000005,0.0
6,18,-0.8651289999999996,0.48949200000000026,4.172128999999993,0.0
6,19,-0.8595810000000004,0.5887279999999997,2.3525930000000077,0.0
6,20,-0.8543830000000003,0.7068410000000007,0.07725799999998806,0.0
6,21,-0.8497209999999988,0.8559950000000001,-2.933794000000008,0.0
6,22,-0.8456200000000003,1.0508749999999996,-7.050879999999989,0.0
6,23,-0.8419809999999988,1.3117610000000006,-12.812206000000021,0.0
6,24,-0.8384239999999998,1.6592000000000002,-20.824645000000004,0.0
6,25,-0.7125350000000008,2.116344,-32.551434999999984,0.0
7,0,-0.8620910000000004,0.0025519999999996656,10.608128000000002,0.0
7,1,-0.8616299999999999,0.004281999999999897,10.603632,0.0
7,2,-0.8609749999999998,0.00557300000000005,10.597119999999999,0.0
7,3,-0.8600459999999996,0.00650200000000023,10.588758999999996,0.0
7,4,-0.8587759999999998,0.010221999999999731,10.568708999999998,0.0
7,5,-0.8570709999999995,0.014898000000000522,10.538069999999994,0.0
7,6,-0.8548330000000002,0.0213479999999997,10.490154000000004,0.0
7,7,-0.8519220000000001,0.030409999999999826,10.415405000000002,0.0
7,8,-0.8482369999999992,0.042475000000000485,10.305154999999992,0.0
7,9,-0.8436570000000003,0.05888199999999966,10.141839000000004,0.0
7,10,-0.8381320000000008,0.07881499999999964,9.923767000000009,0.0
7,11,-0.831575,0.1050570000000004,9.615447999999995,0.0
7,12,-0.8240029999999994,0.13751900000000017,9.205361999999994,0.0
7,13,-0.8154679999999992,0.17709300000000017,8.670728999999993,0.0
7,14,-0.8060979999999995,0.22428399999999993,7.991655999999998,0.0
7,15,-0.7960840000000005,0.27897699999999936,7.155856000000012,0.0
7,16,-0.7856319999999997,0.3436200000000005,6.11304699999999,0.0
7,17,-0.7750899999999996,0.41608599999999996,4.879796999999998,0.0
7,18,-0.7646410000000001,0.49994099999999975,3.3811190000000053,0.0
7,19,-0.7545250000000001,0.5988439999999997,1.5300530000000059,0.0
7,20,-0.7449209999999997,0.7164450000000011,-0.7715940000000234,0.0
7,21,-0.736104000000001,0.8648119999999988,-3.8006529999999703,0.0
7,22,-0.7280549999999995,1.058924000000001,-7.933348000000027,0.0
7,23,-0.7205159999999999,1.3193000000000001,-13.714393000000005,0.0
7,24,-0.7125350000000008,1.6671809999999994,-21.77152299999998,0.0
8,0,-0.7890639999999998,0.0030129999999992663,10.096938999999999,0.0
8,1,-0.7882690000000001,0.0038079999999993674,10.090579000000002,0.0
8,2,-0.7871609999999998,0.00650200000000023,10.078563999999998,0.0
8,3,-0.785593,0.008070000000000022,10.062884,0.0
8,4,-0.7834699999999999,0.014898000000000522,10.022862999999997,0.0
8,5,-0.7806380000000002,0.0213479999999997,9.970789000000003,0.0
8,6,-0.776942,0.030409999999999826,9.890545000000001,0.0
8,7,-0.772176,0.035175999999999874,9.823821,0.0
8,8,-0.7661780000000005,0.04847299999999999,9.682758000000003,0.0
8,9,-0.7587809999999999,0.0662790000000002,9.481133999999997,0.0
8,10,-0.749892,0.08770399999999956,9.217197000000004,0.0
8,11,-0.739401,0.11554800000000043,8.854828999999995,0.0
8,12,-0.7273510000000005,0.14956899999999962,8.384198000000008,0.0
8,13,-0.7138300000000006,0.19061400000000006,7.783490000000004,0.0
8,14,-0.6990430000000005,0.23907100000000003,7.0352530000000035,0.0
8,15,-0.6832880000000001,0.29473199999999977,6.129959000000004,0.0
8,16,-0.6668919999999998,0.3600160000000008,5.019530999999986,0.0
8,17,-0.6503750000000004,0.4326029999999994,3.726003000000013,0.0
8,18,-0.6340139999999996,0.5163020000000005,2.1722319999999886,0.0
8,19,-0.6181639999999993,0.6146940000000001,0.27437599999999307,0.0
8,20,-0.6030700000000007,0.7315389999999997,-2.066430999999989,0.0
8,21,-0.5891209999999987,0.8787610000000008,-5.122463000000026,0.0
8,22,-0.5761979999999998,1.071847,-9.280653000000001,0.0
8,23,-0.5637610000000013,1.3317369999999986,-15.097728999999958,0.0
9,0,-0.704021,0.0038079999999993674,9.416595000000001,0.0
9,1,-0.7027579999999998,0.0060450000000003,9.404253999999998,0.0
9,2,-0.7010140000000002,0.007788999999999824,9.386814000000003,0.0
9,3,-0.6985640000000002,0.010520000000000085,9.359302000000001,0.0
9,4,-0.6952780000000001,0.01563099999999995,9.314395000000001,0.0
9,5,-0.690938,0.022070000000000256,9.249579,0.0
9,6,-0.6853129999999998,0.030669000000000057,9.155959,0.0
9,7,-0.678131,0.042357999999999674,9.021187000000003,0.0
9,8,-0.6691699999999998,0.05743400000000021,8.835005999999996,0.0
9,9,-0.658217,0.08770399999999956,8.483797000000006,0.0
9,10,-0.6451319999999998,0.11554800000000043,8.100676999999994,0.0
9,11,-0.6298159999999999,0.1308640000000003,7.8096729999999965,0.0
9,12,-0.6123409999999998,0.16704399999999975,7.254418000000001,0.0
9,13,-0.592857,0.2100979999999999,6.562414000000001,0.0
9,14,-0.5716739999999998,0.2602540000000002,5.719738999999995,0.0
9,15,-0.5492179999999998,0.3171879999999998,4.720559000000001,0.0
9,16,-0.5259870000000006,0.3832469999999999,3.5205950000000072,0.0
9,17,-0.5026549999999999,0.4559350000000002,2.147598999999995,0.0
9,18,-0.4796320000000005,0.5393249999999998,0.5227620000000073,0.0
9,19,-0.457395,0.6369310000000006,-1.4342790000000107,0.0
9,20,-0.4362700000000004,0.7526639999999993,-3.8233309999999836,0.0
9,21,-0.4167280000000009,0.8983030000000003,-6.911988999999997,0.0
9,22,-0.3984690000000004,1.0901060000000005,-11.104183000000006,0.0
10,0,-0.612247,0.005071000000000936,8.590629,0.0
10,1,-0.6077409999999999,0.010391999999999957,8.542150999999999,0.0
10,2,-0.6077409999999999,0.010520000000000085,8.541895,0.0
10,3,-0.5993409999999999,0.020418999999999965,8.431809999999999,0.0
10,4,-0.5993409999999999,0.020418999999999965,8.431809999999999,0.0
10,5,-0.5930790000000004,0.028331999999999802,8.337538000000004,0.0
10,6,-0.5850400000000002,0.042357999999999674,8.183368000000005,0.0
10,7,-0.5748929999999999,0.052505000000000024,8.021016,0.0
10,8,-0.5623650000000002,0.06996199999999986,7.773537000000003,0.0
10,9,-0.5472079999999999,0.09238900000000028,7.442550999999996,0.0
10,10,-0.5292429999999997,0.11875400000000003,7.025615999999997,0.0
10,11,-0.5084150000000003,0.15169199999999972,6.487956000000006,0.0
10,12,-0.48485699999999987,0.19060200000000016,5.824365999999997,0.0
10,13,-0.45880199999999993,0.23615299999999984,5.017204000000001,0.0
10,14,-0.4306899999999998,0.28836600000000034,4.057314999999994,0.0
10,15,-0.4011059999999995,0.3467720000000001,2.943790999999994,0.0
10,16,-0.37071699999999996,0.41363599999999945,1.6369410000000082,0.0
10,17,-0.3403520000000002,0.48629999999999995,0.17066700000000257,0.0
10,18,-0.3105779999999996,0.5690990000000005,-1.5346560000000125,0.0
10,19,-0.2819780000000005,0.6655309999999997,-3.5564319999999885,0.0
10,20,-0.25497699999999934,0.7796650000000005,-5.994988000000015,0.0
10,21,-0.230035,0.9232449999999996,-9.116007999999995,0.0
11,0,-0.5189159999999999,0.006973999999999592,7.657318999999999,0.0
11,1,-0.51616,0.009730000000000238,7.627002999999999,0.0
11,2,-0.5124310000000001,0.014120999999999828,7.581593000000001,0.0
11,3,-0.507341,0.020418999999999965,7.5118100000000005,0.0
11,4,-0.5006729999999999,0.027087000000000083,7.418457999999999,0.0
11,5,-0.49205099999999957,0.03695400000000015,7.284147999999995,0.0
11,6,-0.48111099999999984,0.049647999999999914,7.100337999999999,0.0
11,7,-0.46747799999999984,0.06613800000000003,6.851434999999999,0.0
11,8,-0.45084199999999974,0.08659799999999995,6.525218999999998,0.0
11,9,-0.43095300000000014,0.11227799999999988,6.101000000000003,0.0
11,10,-0.40761899999999995,0.14208800000000021,5.576035999999997,0.0
11,11,-0.38085999999999975,0.17845099999999992,4.9180569999999975,0.0
11,12,-0.350908,0.23615299999999984,3.938264000000002,0.0
11,13,-0.3181050000000001,0.26895599999999975,3.183795000000004,0.0
11,14,-0.28303900000000004,0.3234320000000004,2.089880999999995,0.0
11,15,-0.24646100000000049,0.38334999999999964,0.848671000000011,0.0
11,16,-0.20922399999999985,0.4508730000000001,-0.573781000000003,0.0
11,17,-0.17226999999999926,0.5232540000000006,-2.138371000000017,0.0
11,18,-0.13634099999999982,0.6050279999999999,-3.923748,0.0
11,19,-0.10211599999999965,0.6997559999999998,-6.005326999999999,0.0
11,20,-0.07011000000000056,0.8116709999999996,-8.483777999999987,0.0
12,0,-0.42827400000000004,0.009730000000000238,6.6602570000000005,0.0
12,1,-0.41930599999999973,0.019222000000000072,6.547015999999997,0.0
12,2,-0.41917399999999994,0.019287999999999972,6.545366,0.0
12,3,-0.412304,0.026157999999999904,6.449186,0.0
12,4,-0.40334099999999995,0.03695400000000015,6.308337999999999,0.0
12,5,-0.3919010000000003,0.048393999999999826,6.125298000000004,0.0
12,6,-0.37757700000000005,0.06613800000000003,5.8625240000000005,0.0
12,7,-0.3599760000000001,0.08373900000000001,5.545706000000001,0.0
12,8,-0.33878600000000003,0.107788,5.123083,0.0
12,9,-0.3137789999999998,0.1372850000000001,4.587022999999997,0.0
12,10,-0.28479800000000033,0.1710689999999997,3.935195000000007,0.0
12,11,-0.251973,0.21127600000000024,3.1392249999999975,0.0
12,12,-0.21566699999999983,0.26895599999999975,2.0569770000000016,0.0
12,13,-0.17635999999999985,0.30826299999999973,1.1136090000000012,0.0
12,14,-0.13480000000000025,0.364992,-0.12258799999999681,0.0
12,15,-0.09189799999999959,0.4262520000000003,-1.4950520000000096,0.0
12,16,-0.04868000000000006,0.4940909999999996,-3.0312529999999933,0.0
12,17,-0.006181000000000658,0.565753,-4.6878329999999915,0.0
12,18,0.03468599999999977,0.6458950000000003,-6.540651000000003,0.0
12,19,0.07316699999999976,0.7382369999999998,-8.664578999999993,0.0
13,0,-0.343364,0.01359699999999986,5.641337,0.0
13,1,-0.338074,0.019287999999999972,5.572165999999999,0.0
13,2,-0.3309920000000002,0.026263999999999843,5.473124000000002,0.0
13,3,-0.32191100000000006,0.03605000000000014,5.3347940000000005,0.0
13,4,-0.31020100000000017,0.047760000000000025,5.147434000000002,0.0
13,5,-0.2954699999999999,0.06397200000000014,4.890235999999998,0.0
13,6,-0.27730200000000016,0.08213999999999988,4.563212000000003,0.0
13,7,-0.25531100000000007,0.1057300000000001,4.135789,0.0
13,8,-0.22922300000000018,0.13387599999999988,3.599623000000003,0.0
13,9,-0.19887400000000022,0.16763400000000006,2.935022000000002,0.0
13,10,-0.16418,0.20576299999999992,2.1408390000000006,0.0
13,11,-0.12542700000000018,0.25002900000000006,1.1943900000000016,0.0
13,12,-0.08313400000000026,0.299153,0.10421700000000333,0.0
13,13,-0.03794200000000014,0.364992,-1.2848839999999981,0.0
13,14,0.009243000000000112,0.4262520000000003,-2.7087440000000056,0.0
13,15,0.057359999999999634,0.4743689999999998,-4.0079029999999936,0.0
13,16,0.10522399999999976,0.5419549999999997,-5.643924999999993,0.0
13,17,0.15174999999999983,0.612279,-7.3739469999999985,0.0
13,18,0.19586799999999993,0.6900130000000004,-9.268959000000006,0.0
14,0,-0.266,0.01888700000000032,4.635605,0.0
14,1,-0.2589220000000001,0.026263999999999843,4.536214000000001,0.0
14,2,-0.23782899999999985,0.04723800000000011,4.208163999999997,0.0
14,3,-0.23782899999999985,0.047760000000000025,4.206597999999998,0.0
14,4,-0.22290600000000005,0.06268299999999982,3.9529070000000015,0.0
14,5,-0.20441700000000007,0.08161400000000008,3.6183370000000004,0.0
14,6,-0.18198399999999992,0.10457300000000003,3.1894799999999988,0.0
14,7,-0.15525300000000009,0.13246099999999994,2.6479180000000015,0.0
14,8,-0.12404499999999996,0.165084,1.9826449999999993,0.0
14,9,-0.08829700000000007,0.20338199999999995,1.1757890000000013,0.0
14,10,-0.048049999999999926,0.25002900000000006,0.18848899999999835,0.0
14,11,-0.003766999999999854,0.29431200000000013,-0.8743030000000034,0.0
14,12,0.043858000000000175,0.34677800000000003,-2.1181790000000027,0.0
14,13,0.094001,0.41217700000000024,-3.613548000000003,0.0
14,14,0.14561499999999983,0.46379100000000006,-5.007125999999999,0.0
14,15,0.19751800000000053,0.5262720000000005,-6.608502000000015,0.0
14,16,0.2483740000000001,0.5928109999999993,-8.318570999999991,0.0
14,17,0.2970580000000007,0.6609630000000006,-10.09057900000002,0.0
15,0,-0.19688799999999995,0.025965000000000238,3.668036999999999,0.0
15,1,-0.18760299999999996,0.03546399999999994,3.528547999999999,0.0
15,2,-0.17561700000000013,0.04734399999999994,3.3368780000000022,0.0
15,3,-0.14203299999999985,0.08129799999999998,2.746224999999998,0.0
15,4,-0.14203299999999985,0.08161400000000008,2.7449609999999978,0.0
15,5,-0.11934500000000003,0.10457300000000003,2.3125340000000003,0.0
15,6,-0.09229200000000004,0.13162600000000002,1.7714740000000004,0.0
15,7,-0.06058600000000003,0.16416699999999995,1.1006380000000007,0.0
15,8,-0.02418600000000004,0.201484,0.29341900000000054,0.0
15,9,0.016830000000000123,0.24601000000000006,-0.6796410000000024,0.0
15,10,0.062254000000000254,0.29431200000000013,-1.7985970000000049,0.0
15,11,0.11142800000000008,0.34348599999999996,-3.0279470000000006,0.0
15,12,0.16348299999999982,0.39883299999999977,-4.417588999999994,0.0
15,13,0.21739600000000037,0.4575110000000002,-5.930420000000009,0.0
15,14,0.272008,0.5184029999999997,-7.541195999999998,0.0
15,15,0.3260299999999994,0.5802939999999999,-9.21799999999999,0.0
15,16,0.3779900000000005,0.6447710000000004,-10.964555000000015,0.0
16,0,-0.13578900000000005,0.035250000000000004,2.7515520000000007,0.0
16,1,-0.123838,0.04734399999999994,2.5601930000000004,0.0
16,2,-0.10871700000000017,0.06238899999999992,2.303212000000003,0.0
16,3,-0.09005200000000002,0.08105400000000007,1.9672420000000002,0.0
16,4,-0.06730000000000003,0.1043019999999999,1.533214000000001,0.0
16,5,-0.040039999999999853,0.13162600000000002,0.9876939999999976,0.0
16,6,-0.008116000000000012,0.16354999999999986,0.31729000000000096,0.0
16,7,0.028665000000000163,0.201484,-0.4993460000000025,0.0
16,8,0.07015600000000011,0.24297499999999994,-1.4536390000000012,0.0
16,9,0.11610600000000004,0.29034800000000005,-2.5678230000000006,0.0
16,10,0.16611699999999985,0.341445,-3.8278719999999975,0.0
16,11,0.21931999999999974,0.39668899999999985,-5.231559999999994,0.0
16,12,0.27469600000000005,0.4542090000000001,-6.750296000000002,0.0
16,13,0.3310209999999998,0.513836,-8.367019999999997,0.0
16,14,0.38702800000000037,0.5744100000000003,-10.050594000000011,0.0
16,15,0.4413480000000005,0.634614,-11.762570000000009,0.0
17,0,-0.081735,0.04720100000000027,1.886688,0.0
17,1,-0.06663000000000008,0.06238899999999992,1.6298200000000014,0.0
17,2,-0.047904999999999975,0.08108400000000004,1.2927999999999995,0.0
17,3,-0.02507500000000007,0.10404999999999998,0.8586220000000012,0.0
17,4,0.0021970000000000045,0.13132200000000005,0.31318199999999974,0.0
17,5,0.03442299999999998,0.16366899999999995,-0.3640479999999995,0.0
17,6,0.07121600000000017,0.20046200000000014,-1.1734940000000036,0.0
17,7,0.11299199999999998,0.24297499999999994,-2.1390149999999992,0.0
17,8,0.1592769999999999,0.28925999999999985,-3.249854999999997,0.0
17,9,0.20961699999999994,0.3406880000000001,-4.517059,0.0
17,10,0.26341499999999973,0.3952429999999998,-5.922619999999993,0.0
17,11,0.31959099999999996,0.4528650000000001,-7.453832,0.0
17,12,0.3770180000000001,0.5116360000000002,-9.076572000000004,0.0
17,13,0.4342360000000003,0.5710540000000002,-10.762294000000008,0.0
17,14,0.4899179999999994,0.6300919999999994,-12.476381999999983,0.0
18,0,-0.033272000000000024,0.06230599999999997,1.0628170000000003,0.0
18,1,-0.01452500000000001,0.08108400000000004,0.7253400000000001,0.0
18,2,0.008278000000000008,0.10391399999999995,0.292029,0.0
18,3,0.03564800000000001,0.13132200000000005,-0.2554850000000004,0.0
18,4,0.067724,0.16366899999999995,-0.9301649999999999,0.0
18,5,0.10510299999999995,0.20075500000000002,-1.751330999999999,0.0
18,6,0.14664699999999997,0.24272399999999994,-2.709392999999999,0.0
18,7,0.1931449999999999,0.28922199999999987,-3.8253449999999978,0.0
18,8,0.24371100000000023,0.3398260000000002,-5.0897610000000055,0.0
18,9,0.29768300000000014,0.39466,-6.4999290000000025,0.0
18,10,0.35427500000000034,0.451835,-8.033160000000006,0.0
18,11,0.412207,0.5107969999999997,-9.665555999999997,0.0
18,12,0.47025700000000015,0.5696860000000004,-11.358235000000008,0.0
18,13,0.5267529999999994,0.6275499999999994,-13.06953099999998,0.0
19,0,0.011307000000000011,0.08105299999999999,0.26039499999999977,0.0
19,1,0.03417100000000015,0.10390200000000005,-0.17402100000000284,0.0
19,2,0.06146200000000002,0.131193,-0.7198410000000002,0.0
19,3,0.09367799999999993,0.16344899999999996,-1.3964569999999985,0.0
19,4,0.13064600000000004,0.20075500000000002,-2.2111050000000008,0.0
19,5,0.1731379999999998,0.2427729999999999,-3.1865249999999956,0.0
19,6,0.21916999999999986,0.288805,-4.291292999999997,0.0
19,7,0.27002400000000004,0.3399510000000001,-5.564395000000001,0.0
19,8,0.3240149999999997,0.39466,-6.973904999999995,0.0
19,9,0.38066699999999987,0.45131200000000016,-8.503508999999998,0.0
19,10,0.4388799999999997,0.5100479999999998,-10.138179999999993,0.0
19,11,0.49719800000000003,0.569115,-11.836892,0.0
19,12,0.5543290000000001,0.6275499999999994,-13.565898999999995,0.0
20,0,0.05375300000000005,0.10390199999999994,-0.546079000000001,0.0
20,1,0.08115399999999981,0.13124800000000003,-1.0940989999999964,0.0
20,2,0.11319799999999991,0.16344899999999996,-1.7673369999999982,0.0
20,3,0.15042599999999995,0.20054700000000003,-2.586092999999999,0.0
20,4,0.19222099999999998,0.24234200000000006,-3.5473779999999997,0.0
20,5,0.23958500000000016,0.28947100000000003,-4.683174000000003,0.0
20,6,0.28961800000000015,0.33950400000000003,-5.933999000000004,0.0
20,7,0.3441189999999996,0.3941969999999997,-7.35217699999999,0.0
20,8,0.40059900000000015,0.4506770000000002,-8.877137000000005,0.0
20,9,0.45879000000000003,0.509503,-10.511565000000001,0.0
20,10,0.517287,0.5685449999999999,-12.212883,0.0
20,11,0.5744989999999999,0.6268170000000004,-13.940333000000003,0.0
21,0,0.09569299999999992,0.1312479999999998,-1.3848789999999982,0.0
21,1,0.1279069999999998,0.1633770000000001,-2.061372999999996,0.0
21,2,0.1648630000000001,0.20054700000000003,-2.874833000000002,0.0
21,3,0.20704400000000012,0.24253500000000006,-3.8446100000000025,0.0
21,4,0.25344199999999995,0.2889329999999999,-4.958161999999998,0.0
21,5,0.305207,0.34037000000000006,-6.250975,0.0
21,6,0.3585370000000001,0.39370000000000016,-7.6375550000000025,0.0
21,7,0.4157630000000001,0.45104999999999995,-9.183401000000002,0.0
21,8,0.473611,0.5088979999999999,-10.803144999999999,0.0
21,9,0.532041,0.567933,-12.502455,0.0
21,10,0.5893329999999999,0.6258369999999998,-14.226722999999996,0.0
22,0,0.138513,0.16337699999999966,-2.284099,0.0
22,1,0.17566500000000015,0.20043100000000003,-3.1014430000000033,0.0
22,2,0.21752000000000005,0.24253500000000006,-4.064606000000001,0.0
22,3,0.2643679999999997,0.2891579999999998,-5.1885079999999935,0.0
22,4,0.3224130000000003,0.3397230000000002,-6.617193000000007,0.0
22,5,0.37040899999999954,0.3947729999999998,-7.893304999999989,0.0
22,6,0.426126,0.45104999999999995,-9.401024,0.0
22,7,0.4849819999999996,0.5094019999999997,-11.045967999999988,0.0
22,8,0.542894,0.5673140000000001,-12.725416,0.0
22,9,0.6079570000000003,0.6251510000000002,-14.619498000000007,0.0
23,0,0.18328200000000006,0.20043100000000003,-3.269017000000001,0.0
23,1,0.2253090000000001,0.24237200000000048,-4.2356380000000025,0.0
23,2,0.27184799999999987,0.2889109999999999,-5.352573999999996,0.0
23,3,0.322843,0.3399380000000001,-6.627513,0.0
23,4,0.37692799999999993,0.394023,-8.033722999999998,0.0
23,5,0.43927000000000005,0.45176300000000014,-9.698549000000002,0.0
23,6,0.49220299999999995,0.508775,-11.201068,0.0
23,7,0.5514509999999997,0.5679819999999998,-12.91901399999999,0.0
23,8,0.6079570000000003,0.6244880000000004,-14.614194000000008,0.0
24,0,0.23071599999999992,0.24237200000000048,-4.359998999999998,0.0
24,1,0.2773389999999995,0.2889529999999998,-5.478950999999989,0.0
24,2,0.328133,0.3399380000000001,-6.749183,0.0
24,3,0.3825179999999997,0.3941729999999999,-8.162892999999993,0.0
24,4,0.43927000000000005,0.45176300000000014,-9.698549000000002,0.0
24,5,0.49919199999999986,0.51023,-11.370544999999996,0.0
24,6,0.5562429999999998,0.5672809999999999,-13.025023999999995,0.0
24,7,0.6173850000000001,0.625359,-14.840900000000001,0.0
25,0,0.28115900000000016,0.28895300000000024,-5.570631000000004,0.0
25,1,0.33191100000000007,0.339747,-6.839473000000002,0.0
25,2,0.38626499999999986,0.3941729999999999,-8.252820999999997,0.0
25,3,0.4430670000000001,0.4509500000000002,-9.786425000000001,0.0
25,4,0.5014479999999999,0.509331,-11.421092999999997,0.0
25,5,0.5616910000000002,0.5688770000000001,-13.165352000000004,0.0
25,6,0.6173850000000001,0.624571,-14.836172000000001,0.0
26,0,0.334595,0.3397049999999995,-6.906530999999999,0.0
26,1,0.3888299999999998,0.3941009999999998,-8.316801999999994,0.0
26,2,0.445913,0.4510670000000001,-9.857926,0.0
26,3,0.5040079999999998,0.509331,-11.485092999999996,0.0
26,4,0.5626389999999999,0.5679620000000001,-13.185391999999997,0.0
26,5,0.621753,0.6262530000000002,-14.95552,0.0
27,0,0.39066899999999993,0.3939400000000006,-8.364455,0.0
27,1,0.4474910000000003,0.4510670000000001,-9.898954000000009,0.0
27,2,0.5063200000000005,0.5095290000000001,-11.545799000000015,0.0
27,3,0.5650599999999995,0.5675389999999996,-13.247798999999985,0.0
27,4,0.621753,0.6262530000000002,-14.955520000000003,0.0
28,0,0.448731,0.450762000000001,-9.932129,0.0
28,1,0.50705,0.5090810000000001,-11.565061,0.0
28,2,0.5663800000000001,0.5681989999999999,-13.285419000000003,0.0
28,3,0.6228370000000001,0.6246559999999999,-14.979129,0.0
29,0,0.5078650000000002,0.5090810000000001,-11.587881000000007,0.0
29,1,0.5664199999999999,0.5681989999999999,-13.286538999999998,0.0
29,2,0.6242919999999996,0.6253634999999997,-15.021991499999988,0.0002564999999972173
30,0,0.5669249999999999,0.567636000000002,-13.300620999999998,0.0
30,1,0.6242919999999996,0.6253634999999997,-15.021991499999988,0.0
31,0,0.6245700000000003,0.6250030000000013,-15.02997100000001,0.0
