0,0,-0.6129479999999994,1.001804,23.836346,0.0
0,1,-0.6129479999999994,1.001804,23.836346,0.0
0,2,-0.600877999999998,1.0789360000000023,23.759213999999997,0.0
0,3,-0.588789000000002,1.1648919999999983,23.587302000000005,0.0
0,4,-0.5780679999999982,1.2376970000000007,23.368886999999997,0.0
0,5,-0.5672430000000013,1.3097330000000014,23.080742999999995,0.0
0,6,-0.5577130000000032,1.3844949999999976,22.706933000000014,0.0
0,7,-0.5487979999999979,1.453358999999999,22.293749000000005,0.0
0,8,-0.540187999999997,1.5210500000000025,21.81991199999998,0.0
0,9,-0.5316699999999983,1.606098000000003,21.139527999999977,0.0
0,10,-0.5241850000000028,1.6773189999999971,20.49853900000003,0.0
0,11,-0.5165679999999995,1.7247229999999973,20.024499000000027,0.0
0,12,-0.5090289999999982,1.8021850000000015,19.17241699999998,0.0
0,13,-0.5023490000000024,1.9228370000000012,17.724592999999984,0.0
0,14,-0.4932289999999995,1.9976610000000008,16.75188099999999,0.0
0,15,-0.4830129999999997,2.1274609999999967,14.934681000000047,0.0
0,16,-0.47008900000000153,2.273479000000002,12.744410999999971,0.0
0,17,-0.45271999999999935,2.456401999999997,9.817643000000047,0.0
0,18,-0.4290159999999972,2.723579000000001,5.275633999999982,0.0
0,19,-0.3979140000000001,3.1133239999999986,-1.7397759999999778,0.0
0,20,-0.35735699999999326,3.562313000000003,-10.270567000000064,0.0
0,21,-0.3076290000000057,4.132454000000003,-21.673387000000048,0.0
0,22,-0.24975600000000497,4.945137000000003,-38.73973000000005,0.0
0,23,-0.18832399999999438,5.921340999999998,-60.21621799999997,0.0
0,24,-0.12518300000002114,7.136420999999999,-88.16305799999996,0.0
0,25,-0.06500300000000436,8.494880999999992,-120.76609799999981,0.0
0,26,-0.017562999999995554,10.270935000000009,-165.1674480000002,0.0
0,27,0.012764000000004216,12.713188000000002,-228.66602600000004,0.0
0,28,0.0017240000000242617,16.142601,-321.260177,0.0
0,29,-0.03730700000005527,21.712538999999992,-477.21844099999976,0.0
0,30,-0.0746159999999918,31.329133000000013,-756.0996670000004,0.0
0,31,-0.08138999999982843,48.54231199999998,-1272.4950369999995,0.0
0,32,-0.15832499999987704,78.851639,-2212.084174,0.0
0,33,-0.15832499999987704,129.831726,-3843.446958,0.0
1,0,-0.6129479999999994,1.001804,23.836346,0.0
1,1,-0.600877999999998,1.0138740000000013,23.824275999999998,0.0
1,2,-0.588789000000002,1.0910249999999984,23.735036000000004,0.0
1,3,-0.5780679999999982,1.175613000000002,23.555138999999993,0.0
1,4,-0.5672430000000013,1.2485219999999977,23.32558700000001,0.0
1,5,-0.5577130000000032,1.3192629999999994,23.033093000000004,0.0
1,6,-0.39909099999999853,1.393410000000003,22.503735999999982,0.0
1,7,-0.540187999999997,1.4619689999999999,22.233479,0.0
1,8,-0.5316699999999983,1.5295680000000011,21.75176799999999,0.0
1,9,-0.5241850000000028,1.6135829999999984,21.072163000000018,0.0
1,10,-0.35203200000000123,1.6849360000000004,20.257832999999998,0.0
1,11,-0.3410640000000029,1.7322619999999986,19.773605000000018,0.0
1,12,-0.33017699999999905,1.8088649999999973,18.92008500000003,0.0
1,13,-0.32017199999999946,1.9319570000000041,17.432975999999947,0.0
1,14,-0.3068889999999982,2.0078770000000006,16.432732999999992,0.0
1,15,-0.2917860000000019,2.140384999999995,14.562518000000075,0.0
1,16,-0.2727209999999971,2.290848000000004,12.286507999999934,0.0
1,17,-0.4290159999999972,2.4801059999999993,9.41467500000001,0.0
1,18,-0.3979140000000001,2.754680999999998,4.715798000000035,0.0
1,19,-0.35735699999999326,3.1538810000000055,-2.5103590000001077,0.0
1,20,-0.3076289999999986,3.612040999999998,-11.265126999999957,0.0
1,21,-0.043174999999997965,4.190326999999996,-23.095300999999928,0.0
1,22,0.03430900000000747,5.006568999999999,-40.31386699999999,0.0
1,23,0.11411300000000324,5.984482,-61.90775699999999,0.0
1,24,0.19348899999999958,7.196601000000001,-89.86587000000003,0.0
1,25,0.266327000000004,8.542321000000001,-122.23598800000005,0.0
1,26,0.3208539999999971,10.301262000000008,-166.2640400000002,0.0
1,27,0.02007999999997878,12.720503999999991,-228.86355799999973,0.0
1,28,0.020080000000007203,16.124245000000002,-320.76456500000006,0.0
1,29,0.0017239999999674183,21.673507999999998,-476.1255729999999,0.0
1,30,-0.03730699999994158,31.29182399999999,-755.0177059999997,0.0
1,31,-0.07461599999987811,48.535538,-1272.291817,0.0
1,32,-0.08138999999982843,78.77470400000001,-2209.6991890000004,0.0
2,0,-0.4764540000000004,1.0138740000000013,23.699852,0.0
2,1,-0.4595009999999995,1.0308270000000022,23.665945999999998,0.0
2,2,-0.4426099999999984,1.1079159999999995,23.555075,0.0
2,3,-0.4275260000000003,1.1906970000000001,23.359345,0.0
2,4,-0.4124889999999972,1.2635590000000008,23.110684999999993,0.0
2,5,-0.39909099999999853,1.332660999999998,22.807481000000006,0.0
2,6,-0.3867570000000029,1.4057439999999986,22.417398000000013,0.0
2,7,-0.37462400000000073,1.474102000000002,21.982983999999988,0.0
2,8,-0.3627050000000054,1.5414869999999965,21.487451000000036,0.0
2,9,-0.35203200000000123,1.6242560000000026,20.80395299999998,0.0
2,10,-0.3410640000000029,1.6959039999999987,20.137185000000017,0.0
2,11,-0.33017699999999905,1.7431490000000025,19.64296099999997,0.0
2,12,-0.18579499999999882,1.8188699999999969,18.521266000000033,0.0
2,13,-0.3068889999999982,1.9452400000000054,17.24701399999993,0.0
2,14,-0.15666900000000084,2.022979999999997,15.935954000000045,0.0
2,15,-0.13735199999999992,2.1594499999999996,13.986740000000005,0.0
2,16,-0.2474369999999979,2.316132000000003,11.856679999999947,0.0
2,17,-0.21303199999999833,2.514510999999999,8.613806000000018,0.0
2,18,-0.16841499999999598,2.7992980000000003,3.6831929999999886,0.0
2,19,-0.11161100000000346,3.210684999999998,-3.8353809999999555,0.0
2,20,-0.043174999999997965,3.6804770000000033,-12.898301000000068,0.0
2,21,0.16609199999999902,4.267811000000002,-25.063515000000024,0.0
2,22,0.2525479999999902,5.086372999999995,-42.426228999999864,0.0
2,23,0.3380279999999942,6.063857999999996,-64.10185899999992,0.0
2,24,0.48776300000000106,7.338561999999996,-93.7886439999999,0.0
2,25,0.3208539999999971,8.596847999999994,-123.65368999999986,0.0
2,26,0.5355300000000085,10.334052999999997,-167.51316699999992,0.0
2,27,0.5606990000000138,12.727463,-229.79216500000004,0.0
2,28,0.5676420000000064,16.109695000000016,-321.1263150000005,0.0
2,29,0.5718990000000019,21.654769999999985,-476.3969289999996,0.0
2,30,0.5965270000000089,31.296997000000005,-756.070768,0.0
2,31,0.3324890000000096,48.51187100000001,-1271.9889120000005,0.0
3,0,-0.3614859999999993,1.0308270000000022,23.469915999999998,0.0
3,1,-0.34119400000000155,1.051119,23.409040000000005,0.0
3,2,-0.32110400000000183,1.1280059999999992,23.271883000000006,0.0
3,3,-0.30294600000000216,1.2088549999999998,23.055711000000006,0.0
3,4,-0.2848550000000003,1.2816500000000026,22.783052999999992,0.0
3,5,-0.26870999999999867,1.3488059999999997,22.465994,0.0
3,6,-0.25385599999999897,1.4205979999999983,22.062472000000007,0.0
3,7,-0.2393509999999992,1.4886070000000018,21.610902999999986,0.0
3,8,-0.22510499999999922,1.5557329999999965,21.098283000000023,0.0
3,9,-0.21238300000000265,1.6369779999999992,20.410157000000012,0.0
3,10,-0.19920700000000124,1.7090800000000002,19.721711,0.0
3,11,-0.18579499999999882,1.756561000000005,19.206664999999944,0.0
3,12,-0.06723399999999913,1.8313670000000002,18.028115999999997,0.0
3,13,-0.052112000000001046,1.961869,16.416726000000004,0.0
3,14,-0.13735199999999992,2.042296999999998,15.62688200000003,0.0
3,15,-0.11280800000000113,2.1839939999999984,13.569492000000025,0.0
3,16,0.021194999999998743,2.348671000000003,10.697327999999956,0.0
3,17,-0.037029000000003975,2.557750999999996,7.526720000000076,0.0
3,18,0.018294999999994843,2.854621999999999,2.3139410000000282,0.0
3,19,0.08646399999999943,3.2788540000000026,-5.5267420000000484,0.0
3,20,0.2501760000000033,3.760105000000003,-15.161647000000066,0.0
3,21,0.33458399999999955,4.354266999999993,-27.298110999999857,0.0
3,22,0.42145600000000627,5.171852999999999,-44.728032999999996,0.0
3,23,0.41864000000001056,6.1444700000000125,-66.11715900000031,0.0
3,24,0.5731269999999995,7.338561999999996,-94.0447359999999,0.0
3,25,0.6629789999999929,8.679068999999998,-126.52091399999993,0.0
3,26,0.6629789999999929,10.359222000000003,-168.524739,0.0
3,27,0.5676420000000064,12.734405999999993,-229.99351199999984,0.0
3,28,0.5718990000000019,16.113952000000012,-321.2540250000003,0.0
3,29,0.5965270000000089,21.679397999999992,-477.16039699999976,0.0
3,30,0.6019129999999961,31.302382999999992,-756.2431199999999,0.0
4,0,-0.26529899999999884,1.051119,23.181354999999996,0.0
4,1,-0.24246000000000123,1.1280059999999992,23.035951000000004,0.0
4,2,-0.21982200000000063,1.1506439999999998,22.922761,0.0
4,3,-0.19924999999999926,1.2294270000000012,22.682906999999993,0.0
4,4,-0.17892300000000105,1.3019770000000008,22.383949,0.0
4,5,-0.160698,1.3670310000000008,22.050832999999997,0.0
4,6,-0.14419799999999938,1.4370979999999989,21.634498000000004,0.0
4,7,-0.1279129999999995,1.5048920000000017,21.162593999999988,0.0
4,8,-0.11217500000000058,1.5714709999999954,20.633589000000036,0.0
4,9,-0.09777899999999562,1.6513740000000041,19.936780999999947,0.0
4,10,-0.08285199999999548,1.7240070000000003,19.22337599999998,0.0
4,11,-0.06723399999999913,1.7721790000000013,18.679183999999985,0.0
4,12,-0.052112000000001046,1.8464889999999983,17.801286000000026,0.0
4,13,-0.03227300000000355,1.9817079999999976,16.099302000000044,0.0
4,14,-0.008766000000001384,2.065804,14.912026000000004,0.0
4,15,0.021194999999998743,2.2139549999999986,12.718068000000024,0.0
4,16,0.0605550000000008,2.388031000000005,9.949487999999917,0.0
4,17,0.11146200000000306,2.6086579999999984,6.215828000000016,0.0
4,18,0.17514000000000607,2.918300000000002,0.6972019999999404,0.0
4,19,0.2501760000000033,3.35389,-7.443562000000007,0.0
4,20,0.39309699999999737,3.844512999999999,-17.33708299999997,0.0
4,21,0.42145600000000627,4.441139,-29.38303900000001,0.0
4,22,0.502342000000013,5.252739000000005,-46.75018300000016,0.0
4,23,0.6246789999999862,6.215254999999999,-68.4148829999999,0.0
4,24,0.7181700000000006,7.432991000000001,-96.83580600000003,0.0
4,25,0.7439580000000063,8.704857000000004,-127.48953000000013,0.0
4,26,0.6826179999999908,10.378861,-169.09427,0.0
4,27,0.7034450000000021,12.755233000000004,-230.96325000000013,0.0
4,28,0.8254550000000052,16.156280999999993,-323.2795859999998,0.0
4,29,0.8642729999999972,21.705794999999995,-478.82124999999985,0.0
5,0,-0.17855400000000188,1.0739579999999975,22.83437500000001,0.0
5,1,-0.15369299999999697,1.1506439999999998,22.658244999999987,0.0
5,2,-0.12914899999999818,1.1751879999999986,22.510980999999994,0.0
5,3,-0.10673699999999897,1.2518390000000004,22.245618999999994,0.0
5,4,-0.08468399999999932,1.3240300000000005,21.918780999999996,0.0
5,5,-0.06477100000000036,1.3869439999999997,21.567560000000004,0.0
5,6,-0.04677999999999827,1.455089000000001,21.136879999999987,0.0
5,7,-0.02912300000000201,1.522548999999998,20.643835000000024,0.0
5,8,-0.01193999999999562,1.5886540000000018,20.095184999999965,0.0
5,9,0.004044000000000381,1.6673580000000001,19.385633,0.0
5,10,0.020699000000000467,1.7406620000000004,18.642621999999996,0.0
5,11,0.0384819999999948,1.7899619999999956,18.060707000000072,0.0
5,12,0.05622799999999728,1.8642350000000008,17.154974000000003,0.0
5,13,0.07952900000000085,2.005009000000001,15.34918099999998,0.0
5,14,0.10752800000000207,2.093803000000001,14.054863999999974,0.0
5,15,0.14293600000000595,2.2493630000000024,11.699983999999937,0.0
5,16,0.1887049999999988,2.433799999999998,8.70458400000004,0.0
5,17,0.24596400000000074,2.6659170000000003,4.704416999999992,0.0
5,18,0.3153729999999939,2.9877089999999953,-1.113091999999888,0.0
5,19,0.39309699999999737,3.4316140000000033,-9.492002000000056,0.0
5,20,0.4760999999999953,3.927515999999997,-19.329154999999922,0.0
5,21,0.555815999999993,4.520854999999997,-31.594514999999916,0.0
5,22,0.661721,5.321601999999999,-48.939726999999976,0.0
5,23,0.7140280000000132,6.269715000000005,-70.05974800000017,0.0
5,24,0.751640000000009,7.432991000000001,-97.00315600000008,0.0
5,25,0.7803569999999951,8.704857000000004,-127.67152500000007,0.0
5,26,0.7728419999999971,10.407744999999991,-170.20614999999972,0.0
5,27,0.8254550000000052,12.807846000000012,-232.87184100000033,0.0
5,28,0.912116999999995,16.195098999999985,-324.76098199999956,0.0
6,0,-0.09680399999999878,1.0988190000000024,22.425624999999993,0.0
6,1,-0.07027400000000128,1.125349,22.266445000000008,0.0
6,2,-0.04419299999999993,1.201269,22.034039,0.0
6,3,-0.02033000000000129,1.275701999999999,21.74199500000001,0.0
6,4,0.0030989999999988527,1.3474590000000006,21.386150000000004,0.0
6,5,0.024442999999997994,1.4082879999999989,21.014770000000016,0.0
6,6,0.04376999999999853,1.4744160000000015,20.568168,0.0
6,7,0.062813000000002,1.5415920000000014,20.05085399999998,0.0
6,8,0.08124099999999856,1.6070819999999983,19.481856000000022,0.0
6,9,0.0986819999999966,1.6847989999999982,18.755474000000035,0.0
6,10,0.1170229999999961,1.7590029999999999,17.977592000000023,0.0
6,11,0.13720700000000363,1.8101460000000031,17.345057999999945,0.0
6,12,0.15795599999999865,1.8849839999999958,16.397346000000056,0.0
6,13,0.1851430000000036,2.032196000000006,14.467679999999902,0.0
6,14,0.2180139999999966,2.126673999999994,13.042240000000099,0.0
6,15,0.258979999999994,2.290329,10.505274000000036,0.0
6,16,0.3708080000000038,2.4852830000000026,6.909995999999936,0.0
6,17,0.37211899999999787,2.7275729999999996,3.025490000000019,0.0
6,18,0.4438820000000021,3.0594719999999995,-3.0473710000000054,0.0
6,19,0.5593330000000023,3.506858000000001,-11.793025000000043,0.0
6,20,0.5948380000000029,4.003228,-21.437085000000017,0.0
6,21,0.661721,4.5877379999999945,-33.5285829999999,0.0
6,22,0.7140280000000132,5.373909000000012,-50.35201600000033,0.0
6,23,0.751640000000009,6.307327000000001,-71.11288400000008,0.0
6,24,0.8051989999999876,7.461707999999987,-97.98500099999963,0.0
6,25,0.8387990000000087,8.737274,-128.80018500000006,0.0
6,26,0.8681410000000085,10.46311200000001,-172.12218700000034,0.0
6,27,0.912116999999995,12.851821999999999,-234.49250299999994,0.0
7,0,-0.018140999999999963,1.125349,21.953647,0.0
7,1,0.0097750000000012,1.153265000000001,21.758234999999992,0.0
7,2,0.037164999999998116,1.275701999999999,21.397025000000014,0.0
7,3,0.06231299999999962,1.3008500000000005,21.170693,0.0
7,4,0.0868310000000001,1.3719770000000011,20.785685999999995,0.0
7,5,0.10943400000000025,1.430890999999999,20.391809000000002,0.0
7,6,0.12996300000000005,1.4949450000000013,19.927835999999992,0.0
7,7,0.1501199999999976,1.561748999999999,19.385913000000023,0.0
7,8,0.1697810000000004,1.6267430000000012,18.79332799999999,0.0
7,9,0.18879000000000445,1.7038080000000022,18.04374499999995,0.0
7,10,0.20911399999999958,1.779326999999995,17.22180600000005,0.0
7,11,0.23168199999999928,1.8327140000000028,16.529959999999974,0.0
7,12,0.25585900000000095,1.9091609999999974,15.519804000000022,0.0
7,13,0.2871319999999997,2.063469000000005,13.449196999999941,0.0
7,14,0.3247490000000042,2.1642909999999986,11.875191999999991,0.0
7,15,0.3708080000000038,2.3363879999999995,9.143420999999982,0.0
7,16,0.42634600000000233,2.540821000000001,5.688159999999968,0.0
7,17,0.4895139999999998,2.790740999999997,1.247264000000051,0.0
7,18,0.5593330000000023,3.129291000000002,-4.996819000000052,0.0
7,19,0.627246999999997,3.574771999999996,-13.490874999999903,0.0
7,20,0.6909630000000035,4.0669440000000066,-23.288155000000152,0.0
7,21,0.7417140000000018,4.638488999999993,-35.074311999999864,0.0
7,22,0.777953999999994,5.410149000000004,-51.53285200000005,0.0
7,23,0.8051989999999876,6.334571999999994,-72.0608729999998,0.0
7,24,0.8573379999999986,7.4953080000000085,-99.12277400000019,0.0
7,25,0.8942340000000115,8.792709000000002,-130.51867000000013,0.0
7,26,0.9371569999999991,10.506034999999997,-173.6522809999999,0.0
8,0,0.05824699999999794,1.153265000000001,21.418931000000015,0.0
8,1,0.08728799999999737,1.1823060000000005,21.18660300000002,0.0
8,2,0.11552800000000119,1.3008500000000005,20.79818799999999,0.0
8,3,0.1416700000000013,1.3269920000000006,20.536767999999988,0.0
8,4,0.16696500000000114,1.430890999999999,19.989091999999996,0.0
8,5,0.1905510000000028,1.4544770000000007,19.706059999999976,0.0
8,6,0.21235499999999874,1.5167489999999972,19.220268000000026,0.0
8,7,0.23357400000000084,1.582968000000001,18.653201999999986,0.0
8,8,0.25441699999999656,1.6475859999999969,18.03413200000005,0.0
8,9,0.2751309999999947,1.7245220000000003,17.252932000000037,0.0
8,10,0.2977260000000044,1.8019220000000047,16.37557199999992,0.0
8,11,0.3231320000000011,1.8581199999999995,15.610343999999998,0.0
8,12,0.35099800000000414,1.9370270000000005,14.519438999999963,0.0
8,13,0.38638699999999915,2.098858,12.29435500000001,0.0
8,14,0.4282839999999979,2.2061879999999974,10.563889000000053,0.0
8,15,0.4778249999999957,2.3859289999999973,7.651187000000071,0.0
8,16,0.5347249999999946,2.597721,4.019107000000041,0.0
8,17,0.595801999999999,2.8518180000000015,-0.5350610000000202,0.0
8,18,0.6592410000000015,3.1927300000000045,-6.838077000000091,0.0
8,19,0.7156830000000056,3.631214,-15.182325000000041,0.0
8,20,0.764171999999995,4.115432999999996,-24.77039799999988,0.0
8,21,0.7993780000000044,4.673695000000002,-36.21728600000009,0.0
8,22,0.8258210000000048,5.4365920000000045,-52.44966700000013,0.0
8,23,0.8736949999999979,6.366088999999988,-73.28159299999972,0.0
8,24,0.9243690000000129,7.549614000000005,-100.90806000000023,0.0
8,25,0.952666999999991,8.833731999999998,-131.95327599999987,0.0
9,0,0.13215000000000288,1.1823060000000005,20.827706999999975,0.0
9,1,0.16207299999999947,1.2122289999999971,20.558400000000006,0.0
9,2,0.1910759999999989,1.3269920000000006,20.141520000000007,0.0
9,3,0.21794500000000028,1.353861000000002,19.845960999999992,0.0
9,4,0.24380700000000033,1.4544770000000007,19.280011999999996,0.0
9,5,0.2682159999999989,1.4788859999999993,18.962695000000014,0.0
9,6,0.29109200000000257,1.539625000000001,18.453115999999973,0.0
9,7,0.31341899999999967,1.6052949999999981,17.858153000000016,0.0
9,8,0.33555300000000443,1.6697200000000016,17.20797199999995,0.0
9,9,0.3581350000000043,1.7471040000000002,16.38566199999996,0.0
9,10,0.3833270000000013,1.8271140000000017,15.438843999999975,0.0
9,11,0.4116509999999991,1.8864439999999973,14.590628000000038,0.0
9,12,0.44303099999999773,1.9684069999999991,13.40661500000003,0.0
9,13,0.48193299999999795,2.13776,11.024261000000017,0.0
9,14,0.5267910000000029,2.2510460000000023,9.147820999999944,0.0
9,15,0.5775410000000036,2.436678999999998,6.092208999999997,0.0
9,16,0.6327480000000065,2.652928000000003,2.351610999999899,0.0
9,17,0.6877369999999985,2.9068069999999935,-2.205353999999879,0.0
9,18,0.7627030000000019,3.245701000000004,-8.641246000000088,0.0
9,19,0.8028899999999979,3.6737129999999993,-16.707144999999976,0.0
9,20,0.817257000000005,4.149483000000004,-25.876078000000113,0.0
9,21,0.8431389999999936,4.699576999999991,-37.110895999999755,0.0
9,22,0.8736949999999979,5.467148000000009,-53.50489100000017,0.0
9,23,0.9356920000000031,6.416763000000003,-74.9543940000001,0.0
9,24,0.9688799999999986,7.587844999999987,-102.18797199999969,0.0
10,0,0.20360799999999912,1.2122289999999971,20.18458500000001,0.0
10,1,0.2341520000000017,1.2427729999999997,19.879144999999983,0.0
10,2,0.2635440000000031,1.353861000000002,19.435569999999966,0.0
10,3,0.2909639999999989,1.3812809999999978,19.106530000000017,0.0
10,4,0.31706199999999995,1.4788859999999993,18.523081000000005,0.0
10,5,0.34218699999999913,1.5040109999999984,18.171331000000016,0.0
10,6,0.3660769999999971,1.6052949999999981,17.38423100000004,0.0
10,7,0.38946499999999773,1.6286829999999988,17.01002300000003,0.0
10,8,0.41323099999999613,1.693486,16.318742000000036,0.0
10,9,0.43784000000000134,1.7717130000000054,15.44683599999994,0.0
10,10,0.4658359999999959,1.8551099999999963,14.416303000000077,0.0
10,11,0.49682699999999613,1.9174349999999976,13.483143000000062,0.0
10,12,0.5315099999999973,2.0030900000000003,12.194108000000021,0.0
10,13,0.5727430000000027,2.1789930000000055,9.670941999999904,0.0
10,14,0.6184310000000011,2.2967340000000007,7.6834289999999825,0.0
10,15,0.6674579999999963,2.4857059999999933,4.547551000000134,0.0
10,16,0.7171699999999959,2.7026400000000024,0.7964210000000023,0.0
10,17,0.7627030000000019,2.9523399999999995,-3.6541090000000125,0.0
10,18,0.8028899999999979,3.285888,-9.726294999999979,0.0
10,19,0.8321570000000023,3.7029800000000037,-17.526621000000098,0.0
10,20,0.8576429999999959,4.174968999999997,-26.749271999999905,0.0
10,21,0.8872150000000119,4.729149000000007,-38.12859200000025,0.0
10,22,0.9356920000000031,5.515625,-55.129358000000025,0.0
10,23,0.9688799999999986,6.449950999999999,-76.01640999999995,0.0
11,0,0.2720659999999988,1.2427729999999997,19.500005000000012,0.0
11,1,0.3030149999999985,1.2737219999999994,19.159566000000016,0.0
11,2,0.33270299999999864,1.3449820000000017,18.761738000000012,0.0
11,3,0.3605079999999994,1.4090859999999985,18.32767500000001,0.0
11,4,0.3867799999999981,1.5040109999999984,17.725401000000026,0.0
11,5,0.41247399999999956,1.5635149999999989,17.17094100000001,0.0
11,6,0.43739100000000164,1.588432000000001,16.772268999999977,0.0
11,7,0.4619910000000047,1.6532830000000018,16.112562999999938,0.0
11,8,0.4872390000000024,1.7187339999999978,15.376677999999991,0.0
11,9,0.5139959999999988,1.7984700000000018,14.444462999999999,0.0
11,10,0.5448650000000015,1.885978999999999,13.317322999999995,0.0
11,11,0.6198189999999997,1.9508510000000001,11.844109000000003,0.0
11,12,0.6150850000000005,2.0398939999999968,10.91671000000003,0.0
11,13,0.6916429999999991,2.220566000000005,7.9065079999999455,0.0
11,14,0.7005339999999975,2.340609999999998,6.248135000000055,0.0
11,15,0.7443470000000048,2.5295190000000005,3.1214659999999412,0.0
11,16,0.7852519999999998,2.7435449999999975,-0.5388789999999588,0.0
11,17,0.819229,2.9863169999999997,-4.796977999999996,0.0
11,18,0.8597560000000044,3.313769999999998,-10.809476000000018,0.0
11,19,0.8807760000000044,3.7249450000000053,-18.441846000000147,0.0
11,20,0.9071119999999979,4.2043079999999975,-27.839438999999928,0.0
11,21,0.952574999999996,4.775711000000001,-39.76759199999998,0.0
11,22,0.9803849999999983,5.546013000000002,-56.249844000000024,0.0
12,0,0.33750000000000213,1.2737219999999994,18.780230999999976,0.0
12,1,0.36862500000000153,1.3048469999999988,18.406730999999983,0.0
12,2,0.3983249999999998,1.374682,17.980496000000002,0.0
12,3,0.4263779999999997,1.4755040000000008,17.403851,0.0
12,4,0.45278199999999913,1.5019080000000002,17.007791000000008,0.0
12,5,0.47917200000000193,1.588432000000001,16.312677999999973,0.0
12,6,0.5052249999999994,1.6532830000000018,15.636988999999996,0.0
12,7,0.5311009999999996,1.679159000000002,15.171220999999992,0.0
12,8,0.558014,1.7456469999999982,14.382849000000014,0.0
12,9,0.5867959999999997,1.8272520000000014,13.384624999999993,0.0
12,10,0.6198189999999997,1.919001999999999,12.162599000000014,0.0
12,11,0.6544039999999995,1.985436,11.083239000000006,0.0
12,12,0.6916429999999991,2.0771329999999963,9.627704000000051,0.0
12,13,0.7311519999999945,2.2600750000000005,6.958292000000057,0.0
12,14,0.7701459999999969,2.3796040000000005,4.936487000000028,0.0
12,15,0.8061819999999997,2.5655550000000034,1.9007409999999538,0.0
12,16,0.8366129999999998,2.7739759999999976,-1.5907459999999602,0.0
12,17,0.8597560000000044,3.0094600000000042,-5.636206000000122,0.0
12,18,0.8807760000000044,3.334789999999998,-11.419056000000019,0.0
12,19,0.9071119999999979,3.7512809999999988,-19.231925999999945,0.0
12,20,0.9844970000000046,4.276077000000001,-30.157976000000076,0.0
12,21,0.9803849999999983,4.8035210000000035,-40.657512000000054,0.0
13,0,0.39971299999999843,1.3048469999999988,18.03367500000002,0.0
13,1,0.4308210000000017,1.335955000000002,17.629270999999978,0.0
13,2,0.4604430000000015,1.4043039999999998,17.175835999999983,0.0
13,3,0.48869900000000044,1.5019080000000002,16.576786999999992,0.0
13,4,0.515314,1.5560950000000027,16.040658999999987,0.0
13,5,0.5423369999999998,1.6144849999999984,15.424433000000011,0.0
13,6,0.5694369999999971,1.679159000000002,14.711189000000022,0.0
13,7,0.5965309999999988,1.7062530000000038,14.19640299999999,0.0
13,8,0.6249510000000029,1.7740670000000023,13.352244999999947,0.0
13,9,0.6553380000000004,1.857638999999999,12.288638000000006,0.0
13,10,0.6897049999999965,1.953368999999995,10.980297000000093,0.0
13,11,0.7241399999999985,2.019871000000002,9.867621999999997,0.0
13,12,0.7852360000000047,2.1124420000000015,8.055092999999921,0.0
13,13,0.8161509999999979,2.2947729999999993,5.465226000000037,0.0
13,14,0.8437920000000005,2.4111820000000037,3.5925759999999443,0.0
13,15,0.8520320000000012,2.591861999999999,0.9559360000000012,0.0
13,16,0.872677000000003,2.7946209999999994,-2.3538340000000275,0.0
13,17,0.8903009999999938,3.027083999999995,-6.302353999999838,0.0
13,18,0.9155000000000015,3.359989000000006,-12.289326000000123,0.0
13,19,0.9634289999999979,3.7939719999999966,-20.724096999999908,0.0
13,20,0.9870379999999983,4.276077000000001,-30.191008999999994,0.0
14,0,0.4585480000000004,1.335955000000002,17.268819999999995,0.0
14,1,0.4895419999999966,1.3669489999999982,16.834904000000048,0.0
14,2,0.5190449999999984,1.4338070000000016,16.35500400000002,0.0
14,3,0.5473640000000017,1.5285229999999999,15.734296999999977,0.0
14,4,0.5741790000000009,1.5831180000000025,15.167321999999977,0.0
14,5,0.601938999999998,1.6415849999999956,14.514107000000049,0.0
14,6,0.6302490000000063,1.7062530000000038,13.758068999999892,0.0
14,7,0.6586950000000016,1.734698999999999,13.189148999999986,0.0
14,8,0.6882359999999963,1.803607999999997,12.293212000000075,0.0
14,9,0.7191919999999996,1.8885950000000022,11.179931999999987,0.0
14,10,0.7530520000000038,1.9872289999999992,9.818185999999955,0.0
14,11,0.7852360000000047,2.052055000000003,8.719349999999906,0.0
14,12,0.8360409999999945,2.1433569999999946,7.00375800000014,0.0
14,13,0.8437920000000005,2.322414000000002,4.746559999999967,0.0
14,14,0.8664779999999936,2.433867999999997,2.9800540000001305,0.0
14,15,0.8839839999999981,2.6093680000000035,0.27796999999997496,0.0
14,16,0.8998489999999961,2.8104859999999974,-2.960909999999906,0.0
14,17,0.9225120000000047,3.0497470000000035,-7.106368000000124,0.0
14,18,0.9634289999999979,3.400905999999999,-13.648908999999954,0.0
14,19,0.9870379999999983,3.817580999999997,-21.47958499999993,0.0
15,0,0.5140020000000014,1.3669489999999982,16.49246399999998,0.0
15,1,0.544746,1.3976929999999967,16.031304000000002,0.0
15,2,0.5741450000000015,1.4632060000000031,15.524805999999973,0.0
15,3,0.6026169999999986,1.555337999999999,14.880310000000023,0.0
15,4,0.6299820000000018,1.6108779999999996,14.275039999999976,0.0
15,5,0.658493,1.6393889999999978,13.73333100000001,0.0
15,6,0.6878699999999967,1.6992720000000006,12.993261000000047,0.0
15,7,0.7169109999999961,1.7637399999999985,12.170838000000067,0.0
15,8,0.7467230000000029,1.8334200000000038,11.235897999999928,0.0
15,9,0.7769669999999991,1.9188389999999984,10.098886000000029,0.0
15,10,0.8082769999999968,2.018538999999997,8.731936000000076,0.0
15,11,0.8360409999999945,2.0798190000000005,7.702676000000075,0.0
15,12,0.8753010000000003,2.1676860000000033,6.147238999999956,0.0
15,13,0.8919449999999998,2.3418729999999996,3.807335000000009,0.0
15,14,0.8944630000000018,2.4485019999999977,2.3833880000000036,0.0
15,15,0.9153519999999986,2.6228180000000023,-0.3703710000000129,0.0
15,16,0.9291380000000018,2.8317109999999985,-3.710556000000004,0.0
15,17,0.9679299999999955,3.0885389999999973,-8.40168399999989,0.0
15,18,0.9892419999999973,3.422218000000001,-14.393906999999977,0.0
16,0,0.5662439999999975,1.3976929999999967,15.708834000000039,0.0
16,1,0.5967220000000033,1.4281710000000025,15.221185999999946,0.0
16,2,0.6260029999999972,1.492486999999997,14.68837400000005,0.0
16,3,0.6547739999999997,1.5827030000000022,14.015859999999996,0.0
16,4,0.682618999999999,1.6393889999999978,13.371441000000026,0.0
16,5,0.7117530000000016,1.6685230000000004,12.788760999999973,0.0
16,6,0.7416380000000018,1.7291570000000007,12.007430999999968,0.0
16,7,0.7707100000000011,1.7928119999999979,11.160348999999997,0.0
16,8,0.7994810000000001,1.8621910000000028,10.214359999999978,0.0
16,9,0.8271900000000016,1.946548,9.096159999999976,0.0
16,10,0.8537710000000018,2.045119999999997,7.783715999999998,0.0
16,11,0.8753010000000003,2.101348999999999,6.876946000000004,0.0
16,12,0.8919449999999998,2.1843300000000028,5.697850999999972,0.0
16,13,0.9040449999999964,2.3539729999999963,3.4685350000001023,0.0
16,14,0.9153519999999986,2.459809,1.9117550000000207,0.0
16,15,0.9345889999999955,2.642054999999999,-0.9474809999999181,0.0
16,16,0.9717399999999969,2.868862,-4.944001999999955,0.0
16,17,0.9910890000000023,3.1078880000000026,-9.078002000000083,0.0
17,0,0.6154590000000013,1.4281710000000025,14.921393999999978,0.0
17,1,0.6456869999999988,1.458399,14.407518000000021,0.0
17,2,0.6750490000000013,1.5509570000000004,13.786697999999976,0.0
17,3,0.7039280000000012,1.6105480000000014,13.145860999999975,0.0
17,4,0.7322479999999985,1.6685230000000004,12.460841000000023,0.0
17,5,0.7616200000000006,1.7291570000000007,11.687718999999987,0.0
17,6,0.7911609999999953,1.7586979999999954,11.037817000000103,0.0
17,7,0.8189390000000003,1.8205900000000028,10.194238999999975,0.0
17,8,0.8450729999999993,1.8883250000000018,9.275815999999999,0.0
17,9,0.8683049999999994,1.96978,8.22923200000001,0.0
17,10,0.8884699999999981,2.065284999999996,7.026882000000072,0.0
17,11,0.902866000000003,2.115745000000004,6.277549999999906,0.0
17,12,0.9127049999999954,2.194168999999995,5.247623000000132,0.0
17,13,0.9220970000000008,2.459809,1.8038349999999852,0.0
17,14,0.9395330000000044,2.4772450000000035,1.2807549999998784,0.0
17,15,0.9746520000000061,2.677174000000001,-2.115274000000113,0.0
17,16,0.992512000000005,2.886721999999999,-5.562114000000065,0.0
18,0,0.661878999999999,1.458399,14.132254000000017,0.0
18,1,0.6918870000000013,1.4884070000000023,13.592109999999977,0.0
18,2,0.7211849999999984,1.5511469999999967,13.002006000000033,0.0
18,3,0.7502290000000009,1.6388679999999987,12.273783999999988,0.0
18,4,0.7786249999999981,1.6978950000000026,11.55494400000002,0.0
18,5,0.8074529999999953,1.7267229999999998,10.920728000000082,0.0
18,6,0.835437000000006,1.8205900000000028,9.913772999999878,0.0
18,7,0.8604210000000023,1.8455739999999992,9.314156999999966,0.0
18,8,0.8821030000000007,1.9100070000000002,8.472849999999987,0.0
18,9,0.8994029999999995,1.9870799999999988,7.54486600000002,0.0
18,10,0.9123230000000007,2.078204999999997,6.492181000000016,0.0
18,11,0.9205749999999995,2.123997000000003,5.8857249999999794,0.0
18,12,0.9280390000000054,2.201633000000001,4.897376999999892,0.0
18,13,0.943985000000005,2.3793110000000013,2.478212999999897,0.0
18,14,0.9773330000000016,2.510593,0.1712829999999741,0.0
18,15,0.9932629999999989,2.693103999999998,-2.670610999999951,0.0
19,0,0.705760999999999,1.4884070000000023,13.342378000000018,0.0
19,1,0.7355349999999987,1.518181000000002,12.776672000000023,0.0
19,2,0.7647060000000003,1.6088800000000028,12.103161999999987,0.0
19,3,0.7934319999999992,1.6672639999999959,11.410942000000027,0.0
19,4,0.8213660000000047,1.7267229999999998,10.670293999999913,0.0
19,5,0.8485450000000014,1.786682000000006,9.88127699999994,0.0
19,6,0.873351999999997,1.8455739999999992,9.081399000000062,0.0
19,7,0.8937869999999961,1.8660089999999983,8.570524000000084,0.0
19,8,0.9096070000000012,1.9258270000000053,7.851217999999939,0.0
19,9,0.9202960000000004,1.9977689999999981,7.07259100000001,0.0
19,10,0.9271810000000045,2.085090000000001,6.1558869999999075,0.0
19,11,0.9335590000000025,2.130375000000001,5.581854999999948,0.0
19,12,0.9476659999999981,2.2157399999999967,4.374807000000075,0.0
19,13,0.9796709999999962,2.4113159999999993,1.4198000000000803,0.0
19,14,0.993869999999994,2.524791999999998,-0.3251689999998604,0.0
20,0,0.7474150000000002,1.518181000000002,12.550951999999995,0.0
20,1,0.7768720000000009,1.5476380000000027,11.96181199999998,0.0
20,2,0.8055400000000006,1.6376060000000017,11.269863999999984,0.0
20,3,0.8332060000000006,1.6951980000000013,10.571433999999986,0.0
20,4,0.8593520000000012,1.7539019999999965,9.839843999999992,0.0
20,5,0.8834119999999999,1.7779619999999952,9.262404000000025,0.0
20,6,0.9035610000000034,1.8316380000000052,8.591043999999904,0.0
20,7,0.9183580000000049,1.8808059999999998,8.000095999999907,0.0
20,8,0.9278149999999954,1.9977689999999981,6.929730000000106,0.0
20,9,0.9328679999999991,2.002822000000002,6.788246000000001,0.0
20,10,0.938091,2.090313000000002,5.896366999999984,0.0
20,11,0.951476999999997,2.143760999999998,5.094167000000084,0.0
20,12,0.9813389999999984,2.245601999999998,3.376676000000053,0.0
20,13,0.9943740000000005,2.4243820000000014,0.9705849999999714,0.0
21,0,0.7868220000000008,1.5476380000000027,11.762811999999983,0.0
21,1,0.8156019999999984,1.5764180000000003,11.158432000000033,0.0
21,2,0.8431740000000012,1.6652720000000016,10.461851999999972,0.0
21,3,0.8688739999999981,1.721344000000002,9.779636000000032,0.0
21,4,0.8918800000000005,1.7779619999999952,9.093044000000013,0.0
21,5,0.9112960000000001,1.7973779999999948,8.607644000000022,0.0
21,6,0.9253879999999981,1.8457300000000032,8.069952000000022,0.0
21,7,0.9339289999999991,1.8893470000000008,7.628889000000015,0.0
21,8,0.9381139999999988,1.9394689999999954,7.1901500000000595,0.0
21,9,0.9419290000000018,2.006637000000005,6.572690999999921,0.0
21,10,0.954265999999997,2.102649999999997,5.449497000000093,0.0
21,11,0.9835629999999966,2.1730579999999975,4.130180000000095,0.0
21,12,0.9943430000000006,2.4243200000000016,0.9719799999999665,0.0
22,0,0.8238100000000017,1.5764180000000003,10.986063999999963,0.0
22,1,0.8513260000000002,1.6039339999999989,10.380711999999995,0.0
22,2,0.876693999999997,1.6909719999999986,9.706532000000067,0.0
22,3,0.8991200000000035,1.7443500000000043,9.075451999999913,0.0
22,4,0.9175869999999975,1.7973779999999948,8.475533000000077,0.0
22,5,0.931237000000003,1.8457300000000032,7.94712299999992,0.0
22,6,0.9391439999999989,1.853636999999999,7.7336340000000305,0.0
22,7,0.9426269999999946,1.8928299999999965,7.421850000000141,0.0
22,8,0.9457360000000037,1.9425780000000046,7.0052159999998835,0.0
22,9,0.9566499999999962,2.102649999999997,5.3994330000001085,0.0
22,10,0.984726000000002,2.130726000000003,4.52907699999993,0.0
22,11,0.9948880000000031,2.1833460000000002,3.7791869999999292,0.0
23,0,0.8578060000000001,1.6039339999999989,10.238152,0.0
23,1,0.8830890000000018,1.6292170000000006,9.65664299999996,0.0
23,2,0.9052430000000058,1.713398000000005,9.03360199999986,0.0
23,3,0.9230839999999958,1.7628169999999983,8.4928430000001,0.0
23,4,0.9359210000000004,1.8110280000000003,8.01758499999999,0.0
23,5,0.9433859999999967,1.8184929999999966,7.81603000000009,0.0
23,6,0.9462899999999976,1.856541,7.558998000000052,0.0
23,7,0.9488110000000063,1.8953510000000051,7.2681549999998225,0.0
23,8,0.9589920000000021,2.0175509999999974,6.113799999999976,0.0
23,9,0.9855390000000028,2.130726000000003,4.511190999999911,0.0
23,10,0.9947620000000015,2.140430000000002,4.211244999999948,0.0
24,0,0.8883619999999972,1.6292170000000006,9.535364000000065,0.0
24,1,0.9102260000000015,1.651081000000005,9.010627999999961,0.0
24,2,0.9277189999999962,1.731238999999995,8.4809720000001,0.0
24,3,0.9399950000000032,1.7435150000000021,8.161795999999917,0.0
24,4,0.946747000000002,1.7824060000000017,7.883074999999948,0.0
24,5,0.9492720000000006,1.8210179999999951,7.668027000000009,0.0
24,6,0.9512780000000021,1.8585470000000015,7.432237999999941,0.0
24,7,0.9608949999999936,1.9049679999999967,6.922904000000173,0.0
24,8,0.9867589999999993,2.044097999999998,5.262783000000034,0.0
24,9,0.9942810000000009,2.139468000000001,4.231446999999974,0.0
25,0,0.9141770000000022,1.651081000000005,8.915803999999945,0.0
25,1,0.9314239999999998,1.6683280000000025,8.484629000000005,0.0
25,2,0.9433900000000008,1.7135389999999973,8.140267999999985,0.0
25,3,0.9498059999999953,1.7824060000000017,7.80965900000011,0.0
25,4,0.9518929999999983,1.7844930000000048,7.751223000000024,0.0
25,5,0.9534870000000026,1.8585470000000015,7.379221999999928,0.0
25,6,0.9625440000000012,1.867604,7.107511999999971,0.0
25,7,0.9875840000000053,1.9300080000000008,6.107087999999862,0.0
25,8,0.9943079999999966,1.9855449999999948,5.550031000000125,0.0
26,0,0.9344639999999984,1.6683280000000025,8.40862900000004,0.0
26,1,0.9461629999999985,1.6800270000000026,8.104455000000037,0.0
26,2,0.952258999999998,1.7196349999999967,7.906351000000058,0.0
26,3,0.9540220000000019,1.7516940000000005,7.796394999999947,0.0
26,4,0.9552649999999971,1.8226119999999995,7.514447000000075,0.0
26,5,0.9638559999999998,1.8312030000000021,7.256716999999995,0.0
26,6,0.9882199999999983,1.8919679999999985,6.319428000000052,0.0
26,7,0.9941099999999992,1.9361650000000026,5.900839000000005,0.0
27,0,0.9484250000000003,1.6800270000000026,8.045642999999991,0.0
27,1,0.9543490000000006,1.6859510000000029,7.885694999999984,0.0
27,2,0.9559059999999988,1.721191999999995,7.808415000000039,0.0
27,3,0.9569159999999997,1.7527040000000014,7.718121000000004,0.0
27,4,0.9651100000000028,1.7939300000000031,7.373204999999913,0.0
27,5,0.9887159999999966,1.8919679999999985,6.306532000000097,0.0
27,6,0.9938429999999983,1.8975789999999932,6.139564000000085,0.0
28,0,0.9561460000000039,1.6859510000000029,7.837175999999893,0.0
28,1,0.9575239999999994,1.6873289999999983,7.798592000000021,0.0
28,2,0.958278,1.7219459999999955,7.742863000000007,0.0
28,3,0.9660569999999993,1.7604830000000007,7.447977000000016,0.0
28,4,0.9890449999999973,1.854808999999996,6.483444000000091,0.0
28,5,0.9933590000000052,1.8595320000000086,6.343350999999814,0.0
29,0,0.9589389999999938,1.6873289999999983,7.758972000000178,0.0
29,1,0.9595139999999986,1.6879040000000032,7.742297000000036,0.0
29,2,0.9670150000000035,1.7294470000000004,7.483224999999898,0.0
29,3,0.9893950000000018,1.8169180000000011,6.625207999999944,0.0
29,4,0.9929500000000004,1.858713999999999,6.35848399999999,0.0
30,0,0.9605829999999997,1.6879040000000032,7.711296000000004,0.0
30,1,0.9677620000000005,1.695083000000004,7.495925999999983,0.0
30,2,0.9896770000000004,1.782862999999999,6.719194999999992,0.0
30,3,0.9926069999999996,1.820129999999999,6.522424000000015,0.0
31,0,0.9685670000000002,1.695083000000004,7.471775999999991,0.0
31,1,0.989970999999997,1.7164870000000008,6.808252000000088,0.0
31,2,0.992252999999998,1.7541209999999978,6.699399000000064,0.0
32,0,0.9901809999999998,1.7164870000000008,6.801742000000004,0.0
32,1,0.9917760000000015,1.718437999999999,6.750345999999951,0.0
33,0,0.9914200000000051,1.717726000000006,6.762093999999834,0.0
