0,0,-0.25334999999999996,0.0,0.471835,0.0
0,1,-0.25334999999999996,0.0,0.471835,0.0
0,2,-0.25334999999999996,0.0,0.471835,0.0
0,3,-0.25334999999999996,0.0,0.471835,0.0
0,4,-0.25334999999999996,0.0,0.471835,0.0
0,5,-0.25334999999999996,0.0,0.471835,0.0
0,6,-0.25334999999999996,0.0,0.471835,0.0
0,7,-0.25334999999999996,0.0,0.471835,0.0
0,8,-0.25334999999999996,0.0,0.471835,0.0
0,9,-0.25334999999999996,0.0,0.471835,0.0
0,10,-0.25334999999999996,0.0,0.471835,0.0
0,11,-0.25334999999999996,0.0,0.471835,0.0
0,12,-0.25334999999999996,1.000000000001e-06,0.471825,0.0
0,13,-0.25334500000000004,4.999999999977245e-06,0.4717770000000003,0.0
0,14,-0.253329,2.0999999999993246e-05,0.47156900000000007,0.0
0,15,-0.25327099999999997,7.899999999999574e-05,0.47075700000000004,0.0
0,16,-0.253067,0.0002830000000000332,0.4676969999999995,0.0
0,17,-0.252407,0.0009440000000000004,0.457121,0.0
0,18,-0.250409,0.002942,0.423155,0.0
0,19,-0.244835,0.008516999999999997,0.32280500000000006,0.0
0,20,-0.23063699999999998,0.02273200000000003,0.052719999999999434,0.0
0,21,-0.19796200000000008,0.05557599999999996,-0.604159999999999,0.0
0,22,-0.13099399999999983,0.12388699999999997,-2.0386909999999996,0.0
0,23,-0.010600999999999416,0.252622,-4.8708610000000006,0.0
0,24,0.17664599999999986,0.4788450000000001,-10.07399,0.0
0,25,0.42496399999999923,0.8622309999999997,-19.275253999999993,0.0
0,26,0.6940450000000027,1.4805230000000003,-34.73255400000001,0.0
0,27,0.8725689999999915,2.238956,-54.451812,0.0
1,0,-0.25334999999999996,0.0,0.471835,0.0
1,1,-0.25334999999999996,0.0,0.471835,0.0
1,2,-0.25334999999999996,0.0,0.471835,0.0
1,3,-0.25334999999999996,0.0,0.471835,0.0
1,4,-0.25334999999999996,0.0,0.471835,0.0
1,5,-0.25334999999999996,0.0,0.471835,0.0
1,6,-0.25334999999999996,0.0,0.471835,0.0
1,7,-0.25334999999999996,0.0,0.471835,0.0
1,8,-0.25334999999999996,0.0,0.471835,0.0
1,9,-0.25334999999999996,0.0,0.471835,0.0
1,10,-0.25334999999999996,0.0,0.471835,0.0
1,11,-0.253348,1.9999999999742446e-06,0.4718130000000003,0.0
1,12,-0.25334500000000004,5.0000000000050004e-06,0.47177699999999995,0.0
1,13,-0.2533289999999999,2.1000000000021002e-05,0.4715689999999997,0.0
1,14,-0.25327099999999997,7.899999999999574e-05,0.47075700000000004,0.0
1,15,-0.253067,0.0002829999999999777,0.4676970000000003,0.0
1,16,-0.252407,0.0009430000000000271,0.45713699999999957,0.0
1,17,-0.250408,0.0029429999999999734,0.42313800000000046,0.0
1,18,-0.244835,0.008515000000000023,0.3228409999999996,0.0
1,19,-0.23063699999999998,0.022715000000000013,0.053042999999999785,0.0
1,20,-0.19796199999999997,0.055406999999999984,-0.6007799999999996,0.0
1,21,-0.13099400000000028,0.12254399999999999,-2.0104879999999996,0.0
1,22,-0.010601000000000305,0.24428,-4.687336999999999,0.0
1,23,0.29193800000000003,0.43986899999999995,-9.292833999999997,0.0
1,24,0.424964000000001,0.727163,-16.033622,0.0
1,25,0.7533980000000002,1.1313119999999999,-26.061632,0.0
1,26,0.8925520000000002,1.6590470000000006,-39.39416100000002,0.0
2,0,-0.13054500000000002,0.0,0.34903000000000006,0.0
2,1,-0.130545,0.0,0.34903,0.0
2,2,-0.130545,0.0,0.34903,0.0
2,3,-0.130545,0.0,0.34902999999999995,0.0
2,4,-0.13054500000000002,0.0,0.34903000000000006,0.0
2,5,-0.13054500000000002,0.0,0.34903,0.0
2,6,-0.13054500000000002,0.0,0.34903,0.0
2,7,-0.13054500000000002,0.0,0.34903000000000006,0.0
2,8,-0.13054500000000005,0.0,0.34903000000000006,0.0
2,9,-0.13054422222222223,1.1111111110945998e-07,0.3490284444444445,0.0
2,10,-0.13054300000000002,6.666666666673334e-07,0.3490213333333334,0.0
2,11,-0.13054,4.999999999991123e-06,0.34897200000000006,0.0
2,12,-0.13052399999999997,2.1000000000007124e-05,0.34876399999999985,0.0
2,13,-0.13046600000000003,7.899999999999574e-05,0.3479520000000001,0.0
2,14,-0.130262,0.00028300000000000547,0.3448919999999999,0.0
2,15,-0.12960099999999997,0.0009440000000000004,0.33431599999999995,0.0
2,16,-0.127602,0.002942,0.300348,0.0
2,17,-0.12202999999999997,0.008514999999999995,0.20003600000000005,0.0
2,18,-0.10783300000000001,0.022711999999999996,-0.06970699999999996,0.0
2,19,-0.07518000000000002,0.055368,-0.7228209999999999,0.0
2,20,-0.008404000000000023,0.12218299999999999,-2.125857999999999,0.0
2,21,0.18384700000000004,0.24166200000000004,-4.899940000000001,0.0
2,22,0.29193800000000003,0.425504,-8.976804000000001,0.0
2,23,0.521215,0.6691459999999999,-14.795481999999996,0.0
2,24,0.796575,0.9593460000000003,-22.02080200000001,0.0
2,25,0.9104839999999998,1.2704659999999999,-29.715499999999995,0.0
3,0,-0.056960000000000004,0.0,0.20186,0.0
3,1,-0.05696,0.0,0.20185999999999998,0.0
3,2,-0.05696000000000001,0.0,0.20186000000000004,0.0
3,3,-0.05695999999999999,0.0,0.20185999999999998,0.0
3,4,-0.05696000000000002,0.0,0.20186000000000004,0.0
3,5,-0.05696000000000002,0.0,0.20186000000000004,0.0
3,6,-0.05695999999999999,0.0,0.20185999999999998,0.0
3,7,-0.056959,5.000000000005e-07,0.201854,5.000000000005e-07
3,8,-0.05695916666666667,1.6666666666683336e-07,0.20185716666666667,0.0
3,9,-0.05695866666666667,6.666666666661769e-07,0.20185200000000003,0.0
3,10,-0.056955000000000006,5.000000000001531e-06,0.201802,0.0
3,11,-0.056939,2.1000000000000185e-05,0.201594,0.0
3,12,-0.056879,8.000000000000021e-05,0.20076499999999997,0.0
3,13,-0.056677,0.000282000000000001,0.19773499999999997,0.0
3,14,-0.056016,0.0009440000000000004,0.187146,0.0
3,15,-0.054018000000000004,0.002942,0.15318,0.0
3,16,-0.04844500000000001,0.008514999999999995,0.05286600000000011,0.0
3,17,-0.034249,0.022711000000000002,-0.21685800000000002,0.0
3,18,-0.0016009999999999913,0.055360000000000006,-0.8698350000000001,0.0
3,19,0.06512200000000001,0.122091,-2.271162,0.0
3,20,0.18384700000000004,0.240908,-4.884860000000001,0.0
3,21,0.39774799999999993,0.42072399999999993,-9.122882999999998,0.0
3,22,0.6159730000000001,0.646574,-14.520408,0.0
3,23,0.796575,0.881742,-20.235910000000004,0.0
3,24,0.9215279999999999,1.073255,-25.015568000000002,0.0
4,0,-0.021360999999999998,0.0,0.095063,0.0
4,1,-0.021360999999999998,0.0,0.095063,0.0
4,2,-0.021361166666666664,1.6666666666683336e-07,0.09506333333333332,0.0
4,3,-0.021360999999999998,0.0,0.095063,0.0
4,4,-0.0213614,2.0000000000020002e-07,0.0950638,0.0
4,5,-0.021360999999999998,0.0,0.095063,0.0
4,6,-0.02136175,2.5000000000025e-07,0.0950645,0.0
4,7,-0.021362,5.000000000005e-07,0.0950635,0.0
4,8,-0.021361333333333336,3.333333333336667e-07,0.09506266666666667,0.0
4,9,-0.021357,4.999999999999796e-06,0.09500800000000001,0.0
4,10,-0.021341,2.1000000000000185e-05,0.0948,0.0
4,11,-0.021282000000000002,8.000000000000021e-05,0.093974,0.0
4,12,-0.02108,0.00028199999999999927,0.09094400000000001,0.0
4,13,-0.020418000000000002,0.0009440000000000004,0.080352,0.0
4,14,-0.018420000000000002,0.002942,0.04638600000000001,0.0
4,15,-0.012847000000000004,0.008514999999999998,-0.05392799999999996,0.0
4,16,0.001349000000000003,0.022711000000000002,-0.32365200000000005,0.0
4,17,0.033996,0.055358,-0.9765919999999999,0.0
4,18,0.10070599999999999,0.12207,-2.377536,0.0
4,19,0.2337,0.24071499999999998,-5.045122,0.0
4,20,0.411952,0.419326,-9.151739,0.0
4,21,0.6293449999999999,0.6389490000000001,-14.413771000000002,0.0
4,22,0.8310740000000001,0.8510529999999998,-19.674870999999996,0.0
4,23,0.9215279999999999,0.982818,-22.935516999999997,0.0
5,0,-0.006965000000000001,0.0,0.037479,0.0
5,1,-0.006964999999999999,0.0,0.037479,0.0
5,2,-0.006965000000000001,0.0,0.037479,0.0
5,3,-0.006965000000000001,0.0,0.037479,0.0
5,4,-0.006965000000000001,0.0,0.037479000000000005,0.0
5,5,-0.006965000000000001,0.0,0.037479,0.0
5,6,-0.006965000000000001,0.0,0.037479,0.0
5,7,-0.0069640000000000014,9.99999999999699e-07,0.03746800000000001,0.0
5,8,-0.006960000000000001,5.00000000000023e-06,0.03742,0.0
5,9,-0.0069440000000000005,2.099999999999975e-05,0.037212,0.0
5,10,-0.0068850000000000005,8.000000000000021e-05,0.036386,0.0
5,11,-0.006683,0.00028200000000000013,0.033356,0.0
5,12,-0.0060209999999999994,0.000944,0.022763999999999996,0.0
5,13,-0.004023,0.002942,-0.011202000000000007,0.0
5,14,0.0015499999999999993,0.008514999999999998,-0.11151599999999998,0.0
5,15,0.015746000000000003,0.022711000000000002,-0.3812400000000001,0.0
5,16,0.048392,0.055356999999999996,-1.03416,0.0
5,17,0.115101,0.122067,-2.435065,0.0
5,18,0.2337,0.240669,-5.044293999999999,0.0
5,19,0.41687700000000005,0.418967,-9.169543,0.0
5,20,0.6340580000000001,0.6367189999999999,-14.392736,0.0
5,21,0.8349940000000002,0.8406780000000003,-19.476596000000008,0.0
5,22,0.929211,0.9469759999999998,-22.179938999999997,0.0
6,0,-0.001998,0.0,0.012644000000000002,0.0
6,1,-0.0019980000000000006,0.0,0.012644000000000002,0.0
6,2,-0.0019979999999999993,0.0,0.012643999999999997,0.0
6,3,-0.001998,0.0,0.012644000000000002,0.0
6,4,-0.00199825,2.4999999999992476e-07,0.012644500000000001,0.0
6,5,-0.001998,0.0,0.012644000000000002,0.0
6,6,-0.001995,1.99999999999994e-06,0.012615999999999999,0.0
6,7,-0.001992,5.000000000000013e-06,0.01258,0.0
6,8,-0.001976,2.1000000000000077e-05,0.012371999999999998,0.0
6,9,-0.0019179999999999996,7.899999999999997e-05,0.011559999999999997,0.0
6,10,-0.001714,0.00028300000000000005,0.008499999999999999,0.0
6,11,-0.0010540000000000002,0.0009429999999999998,-0.0020599999999999976,0.0
6,12,0.0009459999999999994,0.002943,-0.036059999999999995,0.0
6,13,0.006518,0.008515000000000002,-0.13635600000000003,0.0
6,14,0.020714000000000003,0.022711000000000002,-0.40608,0.0
6,15,0.05484699999999999,0.055356999999999996,-1.0679219999999998,0.0
6,16,0.121555,0.12206499999999999,-2.46879,0.0
6,17,0.238662,0.240661,-5.068968,0.0
6,18,0.41687700000000005,0.418967,-9.169543,0.0
6,19,0.6354889999999999,0.636148,-14.390473,0.0
6,20,0.836225,0.837655,-19.423522,0.0
6,21,0.929961,0.934895,-21.930738,0.0
7,0,-0.00051,0.0,0.003716,0.0
7,1,-0.0005100000000000001,0.0,0.0037160000000000006,0.0
7,2,-0.00051,0.0,0.003716,0.0
7,3,-0.0005085000000000001,4.999999999999986e-07,0.0037045000000000003,4.999999999996327e-07
7,4,-0.000509,4.999999999999986e-07,0.0037080000000000004,0.0
7,5,-0.000508,6.666666666666648e-07,0.0037006666666666668,0.0
7,6,-0.0005049999999999999,5.000000000000013e-06,0.0036579999999999994,0.0
7,7,-0.000489,2.0999999999999995e-05,0.00345,0.0
7,8,-0.000429,7.999999999999999e-05,0.002617,0.0
7,9,-0.000227,0.000282,-0.0004130000000000004,0.0
7,10,0.0004339999999999999,0.000944,-0.010997999999999999,0.0
7,11,0.002433,0.0029419999999999997,-0.044971,0.0
7,12,0.008005000000000002,0.008515000000000002,-0.14527800000000002,0.0
7,13,0.022594999999999997,0.022711,-0.4177599999999999,0.0
7,14,0.055241000000000005,0.055357,-1.07068,0.0
7,15,0.12155700000000003,0.12206600000000001,-2.468818,0.0
7,16,0.24054100000000003,0.240658,-5.080586,0.0
7,17,0.41874700000000004,0.41886799999999996,-9.179388,0.0
7,18,0.63587,0.6360169999999999,-14.390782,0.0
7,19,0.836562,0.8368840000000002,-19.411232000000005,0.0
7,20,0.9301789999999999,0.9313910000000001,-21.862184,0.0
8,0,-0.000116,0.0,0.000958,0.0
8,1,-0.000116,0.0,0.000958,0.0
8,2,-0.0001165,4.999999999999986e-07,0.000961,0.0
8,3,-0.000117,4.999999999999986e-07,0.0009645,0.0
8,4,-0.000116,9.999999999999972e-07,0.000955,0.0
8,5,-0.00010999999999999999,6.00000000000001e-06,0.0008869999999999999,0.0
8,6,-9.5e-05,2.0999999999999995e-05,0.000692,0.0
8,7,-3.7000000000000005e-05,7.9e-05,-0.00011999999999999999,0.0
8,8,0.000165,0.000282,-0.003157,0.0
8,9,0.000827,0.0009440000000000001,-0.013749,0.0
8,10,0.002827,0.002943,-0.04774,0.0
8,11,0.008490000000000003,0.008515000000000002,-0.14876400000000006,0.0
8,12,0.022686000000000005,0.022711000000000002,-0.418488,0.0
8,13,0.055241,0.055356999999999996,-1.0706799999999999,0.0
8,14,0.121949,0.122065,-2.4715480000000003,0.0
8,15,0.240541,0.240658,-5.080586,0.0
8,16,0.41884,0.418864,-9.180068,0.0
8,17,0.635961,0.635991,-14.391068,0.0
8,18,0.8366440000000002,0.8367089999999999,-19.408738,0.0
8,19,0.9302350000000001,0.930501,-21.845722000000002,0.0
9,0,-2.4e-05,0.0,0.000222,0.0
9,1,-2.4000000000000004e-05,0.0,0.00022200000000000003,0.0
9,2,-2.4e-05,0.0,0.000222,0.0
9,3,-2.3e-05,1.0000000000000006e-06,0.000211,0.0
9,4,-1.9e-05,5e-06,0.000163,0.0
9,5,-3.999999999999996e-06,2.1000000000000002e-05,-3.6000000000000035e-05,0.0
9,6,5.599999999999999e-05,7.999999999999999e-05,-0.0008709999999999998,0.0
9,7,0.00027900000000000006,0.00028300000000000005,-0.004097000000000001,0.0
9,8,0.0009199999999999999,0.000944,-0.014492999999999999,0.0
9,9,0.002918,0.002942,-0.048459,0.0
9,10,0.008490000000000001,0.008515,-0.148764,0.0
9,11,0.022685999999999998,0.022710999999999995,-0.4184879999999999,0.0
9,12,0.055353000000000006,0.055357,-1.0715970000000001,0.0
9,13,0.122061,0.12206600000000001,-2.472477,0.0
9,14,0.24065300000000003,0.240658,-5.081501000000001,0.0
9,15,0.41885900000000004,0.418864,-9.180239,0.0
9,16,0.63598,0.635985,-14.391143,0.0
9,17,0.8366610000000001,0.8366740000000001,-19.408296000000004,0.0
9,18,0.930247,0.9302999999999999,-21.842211999999996,0.0
10,0,-5e-06,0.0,5.1e-05,0.0
10,1,-5e-06,0.0,5.1000000000000006e-05,0.0
10,2,-1.9999999999999995e-06,2.0000000000000003e-06,1.8999999999999994e-05,0.0
10,3,1.7e-05,2.1000000000000002e-05,-0.00022500000000000002,0.0
10,4,1.7e-05,2.1000000000000002e-05,-0.00022500000000000002,0.0
10,5,7.5e-05,7.9e-05,-0.0010369999999999997,0.0
10,6,0.0002825000000000001,0.00028300000000000005,-0.004132000000000001,0.0
10,7,0.000939,0.0009429999999999998,-0.014656999999999998,0.0
10,8,0.002942,0.0029430000000000003,-0.04868700000000001,0.0
10,9,0.008514,0.008515,-0.148983,0.0
10,10,0.0227105,0.022711000000000002,-0.41871200000000003,0.0
10,11,0.055356666666666665,0.055356999999999996,-1.0716336666666666,0.0
10,12,0.12206475,0.122065,-2.4725025,0.0
10,13,0.240653,0.240658,-5.081501,0.0
10,14,0.418859,0.41886399999999996,-9.180238999999998,0.0
10,15,0.63598,0.635985,-14.391143,0.0
10,16,0.8366639999999999,0.8366660000000001,-19.408198,0.0
10,17,0.93025,0.9302600000000001,-21.841562,0.0
11,0,0.0,0.0,1e-06,0.0
11,1,1e-06,2.0000000000000003e-06,-1.1e-05,0.0
11,2,4e-06,4.9999999999999996e-06,-4.7e-05,0.0
11,3,1.9999999999999998e-05,2.1e-05,-0.00025499999999999996,0.0
11,4,7.8e-05,7.9e-05,-0.001067,0.0
11,5,0.000282,0.0002822,-0.004123,0.0
11,6,0.0009419999999999999,0.0009422499999999999,-0.014682499999999998,0.0
11,7,0.002942,0.002942166666666667,-0.04868116666666667,0.0
11,8,0.008515,0.008515,-0.14899400000000002,0.0
11,9,0.022711000000000002,0.022711,-0.41871800000000003,0.0
11,10,0.055355999999999995,0.05535616666666666,-1.0716186666666665,0.0
11,11,0.122064,0.1220645,-2.4724895,0.0
11,12,0.240658,0.2406585,-5.081557,0.0
11,13,0.41886300000000004,0.41886300000000004,-9.180266000000001,0.0
11,14,0.635985,0.635985,-14.391194000000002,0.0
11,15,0.8366639999999999,0.8366649999999998,-19.408182999999994,0.0
11,16,0.9302510000000002,0.9302520000000003,-21.841445000000007,0.0
12,0,5e-07,0.0,-4.000000000000001e-06,0.0
12,1,4.499999999999998e-06,4.999999999999996e-06,-5.1999999999999976e-05,0.0
12,2,2.0499999999999997e-05,2.1e-05,-0.00026,0.0
12,3,7.85e-05,7.9e-05,-0.0010719999999999998,0.0
12,4,0.000283,0.000283,-0.004137999999999999,0.0
12,5,0.0009423333333333332,0.0009426666666666666,-0.014688333333333331,0.0
12,6,0.0029430000000000003,0.0029430000000000003,-0.048698,0.0
12,7,0.008515,0.008515,-0.148994,0.0
12,8,0.022710333333333332,0.022710666666666667,-0.4187073333333333,0.0
12,9,0.055356166666666665,0.055356333333333334,-1.071622,0.0
12,10,0.12206433333333333,0.12206466666666667,-2.4724946666666665,0.0
12,11,0.24065833333333336,0.2406586666666667,-5.081562333333334,0.0
12,12,0.41886400000000035,0.41886400000000035,-9.180290000000008,0.0
12,13,0.63598425,0.6359845000000001,-14.391178500000002,0.0
12,14,0.8366649999999998,0.8366649999999998,-19.408193999999995,0.0
12,15,0.93025,0.9302510000000002,-21.841418000000004,0.0
13,0,4.9999999999999996e-06,4.9999999999999996e-06,-5.7999999999999994e-05,0.0
13,1,2.066666666666665e-05,2.099999999999998e-05,-0.00026166666666666645,0.0
13,2,7.900000000000004e-05,7.900000000000001e-05,-0.0010780000000000004,0.0
13,3,0.000283,0.00028349999999999995,-0.0041395,0.0
13,4,0.000943,0.000943,-0.014698000000000003,0.0
13,5,0.0029423333333333337,0.0029425000000000002,-0.04868683333333334,0.0
13,6,0.0085145,0.00851475,-0.148986,0.0
13,7,0.022710499999999998,0.02271075,-0.41870974999999994,0.0
13,8,0.05535700000000001,0.055357,-1.071638,0.0
13,9,0.12206433333333333,0.1220645,-2.4724928333333334,0.0
13,10,0.24065733333333328,0.24065749999999997,-5.081538333333333,0.0
13,11,0.41886318181818183,0.41886327272727275,-9.180271363636365,0.0
13,12,0.635985,0.635985,-14.391194000000002,0.0
13,13,0.8366649999999998,0.8366649999999998,-19.408193999999995,0.0
13,14,0.9302510000000002,0.9302510000000002,-21.841430000000003,0.0
14,0,2.1e-05,2.1000000000000012e-05,-0.000266,0.0
14,1,7.900000000000004e-05,7.899999999999997e-05,-0.0010780000000000004,0.0
14,2,0.0002830000000000001,0.00028300000000000005,-0.004138000000000001,0.0
14,3,0.00094275,0.000943,-0.0146945,0.0
14,4,0.002943,0.0029430000000000003,-0.048698,0.0
14,5,0.008514999999999998,0.008515,-0.148994,0.0
14,6,0.022711000000000002,0.022711,-0.41871800000000003,0.0
14,7,0.055356999999999996,0.055356999999999996,-1.0716379999999999,0.0
14,8,0.122065,0.12206500000000002,-2.4725060000000005,0.0
14,9,0.24065799999999965,0.24065799999999968,-5.081551999999992,1.000000000139778e-06
14,10,0.4188640000000001,0.4188640000000001,-9.180290000000003,0.0
14,11,0.6359846,0.6359848,-14.3911862,0.0
14,12,0.8366654999999997,0.8366657499999998,-19.408209999999993,0.0
14,13,0.9302510000000002,0.9302510000000002,-21.841430000000003,0.0
15,0,7.9e-05,7.900000000000008e-05,-0.001078,0.0
15,1,0.00028300000000000005,0.00028300000000000005,-0.004138,0.0
15,2,0.0009426666666666665,0.0009428333333333334,-0.014692666666666665,0.0
15,3,0.002943,0.002943,-0.048698,0.0
15,4,0.008515,0.008515,-0.14899400000000002,0.0
15,5,0.022711,0.022711,-0.418718,0.0
15,6,0.05535699999999999,0.05535699999999999,-1.0716379999999999,0.0
15,7,0.122065,0.12206500000000002,-2.472506,0.0
15,8,0.24065799999999998,0.24065799999999998,-5.081552,0.0
15,9,0.4188630000000001,0.4188630000000001,-9.180266000000003,0.0
15,10,0.6359839999999999,0.6359839999999999,-14.391169999999995,0.0
15,11,0.8366659999999999,0.8366659999999999,-19.40822,0.0
15,12,0.9302510000000002,0.9302510000000002,-21.841430000000003,0.0
16,0,0.000283,0.00028299999999999983,-0.004138,0.0
16,1,0.000943,0.0009429999999999999,-0.014698000000000001,0.0
16,2,0.0029430000000000003,0.0029430000000000003,-0.048698000000000005,0.0
16,3,0.008515,0.008515,-0.148994,0.0
16,4,0.022710833333333333,0.022711,-0.41871533333333333,0.0
16,5,0.055356999999999996,0.055356999999999996,-1.0716379999999999,0.0
16,6,0.122065,0.122065,-2.472506,0.0
16,7,0.24065799999999957,0.2406579999999996,-5.0815519999999905,1.0000000003618226e-06
16,8,0.41886345454545465,0.41886354545454557,-9.18027763636364,0.0
16,9,0.6359842000000006,0.6359841000000006,-14.391174000000014,8.999999989711682e-07
16,10,0.8366659999999999,0.8366659999999999,-19.40822,0.0
16,11,0.9302510000000002,0.9302510000000002,-21.841430000000003,0.0
17,0,0.000943,0.0009429999999999999,-0.014698000000000001,0.0
17,1,0.002943,0.0029430000000000003,-0.048698000000000005,0.0
17,2,0.008515,0.008515,-0.148994,0.0
17,3,0.022711,0.022711,-0.418718,0.0
17,4,0.055356999999999996,0.055356999999999996,-1.0716379999999999,0.0
17,5,0.12206500000000002,0.122065,-2.472506,0.0
17,6,0.24065799999999998,0.24065799999999998,-5.081552,0.0
17,7,0.4188640000000003,0.4188640000000004,-9.180290000000007,0.0
17,8,0.635985,0.6359849000000001,-14.391194,7.999999995789153e-07
17,9,0.8366658999999993,0.8366657999999992,-19.40821649999998,0.0
17,10,0.9302510000000014,0.9302510000000015,-21.841430000000038,0.0
18,0,0.0029430000000000003,0.002943000000000001,-0.048698000000000005,0.0
18,1,0.008515000000000014,0.008515000000000014,-0.14899400000000024,0.0
18,2,0.022710999999999995,0.022710999999999995,-0.4187179999999999,0.0
18,3,0.05535699999999999,0.05535699999999999,-1.0716379999999999,0.0
18,4,0.122065,0.122065,-2.472506,0.0
18,5,0.24065800000000023,0.2406580000000002,-5.081552000000005,0.0
18,6,0.4188640000000004,0.4188640000000004,-9.180290000000008,0.0
18,7,0.635985,0.635985,-14.391194000000002,0.0
18,8,0.8366659999999999,0.8366659999999999,-19.40822,0.0
18,9,0.9302510000000002,0.9302510000000002,-21.841430000000003,0.0
19,0,0.008515,0.008515000000000003,-0.14899400000000002,0.0
19,1,0.022711,0.022711,-0.418718,0.0
19,2,0.055356999999999996,0.055356999999999996,-1.0716379999999999,0.0
19,3,0.122065,0.122065,-2.472506,0.0
19,4,0.24065799999999998,0.24065799999999993,-5.081551999999999,9.999999996956888e-07
19,5,0.41886400000000007,0.41886400000000007,-9.180290000000001,0.0
19,6,0.635985,0.635985,-14.391194,0.0
19,7,0.8366657000000002,0.8366656000000002,-19.408211500000004,0.0
19,8,0.9302510000000002,0.9302510000000002,-21.841430000000003,0.0
20,0,0.022711,0.022711,-0.418718,0.0
20,1,0.055356999999999996,0.055356999999999996,-1.0716379999999999,0.0
20,2,0.12206499999999985,0.12206499999999987,-2.472505999999997,0.0
20,3,0.24065799999999998,0.24065799999999993,-5.081551999999999,9.99999999806711e-07
20,4,0.41886400000000046,0.41886400000000046,-9.18029000000001,0.0
20,5,0.635985999999999,0.6359857999999992,-14.391217999999977,0.0
20,6,0.8366656000000003,0.8366655000000002,-19.408209000000006,0.0
20,7,0.930251,0.9302510000000002,-21.84143,0.0
21,0,0.055356999999999996,0.05535699999999999,-1.0716379999999999,0.0
21,1,0.12206500000000016,0.12206500000000013,-2.472506000000003,0.0
21,2,0.24065800000000004,0.24065800000000004,-5.081552,0.0
21,3,0.4188640000000004,0.41886400000000035,-9.180290000000008,0.0
21,4,0.6359848333333333,0.6359846666666666,-14.391189166666667,0.0
21,5,0.8366654999999993,0.8366653999999991,-19.40820649999998,0.0
21,6,0.9302509999999999,0.9302509999999999,-21.84143,0.0
22,0,0.122065,0.12206499999999994,-2.472506,0.0
22,1,0.24065800000000023,0.24065800000000018,-5.081552000000005,0.0
22,2,0.41886400000000007,0.41886400000000007,-9.180290000000001,0.0
22,3,0.6359854285714287,0.6359852857142858,-14.391204285714288,0.0
22,4,0.8366653999999991,0.8366652999999991,-19.408203999999976,0.0
22,5,0.9302509999999982,0.930250999999998,-21.841429999999953,0.0
23,0,0.24065799999999998,0.24065799999999982,-5.081551999999999,0.0
23,1,0.41886400000000007,0.41886400000000007,-9.180290000000001,0.0
23,2,0.6359852500000002,0.6359851250000004,-14.391200000000005,0.0
23,3,0.8366652999999991,0.8366651999999991,-19.408201499999976,0.0
23,4,0.9302509999999999,0.9302509999999999,-21.84143,0.0
24,0,0.41886400000000007,0.41886399999999924,-9.180290000000001,0.0
24,1,0.6359851111111114,0.6359850000000004,-14.391196666666675,0.0
24,2,0.8366652000000012,0.8366651000000009,-19.408199000000028,0.0
24,3,0.9302510000000012,0.9302510000000012,-21.841430000000027,0.0
25,0,0.635985,0.6359849000000001,-14.391194,0.0
25,1,0.8366651000000015,0.8366650000000012,-19.408196500000034,0.0
25,2,0.9302510000000012,0.9302510000000007,-21.841430000000027,0.0
26,0,0.8366649999999998,0.8366648999999999,-19.408193999999995,0.0
26,1,0.9302509999999982,0.930250999999998,-21.841429999999953,0.0
27,0,0.9302510000000002,0.9302510000000002,-21.841430000000006,0.0
