0,0,-1.033568,0.7383120000000005,47.286495,0.0
0,1,-1.033568,0.7383120000000005,47.286495,0.0
0,2,-1.0343476666666664,0.7628519999999952,47.26195500000001,0.0
0,3,-1.0351116666666655,0.7874830000000017,47.212692999999994,0.0
0,4,-1.0359000000000005,0.809116000000003,47.14779399999999,0.0
0,5,-1.0367023333333332,0.8276709999999952,47.07357400000002,0.0
0,6,-1.0375240000000001,0.8449290000000005,46.987283999999995,0.0
0,7,-1.038372,0.866104,46.860234,0.0
0,8,-1.0391833333333338,0.8903280000000038,46.69066599999997,0.0
0,9,-1.0400606666666665,0.9066389999999984,46.560178000000015,0.0
0,10,-1.0409570000000012,0.9229350000000025,46.41351399999998,0.0
0,11,-1.041849999999999,0.9404799999999938,46.238064000000065,0.0
0,12,-1.0427753333333338,0.953712000000003,46.092511999999964,0.0
0,13,-1.0437176666666659,0.9604149999999976,46.01207600000003,0.0
0,14,-1.0446659999999994,0.9823450000000022,45.72698599999997,0.0
0,15,-1.0456353333333344,1.000123000000002,45.47809399999997,0.0
0,16,-1.0466243333333338,1.0200990000000019,45.178453999999974,0.0
0,17,-1.0476199999999996,1.0458869999999933,44.76584600000011,0.0
0,18,-1.0486589999999982,1.0626069999999999,44.481606,0.0
0,19,-1.0497246666666673,1.0952720000000085,43.893635999999844,0.0
0,20,-1.0508230000000012,1.1316829999999953,43.201827000000094,0.0
0,21,-1.052177499999999,1.177582000000001,42.28384699999998,0.0
0,22,-1.053585499999997,1.2279439999999937,41.226245000000134,0.0
0,23,-1.055091499999996,1.2843009999999992,39.98639100000001,0.0
0,24,-1.056663499999999,1.3717809999999986,37.97435100000003,0.0
0,25,-1.058361000000005,1.4682610000000125,35.658830999999694,0.0
0,26,-1.0601920000000007,1.6245199999999897,31.752356000000262,0.0
0,27,-1.0622180000000014,1.829857000000004,26.41359399999989,0.0
0,28,-1.0645219999999966,2.1041639999999973,19.007305000000073,0.0
0,29,-1.0669709999999952,2.5021059999999977,7.8649290000000605,0.0
0,30,-1.0694540000000003,3.079406000000006,-8.876771000000176,0.0
0,31,-1.071178499999995,3.9209139999999962,-34.12201099999989,0.0
0,32,-1.071178499999995,5.079506000000009,-70.03836300000029,0.0
0,33,-1.0699425000000033,6.748572999999993,-123.44850699999978,0.0
0,34,-1.0610505000000217,9.227874999999997,-205.26547299999987,0.0
0,35,-1.0575559999999768,13.046249000000003,-335.0901890000001,0.0
0,36,-1.047119000000066,19.329216000000002,-554.994034,0.0
0,37,-1.0276030000001128,30.443084999999996,-955.0933179999997,0.0
0,38,-1.0741269999998622,51.648605,-1739.6975580000003,0.0
0,39,-1.0741269999998622,99.050568,-3540.972152,0.0
1,0,-1.0328506666666684,0.7361600000000053,47.286495,0.03109266666666599
1,1,-1.033568,0.7383120000000005,47.286495,0.030843999999999427
1,2,-1.0343476666666664,0.7628519999999952,47.26195500000001,0.03060166666666686
1,3,-1.0351116666666655,0.7874830000000017,47.212692999999994,0.03033966666666288
1,4,-1.0359000000000005,0.809116000000003,47.14779399999999,0.03002899999999431
1,5,-1.0367023333333332,0.8424639999999997,46.999609,0.029763333333337583
1,6,-1.0375240000000001,0.8635599999999997,46.875498,0.02949400000000213
1,7,-1.038372,0.866104,46.860234,0.029213000000003264
1,8,-1.0391833333333338,0.904007,46.581234,0.028841333333332386
1,9,-1.0400606666666665,0.9066389999999984,46.560178000000015,0.0285366666666651
1,10,-1.0409570000000012,0.9229350000000025,46.41351399999998,0.02822800000000103
1,11,-1.041849999999999,0.9509359999999987,46.12304800000001,0.02791100000000557
1,12,-1.0427753333333338,0.9575880000000012,46.045999999999985,0.02759233333333344
1,13,-1.0437176666666659,0.9604149999999976,46.01207600000003,0.027245666666665613
1,14,-1.0446659999999994,0.9823450000000022,45.72698599999997,0.026909000000003402
1,15,-1.0456353333333344,1.0171320000000037,45.222958999999946,0.026569333333332112
1,16,-1.0466243333333338,1.042899999999996,44.81363800000007,0.02621933333333004
1,17,-1.0476199999999996,1.0458869999999933,44.76584600000011,0.025911000000005346
1,18,-1.0486589999999982,1.0920750000000012,43.951181999999974,0.02551900000000029
1,19,-1.0497246666666673,1.128387999999994,43.26443200000012,0.02514266666666498
1,20,-1.0508230000000012,1.1741480000000024,42.35252699999995,0.02476100000000514
1,21,-1.052177499999998,1.2250064999999868,41.28793250000028,0.024582499999992846
1,22,-1.053585499999997,1.2279439999999937,41.226245000000134,0.024387500000003115
1,23,-1.055091499999996,1.2843009999999992,39.98639100000001,0.02420049999999918
1,24,-1.056663499999999,1.3717809999999986,37.97435100000003,0.024009500000005346
1,25,-1.058361000000005,1.4682610000000125,35.658830999999694,0.023815999999996507
1,26,-1.0601920000000007,1.6245199999999897,31.752356000000262,0.02353300000000047
1,27,-1.0622180000000014,1.829857000000004,26.41359399999989,0.023209000000008473
1,28,-1.0645219999999966,2.1041639999999973,19.007305000000073,0.022773999999998296
1,29,-1.0669709999999952,2.5021059999999977,7.8649290000000605,0.022154999999997926
1,30,-1.0694540000000003,3.079406000000006,-8.876771000000176,0.020939000000005592
1,31,-1.071178499999995,3.9209139999999962,-34.12201099999989,0.01846649999999528
1,32,-1.0699425000000033,5.081977999999992,-70.11746699999975,0.013156500000000904
1,33,-1.0610505000000003,6.766356999999999,-124.03537899999998,0.001724500000001683
1,34,-1.0575560000000053,9.234864000000055,-205.50309900000184,0.0
1,35,-1.0151220000000052,13.056686,-335.48748099999995,0.0
1,36,-1.0276029999999992,19.348732,-555.6966099999999,0.0
1,37,-0.7948299999999904,30.455764999999985,-955.7825709999995,0.0
1,38,-0.6852569999999787,51.58940100000001,-1737.8366760000004,0.0
2,0,-1.0328506666666684,0.7361600000000053,47.286495,0.006875333333333344
2,1,-1.033568,0.7383120000000005,47.286495,0.006607999999995062
2,2,-1.0343476666666664,0.7628519999999952,47.26195500000001,0.006351333333336928
2,3,-1.0351116666666655,0.7874830000000017,47.212692999999994,0.006060333333330448
2,4,-1.0359000000000005,0.809116000000003,47.14779399999999,0.005763999999996994
2,5,-1.0367023333333332,0.8276709999999952,47.07357400000002,0.005449666666668573
2,6,-1.0375240000000001,0.8449290000000005,46.987283999999995,0.005148000000003261
2,7,-1.038372,0.866104,46.860234,0.00482600000000355
2,8,-1.0391833333333338,0.8903280000000038,46.69066599999997,0.00445266666666555
2,9,-1.0400606666666665,0.9066389999999984,46.560178000000015,0.004121333333332533
2,10,-1.0409570000000012,0.9229350000000025,46.41351399999998,0.003781999999998842
2,11,-1.041849999999999,0.9404799999999938,46.238064000000065,0.0034460000000016144
2,12,-1.0427753333333338,0.953712000000003,46.092511999999964,0.0031036666666657275
2,13,-1.0437176666666659,0.9604149999999976,46.01207600000003,0.002710333333332926
2,14,-1.0446659999999994,0.9823450000000022,45.72698599999997,0.002341999999998734
2,15,-1.0456353333333344,1.000123000000002,45.47809399999997,0.0019716666666647065
2,16,-1.0466243333333338,1.0200990000000019,45.178453999999974,0.0015966666666642482
2,17,-1.0476199999999996,1.0458869999999933,44.76584600000011,0.0012460000000040772
2,18,-1.0486589999999982,1.0626069999999999,44.481606,0.0008179999999975429
2,19,-1.0497246666666673,1.0952720000000085,43.893635999999844,0.000439333333327685
2,20,-1.0508230000000012,1.1316829999999953,43.201827000000094,8.000000001118224e-06
2,21,-1.0515480000000028,1.1763230000000096,42.30902699999981,0.0
2,22,-1.0522990000000074,1.2253710000000149,41.28027799999969,0.0
2,23,-1.053585499999997,1.281289000000001,40.05265499999997,0.0
2,24,-1.053931999999989,1.3686369999999926,38.04434400000015,0.0
2,25,-1.054817,1.4648660000000007,35.73661799999998,0.0
2,26,-1.0557259999999928,1.6208579999999984,31.838636000000022,0.0
2,27,-1.0564569999999947,1.8258050000000026,26.511475999999917,0.0
2,28,-1.0622180000000014,2.099556000000007,19.131720999999814,0.0
2,29,-1.0645219999999966,2.4972080000000005,8.002072999999982,0.0
2,30,-1.0669709999999952,3.0744399999999956,-8.732756999999879,0.0
2,31,-1.0694540000000003,3.917465000000007,-34.01854100000021,0.0
2,32,-1.0699425000000033,5.081977999999992,-70.11746699999975,0.0
2,33,-1.0610505000000003,6.766356999999999,-124.03537899999998,0.0
2,34,-1.0151220000000052,9.277298000000002,-206.98828900000004,0.0
2,35,-0.9252699999999976,13.146538000000007,-338.72215300000016,0.0
2,36,-0.6057970000000097,19.479172000000005,-561.0032890000002,0.0
2,37,-0.6852569999999787,30.565337999999997,-959.9463449999998,0.0
3,0,-1.0328506666666684,0.7361600000000053,47.286495,0.0
3,1,-1.0328506666666684,0.7361600000000053,47.286495,0.0
3,2,-1.033568,0.760512999999996,47.26429400000001,0.0
3,3,-1.0343476666666664,0.7851910000000046,47.21727699999999,0.0
3,4,-1.0351116666666655,0.8067509999999984,47.154889000000004,0.0
3,5,-1.0359000000000005,0.8252639999999971,47.083202000000014,0.0
3,6,-1.0367023333333332,0.8424639999999997,46.999609,0.0
3,7,-1.0375240000000001,0.8635599999999997,46.875498,0.0
3,8,-1.038372,0.8878940000000028,46.70770399999998,0.0
3,9,-1.0391833333333338,0.904007,46.581234,0.0
3,10,-1.0400606666666665,0.9202459999999988,46.43771500000001,0.0
3,11,-1.0409570000000012,0.9378010000000003,46.264854,0.0
3,12,-1.041849999999999,0.9509359999999987,46.12304800000001,0.0
3,13,-1.0427753333333338,0.9575880000000012,46.045999999999985,0.0
3,14,-1.0437176666666659,0.9795000000000016,45.76397099999998,0.0
3,15,-1.0446659999999994,0.9972149999999971,45.51880600000004,0.0
3,16,-1.0456353333333344,1.0171320000000037,45.222958999999946,0.0
3,17,-1.0466243333333338,1.042899999999996,44.81363800000007,0.0
3,18,-1.0476199999999996,1.0594900000000038,44.53459499999993,0.0
3,19,-1.0486589999999982,1.0920750000000012,43.951181999999974,0.0
3,20,-1.0497246666666673,1.128387999999994,43.26443200000012,0.0
3,21,-1.0229989999999987,1.1741480000000024,42.269054999999945,0.0
3,22,-1.052177499999998,1.2250064999999868,41.28793250000028,0.0
3,23,-1.0531469999999956,1.281289000000001,40.05177799999997,0.0
3,24,-1.0531469999999956,1.3678519999999992,38.06082900000001,0.0
3,25,-1.0242229999999921,1.4639809999999898,35.66696100000023,0.0
3,26,-1.024314000000004,1.6199490000000054,31.768033999999872,0.0
3,27,-1.024314000000004,1.8250740000000008,26.434783999999993,0.0
3,28,-1.056984,2.099556000000007,19.12125299999981,0.0
3,29,-1.0564200000000028,2.4977719999999977,7.969513000000077,0.0
3,30,-1.0528340000000043,3.078025999999994,-8.868610999999817,0.0
3,31,-1.0414050000000117,3.9288939999999997,-34.42893799999996,0.0
3,32,-1.0113599999999963,5.112023000000008,-71.19607200000026,0.0
3,33,-0.8938370000000049,6.833945999999997,-126.6501769999999,0.0
3,34,-0.812979999999996,9.408089000000004,-211.83946700000018,0.0
3,35,-0.6057970000000097,13.353720999999993,-346.6125039999997,0.0
3,36,-0.36375400000000013,19.721215000000015,-570.2009230000006,0.0
4,0,-1.018302999999996,0.735984000000002,47.242851999999985,0.0
4,1,-1.0184789999999992,0.7361600000000053,47.243379999999995,0.0
4,2,-1.0187990000000013,0.760512999999996,47.21998700000001,0.0
4,3,-1.0189860000000053,0.7851910000000046,47.171192000000005,0.0
4,4,-1.0189860000000053,0.8065600000000046,47.107085000000005,0.0
4,5,-1.019363999999996,0.8252639999999971,47.033594,0.0
4,6,-1.019363999999996,0.8422699999999992,46.94856399999999,0.0
4,7,-1.0195579999999964,0.8633239999999986,46.823015999999996,0.0
4,8,-1.0197939999999974,0.8877859999999984,46.652726,0.0
4,9,-1.0199020000000019,0.9037939999999978,46.525094000000024,0.0
4,10,-1.020115000000004,0.9200440000000043,46.379695999999974,0.0
4,11,-1.0203169999999986,0.9375950000000017,46.20499399999998,0.0
4,12,-1.0205229999999972,0.9507750000000001,46.06083799999999,0.0
4,13,-1.0206839999999957,0.9572949999999949,45.98324200000005,0.0
4,14,-1.020977000000002,0.9792630000000031,45.698829999999965,0.0
4,15,-1.0212140000000005,0.9969830000000002,45.451698,0.0
4,16,-1.001221000000001,1.016922000000001,45.07261399999999,0.0
4,17,-1.0011900000000011,1.0427590000000038,44.65906699999994,0.0
4,18,-1.001213,1.0591469999999958,44.38056300000007,0.0
4,19,-1.001213,1.0918199999999985,43.792449000000026,0.0
4,20,-1.0224530000000058,1.1281130000000061,43.187841999999904,0.0
4,21,-1.0011030000000005,1.1738769999999974,42.18716200000006,0.0
4,22,-1.0229989999999987,1.2240909999999943,41.220252000000116,0.0
4,23,-1.0232850000000013,1.2799910000000096,39.99159599999979,0.0
4,24,-1.023735000000002,1.3676229999999947,37.977860000000135,0.0
4,25,-1.0005650000000088,1.4640349999999955,35.57097900000015,0.0
4,26,-1.0005650000000088,1.6198579999999936,31.6754040000002,0.0
4,27,-0.9972300000000018,1.8280110000000036,26.247635999999915,0.0
4,28,-0.9915469999999971,2.1063529999999986,18.703987000000026,0.0
4,29,-0.9915469999999971,2.5028000000000077,7.603470999999772,0.0
4,30,-1.0034709999999905,3.0917129999999986,-9.427309999999991,0.0
4,31,-0.9414289999999994,3.9628299999999967,-35.8089879999999,0.0
4,32,-0.8630990000000054,5.187720999999996,-74.09392899999986,0.0
4,33,-0.7087709999999987,6.981696999999997,-132.1184729999999,0.0
4,34,-0.45313999999999055,9.64981800000001,-221.1889900000004,0.0
4,35,-0.11943000000000836,13.660195000000002,-358.87664800000005,0.0
5,0,-1.001812000000001,0.735984000000002,47.176888000000005,0.0
5,1,-1.001796000000006,0.7359999999999971,47.17680800000003,0.0
5,2,-1.0019489999999962,0.7601929999999939,47.153226999999994,0.0
5,3,-1.001919000000001,0.785033999999996,47.10339500000001,0.0
5,4,-1.0018730000000033,0.8066060000000022,47.03844900000001,0.0
5,5,-1.0018420000000035,0.8251080000000002,46.964286000000016,0.0
5,6,-1.0018420000000035,0.8422699999999992,46.87847600000002,0.0
5,7,-1.0018420000000035,0.8632959999999983,46.752320000000026,0.0
5,8,-1.0016059999999953,0.8880500000000069,46.577861999999925,0.0
5,9,-1.001576,0.9038239999999931,46.45152000000006,0.0
5,10,-1.0015450000000001,0.9200750000000042,46.30510599999996,0.0
5,11,-1.0013880000000057,0.9377519999999961,46.12755100000007,0.0
5,12,-0.9903449999999978,0.9507670000000061,45.92917099999992,0.0
5,13,-1.001331999999998,0.9573589999999967,45.90500200000003,0.0
5,14,-1.001297000000001,0.979298,45.619620000000005,0.0
5,15,-1.001248000000004,0.9970319999999973,45.37109900000006,0.0
5,16,-0.9892079999999979,1.0171589999999995,45.008756999999996,0.0
5,17,-0.9890630000000016,1.042904,44.59596700000001,0.0
5,18,-0.9890630000000016,1.059123999999997,44.32022700000006,0.0
5,19,-1.0011639999999957,1.0918690000000026,43.79132199999993,0.0
5,20,-1.0011030000000005,1.1281740000000013,43.10122199999998,0.0
5,21,-1.0010490000000019,1.173930999999996,42.18581200000009,0.0
5,22,-1.0010069999999942,1.224133000000002,41.13135999999993,0.0
5,23,-1.0010069999999942,1.2798459999999992,39.90567399999999,0.0
5,24,-1.0008780000000002,1.3678969999999993,37.87985600000002,0.0
5,25,-0.9860460000000018,1.4652019999999908,35.469209000000234,0.0
5,26,-0.9860460000000018,1.6207430000000045,31.58068399999989,0.0
5,27,-0.9771429999999981,1.834411000000003,25.974400999999915,0.0
5,28,-0.9771429999999981,2.1063529999999986,18.63196700000003,0.0
5,29,-0.9621649999999988,2.5174789999999945,7.04554900000015,0.0
5,30,-0.9414289999999994,3.1271520000000095,-10.738648000000282,0.0
5,31,-0.8469010000000026,4.041159999999991,-38.631527999999705,0.0
5,32,-0.7087709999999987,5.342049000000003,-79.6497370000001,0.0
5,33,-0.42883299999999736,7.237328000000005,-141.69835500000016,0.0
5,34,-0.11943000000000836,9.983527999999993,-233.86996999999968,0.0
6,0,-0.9922340000000034,0.7359999999999971,47.12899800000002,0.0
6,1,-0.9921229999999994,0.7361110000000011,47.12833199999999,0.0
6,2,-0.9921459999999982,0.7600400000000036,47.104517999999985,0.0
6,3,-0.9919849999999997,0.7851949999999945,47.05324200000001,0.0
6,4,-0.9918249999999986,0.8067660000000032,46.98756899999998,0.0
6,5,-0.9916690000000017,0.8252639999999971,46.91264100000002,0.0
6,6,-0.9915309999999948,0.842408000000006,46.826092999999936,0.0
6,7,-0.9914809999999932,0.863346,46.70016499999996,0.0
6,8,-0.9910650000000061,0.888465999999994,46.52182900000008,0.0
6,9,-0.9908709999999985,0.9040180000000007,46.39624899999998,0.0
6,10,-0.990673000000001,0.9202730000000017,46.24876599999999,0.0
6,11,-0.9903449999999978,0.9380799999999994,46.06872799999999,0.0
6,12,-0.9850700000000003,0.9510610000000028,45.89428699999997,0.0
6,13,-0.9898299999999978,0.9575800000000001,45.84461899999999,0.0
6,14,-0.9896320000000003,0.9794959999999975,45.55852300000004,0.0
6,15,-0.9894449999999964,0.9972190000000012,45.30927899999996,0.0
6,16,-0.9834710000000015,1.017432999999997,44.96995100000006,0.0
6,17,-0.9832380000000001,1.0431370000000015,44.557055999999974,0.0
6,18,-0.9832380000000001,1.0592079999999982,44.28384900000003,0.0
6,19,-0.9887690000000049,1.0920789999999982,43.72535700000006,0.0
6,20,-0.9885330000000039,1.1284100000000024,43.033651999999975,0.0
6,21,-0.9882659999999959,1.174198000000004,42.11628999999989,0.0
6,22,-0.987994999999998,1.2244039999999998,41.060337999999994,0.0
6,23,-0.987915000000001,1.2799259999999961,39.838374000000094,0.0
6,24,-0.9800150000000016,1.369995000000003,37.71799099999994,0.0
6,25,-0.9800150000000016,1.4652019999999908,35.43302300000023,0.0
6,26,-0.9773779999999874,1.6232460000000088,31.466100999999696,0.0
6,27,-0.971192000000002,1.834411000000003,25.93869499999994,0.0
6,28,-0.9621649999999988,2.121330999999998,18.137693000000056,0.0
6,29,-0.9262999999999977,2.5533439999999956,5.826139000000111,0.0
6,30,-0.8469010000000026,3.2065510000000046,-13.59325800000012,0.0
6,31,-0.6829299999999989,4.197531999999995,-44.306513999999865,0.0
6,32,-0.42883299999999736,5.6037450000000035,-89.42369900000013,0.0
6,33,-0.08261900000000821,7.583541999999994,-154.85448699999975,0.0
7,0,-0.9876930000000002,0.7361110000000011,47.101752,0.0
7,1,-0.9874499999999955,0.7363540000000057,47.100050999999965,0.0
7,2,-0.9874760000000009,0.7600170000000048,47.076544,0.0
7,3,-0.9872549999999976,0.7854159999999979,47.02419899999999,0.0
7,4,-0.9869800000000026,0.8070409999999981,46.957399000000024,0.0
7,5,-0.986746999999994,0.8254970000000057,46.88194399999993,0.0
7,6,-0.9866380000000063,0.8425169999999937,46.79608100000008,0.0
7,7,-0.986493000000003,0.8634910000000033,46.669222,0.0
7,8,-0.984371000000003,0.8889050000000012,46.47647000000001,0.0
7,9,-0.9858019999999996,0.9042699999999968,46.363567000000025,0.0
7,10,-0.9855119999999999,0.9205630000000014,46.214899999999986,0.0
7,11,-0.9833149999999975,0.938521999999999,46.01993099999999,0.0
7,12,-0.9824179999999956,0.9518210000000025,45.866950999999936,0.0
7,13,-0.9819339999999954,0.958438000000001,45.78367499999995,0.0
7,14,-0.9819339999999954,0.9797940000000054,45.506046999999896,0.0
7,15,-0.983744999999999,0.9975239999999985,45.27050400000002,0.0
7,16,-0.9834710000000015,1.017432999999997,44.96995100000006,0.0
7,17,-0.9810140000000018,1.0431370000000015,44.54148799999999,0.0
7,18,-0.983193,1.0592529999999982,44.28276900000003,0.0
7,19,-0.9808379999999985,1.0924270000000007,43.669151999999976,0.0
7,20,-0.9825359999999961,1.1287190000000038,42.9914899999999,0.0
7,21,-0.9821620000000024,1.1745719999999977,42.071812000000065,0.0
7,22,-0.9790690000000026,1.2254560000000012,40.980971999999994,0.0
7,23,-0.9790690000000026,1.2802499999999952,39.775504000000126,0.0
7,24,-0.9783059999999963,1.369995000000003,37.706027999999904,0.0
7,25,-0.9773779999999874,1.467839000000005,35.35127599999979,0.0
7,26,-0.971192000000002,1.6294319999999942,31.268149000000165,0.0
7,27,-0.9177020000000056,1.8862449999999882,24.18034200000035,0.0
7,28,-0.917632999999995,2.1572500000000048,16.86272399999983,0.0
7,29,-0.8400039999999933,2.633018000000007,2.997816999999756,0.0
7,30,-0.6808240000000012,3.363624999999999,-19.304045999999957,0.0
7,31,-0.41613800000000367,4.4611969999999985,-54.084007999999926,0.0
7,32,-0.06661200000000633,5.956397999999993,-102.88192099999974,0.0
8,0,-0.985603999999995,0.7363540000000057,47.08712899999996,0.0
8,1,-0.985389000000005,0.7365689999999958,47.08540900000004,0.0
8,2,-0.985320999999999,0.7600590000000054,47.061374999999984,0.0
8,3,-0.9850890000000021,0.7856479999999948,47.00834100000003,0.0
8,4,-0.9848289999999977,0.8073010000000025,46.94130199999997,0.0
8,5,-0.9845590000000044,0.825766999999999,46.86527800000004,0.0
8,6,-0.9843899999999977,0.8426860000000005,46.77933099999998,0.0
8,7,-0.984371000000003,0.863509999999998,46.654235000000035,0.0
8,8,-0.9838519999999988,0.8894240000000053,46.46868499999995,0.0
8,9,-0.9835810000000009,0.9045409999999947,46.34558100000005,0.0
8,10,-0.9833149999999975,0.9208290000000048,46.196860999999934,0.0
8,11,-0.9822120000000041,0.9390069999999966,46.00625700000007,0.0
8,12,-0.9816319999999976,0.9518210000000025,45.86066299999995,0.0
8,13,-0.9819339999999954,0.958438000000001,45.78367499999995,0.0
8,14,-0.9816250000000011,0.9801029999999997,45.499558000000015,0.0
8,15,-0.9813200000000037,0.9978289999999959,45.24895400000009,0.0
8,16,-0.9810140000000018,1.0177389999999988,44.94785600000003,0.0
8,17,-0.9798279999999977,1.0432240000000021,44.530607999999944,0.0
8,18,-0.9798210000000012,1.059342000000001,44.25654599999999,0.0
8,19,-0.9798210000000012,1.092765,43.65493200000001,0.0
8,20,-0.9801479999999998,1.1290710000000033,42.967733999999936,0.0
8,21,-0.9790650000000056,1.1750259999999955,42.03997000000014,0.0
8,22,-0.9784739999999985,1.2254560000000012,40.97621199999996,0.0
8,23,-0.9783059999999963,1.2810130000000015,39.75261399999994,0.0
8,24,-0.9752270000000038,1.372875999999998,37.61513300000008,0.0
8,25,-0.9687769999999958,1.4742160000000055,35.13137299999983,0.0
8,26,-0.9534840000000031,1.6445389999999946,30.750954000000164,0.0
8,27,-0.917632999999995,1.8863830000000092,24.17613299999971,0.0
8,28,-0.8381200000000035,2.2367629999999963,14.079769000000127,0.0
8,29,-0.6807019999999966,2.7903140000000093,-2.679003000000293,0.0
8,30,-0.4157260000000065,3.6283109999999965,-29.100723999999843,0.0
8,31,-0.059105000000002406,4.816436999999993,-67.59747199999977,0.0
9,0,-0.9841150000000027,0.7365689999999958,47.07521700000002,0.0
9,1,-0.9839249999999993,0.7367589999999993,47.07350699999999,0.0
9,2,-0.9837990000000048,0.7601849999999999,47.04894700000004,0.0
9,3,-0.9835700000000003,0.7858769999999993,46.995502,0.0
9,4,-0.9832960000000028,0.8075749999999999,46.92794200000002,0.0
9,5,-0.9830970000000008,0.8259660000000011,46.852587,0.0
9,6,-0.9830400000000026,0.8427429999999987,46.76818900000003,0.0
9,7,-0.983042999999995,0.863509999999998,46.64361099999997,0.0
9,8,-0.9827119999999994,0.889755000000001,46.45691699999999,0.0
9,9,-0.9824679999999972,0.9047849999999968,46.334481000000004,0.0
9,10,-0.9822120000000041,0.9210849999999979,46.185477000000056,0.0
9,11,-0.9807619999999986,0.9395870000000031,45.987406999999955,0.0
9,12,-0.9811669999999992,0.9522860000000009,45.851362999999985,0.0
9,13,-0.980667000000004,0.9589379999999963,45.76703900000008,0.0
9,14,-0.9803890000000024,0.9803810000000013,45.485778,0.0
9,15,-0.9801099999999963,0.998108000000002,45.23508899999994,0.0
9,16,-0.9787749999999988,1.0180209999999974,44.92437900000003,0.0
9,17,-0.9786569999999983,1.0432699999999997,44.51933299999999,0.0
9,18,-0.9797820000000002,1.0593029999999999,44.256897,0.0
9,19,-0.979498999999997,1.0930870000000041,43.6462379999999,0.0
9,20,-0.9790650000000056,1.1295049999999947,42.950390000000155,0.0
9,21,-0.9784739999999985,1.1756170000000026,42.02283099999993,0.0
9,22,-0.9773449999999997,1.226585,40.942342,0.0
9,23,-0.9743500000000012,1.2831309999999974,39.67137500000007,0.0
9,24,-0.9687769999999958,1.379326000000006,37.40873299999982,0.0
9,25,-0.9534840000000031,1.4895089999999982,34.626704000000075,0.0
9,26,-0.9177020000000056,1.6803209999999922,29.534366000000247,0.0
9,27,-0.8377839999999992,1.9664449999999931,21.375667000000178,0.0
9,28,-0.6807019999999966,2.3938600000000037,8.421708999999865,0.0
9,29,-0.4157260000000065,3.055441999999985,-12.487522999999513,0.0
9,30,-0.059105000000002406,3.9849320000000006,-42.652322,0.0
10,0,-0.9823760000000021,0.7367589999999993,47.05956600000002,0.0
10,1,-0.9821969999999993,0.7369380000000021,47.05777599999999,0.0
10,2,-0.9820439999999948,0.7603380000000044,47.03284599999994,0.0
10,3,-0.981860999999995,0.7860599999999991,46.979571999999955,0.0
10,4,-0.981581999999996,0.807853999999999,46.911399999999965,0.0
10,5,-0.9793780000000041,0.8261600000000016,46.816136000000036,0.0
10,6,-0.981345999999995,0.8427849999999992,46.752690999999956,0.0
10,7,-0.981345999999995,0.8634259999999969,46.62884499999997,0.0
10,8,-0.9812010000000058,0.8899809999999988,46.441510000000065,0.0
10,9,-0.9810030000000012,0.9049830000000014,46.319514,0.0
10,10,-0.9807619999999986,0.9213260000000005,46.17001699999998,0.0
10,11,-0.9790690000000026,0.9401020000000031,45.965326999999995,0.0
10,12,-0.9785730000000044,0.9527049999999946,45.821734000000106,0.0
10,13,-0.9775580000000019,0.9600299999999962,45.72316100000007,0.0
10,14,-0.9775580000000019,0.9806099999999986,45.455621000000036,0.0
10,15,-0.9787749999999988,0.9983630000000048,45.21924899999992,0.0
10,16,-0.9785309999999967,1.0182649999999995,44.91827899999998,0.0
10,17,-0.9785309999999967,1.043143999999998,44.520215,0.0
10,18,-0.9787099999999995,1.0593029999999999,44.247249,0.0
10,19,-0.9783630000000016,1.093434000000002,43.62942099999998,0.0
10,20,-0.9778249999999957,1.1300430000000006,42.92846999999995,0.0
10,21,-0.9756860000000032,1.1766930000000002,41.97408000000003,0.0
10,22,-0.9743500000000012,1.228983999999997,40.86260900000008,0.0
10,23,-0.9686659999999989,1.2888149999999996,39.489487,0.0
10,24,-0.953396000000005,1.394596,36.90382400000005,0.0
10,25,-0.9168549999999982,1.5256499999999988,33.39311800000001,0.0
10,26,-0.8373599999999968,1.7595790000000093,26.749942999999732,0.0
10,27,-0.6807170000000013,2.1235359999999943,15.720607000000165,0.0
10,28,-0.415733000000003,2.658684000000008,-1.3782290000001893,0.0
10,29,-0.058692999999991,3.4124750000000006,-26.0547770000001,0.0
11,0,-0.9801979999999944,0.7369380000000021,47.03778599999994,0.0
11,1,-0.9800570000000022,0.7370789999999943,47.036235000000026,0.0
11,2,-0.9798360000000059,0.7605590000000007,47.01032400000006,0.0
11,3,-0.9796750000000003,0.7862210000000047,46.95722899999999,0.0
11,4,-0.9793780000000041,0.8081509999999952,46.88817200000006,0.0
11,5,-0.9792440000000013,0.8262940000000043,46.814125999999995,0.0
11,6,-0.9793470000000042,0.8427849999999992,46.73270100000005,0.0
11,7,-0.9794920000000005,0.8634259999999969,46.610305000000025,0.0
11,8,-0.9794160000000005,0.8900569999999988,46.42305200000001,0.0
11,9,-0.9792440000000013,0.9051550000000006,46.30037600000001,0.0
11,10,-0.9790690000000026,0.9215009999999992,46.151337000000034,0.0
11,11,-0.9785730000000044,0.9405980000000014,45.95491100000003,0.0
11,12,-0.978080999999996,0.953197000000003,45.81090999999992,0.0
11,13,-0.9775580000000019,0.9600299999999962,45.72316100000007,0.0
11,14,-0.9755789999999962,0.9808039999999991,45.43132999999997,0.0
11,15,-0.9754059999999996,0.9985620000000068,45.180814999999896,0.0
11,16,-0.9752650000000003,1.018466999999994,44.880689000000096,0.0
11,17,-0.9771339999999995,1.043143999999998,44.50624500000003,0.0
11,18,-0.9752700000000019,1.059227,44.21233000000002,0.0
11,19,-0.9767310000000009,1.0938599999999994,43.60500700000002,0.0
11,20,-0.9756860000000032,1.1310879999999983,42.88618000000007,0.0
11,21,-0.973347000000004,1.1790319999999994,41.901571000000054,0.0
11,22,-0.9661679999999961,1.2348940000000042,40.64949999999987,0.0
11,23,-0.9514050000000012,1.3034019999999984,38.97993100000005,0.0
11,24,-0.9160430000000019,1.4305909999999997,35.66560200000003,0.0
11,25,-0.8373599999999968,1.6051450000000003,30.61079299999996,0.0
11,26,-0.6798629999999974,1.9161980000000014,21.102000999999937,0.0
11,27,-0.415733000000003,2.3885199999999926,5.916199000000233,0.0
11,28,-0.05847199999999475,3.015793000000002,-14.950043000000122,0.0
12,0,-0.977757000000004,0.7370789999999943,47.010935000000046,0.0
12,1,-0.977646,0.7371899999999982,47.009603,0.0
12,2,-0.9774089999999944,0.7607960000000062,46.98315299999992,0.0
12,3,-0.9772800000000004,0.7863499999999988,46.93049700000001,0.0
12,4,-0.9749910000000028,0.8084530000000001,46.836720000000035,0.0
12,5,-0.9768710000000027,0.826400999999997,46.787488000000046,0.0
12,6,-0.9768710000000027,0.8425060000000002,46.70696300000003,0.0
12,7,-0.9771379999999965,0.8632810000000006,46.585425999999956,0.0
12,8,-0.9771809999999945,0.8900569999999988,46.39846699999995,0.0
12,9,-0.9770579999999995,0.9052779999999956,46.27522300000003,0.0
12,10,-0.976939999999999,0.9216189999999997,46.12673799999999,0.0
12,11,-0.9765510000000006,0.9409869999999998,45.92839000000001,0.0
12,12,-0.9760740000000041,0.9536739999999995,45.78310900000005,0.0
12,13,-0.9755789999999962,0.9605250000000041,45.6949569999999,0.0
12,14,-0.9754059999999996,0.9809769999999958,45.42700500000005,0.0
12,15,-0.9736519999999942,0.9987030000000061,45.15779299999984,0.0
12,16,-0.975127999999998,1.0186039999999963,44.876990000000035,0.0
12,17,-0.975127999999998,1.0428309999999996,44.48935799999998,0.0
12,18,-0.9751820000000038,1.059314999999998,44.20977800000008,0.0
12,19,-0.9741860000000031,1.094856,43.55808800000003,0.0
12,20,-0.9719649999999973,1.1333090000000041,42.80082899999989,0.0
12,21,-0.9661679999999961,1.1848290000000006,41.70086499999994,0.0
12,22,-0.9514050000000012,1.2496569999999991,40.162321000000034,0.0
12,23,-0.9160430000000019,1.3387639999999976,37.77762300000008,0.0
12,24,-0.836669999999998,1.5099640000000036,32.88754699999989,0.0
12,25,-0.6798629999999974,1.7619520000000009,24.95815099999995,0.0
12,26,-0.4149330000000049,2.1804459999999963,11.316641000000153,0.0
12,27,-0.05847199999999475,2.7456850000000017,-7.657127000000102,0.0
13,0,-0.9754489999999976,0.7371899999999982,46.98323899999997,0.0
13,1,-0.975367999999996,0.7372709999999998,46.98218599999995,0.0
13,2,-0.9750630000000058,0.7611009999999965,46.95439100000008,0.0
13,3,-0.9749910000000028,0.7864220000000017,46.90281300000003,0.0
13,4,-0.974696999999999,0.8087470000000039,46.832015999999975,0.0
13,5,-0.9746139999999954,0.8264840000000007,46.75998899999994,0.0
13,6,-0.9746139999999954,0.8423309999999944,46.68075399999997,0.0
13,7,-0.974888,0.863190000000003,46.55906299999998,0.0
13,8,-0.9750170000000011,0.8900140000000007,46.37284300000001,0.0
13,9,-0.9749459999999956,0.9053490000000011,46.249239999999936,0.0
13,10,-0.9748499999999964,0.921714999999999,46.100697999999966,0.0
13,11,-0.9729000000000028,0.9412310000000019,45.88018800000002,0.0
13,12,-0.9727550000000065,0.954070999999999,45.7370630000001,0.0
13,13,-0.973751,0.9609829999999988,45.66706700000002,0.0
13,14,-0.9736519999999942,0.9810760000000016,45.404570999999905,0.0
13,15,-0.9719359999999995,0.998858999999996,45.13330100000005,0.0
13,16,-0.9718019999999967,1.0187990000000013,44.832458999999936,0.0
13,17,-0.9733389999999957,1.0428309999999996,44.467889999999954,0.0
13,18,-0.9726409999999959,1.0600129999999979,44.166721999999986,0.0
13,19,-0.9704470000000001,1.0970499999999959,43.47153400000008,0.0
13,20,-0.9646499999999989,1.1391060000000053,42.59710899999988,0.0
13,21,-0.9500230000000016,1.1994559999999979,41.199958000000066,0.0
13,22,-0.9134749999999983,1.285029999999999,38.92778,0.0
13,23,-0.8346250000000026,1.4176939999999973,34.98412200000009,0.0
13,24,-0.6785159999999948,1.6664280000000034,27.233822999999852,0.0
13,25,-0.41471099999999694,2.0262749999999983,15.168030000000002,0.0
13,26,-0.05834199999999612,2.536885000000005,-2.2300170000001813,0.0
14,0,-0.9733459999999994,0.7372709999999998,46.95589999999999,0.0
14,1,-0.9732860000000016,0.7373309999999975,46.955060000000024,0.0
14,2,-0.9729770000000002,0.7614099999999979,46.926655000000004,0.0
14,3,-0.9729269999999985,0.7864720000000034,46.87583099999997,0.0
14,4,-0.9726260000000053,0.8090479999999971,46.80388900000008,0.0
14,5,-0.9725760000000037,0.8265340000000023,46.73324500000004,0.0
14,6,-0.9727669999999975,0.8423309999999944,46.656743,0.0
14,7,-0.9727790000000027,0.8630910000000043,46.53233900000001,0.0
14,8,-0.9730109999999996,0.8898849999999996,46.347797,0.0
14,9,-0.9729610000000051,0.9053989999999956,46.22298500000011,0.0
14,10,-0.9729000000000028,0.9217760000000013,46.074738000000025,0.0
14,11,-0.9727550000000065,0.9413759999999982,45.87670800000011,0.0
14,12,-0.9724649999999997,0.9543610000000058,45.72981299999993,0.0
14,13,-0.9720610000000036,0.9613869999999949,45.639845000000115,0.0
14,14,-0.9719359999999995,0.9812010000000058,45.380512999999915,0.0
14,15,-0.9707030000000003,0.9989929999999987,45.114163000000026,0.0
14,16,-0.971511999999997,1.019089000000001,44.824048999999945,0.0
14,17,-0.9710420000000042,1.043262999999996,44.430685000000125,0.0
14,18,-0.9689520000000016,1.0621030000000005,44.081145000000014,0.0
14,19,-0.963249999999995,1.1027520000000024,43.26963499999989,0.0
14,20,-0.9487190000000041,1.1536369999999962,42.09938600000013,0.0
14,21,-0.9134749999999983,1.2347000000000037,39.9847099999999,0.0
14,22,-0.8339240000000032,1.3638799999999947,36.15821600000016,0.0
14,23,-0.6779249999999948,1.5738030000000052,29.35592399999981,0.0
14,24,-0.41471099999999694,1.9302330000000012,17.47303799999993,0.0
14,25,-0.05834199999999612,2.3828080000000043,1.6219079999998414,0.0
15,0,-0.9717940000000027,0.7373309999999975,46.93417200000004,0.0
15,1,-0.9717479999999981,0.7373770000000022,46.93348199999997,0.0
15,2,-0.9714169999999953,0.7617410000000007,46.90415299999993,0.0
15,3,-0.9713860000000025,0.7865029999999962,46.85416400000005,0.0
15,4,-0.9711269999999956,0.809307000000004,46.78186699999992,0.0
15,5,-0.9711029999999994,0.8265579999999986,46.712503,0.0
15,6,-0.9711029999999994,0.8420369999999977,46.635108,0.0
15,7,-0.9711640000000017,0.8631209999999996,46.509519000000026,0.0
15,8,-0.9714170000000024,0.8896530000000027,46.327337000000014,0.0
15,9,-0.9713939999999965,0.9054220000000015,46.200839999999936,0.0
15,10,-0.9713819999999984,0.9217879999999994,46.05336599999998,0.0
15,11,-0.9702950000000001,0.9413789999999977,45.841151000000025,0.0
15,12,-0.9711460000000045,0.9545940000000002,45.708551000000064,0.0
15,13,-0.970126999999998,0.9617460000000051,45.60744199999991,0.0
15,14,-0.9698140000000066,0.9812849999999997,45.348740000000106,0.0
15,15,-0.9704010000000025,0.9992949999999965,45.10540500000009,0.0
15,16,-0.9696390000000008,1.0198510000000027,44.78563499999997,0.0
15,17,-0.9677969999999974,1.0451049999999995,44.35394099999997,0.0
15,18,-0.9621470000000016,1.0677529999999962,43.88417500000009,0.0
15,19,-0.9476810000000029,1.1172180000000012,42.77681500000002,0.0
15,20,-0.9125060000000005,1.1888119999999986,40.88890400000003,0.0
15,21,-0.8339240000000032,1.313282000000001,37.22077400000003,0.0
15,22,-0.677897999999999,1.519879000000003,30.54184699999992,0.0
15,23,-0.41433400000000375,1.8375959999999978,19.598411000000105,0.0
15,24,-0.05850600000000128,2.2865370000000027,3.934871999999956,0.0
16,0,-0.9706519999999976,0.7373769999999951,46.91704199999997,0.0
16,1,-0.9706189999999992,0.737409999999997,46.91651399999999,0.0
16,2,-0.9702640000000002,0.7620959999999997,46.886148000000006,0.0
16,3,-0.9702679999999972,0.7865029999999962,46.83739399999997,0.0
16,4,-0.9700540000000046,0.8095209999999966,46.764916000000085,0.0
16,5,-0.9700279999999992,0.826584000000004,46.69624799999997,0.0
16,6,-0.9700279999999992,0.8419719999999984,46.619308,0.0
16,7,-0.9699519999999993,0.8632619999999989,46.490351999999994,0.0
16,8,-0.969261000000003,0.8891410000000022,46.29814300000003,0.0
16,9,-0.9702029999999979,0.9054300000000026,46.182902999999946,0.0
16,10,-0.9701960000000014,0.9217949999999959,46.03550600000006,0.0
16,11,-0.9702950000000001,0.9413789999999977,45.841151000000025,0.0
16,12,-0.970126999999998,0.9547620000000023,45.69124999999994,0.0
16,13,-0.9693189999999987,0.9620589999999964,45.59075800000002,0.0
16,14,-0.9688949999999963,0.9815600000000018,45.330460999999914,0.0
16,15,-0.9682199999999952,1.0000070000000036,45.06140299999987,0.0
16,16,-0.9667620000000028,1.0219159999999974,44.709440000000086,0.0
16,17,-0.9614979999999989,1.0503690000000034,44.169967999999926,0.0
16,18,-0.946990999999997,1.082259999999998,43.39570899999999,0.0
16,19,-0.9119529999999969,1.1522560000000013,41.57517299999993,0.0
16,20,-0.8335030000000003,1.2672619999999952,38.1348590000001,0.0
16,21,-0.677897999999999,1.4689759999999978,31.61081000000003,0.0
16,22,-0.41453600000000534,1.7837589999999892,20.78605700000032,0.0
16,23,-0.05898200000000031,2.2855850000000046,3.964383999999896,0.0
17,0,-0.9697990000000019,0.737409999999997,46.903394000000034,0.0
17,1,-0.9697560000000003,0.7374530000000021,46.902663000000004,0.0
17,2,-0.9694520000000004,0.7623999999999995,46.87254800000001,0.0
17,3,-0.9694399999999987,0.7865110000000008,46.824121999999974,0.0
17,4,-0.9692879999999988,0.8096729999999965,46.75205199999999,0.0
17,5,-0.969265,0.8266070000000028,46.68392499999999,0.0
17,6,-0.969260999999999,0.8419760000000025,46.60701199999997,0.0
17,7,-0.9690629999999985,0.8634599999999963,46.474742,0.0
17,8,-0.9690629999999985,0.8889429999999976,46.29636099999999,0.0
17,9,-0.9692420000000013,0.9054490000000044,46.167355999999984,0.0
17,10,-0.9692229999999995,0.9218139999999977,46.019748000000014,0.0
17,11,-0.9694099999999963,0.941279999999999,45.82807999999995,0.0
17,12,-0.9693189999999987,0.954853,45.67722999999998,0.0
17,13,-0.9682609999999983,0.9624829999999989,45.567683999999986,0.0
17,14,-0.9674570000000031,0.9822350000000029,45.297240000000016,0.0
17,15,-0.9661940000000016,1.0020329999999973,44.99859700000007,0.0
17,16,-0.9607809999999972,1.0273290000000017,44.52713599999993,0.0
17,17,-0.9467700000000008,1.0643799999999999,43.69613300000002,0.0
17,18,-0.9116590000000002,1.117440000000002,42.19715699999997,0.0
17,19,-0.8334350000000015,1.2305829999999958,38.830672000000106,0.0
17,20,-0.6779869999999946,1.4231900000000053,32.528042999999805,0.0
17,21,-0.4150539999999978,1.7325600000000065,21.870041999999827,0.0
17,22,-0.05979099999999704,2.139806,7.277102999999947,0.0
18,0,-0.9690399999999997,0.7374530000000021,46.890491,0.0
18,1,-0.9689690000000013,0.7375239999999934,46.88921300000003,0.0
18,2,-0.9686140000000023,0.7627549999999985,46.85759200000004,0.0
18,3,-0.9686170000000018,0.7865110000000008,46.81013100000003,0.0
18,4,-0.9685440000000014,0.809745999999997,46.739112000000034,0.0
18,5,-0.968513999999999,0.8266370000000052,46.67100799999996,0.0
18,6,-0.9684140000000028,0.8420759999999987,46.59201300000006,0.0
18,7,-0.9682000000000031,0.8636739999999961,46.45857300000008,0.0
18,8,-0.9669540000000012,0.8887750000000025,46.260438,0.0
18,9,-0.9683419999999998,0.9054750000000027,46.151821999999974,0.0
18,10,-0.968319000000001,0.9218369999999965,46.00415000000005,0.0
18,11,-0.9684629999999999,0.9410930000000022,45.814037999999975,0.0
18,12,-0.9682609999999983,0.9550550000000015,45.65681999999995,0.0
18,13,-0.9674570000000031,0.963286999999994,45.54356400000013,0.0
18,14,-0.9655000000000058,0.9841920000000002,45.2365730000001,0.0
18,15,-0.9601860000000002,1.0073470000000029,44.81675099999996,0.0
18,16,-0.9461670000000026,1.0413479999999993,44.05439400000006,0.0
18,17,-0.9117280000000036,1.0988189999999989,42.51495600000008,0.0
18,18,-0.8335379999999972,1.1957060000000084,39.4603119999998,0.0
18,19,-0.6784669999999977,1.3860090000000085,33.2431219999998,0.0
18,20,-0.4157940000000053,1.6863639999999904,22.807282000000285,0.0
18,21,-0.06109299999999962,2.087852000000005,8.391572999999887,0.0
19,0,-0.967848,0.7375240000000076,46.869035,0.0
19,1,-0.9677329999999991,0.7376390000000015,46.866849999999985,0.0
19,2,-0.9673540000000003,0.7631339999999973,46.83415400000001,0.0
19,3,-0.9673209999999983,0.7865410000000033,46.78671299999996,0.0
19,4,-0.9672829999999983,0.809783999999997,46.71626199999998,0.0
19,5,-0.9672200000000046,0.8266999999999989,46.64740100000009,0.0
19,6,-0.9670640000000006,0.8422320000000028,46.566776999999995,0.0
19,7,-0.9668390000000002,0.8638989999999964,46.432500000000026,0.0
19,8,-0.9668390000000002,0.8886600000000016,46.25917299999999,0.0
19,9,-0.9643699999999953,0.9055409999999995,46.07721399999991,0.0
19,10,-0.9667889999999986,0.9219360000000023,45.97561999999995,0.0
19,11,-0.966778000000005,0.9409599999999969,45.785171000000126,0.0
19,12,-0.9661790000000039,0.9556540000000027,45.61215600000004,0.0
19,13,-0.9642139999999984,0.9652519999999996,45.45964499999997,0.0
19,14,-0.958984000000001,0.9894219999999976,45.04606500000005,0.0
19,15,-0.945174999999999,1.0211560000000048,44.33941799999991,0.0
19,16,-0.9109959999999973,1.075527000000001,42.874451999999934,0.0
19,17,-0.8336830000000006,1.1761319999999955,39.795825000000086,0.0
19,18,-0.6789250000000067,1.3505849999999882,33.88945600000034,0.0
19,19,-0.41677500000000123,1.6485589999999988,23.54421600000005,0.0
19,20,-0.062424000000000035,2.0851900000000043,8.470101999999912,0.0
20,0,-0.9656139999999986,0.7376390000000015,46.82658899999997,0.0
20,1,-0.9654489999999996,0.7378040000000041,46.82328899999999,0.0
20,2,-0.9650199999999991,0.7635629999999978,46.788949999999986,0.0
20,3,-0.9649130000000028,0.7866479999999996,46.740640000000056,0.0
20,4,-0.9648879999999984,0.8098090000000013,46.67065699999996,0.0
20,5,-0.9647849999999956,0.8268030000000017,46.600620999999904,0.0
20,6,-0.9646079999999984,0.842409,46.51905099999997,0.0
20,7,-0.964347999999994,0.8641590000000008,46.38335099999988,0.0
20,8,-0.9643699999999953,0.8886600000000016,46.212261999999896,0.0
20,9,-0.9642339999999976,0.9056769999999972,46.07340599999998,0.0
20,10,-0.963988999999998,0.9221810000000019,45.91996999999994,0.0
20,11,-0.9634859999999961,0.9414629999999988,45.717089999999935,0.0
20,12,-0.9617429999999985,0.9573970000000003,45.50695599999997,0.0
20,13,-0.9565660000000022,0.9704289999999958,45.2470320000001,0.0
20,14,-0.9430929999999975,1.0028950000000023,44.55551399999992,0.0
20,15,-0.9093710000000002,1.0548780000000022,43.15331199999997,0.0
20,16,-0.8327440000000053,1.152153999999996,40.16163200000017,0.0
20,17,-0.6791909999999959,1.329685000000005,34.25007599999984,0.0
20,18,-0.41763299999999504,1.6122780000000034,24.21443399999984,0.0
20,19,-0.06386100000000283,2.0027549999999934,10.109126000000181,0.0
21,0,-0.9614960000000004,0.7378040000000041,46.744229000000004,0.0
21,1,-0.9612390000000026,0.7380609999999947,46.73883200000006,0.0
21,2,-0.9607670000000006,0.7640349999999998,46.70294600000001,0.0
21,3,-0.9605689999999996,0.7868460000000006,46.653165999999985,0.0
21,4,-0.9605519999999999,0.809826000000001,46.58386899999999,0.0
21,5,-0.960369,0.8269860000000016,46.511385999999995,0.0
21,6,-0.9601800000000011,0.8425979999999988,46.42935700000003,0.0
21,7,-0.9599460000000022,0.8643929999999997,46.29367300000005,0.0
21,8,-0.9598280000000017,0.8887560000000008,46.12065400000003,0.0
21,9,-0.9595100000000016,0.9059949999999972,45.97606400000006,0.0
21,10,-0.9588210000000004,0.9228700000000032,45.80971999999998,0.0
21,11,-0.9571499999999986,0.9431340000000006,45.57198899999997,0.0
21,12,-0.9522469999999998,0.962299999999999,45.25820000000001,0.0
21,13,-0.939036999999999,0.9836389999999966,44.72472200000002,0.0
21,14,-0.9059290000000004,1.036003000000001,43.348721999999995,0.0
21,15,-0.8302869999999984,1.1305200000000042,40.43700199999991,0.0
21,16,-0.6779259999999994,1.304514999999995,34.627496000000065,0.0
21,17,-0.4180339999999987,1.5895770000000056,24.60877199999988,0.0
21,18,-0.06514299999999906,1.9655500000000004,10.805737999999977,0.0
22,0,-0.9547050000000006,0.7380609999999947,46.601618000000016,0.0
22,1,-0.9543280000000003,0.738437999999995,46.59332400000001,0.0
22,2,-0.9537829999999978,0.7645800000000023,46.55519199999995,0.0
22,3,-0.9534990000000008,0.7871299999999977,46.50384400000002,0.0
22,4,-0.9534230000000008,0.809902000000001,46.43385600000001,0.0
22,5,-0.9531380000000027,0.8272709999999996,46.35811000000006,0.0
22,6,-0.9528789999999994,0.8428570000000022,46.27448199999998,0.0
22,7,-0.952573000000001,0.8646989999999981,46.13669800000004,0.0
22,8,-0.9522820000000038,0.8890469999999979,45.9598600000001,0.0
22,9,-0.9515460000000004,0.9067310000000006,45.802196,0.0
22,10,-0.9498060000000024,0.9246100000000013,45.60300500000004,0.0
22,11,-0.9450070000000039,0.947932999999999,45.264197000000095,0.0
22,12,-0.932259000000002,0.975048000000001,44.68547600000003,0.0
22,13,-0.8998950000000008,1.0160029999999978,43.48200800000004,0.0
22,14,-0.8254779999999968,1.1104200000000048,40.617412999999864,0.0
22,15,-0.6748850000000033,1.2811129999999977,34.914665000000106,0.0
22,16,-0.41695699999999647,1.5624430000000018,25.020298999999895,0.0
22,17,-0.06592500000000001,1.940609000000002,11.24693899999997,0.0
23,0,-0.9442060000000012,0.7384380000000021,46.37064000000002,0.0
23,1,-0.9436669999999978,0.7389770000000055,46.358242999999945,0.0
23,2,-0.9430560000000021,0.765190999999998,46.31797600000005,0.0
23,3,-0.9425999999999988,0.787586000000001,46.26269799999997,0.0
23,4,-0.9423859999999991,0.8101160000000007,46.190185999999976,0.0
23,5,-0.942024,0.8276329999999987,46.11179200000001,0.0
23,6,-0.9416430000000027,0.8432379999999995,46.02500400000007,0.0
23,7,-0.941243,0.8650990000000007,45.884637999999995,0.0
23,8,-0.9405119999999982,0.8897779999999997,45.69507199999996,0.0
23,9,-0.9387129999999999,0.908529999999999,45.503679000000005,0.0
23,10,-0.934035999999999,0.9292870000000022,45.209294999999955,0.0
23,11,-0.9216189999999997,0.9603499999999983,44.61307400000001,0.0
23,12,-0.8901249999999976,1.0065420000000032,43.38059999999991,0.0
23,13,-0.8172879999999978,1.0888399999999976,40.71777299999998,0.0
23,14,-0.6690290000000019,1.2586790000000008,35.09990900000003,0.0
23,15,-0.4138409999999979,1.5363010000000017,25.343876999999928,0.0
23,16,-0.06315299999999979,1.910896000000001,11.659127999999981,0.0
24,0,-0.9290009999999995,0.7389769999999984,46.02092499999999,0.0
24,1,-0.9282910000000015,0.7396869999999964,46.00388500000004,0.0
24,2,-0.9275399999999969,0.787586000000001,45.916317999999926,0.0
24,3,-0.9269199999999991,0.7882059999999989,45.90019799999998,0.0
24,4,-0.9265350000000012,0.8105009999999986,45.824073000000034,0.0
24,5,-0.9259819999999976,0.8281860000000023,45.74006099999993,0.0
24,6,-0.925379999999997,0.8438400000000001,45.64734299999993,0.0
24,7,-0.9246099999999977,0.865869,45.49668899999995,0.0
24,8,-0.9228360000000002,0.8915519999999972,45.27433200000003,0.0
24,9,-0.9182249999999996,0.9131409999999995,44.990956,0.0
24,10,-0.9062920000000005,0.9412200000000013,44.451853,0.0
24,11,-0.875785999999998,0.9908560000000008,43.22334899999994,0.0
24,12,-0.8048709999999986,1.0774570000000026,40.56877799999994,0.0
24,13,-0.6595069999999978,1.2342039999999983,35.19907799999997,0.0
24,14,-0.40798600000000107,1.5101999999999975,25.57462600000006,0.0
24,15,-0.06315299999999979,1.910896000000001,11.659127999999981,0.0
25,0,-0.9080919999999999,0.7396869999999964,45.519109,0.0
25,1,-0.9070779999999985,0.7407010000000014,45.49375899999996,0.0
25,2,-0.9061760000000021,0.7882059999999989,45.402342000000054,0.0
25,3,-0.905348,0.7890340000000009,45.379986,0.0
25,4,-0.9047489999999989,0.8281860000000023,45.230468999999964,0.0
25,5,-0.9039290000000015,0.8290059999999997,45.20668900000004,0.0
25,6,-0.9028800000000032,0.8448889999999984,45.10104900000009,0.0
25,7,-0.901130000000002,0.8676190000000013,44.92091900000004,0.0
25,8,-0.8967530000000004,0.8959289999999989,44.61332400000002,0.0
25,9,-0.8852129999999967,0.9246810000000032,44.09480799999989,0.0
25,10,-0.8558999999999983,0.9705329999999996,42.94931499999996,0.0
25,11,-0.787109000000001,1.0596469999999982,40.33840000000004,0.0
25,12,-0.6453510000000051,1.2192149999999984,35.039202000000145,0.0
25,13,-0.3985219999999998,1.4810330000000036,25.72666099999995,0.0
25,14,-0.05855499999999836,1.850166999999999,12.428743999999973,0.0
26,0,-0.8805049999999994,0.7407010000000014,44.829433999999985,0.0
26,1,-0.8792150000000021,0.7419909999999987,44.795894000000054,0.0
26,2,-0.8780819999999991,0.7890340000000009,44.698335999999976,0.0
26,3,-0.8770160000000011,0.7900999999999989,44.66848800000003,0.0
26,4,-0.8760660000000016,0.8120499999999993,44.577938000000046,0.0
26,5,-0.8747959999999999,0.8448889999999984,44.398949,0.0
26,6,-0.8727489999999989,0.8469359999999995,44.335491999999974,0.0
26,7,-0.8685249999999982,0.8718430000000019,44.07622599999994,0.0
26,8,-0.8575400000000002,0.9069139999999969,43.54511900000003,0.0
26,9,-0.8293690000000034,0.952852,42.445169000000085,0.0
26,10,-0.7631720000000008,1.0367300000000021,39.969145,0.0
26,11,-0.625554000000001,1.197264999999998,34.78572700000005,0.0
26,12,-0.38458299999999923,1.4810330000000036,25.378185999999936,0.0
26,13,-0.050915000000003374,1.8147009999999995,12.698802000000093,0.0
27,0,-0.8455849999999998,0.7419909999999987,43.921513999999995,0.0
27,1,-0.8438969999999983,0.7436790000000002,43.875937999999955,0.0
27,2,-0.8424550000000011,0.7694189999999992,43.81126400000003,0.0
27,3,-0.8410510000000002,0.7915039999999998,43.729186000000006,0.0
27,4,-0.8395879999999991,0.8135130000000004,43.62365799999998,0.0
27,5,-0.8373430000000006,0.8325209999999998,43.48701100000002,0.0
27,6,-0.8329050000000002,0.8513739999999999,43.272920000000006,0.0
27,7,-0.8224010000000028,0.8823469999999993,42.80347400000008,0.0
27,8,-0.7956509999999994,0.9336640000000003,41.72200499999998,0.0
27,9,-0.7321279999999994,1.016375,39.34519599999999,0.0
27,10,-0.5994700000000002,1.1693880000000014,34.38631299999999,0.0
27,11,-0.3654719999999969,1.4312630000000013,25.449616999999904,0.0
27,12,-0.03968400000000116,1.8147009999999995,12.406796000000035,0.0
28,0,-0.8026060000000008,0.7436790000000002,42.76108100000002,0.0
28,1,-0.8005230000000019,0.7457619999999991,42.70275700000005,0.0
28,2,-0.7986129999999996,0.7713290000000015,42.62370999999999,0.0
28,3,-0.796676999999999,0.7934400000000004,42.52527999999997,0.0
28,4,-0.7942469999999986,0.8159430000000008,42.389730999999955,0.0
28,5,-0.7897379999999998,0.8370299999999986,42.179131,0.0
28,6,-0.7793729999999996,0.861739,41.765365999999986,0.0
28,7,-0.7539409999999975,0.9077790000000014,40.777029999999925,0.0
28,8,-0.6935749999999992,0.9940299999999986,38.483024999999984,0.0
28,9,-0.5663299999999971,1.143620000000002,33.7234449999999,0.0
28,10,-0.3405540000000009,1.3951639999999976,25.13782100000005,0.0
28,11,-0.02417600000000064,1.7476410000000016,12.754467000000002,0.0
29,0,-0.7513070000000006,0.7457619999999991,41.32470900000001,0.0
29,1,-0.7486439999999988,0.7484249999999975,41.24748199999996,0.0
29,2,-0.7461330000000004,0.7738399999999999,41.149248000000014,0.0
29,3,-0.7432149999999993,0.7963580000000015,41.01958999999998,0.0
29,4,-0.7386070000000018,0.8205509999999983,40.813379000000054,0.0
29,5,-0.7285630000000012,0.8470739999999992,40.41601100000004,0.0
29,6,-0.7041709999999988,0.8861310000000024,39.513357999999954,0.0
29,7,-0.6468939999999996,0.9650560000000006,37.37877499999999,0.0
29,8,-0.5258630000000011,1.1150609999999972,32.81884100000005,0.0
29,9,-0.3092100000000002,1.360273000000003,24.57420799999998,0.0
29,10,-0.004023999999997585,1.7476410000000016,12.190210999999916,0.0
30,0,-0.6915469999999999,0.7484249999999975,39.591668999999996,0.0
30,1,-0.6881810000000002,0.7738399999999999,39.46864,0.0
30,2,-0.684628,0.7963580000000015,39.320567,0.0
30,3,-0.6795849999999994,0.801401000000002,39.15919099999998,0.0
30,4,-0.6697810000000004,0.8303549999999973,38.77820900000002,0.0
30,5,-0.6466599999999971,0.8701950000000025,37.9252189999999,0.0
30,6,-0.592416,0.9403749999999995,35.946999000000005,0.0
30,7,-0.47770500000000027,1.0797670000000004,31.669317000000007,0.0
30,8,-0.27141400000000004,1.3213519999999974,23.78949200000002,0.0
30,9,0.021165999999997354,1.7003500000000003,11.932611000000076,0.0
31,0,-0.6235159999999986,0.7517910000000043,37.55073899999996,0.0
31,1,-0.6190779999999982,0.777393,37.39199699999995,0.0
31,2,-0.6134409999999981,0.801401000000002,37.17487099999994,0.0
31,3,-0.6035020000000024,0.8113399999999977,36.84688400000008,0.0
31,4,-0.5815260000000002,0.8523309999999995,36.04265500000001,0.0
31,5,-0.5305120000000016,0.921209000000001,34.185709000000045,0.0
31,6,-0.4223239999999997,1.0485630000000015,30.195110999999983,0.0
31,7,-0.2269330000000025,1.2751579999999976,22.778420000000093,0.0
31,8,0.05139899999999997,1.5996839999999999,11.878446,0.0
32,0,-0.5475180000000002,0.7562289999999976,35.194801000000005,0.0
32,1,-0.5410690000000002,0.7830300000000001,34.96808100000001,0.0
32,2,-0.5308380000000028,0.8113399999999977,34.594300000000096,0.0
32,3,-0.5095220000000005,0.8326560000000001,33.86955600000002,0.0
32,4,-0.4616529999999983,0.9002000000000017,32.13511599999994,0.0
32,5,-0.36028599999999855,1.0225760000000008,28.40186799999995,0.0
32,6,-0.1763280000000016,1.2325209999999984,21.46548700000006,0.0
32,7,0.08674700000000257,1.5382330000000017,11.212814999999907,0.0
33,0,-0.4637190000000011,0.7626780000000011,32.513233000000035,0.0
33,1,-0.4529720000000026,0.7932609999999976,32.13874600000008,0.0
33,2,-0.432188,0.8140450000000001,31.432090000000002,0.0
33,3,-0.3868589999999976,0.9002000000000017,29.741707999999917,0.0
33,4,-0.29229899999999986,1.0225760000000008,26.226283999999993,0.0
33,5,-0.12021299999999968,1.2325209999999984,19.669807,0.0
33,6,0.12676400000000143,1.4794979999999995,10.284680999999956,0.0
34,0,-0.3712309999999981,0.7734249999999996,29.461128999999936,0.0
34,1,-0.35077699999999723,0.8140450000000001,28.745526999999907,0.0
34,2,-0.30794999999999817,0.8779850000000025,27.204355999999933,0.0
34,3,-0.21950800000000115,0.9947599999999994,23.93544500000004,0.0
34,4,-0.05940999999999974,1.194662000000001,17.852602999999988,0.0
34,5,0.17077999999999705,1.4794979999999995,8.832153000000101,0.0
35,0,-0.26687000000000083,0.7938790000000004,25.91285500000003,0.0
35,1,-0.22619100000000003,0.8568719999999992,24.466776000000003,0.0
35,2,-0.14375800000000183,0.9664269999999995,21.444944000000064,0.0
35,3,0.004993999999999943,1.1548580000000008,15.822083,0.0
35,4,0.2181849999999983,1.3680489999999992,7.720825000000062,0.0
36,0,-0.1431520000000006,0.8345580000000012,21.58272500000002,0.0
36,1,-0.06632800000000216,0.9393049999999974,18.78913800000008,0.0
36,2,0.07126400000000288,1.1151790000000013,13.621669999999895,0.0
36,3,0.2680170000000004,1.3680489999999992,5.976704999999988,0.0
37,0,0.011297000000002555,0.9113819999999997,16.022560999999907,0.0
37,1,0.13835200000000114,1.0768970000000024,11.283065999999955,0.0
37,2,0.3189029999999988,1.3119319999999988,4.313160000000046,0.0
38,0,0.20497299999999896,1.0384369999999983,8.85654900000004,0.0
38,1,0.37010000000000076,1.203564,2.581722999999972,0.0
39,0,0.4205690000000004,1.203564,0.663900999999985,0.0
