0,0,-0.9942333333333337,0.15031699999999937,13.960805,0.0
0,1,-0.9942333333333337,0.15031699999999937,13.960805,0.0
0,2,-0.9942495000000005,0.1776370000000007,13.933485,0.0
0,3,-0.9943390000000001,0.20833299999999966,13.872093000000001,0.0
0,4,-0.9944639999999998,0.24230599999999924,13.770174000000003,0.0
0,5,-0.994631,0.2795310000000004,13.621273999999998,0.0
0,6,-0.9948455000000003,0.3197600000000005,13.420128999999998,0.0
0,7,-0.9951210000000001,0.36228499999999997,13.164979,0.0
0,8,-0.9954580000000011,0.4075730000000011,12.847962999999993,0.0
0,9,-0.9958624999999994,0.4546679999999981,12.471203000000017,0.0
0,10,-0.9963410000000001,0.5023860000000013,12.041740999999988,0.0
0,11,-0.9969039999999989,0.5534079999999975,11.531521000000026,0.0
0,12,-0.9975290000000001,0.6002140000000011,11.016654999999986,0.0
0,13,-0.9982354999999998,0.6484030000000018,10.438386999999977,0.0
0,14,-0.999013999999999,0.6957989999999974,9.822239000000035,0.0
0,15,-0.9998605000000005,0.7402210000000018,9.200330999999974,0.0
0,16,-1.0007795000000002,0.781447,8.581941,0.0
0,17,-1.0017425000000006,0.8185520000000004,7.988260999999994,0.0
0,18,-1.0027685000000002,0.8595059999999997,7.292043000000007,0.0
0,19,-1.0038330000000002,0.895226000000001,6.649082999999983,0.0
0,20,-1.0049100000000006,0.936166,5.8712230000000005,0.0
0,21,-1.0060099999999998,0.9818059999999988,4.958423000000025,0.0
0,22,-1.007123,1.0494330000000005,3.53825599999999,0.0
0,23,-1.0082509999999996,1.14546,1.4256620000000026,0.0
0,24,-1.0094335,1.3004929999999995,-2.1400969999999866,0.0
0,25,-1.010733,1.5439059999999998,-7.982008999999994,0.0
0,26,-1.0120829999999987,1.9004149999999989,-16.89473399999997,0.0
0,27,-1.0132314999999998,2.420254,-30.410548,0.0
0,28,-1.0132314999999998,3.1678660000000036,-50.5960720000001,0.0
0,29,-1.012709000000008,4.238825999999996,-80.58295199999988,0.0
0,30,-1.0104179999999872,5.812618999999998,-126.22294899999994,0.0
0,31,-1.0037690000000055,8.189540000000001,-197.53057900000005,0.0
0,32,-0.9680510000000027,11.945397000000007,-313.9621460000002,0.0
0,33,-0.854377999999997,18.80966199999999,-533.6186259999996,0.0
0,34,-0.6566239999999652,35.89978000000001,-1097.5925200000001,0.0
1,0,-0.9942333333333337,0.15031699999999937,13.960805,0.01267233333333273
1,1,-0.9941924999999996,0.15043950000000272,13.960682499999997,0.012502499999998307
1,2,-0.9942495000000005,0.1776370000000007,13.933485,0.012393499999999946
1,3,-0.9943390000000001,0.20833299999999966,13.872093000000001,0.012280000000000513
1,4,-0.9944639999999998,0.24230599999999924,13.770174000000003,0.012157000000001084
1,5,-0.994631,0.2795310000000004,13.621273999999998,0.012026000000000536
1,6,-0.9948455000000003,0.3197600000000005,13.420128999999998,0.011894500000000363
1,7,-0.9951210000000001,0.36228499999999997,13.164979,0.01175700000000024
1,8,-0.9954580000000011,0.4075730000000011,12.847962999999993,0.011612999999998763
1,9,-0.9958624999999994,0.4546679999999981,12.471203000000017,0.011476500000000556
1,10,-0.9963410000000001,0.5023860000000013,12.041740999999988,0.011338999999998656
1,11,-0.9969039999999989,0.5534079999999975,11.531521000000026,0.011208999999999136
1,12,-0.9975290000000001,0.6002140000000011,11.016654999999986,0.011081000000000785
1,13,-0.9982354999999998,0.6484030000000018,10.438386999999977,0.010955499999997897
1,14,-0.999013999999999,0.6957989999999974,9.822239000000035,0.010833999999999122
1,15,-0.9998605000000005,0.7402210000000018,9.200330999999974,0.010717499999998381
1,16,-1.0007795000000002,0.781447,8.581941,0.010603499999998434
1,17,-1.0017425000000006,0.8185520000000004,7.988260999999994,0.010479500000000641
1,18,-1.0027685000000002,0.8595059999999997,7.292043000000007,0.010365500000000694
1,19,-1.0038330000000002,0.895226000000001,6.649082999999983,0.010240999999997058
1,20,-1.0049100000000006,0.936166,5.8712230000000005,0.010111999999997678
1,21,-1.0060099999999998,0.9818059999999988,4.958423000000025,0.009938999999999254
1,22,-1.007123,1.0494330000000005,3.53825599999999,0.009722999999997484
1,23,-1.0082509999999996,1.14546,1.4256620000000026,0.009427999999997994
1,24,-1.0094335,1.3004929999999995,-2.1400969999999866,0.00903549999999953
1,25,-1.010733,1.5439059999999998,-7.982008999999994,0.008540999999999244
1,26,-1.0120829999999987,1.9004149999999989,-16.89473399999997,0.007749999999999702
1,27,-1.0132314999999998,2.420254,-30.410548,0.006418499999998772
1,28,-1.012709000000001,3.1689110000000014,-50.625332000000036,0.003363000000000227
1,29,-1.0001219999999975,4.253703999999999,-81.02470999999997,0.0
1,30,-0.9433289999999985,5.876061,-128.18664900000002,0.0
1,31,-0.9433289999999985,8.225258000000004,-198.6625590000001,0.0
1,32,-0.7753450000000015,12.059069999999991,-317.6787149999997,0.0
1,33,-0.6566239999999652,19.007416000000006,-540.1445080000002,0.0
2,0,-0.9942333333333337,0.15031699999999937,13.960805,0.0001426666666670684
2,1,-0.9941924999999996,0.15043950000000272,13.960682499999997,0.0
2,2,-0.9941924999999996,0.177522999999999,13.933599000000001,0.0
2,3,-0.9942495000000005,0.2081540000000004,13.872451,0.0
2,4,-0.9943390000000001,0.24205599999999983,13.770924,0.0
2,5,-0.9944639999999998,0.2791969999999999,13.62261,0.0
2,6,-0.994631,0.31933100000000003,13.422274,0.0
2,7,-0.9948455000000003,0.3617340000000002,13.168285,0.0
2,8,-0.9951210000000001,0.40689899999999923,12.852681000000006,0.0
2,9,-0.9954580000000011,0.45385900000000134,12.47767499999999,0.0
2,10,-0.9958624999999994,0.5014289999999999,12.050354,0.0
2,11,-0.9963410000000001,0.5522819999999999,11.542781000000002,0.0
2,12,-0.9907639999999986,0.5989639999999987,11.018125000000012,0.0
2,13,-0.9975290000000001,0.6469900000000024,10.45534299999997,0.0
2,14,-0.9982354999999998,0.6942419999999991,9.842480000000013,0.0
2,15,-0.999013999999999,0.7385279999999987,9.224033000000016,0.0
2,16,-0.9918170000000011,0.7796090000000007,8.593423999999992,0.0
2,17,-0.992252999999998,0.8166259999999994,8.002024000000006,0.0
2,18,-0.9927610000000016,0.8574540000000006,7.3089639999999925,0.0
2,19,-1.0027685000000002,0.8930970000000009,6.687404999999984,0.0
2,20,-0.9937180000000012,0.9340119999999992,5.891919000000019,0.0
2,21,-1.0049100000000006,0.9796060000000004,5.002422999999993,0.0
2,22,-1.0060099999999998,1.0472070000000002,3.585001999999996,0.0
2,23,-1.007123,1.1432040000000008,1.475293999999984,0.0
2,24,-1.0082509999999996,1.2981279999999984,-2.085701999999962,0.0
2,25,-1.0094335000000019,1.5413069999999998,-7.919632999999994,0.0
2,26,-0.992172,1.8977150000000016,-16.86435600000004,0.0
2,27,-1.012082999999997,2.4179569999999977,-30.35082599999994,0.0
2,28,-0.9624710000000007,3.1894530000000003,-51.30098400000001,0.0
2,29,-0.9624710000000007,4.253703999999999,-81.10001199999998,0.0
2,30,-0.9433289999999985,5.876061,-128.186649,0.0
2,31,-0.7753450000000015,8.393242,-204.03804700000003,0.0
2,32,-0.42100499999999386,12.413409999999999,-329.371935,0.0
3,0,-0.9942333333333337,0.15031699999999937,13.960805,0.0
3,1,-0.9939360000000015,0.15069599999999994,13.959913000000004,0.0
3,2,-0.993485999999999,0.1779730000000015,13.931285999999995,0.0
3,3,-0.993030000000001,0.2086099999999984,13.868644000000007,0.0
3,4,-0.9925909999999991,0.24249500000000168,13.765671999999991,0.0
3,5,-0.9921670000000002,0.2796209999999988,13.615896000000006,0.0
3,6,-0.9917700000000007,0.31972799999999957,13.414170000000004,0.0
3,7,-0.9914199999999997,0.3620840000000012,13.158983999999991,0.0
3,8,-0.9911309999999993,0.40718799999999966,12.842389,0.0
3,9,-0.9908999999999999,0.45409000000000077,12.466479999999994,0.0
3,10,-0.9907620000000001,0.5015669999999997,12.038773000000004,0.0
3,11,-0.9907219999999999,0.5523220000000002,11.531102999999998,0.0
3,12,-0.9907639999999986,0.5989639999999987,11.018125000000012,0.0
3,13,-0.990889000000001,0.6469900000000024,10.442062999999973,0.0
3,14,-0.9911130000000021,0.6942419999999991,9.828235000000017,0.0
3,15,-0.9911130000000021,0.7382220000000004,9.212515,0.0
3,16,-0.9914190000000005,0.7792110000000001,8.598597999999999,0.0
3,17,-0.9918170000000011,0.8161900000000024,8.008127999999964,0.0
3,18,-0.9578380000000024,0.8569459999999971,7.213339000000058,0.0
3,19,-0.9927610000000016,0.8925809999999998,6.676678000000006,0.0
3,20,-0.9937180000000012,0.9340119999999992,5.891919000000019,0.0
3,21,-0.9572749999999992,0.9792810000000003,4.877209999999991,0.0
3,22,-0.9566599999999994,1.047117,3.450808999999996,0.0
3,23,-0.9939410000000031,1.1433959999999992,1.4445140000000265,0.0
3,24,-0.9933419999999984,1.298727000000003,-2.129896000000077,0.0
3,25,-0.992172,1.542476999999998,-7.9834059999999525,0.0
3,26,-0.9896470000000015,1.9002400000000002,-16.935056,0.0
3,27,-0.936872000000001,2.4245909999999995,-30.72650699999999,0.0
3,28,-0.9624710000000007,3.1894530000000003,-51.30098400000001,0.0
3,29,-0.897590000000001,4.318584999999999,-83.11132299999997,0.0
3,30,-0.6606519999999989,6.058081999999999,-134.26754999999997,0.0
3,31,-0.33301200000000364,8.775799,-216.78197999999995,0.0
4,0,-0.9719850000000001,0.15069599999999994,13.89406,0.0
4,1,-0.970934999999999,0.15174600000000105,13.889859999999995,0.0
4,2,-0.9698380000000011,0.1790699999999994,13.858148000000005,0.0
4,3,-0.9686979999999998,0.20974999999999966,13.792228,0.0
4,4,-0.9675250000000002,0.24366800000000133,13.685781999999996,0.0
4,5,-0.9663450000000005,0.2808009999999985,13.532530000000008,0.0
4,6,-0.9651669999999992,0.3209060000000008,13.327292999999992,0.0
4,7,-0.9640450000000005,0.3632059999999999,13.069005000000002,0.0
4,8,-0.9629650000000005,0.40826799999999963,12.749251000000005,0.0
4,9,-0.9619490000000006,0.4551060000000007,12.370482999999997,0.0
4,10,-0.9610350000000007,0.5024809999999995,11.940452000000008,0.0
4,11,-0.9602720000000016,0.5530849999999994,11.431360000000012,0.0
4,12,-0.9595890000000011,0.5996050000000004,10.916908,0.0
4,13,-0.9590240000000012,0.64743,10.340748000000005,0.0
4,14,-0.9585799999999995,0.6944619999999997,9.727556000000002,0.0
4,15,-0.958244999999998,0.7385570000000019,9.108885999999965,0.0
4,16,-0.958041999999999,0.7794139999999992,8.49521900000001,0.0
4,17,-0.9578380000000024,0.816393999999999,7.902723000000027,0.0
4,18,-0.90747,0.8570449999999994,7.0101840000000095,0.0
4,19,-0.9065559999999984,0.8927190000000031,6.364395999999935,0.0
4,20,-0.9055330000000019,0.9338969999999982,5.577922000000044,0.0
4,21,-0.9566599999999994,0.9798960000000001,4.8624499999999955,0.0
4,22,-0.9555030000000002,1.0482739999999993,3.4218840000000164,0.0
4,23,-0.9536449999999981,1.1452540000000013,1.2808919999999624,0.0
4,24,-0.950719000000003,1.3016529999999982,-2.3279889999999455,0.0
4,25,-0.9460659999999983,1.5471300000000028,-8.238049000000075,0.0
4,26,-0.936872000000001,1.9094339999999974,-17.33242499999993,0.0
4,27,-0.9137929999999983,2.4476700000000022,-31.418877000000066,0.0
4,28,-0.8459549999999965,3.257291000000002,-53.54999600000007,0.0
4,29,-0.6606519999999989,4.503887999999996,-89.19592399999989,0.0
4,30,-0.2762069999999994,6.442526999999998,-146.95423499999995,0.0
5,0,-0.9386129999999984,0.15174600000000105,13.760571999999993,0.0
5,1,-0.9366769999999995,0.15368199999999987,13.750891999999999,0.0
5,2,-0.9346319999999988,0.18111500000000014,13.713233999999995,0.0
5,3,-0.932485999999999,0.21189599999999942,13.640941999999997,0.0
5,4,-0.9302679999999999,0.2458860000000005,13.527881999999998,0.0
5,5,-0.9279969999999995,0.2830719999999989,13.367783000000003,0.0
5,6,-0.9256969999999995,0.32320600000000077,13.155612999999994,0.0
5,7,-0.8738520000000012,0.3654529999999987,12.642906000000014,0.0
5,8,-0.921244999999999,0.4104730000000014,12.564730999999984,0.0
5,9,-0.9191090000000006,0.45724199999999904,12.179899000000011,0.0
5,10,-0.9170979999999993,0.5044920000000008,11.744593999999989,0.0
5,11,-0.9153029999999998,0.5548799999999989,11.23173900000001,0.0
5,12,-0.9136220000000002,0.601286,10.712868,0.0
5,13,-0.9120919999999995,0.6489600000000006,10.133129999999989,0.0
5,14,-0.9107329999999987,0.6958210000000005,9.517141999999987,0.0
5,15,-0.9095200000000006,0.73977,8.895791000000003,0.0
5,16,-0.908491999999999,0.7804420000000007,8.280570999999984,0.0
5,17,-0.90747,0.8174159999999979,7.6838770000000345,0.0
5,18,-0.8415839999999974,0.857959000000001,6.665215999999969,0.0
5,19,-0.9055330000000019,0.8937419999999996,6.340867000000017,0.0
5,20,-0.8375360000000001,0.9352669999999996,5.211907000000007,0.0
5,21,-0.9022140000000007,0.9818449999999999,4.603737000000006,0.0
5,22,-0.8311740000000007,1.0512070000000016,2.7919349999999703,0.0
5,23,-0.8949590000000001,1.1495759999999997,0.9467420000000075,0.0
5,24,-0.8883209999999977,1.3082910000000005,-2.7368930000000233,0.0
5,25,-0.8770310000000023,1.5584199999999981,-8.796438999999943,0.0
5,26,-0.8519329999999989,1.9345320000000008,-18.324729000000026,0.0
5,27,-0.7841110000000029,2.5154919999999983,-33.768798999999944,0.0
5,28,-0.6017530000000022,3.439649000000003,-59.63282800000007,0.0
5,29,-0.17218000000000444,4.881481000000001,-102.15198900000001,0.0
6,0,-0.8949540000000002,0.15368199999999987,13.542277000000002,0.0
6,1,-0.8918140000000001,0.15682200000000002,13.523437000000001,0.0
6,2,-0.8884900000000009,0.18443899999999935,13.475876000000007,0.0
6,3,-0.8849990000000005,0.21538699999999977,13.393034000000004,0.0
6,4,-0.8813710000000015,0.24951399999999957,13.26888500000001,0.0
6,5,-0.8776419999999998,0.2868010000000005,13.097362999999996,0.0
6,6,-0.8738520000000012,0.3269959999999994,12.87364800000001,0.0
6,7,-0.8701109999999996,0.36919400000000024,12.598013999999996,0.0
6,8,-0.8664250000000013,0.4141589999999997,12.26114300000001,0.0
6,9,-0.8628239999999998,0.46084300000000056,11.866064999999994,0.0
6,10,-0.859395000000001,0.5079209999999996,11.42178900000001,0.0
6,11,-0.8562619999999992,0.5580130000000008,10.902070999999987,0.0
6,12,-0.8532829999999993,0.6042649999999998,10.375424999999998,0.0
6,13,-0.8505299999999991,0.6517130000000009,9.789530999999984,0.0
6,14,-0.8479989999999997,0.6983519999999999,9.168038000000001,0.0
6,15,-0.8457129999999999,0.7420559999999998,8.542466000000003,0.0
6,16,-0.8436550000000018,0.7824999999999989,7.9234580000000285,0.0
6,17,-0.8415839999999974,0.8194870000000023,7.319239999999947,0.0
6,18,-0.8396560000000015,0.859886999999997,6.6208720000000625,0.0
6,19,-0.8375360000000001,0.895862000000001,5.96060199999998,0.0
6,20,-0.8348219999999991,0.9379810000000006,5.144056999999982,0.0
6,21,-0.8311740000000007,0.9854929999999982,4.171929000000041,0.0
6,22,-0.8258250000000018,1.0565560000000005,2.647511999999999,0.0
6,23,-0.817890000000002,1.1575109999999995,0.37889200000002177,0.0
6,24,-0.804863000000001,1.3213180000000015,-3.466831000000031,0.0
6,25,-0.7786070000000009,1.5846759999999982,-9.944958999999955,0.0
6,26,-0.7115940000000016,2.001545,-20.768761999999995,0.0
6,27,-0.46307099999999934,2.6910180000000032,-40.18619800000009,0.0
6,28,-0.11749700000000018,3.803536999999995,-72.29765499999986,0.0
7,0,-0.8420220000000009,0.15682200000000002,13.224685000000006,0.0
7,1,-0.8373660000000003,0.16147800000000068,13.192093000000002,0.0
7,2,-0.8324280000000002,0.18937699999999946,13.129628000000002,0.0
7,3,-0.8272369999999993,0.2205780000000006,13.030888999999995,0.0
7,4,-0.821847,0.2549039999999989,12.890181000000004,0.0
7,5,-0.8163079999999994,0.29234000000000115,12.70166399999999,0.0
7,6,-0.8106719999999985,0.33263200000000026,12.460751999999989,0.0
7,7,-0.8050800000000002,0.3747859999999985,12.168684000000011,0.0
7,8,-0.7995609999999989,0.4196780000000011,11.815806999999984,0.0
7,9,-0.7941570000000002,0.4662469999999992,11.405427000000008,0.0
7,10,-0.7889850000000003,0.5130929999999996,10.947609000000005,0.0
7,11,-0.7842040000000008,0.5627940000000002,10.417132000000002,0.0
7,12,-0.7796730000000007,0.6087959999999999,9.879393000000006,0.0
7,13,-0.7754420000000017,0.6559439999999999,9.284000000000013,0.0
7,14,-0.771528,0.7022660000000016,8.654415999999978,0.0
7,15,-0.7679530000000003,0.7456309999999995,8.02228100000001,0.0
7,16,-0.7646909999999991,0.7857620000000001,7.397481999999993,0.0
7,17,-0.7614290000000015,0.822749,6.782856000000011,0.0
7,18,-0.7582989999999974,0.863017000000001,6.076389999999964,0.0
7,19,-0.7548710000000014,0.899289999999997,5.3994800000000645,0.0
7,20,-0.7505400000000009,0.9423120000000011,4.551744999999983,0.0
7,21,-0.7447229999999969,0.9913100000000021,3.531065999999935,0.0
7,22,-0.7360860000000002,1.0651929999999972,1.9190640000000627,0.0
7,23,-0.7223219999999984,1.1712750000000014,-0.5110880000000435,0.0
7,24,-0.6955659999999995,1.3480740000000004,-4.764757000000014,0.0
7,25,-0.630592,1.6496499999999976,-12.457398999999938,0.0
7,26,-0.46307099999999934,2.169066000000001,-26.615446000000027,0.0
7,27,-0.058813999999998146,3.0365920000000024,-52.000921000000076,0.0
8,0,-0.780316,0.16147800000000068,12.792743,0.0
8,1,-0.7738270000000007,0.1679669999999991,12.740831000000005,0.0
8,2,-0.7669449999999998,0.1962590000000004,12.657482999999997,0.0
8,3,-0.7597230000000001,0.22780000000000022,12.536625,0.0
8,4,-0.7522329999999995,0.26239399999999957,12.372922999999997,0.0
8,5,-0.7445350000000008,0.3000379999999998,12.160763000000006,0.0
8,6,-0.7366990000000015,0.34046799999999955,11.895925000000014,0.0
8,7,-0.7289349999999999,0.38255000000000017,11.581320999999997,0.0
8,8,-0.7212689999999995,0.4273440000000015,11.206434999999985,0.0
8,9,-0.7137719999999987,0.47374399999999994,10.775258999999991,0.0
8,10,-0.7065609999999989,0.5203039999999994,10.298530999999997,0.0
8,11,-0.6998789999999993,0.5694759999999999,9.753354999999996,0.0
8,12,-0.6935529999999996,0.6151219999999995,9.200641000000003,0.0
8,13,-0.6876319999999989,0.6618650000000006,8.592356999999984,0.0
8,14,-0.6821260000000002,0.7077720000000003,7.951517999999998,0.0
8,15,-0.6771069999999995,0.7506500000000003,7.3110739999999925,0.0
8,16,-0.6724709999999998,0.7903979999999997,6.677766000000004,0.0
8,17,-0.6678730000000002,0.8273469999999996,6.049798000000008,0.0
8,18,-0.6633950000000013,0.8674949999999999,5.331458000000012,0.0
8,19,-0.6584569999999985,0.9042279999999998,4.6307599999999915,0.0
8,20,-0.6521469999999994,0.9486220000000003,3.736793999999989,0.0
8,21,-0.643492000000002,0.9999649999999995,2.6406940000000247,0.0
8,22,-0.6297219999999975,1.0789630000000017,0.8715759999999442,0.0
8,23,-0.603663000000001,1.197333999999998,-1.9410579999999449,0.0
8,24,-0.5416869999999996,1.4100500000000018,-7.3293340000000455,0.0
8,25,-0.38400299999999987,1.8073339999999973,-18.125621999999936,0.0
8,26,-0.058813999999998146,2.4942550000000026,-37.90015900000008,0.0
9,0,-0.710019,0.1679669999999991,12.230367,0.0
9,1,-0.7014149999999999,0.1962590000000004,12.133242999999998,0.0
9,2,-0.6922899999999998,0.20538400000000046,12.041992999999998,0.0
9,3,-0.6827300000000003,0.2373599999999998,11.892001000000004,0.0
9,4,-0.6728350000000001,0.3000379999999998,11.587163,0.0
9,5,-0.6626779999999997,0.3101950000000002,11.455121999999996,0.0
9,6,-0.6523619999999992,0.350784,11.159332999999993,0.0
9,7,-0.6421199999999994,0.39279200000000003,10.815106999999994,0.0
9,8,-0.6320320000000006,0.43743200000000027,10.411835000000004,0.0
9,9,-0.6221750000000004,0.48360100000000017,9.953770000000002,0.0
9,10,-0.6126850000000008,0.529793999999999,9.452623000000017,0.0
9,11,-0.6038639999999997,0.578297000000001,8.888203999999988,0.0
9,12,-0.5955529999999989,0.6234330000000003,8.316908999999987,0.0
9,13,-0.5877540000000003,0.6696639999999991,7.691946000000014,0.0
9,14,-0.5804970000000012,0.7150289999999995,7.036888000000017,0.0
9,15,-0.5738950000000003,0.7572520000000011,6.386347999999986,0.0
9,16,-0.5677680000000009,0.796524999999999,5.742110000000023,0.0
9,17,-0.5616810000000001,0.8334340000000005,5.096782999999993,0.0
9,18,-0.5556859999999997,0.8734900000000003,4.361875999999992,0.0
9,19,-0.548983999999999,0.9109300000000005,3.6276379999999833,0.0
9,20,-0.5402200000000015,0.9573859999999978,2.666098000000055,0.0
9,21,-0.5272140000000007,1.0129710000000003,1.4373439999999995,0.0
9,22,-0.5026950000000028,1.1034819999999996,-0.6840579999999683,0.0
9,23,-0.4450049999999983,1.2550240000000024,-4.5371920000000685,0.0
9,24,-0.298567000000002,1.556487999999998,-12.788805999999937,0.0
9,25,0.0036550000000019622,2.1095560000000013,-28.782436000000047,0.0
10,0,-0.6316499999999996,0.17657099999999915,11.525045999999996,0.0
10,1,-0.6206699999999996,0.18755099999999914,11.415245999999996,0.0
10,2,-0.6090410000000004,0.21701299999999968,11.269494000000005,0.0
10,3,-0.5968869999999997,0.2722889999999998,11.014626999999997,0.0
10,4,-0.5843389999999999,0.28483699999999956,10.851503000000001,0.0
10,5,-0.5714880000000004,0.3230459999999997,10.570157000000005,0.0
10,6,-0.5584439999999997,0.3638280000000007,10.235806999999994,0.0
10,7,-0.5455030000000001,0.4057329999999997,9.854967000000002,0.0
10,8,-0.5327890000000002,0.45014600000000016,9.416936,0.0
10,9,-0.5203870000000013,0.4960029999999991,8.926060000000021,0.0
10,10,-0.508445,0.5417360000000002,8.395042999999998,0.0
10,11,-0.49731400000000114,0.5894279999999998,7.806813000000012,0.0
10,12,-0.48687000000000147,0.633877,7.213434000000014,0.0
10,13,-0.47706600000000066,0.679468,6.568302000000006,0.0
10,14,-0.4679359999999999,0.7241590000000002,5.8960189999999955,0.0
10,15,-0.34657499999999963,0.7655220000000007,4.103326999999986,0.0
10,16,-0.4519190000000002,0.8042719999999992,4.575517000000014,0.0
10,17,-0.4442719999999998,0.8410810000000009,3.9101029999999835,0.0
10,18,-0.4365660000000009,0.8811959999999992,3.1510880000000228,0.0
10,19,-0.427721,0.9197750000000013,2.3682159999999755,0.0
10,20,-0.4152249999999995,0.9698819999999984,1.291223000000027,0.0
10,21,-0.39299399999999807,1.0352020000000017,-0.23748700000005485,0.0
10,22,-0.3405099999999983,1.1559659999999994,-3.298371000000003,0.0
10,23,-0.20674400000000048,1.3887900000000002,-9.758159,0.0
10,24,0.07038999999999973,1.8336219999999983,-22.760634999999958,0.0
11,0,-0.5462850000000001,0.18755099999999914,10.671396000000001,0.0
11,1,-0.5327270000000004,0.21701299999999968,10.506354000000005,0.0
11,2,-0.5183919999999995,0.23134800000000055,10.334333999999995,0.0
11,3,-0.5034590000000003,0.26444699999999965,10.103873000000004,0.0
11,4,-0.4880849999999999,0.300211,9.827466999999999,0.0
11,5,-0.4723689999999996,0.338762,9.500386999999996,0.0
11,6,-0.4564630000000003,0.379734,9.120561000000002,0.0
11,7,-0.44069999999999965,0.4214960000000003,8.696595999999994,0.0
11,8,-0.4252260000000003,0.4656199999999995,8.217514000000008,0.0
11,9,-0.41016999999999904,0.5110590000000004,7.688385999999986,0.0
11,10,-0.3956799999999987,0.5562260000000006,7.122492999999981,0.0
11,11,-0.3821509999999986,0.602957,6.506363999999985,0.0
11,12,-0.3694969999999991,0.6465309999999995,5.887855999999996,0.0
11,13,-0.3576339999999991,0.6913309999999999,5.2197629999999915,0.0
11,14,-0.34657499999999963,0.7352179999999997,4.527583,0.0
11,15,-0.3365779999999994,0.775519000000001,3.8534019999999796,0.0
11,16,-0.3271609999999985,0.8136890000000001,3.1772649999999825,0.0
11,17,-0.3178219999999996,0.8504199999999997,2.486840000000001,0.0
11,18,-0.3081219999999991,0.8908959999999997,1.6920479999999962,0.0
11,19,-0.29612499999999997,0.9317720000000005,0.824312999999993,0.0
11,20,-0.2756900000000009,0.9903169999999974,-0.5128269999999411,0.0
11,21,-0.22907800000000123,1.0818140000000014,-2.855499000000016,0.0
11,22,-0.10896100000000075,1.2760829999999999,-8.256434999999989,0.0
11,23,0.14146299999999812,1.639213999999999,-18.999980999999963,0.0
12,0,-0.45560199999999984,0.20110900000000065,9.673882999999998,0.0
12,1,-0.4393269999999996,0.23134800000000055,9.464618999999995,0.0
12,2,-0.42216699999999996,0.24850800000000017,9.241539,0.0
12,3,-0.4043510000000001,0.2822629999999995,8.960237000000003,0.0
12,4,-0.38606300000000005,0.338762,8.551021,0.0
12,5,-0.36742200000000036,0.379734,8.141110000000005,0.0
12,6,-0.3485990000000001,0.39855700000000027,7.8211189999999995,0.0
12,7,-0.32996800000000004,0.4401270000000004,7.348126999999998,0.0
12,8,-0.3117169999999998,0.4838709999999997,6.822907,0.0
12,9,-0.29400899999999996,0.5287670000000002,6.251242999999998,0.0
12,10,-0.2769850000000016,0.5732499999999989,5.646608000000029,0.0
12,11,-0.2610770000000002,0.6188650000000013,4.9995619999999885,0.0
12,12,-0.24621899999999997,0.6613889999999998,4.353502000000002,0.0
12,13,-0.23231000000000002,0.7052399999999999,3.660382000000002,0.0
12,14,-0.21935000000000038,0.7481779999999993,2.946668000000013,0.0
12,15,-0.2076450000000012,0.7872240000000001,2.2595640000000117,0.0
12,16,-0.19651800000000108,0.8248160000000002,1.5621600000000093,0.0
12,17,-0.18533200000000072,0.8616060000000001,0.8392880000000069,0.0
12,18,-0.17282699999999984,0.9034010000000006,-0.021287000000011602,0.0
12,19,-0.15407100000000007,0.9505280000000003,-1.0946450000000052,0.0
12,20,-0.11252599999999902,1.0318619999999985,-3.1385309999999826,0.0
12,21,-0.00650800000000018,1.1878320000000002,-7.530147000000003,0.0
12,22,0.21619100000000202,1.498782000000002,-16.732485000000068,0.0
13,0,-0.3616710000000003,0.2173840000000009,8.546711000000004,0.0
13,1,-0.34262300000000057,0.24850800000000017,8.287011000000007,0.0
13,2,-0.3225990000000003,0.26853200000000044,8.006675000000003,0.0
13,3,-0.30188400000000026,0.3029779999999995,7.668488000000004,0.0
13,4,-0.2807019999999998,0.33968100000000057,7.283012999999995,0.0
13,5,-0.25916999999999923,0.37893500000000024,6.846080999999989,0.0
13,6,-0.23750300000000024,0.4401270000000004,6.2385470000000005,0.0
13,7,-0.21609000000000034,0.4615400000000003,5.831700000000002,0.0
13,8,-0.19514799999999966,0.5048130000000004,5.256542999999993,0.0
13,9,-0.17489100000000057,0.5490239999999993,4.6395140000000135,0.0
13,10,-0.15544599999999953,0.592695,3.9936899999999937,0.0
13,11,-0.1372630000000008,0.6370480000000001,3.3137810000000094,0.0
13,12,-0.12030200000000058,0.67835,2.638966000000007,0.0
13,13,0.0049200000000002575,0.7210929999999998,0.49816399999999916,0.0
13,14,-0.089677,0.76295,1.1837839999999993,0.0
13,15,-0.07633500000000026,0.8005659999999999,0.4837140000000044,0.0
13,16,-0.06342500000000051,0.837726,-0.24151599999999362,0.0
13,17,-0.0497639999999997,0.8752670000000009,-1.0197650000000191,0.0
13,18,0.08765299999999954,0.9217379999999995,-3.5961929999999853,0.0
13,19,0.005433999999999273,0.9873890000000003,-3.709063999999996,0.0
13,20,0.09866600000000147,1.1250940000000007,-7.537475000000033,0.0
13,21,0.2934480000000015,1.3826140000000002,-15.220041000000023,0.0
14,0,-0.26665199999999967,0.23643199999999975,7.3114639999999955,0.0
14,1,-0.24484799999999973,0.25823599999999924,7.006207999999996,0.0
14,2,-0.2220089999999999,0.29137100000000027,6.653326999999998,0.0
14,3,-0.19848299999999952,0.3265039999999999,6.253696999999994,0.0
14,4,-0.17451600000000056,0.37893500000000024,5.745579000000006,0.0
14,5,-0.15023600000000048,0.42022399999999926,5.22349400000001,0.0
14,6,-0.12587999999999955,0.4445800000000002,4.760729999999993,0.0
14,7,-0.101877,0.48554299999999984,4.178910000000001,0.0
14,8,-0.07844500000000032,0.5282450000000001,3.551948000000004,0.0
14,9,-0.05584899999999937,0.5716200000000002,2.8886039999999893,0.0
14,10,-0.03420599999999929,0.614338,2.20113999999999,0.0
14,11,-0.013949000000000211,0.6573049999999991,1.4878720000000119,0.0
14,12,0.0049200000000002575,0.6972190000000005,0.7846519999999906,0.0
14,13,0.022522000000000375,0.7386949999999999,0.04051199999999611,0.0
14,14,0.03894700000000029,0.7793749999999999,-0.7182780000000033,0.0
14,15,0.05389900000000125,0.8155180000000009,-1.4336080000000297,0.0
14,16,0.06901700000000055,0.8528439999999993,-2.205149999999996,0.0
14,17,0.08765299999999954,0.8939029999999999,-3.122997999999992,0.0
14,18,0.12156300000000009,0.955648,-4.647403000000002,0.0
14,19,0.20292599999999972,1.068752,-7.822356999999995,0.0
14,20,0.3716709999999992,1.2938390000000002,-14.461439999999993,0.0
15,0,-0.17253600000000002,0.25823600000000013,5.9938400000000005,0.0
15,1,-0.14807199999999998,0.29137100000000027,5.618208999999999,0.0
15,2,-0.12255700000000047,0.3168859999999998,5.209969000000007,0.0
15,3,-0.09639199999999981,0.35266900000000057,4.745927999999996,0.0
15,4,-0.0698489999999996,0.39019099999999973,4.235216999999995,0.0
15,5,-0.04305599999999998,0.4445800000000002,3.6011939999999987,0.0
15,6,-0.016282000000000352,0.48554299999999984,2.980580000000006,0.0
15,7,0.010032999999999959,0.5118580000000001,2.4279649999999995,0.0
15,8,0.035668000000000255,0.5538800000000004,1.7492859999999935,0.0
15,9,0.06031699999999951,0.5962689999999995,1.0404390000000117,0.0
15,10,0.08386699999999969,0.6378880000000002,0.3126180000000023,0.0
15,11,0.10590300000000141,0.6793410000000009,-0.4324520000000298,0.0
15,12,0.12641999999999953,0.7177359999999986,-1.1625519999999767,0.0
15,13,0.14553500000000064,0.757810000000001,-1.930165000000022,0.0
15,14,0.16343900000000033,0.7972789999999996,-2.7118219999999997,0.0
15,15,0.18026699999999884,0.8323459999999994,-3.4551799999999737,0.0
15,16,0.19966400000000029,0.8722410000000007,-4.3445600000000155,0.0
15,17,0.23154900000000112,0.9257880000000007,-5.679587000000028,0.0
15,18,0.39692499999999953,1.0276609999999984,-9.892067999999965,0.0
15,19,0.5207460000000008,1.2132060000000013,-15.089193000000039,0.0
16,0,-0.08100500000000022,0.2827000000000002,4.620875000000003,0.0
16,1,-0.05405199999999999,0.3168859999999998,4.182394,0.0
16,2,-0.026069999999999816,0.34486799999999995,3.706699999999997,0.0
16,3,0.002485999999999322,0.3812249999999997,3.1770900000000113,0.0
16,4,0.031327000000000105,0.4190320000000005,2.6022129999999963,0.0
16,5,0.06032200000000021,0.45900300000000005,1.9784089999999965,0.0
16,6,0.08918099999999995,0.5118580000000001,1.2407449999999995,0.0
16,7,0.11745200000000011,0.5401290000000003,0.6187829999999961,0.0
16,8,0.14491999999999994,0.5813480000000002,-0.10923800000000039,0.0
16,9,0.17124700000000015,0.6225959999999997,-0.8604539999999998,0.0
16,10,0.1963329999999992,0.6629739999999993,-1.625231999999981,0.0
16,11,0.2197869999999984,0.7027950000000001,-2.398705999999976,0.0
16,12,0.2416520000000002,0.7396010000000004,-3.1534120000000083,0.0
16,13,0.2620539999999991,0.7782119999999999,-3.943175999999985,0.0
16,14,0.28156599999999976,0.8167910000000003,-4.756895,0.0
16,15,0.301971,0.8527509999999996,-5.586814999999994,0.0
16,16,0.33268200000000014,0.9029520000000009,-6.831206000000016,0.0
16,17,0.39692499999999953,0.9900310000000001,-9.252357999999994,0.0
16,18,0.5207460000000008,1.1514819999999997,-13.978161000000007,0.0
17,0,0.0066830000000002165,0.30965299999999996,3.2178669999999965,0.0
17,1,0.03590300000000024,0.338873,2.721126999999996,0.0
17,2,0.06607300000000027,0.3812249999999997,2.159697999999996,0.0
17,3,0.09671700000000083,0.4190320000000005,1.5559729999999847,0.0
17,4,0.1275189999999995,0.45900300000000005,0.903257000000008,0.0
17,5,0.15834800000000016,0.4898320000000007,0.2558479999999941,0.0
17,6,0.188898,0.5307629999999994,-0.46815699999999705,0.0
17,7,0.21872399999999992,0.5699550000000002,-1.2103510000000002,0.0
17,8,0.24762599999999946,0.6102499999999997,-1.983749999999989,0.0
17,9,0.2752290000000004,0.6501990000000006,-2.772593000000012,0.0
17,10,0.3014530000000004,0.6891979999999993,-3.5693920000000006,0.0
17,11,0.32596200000000053,0.7273040000000002,-4.367105000000011,0.0
17,12,0.34884800000000027,0.7624870000000001,-5.143180000000006,0.0
17,13,0.37054600000000093,0.7999100000000006,-5.961122000000023,0.0
17,14,0.39306099999999944,0.8393059999999988,-6.856024999999974,0.0
17,15,0.42304600000000114,0.8827360000000013,-7.973790000000038,0.0
17,16,0.48121599999999987,0.9611219999999996,-10.138469999999991,0.0
17,17,0.5872329999999994,1.0960479999999997,-14.099574999999986,0.0
18,0,0.08970900000000004,0.338873,1.8064249999999995,0.0
18,1,0.12091199999999969,0.3700759999999996,1.2447710000000058,0.0
18,2,0.15296099999999946,0.40708699999999975,0.6308780000000098,0.0
18,3,0.18533999999999917,0.4498339999999992,-0.043023999999983076,0.0
18,4,0.21772300000000033,0.48221700000000034,-0.7230670000000075,0.0
18,5,0.2499829999999994,0.5220919999999998,-1.4632469999999884,0.0
18,6,0.2818120000000004,0.5699550000000002,-2.2828470000000083,0.0
18,7,0.31275799999999965,0.6009009999999995,-3.0255509999999903,0.0
18,8,0.34265600000000074,0.6401480000000008,-3.8384440000000195,0.0
18,9,0.37110299999999974,0.6786459999999996,-4.658473999999992,0.0
18,10,0.39804800000000107,0.7161430000000006,-5.480957000000025,0.0
18,11,0.42326399999999964,0.7525199999999987,-6.29861499999998,0.0
18,12,0.4471229999999995,0.786346,-7.100162999999991,0.0
18,13,0.4712739999999993,0.8240610000000004,-7.987460999999993,0.0
18,14,0.501932,0.8699639999999995,-9.136043999999995,0.0
18,15,0.5552049999999991,0.9360090000000003,-11.019587999999988,0.0
18,16,0.6465420000000002,1.0524590000000007,-14.410404000000014,0.0
19,0,0.16764699999999966,0.3700759999999996,0.40354100000000637,0.0
19,1,0.20052899999999996,0.4029579999999999,-0.22121699999999933,0.0
19,2,0.23409500000000083,0.4406530000000006,-0.8966660000000166,0.0
19,3,0.26784100000000066,0.48221700000000034,-1.6251910000000134,0.0
19,4,0.3014140000000003,0.51579,-2.3637970000000053,0.0
19,5,0.334689,0.5625920000000004,-3.1904550000000027,0.0
19,6,0.3673700000000002,0.6009009999999995,-4.008567,0.0
19,7,0.3990040000000006,0.6325349999999998,-4.79941700000001,0.0
19,8,0.4294669999999998,0.6706110000000001,-5.644745999999998,0.0
19,9,0.4583479999999991,0.7075269999999989,-6.488812999999974,0.0
19,10,0.4856599999999993,0.7434550000000009,-7.331092999999996,0.0
19,11,0.5114730000000005,0.7783329999999999,-8.17032000000001,0.0
19,12,0.5372690000000002,0.8121419999999997,-9.032343000000001,0.0
19,13,0.5683480000000003,0.8551400000000005,-10.138820000000011,0.0
19,14,0.6188210000000005,0.9204369999999997,-11.946668000000006,0.0
19,15,0.697947000000001,1.0524590000000007,-15.335694000000029,0.0
20,0,0.24038800000000027,0.4029579999999999,-0.9785380000000052,0.0
20,1,0.2746160000000004,0.4371860000000001,-1.6630980000000082,0.0
20,2,0.3093369999999993,0.4753739999999995,-2.3957059999999855,0.0
20,3,0.3440690000000002,0.51579,-3.174242000000003,0.0
20,4,0.37842399999999987,0.5501449999999997,-3.964406999999996,0.0
20,5,0.41230300000000053,0.5892460000000002,-4.798391000000011,0.0
20,6,0.4454209999999996,0.6325349999999998,-5.681339999999992,0.0
20,7,0.47731799999999946,0.6706110000000001,-6.55391499999999,0.0
20,8,0.5079440000000002,0.7012370000000008,-7.380817000000009,0.0
20,9,0.5368950000000012,0.736478,-8.241765000000024,0.0
20,10,0.5644550000000006,0.7710150000000002,-9.103798000000014,0.0
20,11,0.5917370000000002,0.8056149999999995,-9.995437999999998,0.0
20,12,0.6234090000000005,0.8438140000000001,-11.049067000000012,0.0
20,13,0.6714439999999993,0.9031749999999992,-12.722098999999975,0.0
20,14,0.7416450000000001,1.0151350000000008,-15.606096000000013,0.0
21,0,0.30807600000000024,0.43718599999999963,-2.332298000000004,0.0
21,1,0.3433109999999999,0.47242099999999976,-3.072232999999998,0.0
21,2,0.4141509999999995,0.5480650000000002,-4.672706999999991,0.0
21,3,0.4489099999999997,0.5849039999999999,-5.513162999999993,0.0
21,4,0.4489099999999997,0.5892460000000002,-5.5305309999999945,0.0
21,5,0.4829819999999998,0.6283909999999997,-6.407695999999994,0.0
21,6,0.5161350000000002,0.6644319999999997,-7.287002000000003,0.0
21,7,0.5479149999999997,0.6962119999999992,-8.145061999999989,0.0
21,8,0.5783570000000005,0.7316790000000015,-9.03261300000002,0.0
21,9,0.6072699999999998,0.7653909999999993,-9.909481999999988,0.0
21,10,0.6358699999999988,0.7996149999999993,-10.818097999999969,0.0
21,11,0.6682079999999999,0.8379530000000006,-11.880576000000005,0.0
21,12,0.7145510000000002,0.8901570000000003,-13.428023000000007,0.0
21,13,0.7773780000000006,0.9660019999999996,-15.657530000000005,0.0
22,0,0.37098099999999956,0.47242099999999976,-3.6533029999999904,0.0
22,1,0.40687300000000004,0.5083130000000002,-4.442927000000001,0.0
22,2,0.442793,0.5480650000000002,-5.274189000000001,0.0
22,3,0.478383,0.5849039999999999,-6.132096,0.0
22,4,0.5131680000000003,0.6233180000000003,-7.016237000000007,0.0
22,5,0.547072,0.6615440000000001,-7.919351000000001,0.0
22,6,0.5799020000000006,0.6962119999999992,-8.816789000000007,0.0
22,7,0.6112470000000005,0.7316790000000015,-9.723303000000023,0.0
22,8,0.6413959999999985,0.7653909999999993,-10.626127999999962,0.0
22,9,0.6710209999999996,0.7950160000000004,-11.514877999999996,0.0
22,10,0.7039600000000004,0.832554,-12.577378000000008,0.0
22,11,0.7491730000000008,0.883166000000001,-14.078184000000027,0.0
22,12,0.8064,0.9473839999999996,-16.043575999999995,0.0
23,0,0.42946799999999996,0.5083130000000002,-4.940016999999999,0.0
23,1,0.4656760000000002,0.5445210000000005,-5.772801000000005,0.0
23,2,0.5016810000000005,0.5836550000000003,-6.640905000000011,0.0
23,3,0.5371740000000003,0.6196890000000002,-7.529853000000006,0.0
23,4,0.5716529999999995,0.6541679999999994,-8.426306999999987,0.0
23,5,0.6050449999999996,0.6943740000000007,-9.358906999999995,0.0
23,6,0.6372450000000001,0.7275569999999991,-10.266404999999995,0.0
23,7,0.6680709999999994,0.7583829999999985,-11.160358999999977,0.0
23,8,0.6986490000000014,0.7924060000000015,-12.101814000000042,0.0
23,9,0.7320799999999998,0.8284469999999988,-13.159054999999986,0.0
23,10,0.7764980000000001,0.883166000000001,-14.679334000000013,0.0
23,11,0.8295339999999989,0.9362019999999998,-16.42952199999997,0.0
24,0,0.4838950000000004,0.5445210000000005,-6.1918380000000095,0.0
24,1,0.5200999999999993,0.5807259999999994,-7.060757999999984,0.0
24,2,0.5558610000000002,0.619148,-7.958031000000004,0.0
24,3,0.5910089999999997,0.6542319999999995,-8.87175099999999,0.0
24,4,0.6248080000000007,0.6906140000000001,-9.794656000000018,0.0
24,5,0.6574360000000006,0.7232419999999999,-10.708240000000014,0.0
24,6,0.6889569999999985,0.7583829999999985,-11.640736999999955,0.0
24,7,0.7199830000000009,0.7924060000000015,-12.592496000000033,0.0
24,8,0.7539599999999993,0.8263829999999999,-13.645782999999982,0.0
24,9,0.7977650000000001,0.8722519999999996,-15.064054999999998,0.0
24,10,0.8476119999999998,0.9268190000000001,-16.751485999999996,0.0
25,0,0.5346399999999996,0.5807259999999994,-7.409717999999989,0.0
25,1,0.5705340000000003,0.6166200000000002,-8.307068000000008,0.0
25,2,0.6057569999999997,0.6542319999999995,-9.225702999999992,0.0
25,3,0.6407399999999992,0.6886229999999998,-10.16905999999998,0.0
25,4,0.6731609999999995,0.7232419999999999,-11.085639999999987,0.0
25,5,0.7049810000000001,0.7580949999999991,-12.023584999999997,0.0
25,6,0.7367409999999985,0.7896319999999992,-12.97526999999996,0.0
25,7,0.7706239999999998,0.8235150000000004,-14.025642999999995,0.0
25,8,0.8141280000000002,0.8698870000000003,-15.437847000000007,0.0
25,9,0.8615860000000009,0.9197100000000002,-17.022881000000027,0.0
26,0,0.5820069999999999,0.6166199999999984,-8.593892999999998,0.0
26,1,0.6173029999999997,0.6519159999999999,-9.511588999999994,0.0
26,2,0.6517359999999996,0.6886229999999998,-10.44395999999999,0.0
26,3,0.6862749999999993,0.7221029999999997,-11.40893399999998,0.0
26,4,0.7173499999999997,0.7550620000000006,-12.317644999999995,0.0
26,5,0.7490880000000004,0.7868000000000013,-13.269785000000017,0.0
26,6,0.7839170000000006,0.8239879999999999,-14.361279000000016,0.0
26,7,0.8264940000000003,0.8665649999999996,-15.723743000000004,0.0
26,8,0.8722580000000004,0.9156510000000004,-17.257209000000014,0.0
27,0,0.6262780000000001,0.6519160000000017,-9.744939000000004,0.0
27,1,0.6607180000000001,0.686356,-10.674819000000005,0.0
27,2,0.6941620000000013,0.7221029999999997,-11.613996000000032,0.0
27,3,0.7281810000000011,0.7546499999999998,-12.59760300000003,0.0
27,4,0.758699,0.7851679999999988,-13.513142999999996,0.0
27,5,0.7930869999999999,0.8211880000000011,-14.585699000000002,0.0
27,6,0.8361839999999976,0.8668249999999986,-15.97750299999993,0.0
27,7,0.8863350000000008,0.9109000000000016,-17.596030000000027,0.0
28,0,0.6676549999999999,0.686356,-10.862117999999997,0.0
28,1,0.7010609999999993,0.7197619999999993,-11.79748599999998,0.0
28,2,0.7335309999999993,0.7546499999999998,-12.742052999999979,0.0
28,3,0.7676870000000005,0.7869869999999999,-13.763095000000012,0.0
28,4,0.8004020000000001,0.8197019999999995,-14.77726,0.0
28,5,0.8429769999999994,0.8668249999999986,-16.160913999999977,0.0
28,6,0.8863350000000008,0.9109000000000016,-17.59603000000003,0.0
29,0,0.7063850000000009,0.7197619999999993,-11.946558000000026,0.0
29,1,0.7387820000000005,0.7521589999999989,-12.886071000000014,0.0
29,2,0.7710039999999996,0.7863530000000001,-13.854702999999986,0.0
29,3,0.8078650000000014,0.8217750000000006,-14.99451600000004,0.0
29,4,0.8482870000000009,0.8621970000000001,-16.288020000000024,0.0
29,5,0.8908679999999993,0.910183,-17.718651999999977,0.0
30,0,0.7428059999999999,0.7521589999999971,-13.002766999999995,0.0
30,1,0.7749230000000011,0.7842760000000002,-13.966277000000034,0.0
30,2,0.809564,0.8209939999999989,-15.042224999999997,0.0
30,3,0.8542420000000011,0.8643250000000009,-16.469227000000032,0.0
30,4,0.8947549999999982,0.9043069999999993,-17.804562999999945,0.0
31,0,0.7779239999999987,0.7842760000000002,-14.056306999999961,0.0
31,1,0.8124339999999997,0.8187860000000011,-15.12611699999999,0.0
31,2,0.8547729999999998,0.863332999999999,-16.48317299999999,0.0
31,3,0.8983040000000013,0.9060815000000009,-17.91813100000004,0.00012349999999727856
32,0,0.8146470000000008,0.8187860000000011,-15.194720000000025,0.0
32,1,0.856795,0.8609340000000003,-16.543456,0.0
32,2,0.8983040000000013,0.9048420000000004,-17.915652000000044,0.0
33,0,0.8583149999999993,0.8609340000000003,-16.592095999999977,0.0
33,1,0.8995309999999996,0.9021499999999989,-17.952223999999987,0.0
34,0,0.9004960000000004,0.9021499999999989,-17.984069000000012,0.0
