0,0,-0.9825249166666667,0.7124019999999973,35.382477,0.0
0,1,-0.9825249166666667,0.7124019999999973,35.382477,0.0
0,2,-0.9823598181818182,0.7460939999999994,35.348785,0.0
0,3,-0.9821865454545453,0.7709310000000045,35.29911099999999,0.0
0,4,-0.982034181818182,0.805610999999999,35.195071000000006,0.0
0,5,-0.9818595454545457,0.8313059999999979,35.09229100000001,0.0
0,6,-0.9816875454545453,0.8529780000000002,34.983931,0.0
0,7,-0.9815157272727272,0.8832239999999985,34.80245500000001,0.0
0,8,-0.9813382727272727,0.9089020000000048,34.622708999999965,0.0
0,9,-0.9811600909090911,0.9449380000000005,34.334421,0.0
0,10,-0.9809524545454548,0.9635359999999977,34.167039000000024,0.0
0,11,-0.9807621818181819,0.9996329999999958,33.80606900000004,0.0
0,12,-0.9805533636363631,1.0310520000000025,33.46045999999997,0.0
0,13,-0.9803494545454547,1.0682720000000003,33.013819999999996,0.0
0,14,-0.9801302727272727,1.1116600000000005,32.44977599999999,0.0
0,15,-0.9799010909090907,1.1593739999999997,31.781780000000005,0.0
0,16,-0.979664909090909,1.2358440000000002,30.634729999999998,0.0
0,17,-0.9793157272727271,1.310054000000001,29.447369999999985,0.0
0,18,-0.9786446363636362,1.4250529999999983,27.49238700000003,0.0
0,19,-0.9772948999999997,1.5820050000000023,24.667250999999958,0.0
0,20,-0.9750775000000005,1.7810929999999985,20.88457900000003,0.0
0,21,-0.9720928888888886,2.0651480000000006,15.203478999999987,0.0
0,22,-0.9679789999999997,2.4739679999999993,6.618259000000016,0.0
0,23,-0.9692310000000006,3.0484089999999995,-6.019442999999995,0.0
0,24,-0.9708100000000002,3.845291000000003,-24.347729000000072,0.0
0,25,-0.9726789999999994,4.9575729999999965,-51.04249699999991,0.0
0,26,-0.9748680000000007,6.496322000000006,-89.51122200000016,0.0
0,27,-0.976380000000006,8.730621999999997,-147.60302199999992,0.0
0,28,-0.9763799999999776,12.398628000000002,-246.63918400000006,0.0
0,29,-0.9750819999999862,19.307097999999996,-440.0763439999999,0.0
0,30,-1.016875999999911,34.545792000000006,-881.9984700000002,0.0
0,31,-1.0168760000001384,74.62471,-2084.3660099999997,0.0
1,0,-0.9825249166666667,0.7124019999999973,35.382477,0.02524591666666698
1,1,-0.9823598181818182,0.7143831818181781,35.38049581818182,0.024782818181819266
1,2,-0.9821865454545456,0.74813745454545,35.3446980909091,0.024304545454547744
1,3,-0.982034181818182,0.7726418181818175,35.29397854545455,0.023828181818177918
1,4,-0.9818595454545457,0.8075319999999984,35.18738700000001,0.02332554545454546
1,5,-0.9816875454545453,0.833198000000003,35.082830999999985,0.022791545454542428
1,6,-0.9815157272727272,0.8548679999999997,34.972591,0.0223097272727254
1,7,-0.9813382727272729,0.8851759999999977,34.78879100000002,0.02174027272727319
1,8,-0.9811600909090911,0.9108620000000016,34.60702899999999,0.021187090909085993
1,9,-0.9809524545454551,0.947222,34.31386500000001,0.02056845454545031
1,10,-0.9807621818181819,0.9656289999999998,34.146109,0.019977181818180534
1,11,-0.9805533636363631,1.0019300000000015,33.78080199999998,0.019337363636362848
1,12,-0.9803494545454547,1.0332949999999954,33.433544000000055,0.018702454545455494
1,13,-0.9801302727272727,1.0706830000000025,32.98247699999997,0.01808227272726981
1,14,-0.9799010909090907,1.114181000000002,32.41448199999997,0.017403090909087093
1,15,-0.979664909090909,1.1619719999999987,31.74281000000002,0.016674909090911183
1,16,-0.9793157272727271,1.2396850000000015,30.573273999999977,0.01581472727272626
1,17,-0.9786446363636362,1.3174360000000007,29.32187599999999,0.014567636363633008
1,18,-0.9772948999999997,1.4399001000000013,27.225139199999976,0.012645899999998322
1,19,-0.9750775000000005,1.604178999999995,24.2459450000001,0.009767499999998153
1,20,-0.9720928888888881,1.8109391111111186,20.287656777777624,0.006039888888885847
1,21,-0.967619500000001,2.105408499999997,14.358008500000064,0.0006964999999925503
1,22,-0.9676195000000005,2.4736084999999988,6.625808500000026,0.0
1,23,-0.9605650000000002,3.0471569999999986,-5.999312999999968,0.0
1,24,-0.9512252000000003,3.8437120000000036,-24.329417800000083,0.0
1,25,-0.9399530000000009,4.955703999999997,-51.02849799999993,0.0
1,26,-0.9285130000000095,6.500525999999994,-89.66688099999982,0.0
1,27,-0.9132309999999961,8.744392000000005,-148.03796100000014,0.0
1,28,-0.8747330000000062,12.438423999999998,-247.85382099999993,0.0
1,29,-0.8747330000000062,19.312224999999998,-440.3202489999999,0.0
1,30,-0.8163610000000006,34.49887100000001,-880.7913550000002,0.0
2,0,-0.9825249166666667,0.7124019999999973,35.382477,0.052955833333330204
2,1,-0.9823598181818182,0.7143831818181781,35.38049581818182,0.05268263636364168
2,2,-0.9821865454545456,0.74813745454545,35.3446980909091,0.05247709090909258
2,3,-0.982034181818182,0.7726418181818175,35.29397854545455,0.05215336363636358
2,4,-0.9818595454545457,0.8075319999999984,35.18738700000001,0.051873090909087205
2,5,-0.9816875454545453,0.8529780000000002,34.983931,0.051609090909090494
2,6,-0.9815157272727272,0.8548679999999997,34.972591,0.05134545454545125
2,7,-0.9813382727272729,0.8851759999999977,34.78879100000002,0.05107154545453718
2,8,-0.9811600909090911,0.9108620000000016,34.60702899999999,0.05080218181818119
2,9,-0.9809524545454551,0.947222,34.31386500000001,0.0505469090909032
2,10,-0.9807621818181819,0.9656289999999998,34.146109,0.050250363636364925
2,11,-0.9805533636363631,1.0019300000000015,33.78080199999998,0.049913727272729025
2,12,-0.9803494545454547,1.0332949999999954,33.433544000000055,0.04958890909090874
2,13,-0.9801302727272727,1.0706830000000025,32.98247699999997,0.0492455454545464
2,14,-0.9799010909090907,1.114181000000002,32.41448199999997,0.04888618181818116
2,15,-0.979664909090909,1.1619719999999987,31.74281000000002,0.048414818181815145
2,16,-0.9793157272727271,1.2396850000000015,30.573273999999977,0.04784145454545552
2,17,-0.9786446363636362,1.3174360000000007,29.32187599999999,0.0466142727272747
2,18,-0.9772948999999997,1.4399001000000013,27.225139199999976,0.04405580000000109
2,19,-0.9750775000000005,1.604178999999995,24.2459450000001,0.039875999999998246
2,20,-0.9720928888888881,1.8109391111111186,20.287656777777624,0.03406777777777914
2,21,-0.967619500000001,2.105408499999997,14.358008500000064,0.025291999999999426
2,22,-0.9605650000000002,2.5229900000000023,5.5323609999999475,0.018792000000004805
2,23,-0.9512252000000004,3.1031957999999973,-7.297545199999936,0.011028200000005484
2,24,-0.9399530000000009,3.9000730000000003,-25.69335400000001,0.0018580000000056884
2,25,-0.934905999999998,4.975892000000009,-51.53824500000023,0.0
2,26,-0.9239125000000001,6.500525999999994,-89.67608199999984,0.0
2,27,-0.9132309999999961,8.744392000000005,-148.03796100000014,0.0
2,28,-0.8747330000000062,12.438423999999998,-247.85382099999993,0.0
2,29,-0.8163610000000006,19.370597000000004,-442.0714090000001,0.0
3,0,-0.9825249166666667,0.7124019999999973,35.382477,0.08009675000000183
3,1,-0.9823598181818182,0.7143831818181781,35.38049581818182,0.08021245454545323
3,2,-0.9821865454545456,0.74813745454545,35.3446980909091,0.0804976363636376
3,3,-0.982034181818182,0.7726418181818175,35.29397854545455,0.08056354545454081
3,4,-0.9818595454545457,0.8075319999999984,35.18738700000001,0.08073363636363462
3,5,-0.9816875454545453,0.833198000000003,35.082830999999985,0.08095763636363351
3,6,-0.9815157272727272,0.8832239999999985,34.80245500000001,0.08116718181818205
3,7,-0.9813382727272729,0.8851759999999977,34.78879100000002,0.08138981818181401
3,8,-0.9811600909090911,0.9108620000000016,34.60702899999999,0.08163727272727295
3,9,-0.9809524545454551,0.947222,34.31386500000001,0.0819913636363605
3,10,-0.9807621818181819,0.9656289999999998,34.146109,0.0822245454545465
3,11,-0.9805533636363631,1.0019300000000015,33.78080199999998,0.0824650909090896
3,12,-0.9803494545454547,1.0332949999999954,33.433544000000055,0.08274136363636764
3,13,-0.9801302727272727,1.0706830000000025,32.98247699999997,0.083014818181816
3,14,-0.9799010909090907,1.114181000000002,32.41448199999997,0.08330327272727134
3,15,-0.979664909090909,1.1619719999999987,31.74281000000002,0.08341172727272417
3,16,-0.9793157272727271,1.2396850000000015,30.573273999999977,0.08346218181818443
3,17,-0.9786446363636362,1.3174360000000007,29.32187599999999,0.08258690909090927
3,18,-0.9772948999999997,1.4399001000000013,27.225139199999976,0.07981069999999768
3,19,-0.9750775000000005,1.604178999999995,24.2459450000001,0.07470350000000003
3,20,-0.9720928888888881,1.8109391111111186,20.287656777777624,0.06731066666666496
3,21,-0.967619500000001,2.105408499999997,14.358008500000064,0.05570950000000119
3,22,-0.9605650000000002,2.5229900000000023,5.5323609999999475,0.04409600000000058
3,23,-0.9512252000000004,3.1031957999999973,-7.297545199999936,0.029510400000003045
3,24,-0.9399530000000009,3.9000730000000003,-25.69335400000001,0.012909000000011162
3,25,-0.9239125000000001,5.0088725000000025,-52.38474450000006,0.002189500000007172
3,26,-0.9040679999999952,6.540215000000003,-90.7476850000001,0.0
3,27,-0.8560410000000047,8.812788999999995,-149.99905999999984,0.0
3,28,-0.7471999999999923,12.54726500000001,-251.1564350000003,0.0
4,0,-0.9825249166666667,0.7124019999999973,35.382477,0.09469766666666501
4,1,-0.9823598181818182,0.7460939999999994,35.348785,0.0951232727272715
4,2,-0.9821865454545456,0.74813745454545,35.3446980909091,0.09567718181818785
4,3,-0.982034181818182,0.7726418181818175,35.29397854545455,0.09609072727272272
4,4,-0.9818595454545457,0.8075319999999984,35.18738700000001,0.09661618181817788
4,5,-0.9816875454545453,0.833198000000003,35.082830999999985,0.09721018181817964
4,6,-0.9815157272727272,0.8548679999999997,34.972591,0.09774290909091077
4,7,-0.9813382727272729,0.8851759999999977,34.78879100000002,0.09838109090909031
4,8,-0.9811600909090911,0.9108620000000016,34.60702899999999,0.09904436363635982
4,9,-0.9809524545454551,0.947222,34.31386500000001,0.0998698181818165
4,10,-0.9807621818181819,0.9996329999999958,33.80606900000004,0.10043972727272754
4,11,-0.9805533636363631,1.0019300000000015,33.78080199999998,0.10111545454545334
4,12,-0.9803494545454547,1.0332949999999954,33.433544000000055,0.10186781818181867
4,13,-0.9801302727272727,1.0706830000000025,32.98247699999997,0.10264609090909005
4,14,-0.9799010909090907,1.114181000000002,32.41448199999997,0.1034153636363615
4,15,-0.979664909090909,1.1619719999999987,31.74281000000002,0.10401563636363464
4,16,-0.9793157272727271,1.2396850000000015,30.573273999999977,0.10464390909091037
4,17,-0.9786446363636362,1.4250529999999983,27.49238700000003,0.103951545454541
4,18,-0.9772948999999997,1.4399001000000013,27.225139199999976,0.10070459999999759
4,19,-0.9750775000000005,1.604178999999995,24.2459450000001,0.09441999999999684
4,20,-0.9720928888888881,1.8109391111111186,20.287656777777624,0.08520655555555967
4,21,-0.967619500000001,2.105408499999997,14.358008500000064,0.07050499999999538
4,22,-0.9605650000000002,2.5229900000000023,5.5323609999999475,0.053576999999999764
4,23,-0.9512252000000004,3.1031957999999973,-7.297545199999936,0.03245560000000758
4,24,-0.9399530000000009,3.9000730000000003,-25.69335400000001,0.010449000000011921
4,25,-0.9239125000000001,5.0088725000000025,-52.38474450000005,0.0
4,26,-0.8764110000000045,6.593002999999996,-92.20314399999988,0.0
4,27,-0.7466659999999905,8.935676000000015,-153.64513400000044,0.0
5,0,-0.9825249166666667,0.7124019999999973,35.382477,0.09571858333333072
5,1,-0.9823598181818182,0.7460939999999994,35.348785,0.09626309090909313
5,2,-0.9821865454545456,0.74813745454545,35.3446980909091,0.09691072727272676
5,3,-0.982034181818182,0.7726418181818175,35.29397854545455,0.0975409090909043
5,4,-0.9818595454545457,0.8075319999999984,35.18738700000001,0.098235727272729
5,5,-0.9816875454545453,0.833198000000003,35.082830999999985,0.09898172727272936
5,6,-0.9815157272727272,0.8548679999999997,34.972591,0.09961463636363721
5,7,-0.9813382727272729,0.8851759999999977,34.78879100000002,0.10041736363636655
5,8,-0.9811600909090911,0.9108620000000016,34.60702899999999,0.1012534545454562
5,9,-0.9809524545454551,0.947222,34.31386500000001,0.10229927272726869
5,10,-0.9807621818181819,0.9996329999999958,33.80606900000004,0.10302590909090448
5,11,-0.9805533636363631,1.0310520000000025,33.46045999999997,0.10390881818181974
5,12,-0.9803494545454547,1.0332949999999954,33.433544000000055,0.10488027272727507
5,13,-0.9801302727272727,1.0706830000000025,32.98247699999997,0.10585136363636138
5,14,-0.9799010909090907,1.1593739999999997,31.781780000000005,0.10685345454544937
5,15,-0.979664909090909,1.1619719999999987,31.74281000000002,0.10775554545454735
5,16,-0.9793157272727271,1.310054000000001,29.447369999999985,0.10857663636363668
5,17,-0.9786446363636362,1.3174360000000007,29.32187599999999,0.1077431818181811
5,18,-0.9772948999999997,1.5820050000000023,24.667250999999958,0.10372149999999891
5,19,-0.9750775000000005,1.604178999999995,24.2459450000001,0.09579649999999873
5,20,-0.9720928888888881,1.8109391111111186,20.287656777777624,0.08440244444444112
5,21,-0.967619500000001,2.105408499999997,14.358008500000064,0.06621950000000432
5,22,-0.9605650000000002,2.5229900000000023,5.5323609999999475,0.04393900000000173
5,23,-0.9512252000000004,3.1031957999999973,-7.297545199999936,0.018184800000005552
5,24,-0.9399530000000009,3.900073000000001,-25.693354000000014,0.0
5,25,-0.9015420000000063,5.049499999999988,-53.48991399999967,0.0
5,26,-0.7601779999999962,6.723449000000002,-96.05967200000008,0.0
6,0,-0.9825249166666667,0.7124019999999973,35.382477,0.08533150000000056
6,1,-0.9823598181818182,0.7460939999999994,35.348785,0.08584790909090945
6,2,-0.9821865454545456,0.74813745454545,35.3446980909091,0.08641927272727479
6,3,-0.982034181818182,0.7726418181818175,35.29397854545455,0.0870940909090887
6,4,-0.9818595454545457,0.8313059999999979,35.09229100000001,0.0878122727272741
6,5,-0.9816875454545453,0.833198000000003,35.082830999999985,0.08855827272727268
6,6,-0.9815157272727272,0.8548679999999997,34.972591,0.08917536363636014
6,7,-0.9813382727272727,0.9089020000000048,34.622708999999965,0.08994963636363718
6,8,-0.9811600909090911,0.9108620000000016,34.60702899999999,0.09079854545454413
6,9,-0.9809524545454551,0.947222,34.31386500000001,0.09176172727272558
6,10,-0.9807621818181819,0.9656289999999998,34.146109,0.09248509090909174
6,11,-0.9805533636363631,1.0310520000000025,33.46045999999997,0.09330818181818135
6,12,-0.9803494545454547,1.0682720000000003,33.013819999999996,0.09423972727272556
6,13,-0.9801302727272727,1.0706830000000025,32.98247699999997,0.09520163636363321
6,14,-0.9799010909090907,1.1593739999999997,31.781780000000005,0.09619954545454679
6,15,-0.979664909090909,1.2358440000000002,30.634729999999998,0.09710545454545372
6,16,-0.9793157272727271,1.2396850000000015,30.573273999999977,0.0978523636363633
6,17,-0.9786446363636362,1.3174360000000007,29.32187599999999,0.09648881818181643
6,18,-0.9772948999999997,1.4399001000000013,27.225139199999976,0.0913813999999995
6,19,-0.9750775000000005,1.604178999999995,24.2459450000001,0.08152500000000273
6,20,-0.9720928888888881,1.8109391111111186,20.287656777777624,0.06776033333333054
6,21,-0.967619500000001,2.105408499999997,14.358008500000064,0.04622599999999455
6,22,-0.9605650000000002,2.5229900000000023,5.5323609999999475,0.020770000000003286
6,23,-0.9512252000000003,3.1031957999999973,-7.297545199999931,0.0
6,24,-0.9197989999999976,3.9316910000000007,-26.552956000000023,0.0
6,25,-0.7743909999999943,5.180642000000006,-57.40421900000018,0.0
7,0,-0.9825249166666667,0.7124019999999973,35.382477,0.06724741666666656
7,1,-0.9823598181818182,0.7460939999999994,35.348785,0.0676407272727273
7,2,-0.9821865454545456,0.74813745454545,35.3446980909091,0.06807981818182274
7,3,-0.982034181818182,0.7726418181818175,35.29397854545455,0.06859827272727248
7,4,-0.9818595454545457,0.8313059999999979,35.09229100000001,0.06925381818181986
7,5,-0.9816875454545453,0.8529780000000002,34.983931,0.06984181818181501
7,6,-0.9815157272727272,0.8548679999999997,34.972591,0.07036709090908833
7,7,-0.9813382727272729,0.8851759999999977,34.78879100000002,0.07099790909090853
7,8,-0.9811600909090911,0.9449380000000005,34.334421,0.07169563636363119
7,9,-0.9809524545454551,0.947222,34.31386500000001,0.07244018181817591
7,10,-0.9807621818181819,0.9656289999999998,34.146109,0.0730302727272738
7,11,-0.9805533636363631,1.0019300000000015,33.78080199999998,0.07368954545454542
7,12,-0.9803494545454547,1.0682720000000003,33.013819999999996,0.07448618181818478
7,13,-0.9801302727272727,1.1116600000000005,32.44977599999999,0.07524790909091195
7,14,-0.9799010909090907,1.1593739999999997,31.781780000000005,0.07603963636363531
7,15,-0.979664909090909,1.1619719999999987,31.74281000000002,0.07677436363635959
7,16,-0.9793157272727271,1.2396850000000015,30.573273999999977,0.07714909090908861
7,17,-0.9786446363636362,1.3174360000000007,29.32187599999999,0.07504645454545145
7,18,-0.9772948999999997,1.4399001000000013,27.225139199999976,0.06869129999999668
7,19,-0.9750775000000005,1.604178999999995,24.2459450000001,0.05689550000000221
7,20,-0.9720928888888881,1.8109391111111186,20.287656777777624,0.04110422222222265
7,21,-0.967619500000001,2.105408499999997,14.358008500000064,0.018582500000000834
7,22,-0.9605650000000002,2.5229900000000023,5.532360999999952,0.0
7,23,-0.9312629999999942,3.128037000000006,-7.98866600000018,0.0
7,24,-0.7783820000000006,4.073779000000002,-30.811570000000046,0.0
8,0,-0.9825249166666667,0.7124019999999973,35.382477,0.045845333333332405
8,1,-0.9823598181818182,0.7143831818181781,35.38049581818182,0.04605854545454946
8,2,-0.9821865454545456,0.74813745454545,35.3446980909091,0.04635436363636547
8,3,-0.982034181818182,0.7726418181818175,35.29397854545455,0.046628454545452946
8,4,-0.9818595454545457,0.8075319999999984,35.18738700000001,0.04707936363636467
8,5,-0.9816875454545453,0.8529780000000002,34.983931,0.047464363636363416
8,6,-0.9815157272727272,0.8548679999999997,34.972591,0.04782381818181758
8,7,-0.9813382727272729,0.8851759999999977,34.78879100000002,0.04823218181818323
8,8,-0.9811600909090911,0.9449380000000005,34.334421,0.04870172727272237
8,9,-0.9809524545454551,0.947222,34.31386500000001,0.049196636363630475
8,10,-0.9807621818181819,0.9656289999999998,34.146109,0.04961845454545699
8,11,-0.9805533636363631,1.0019300000000015,33.78080199999998,0.05005090909090537
8,12,-0.9803494545454547,1.0332949999999954,33.433544000000055,0.05055963636363536
8,13,-0.9801302727272727,1.0706830000000025,32.98247699999997,0.05107118181818038
8,14,-0.9799010909090907,1.114181000000002,32.41448199999997,0.05161072727272309
8,15,-0.979664909090909,1.1619719999999987,31.74281000000002,0.051991272727272
8,16,-0.9793157272727271,1.2396850000000015,30.573273999999977,0.0519398181818147
8,17,-0.9786446363636362,1.3174360000000007,29.32187599999999,0.04919709090908686
8,18,-0.9772948999999997,1.4399001000000013,27.225139199999976,0.04159919999999495
8,19,-0.9750775000000005,1.604178999999995,24.2459450000001,0.028433000000001485
8,20,-0.9720928888888881,1.8109391111111186,20.287656777777624,0.013102111111108705
8,21,-0.967619500000001,2.105408499999997,14.358008500000064,0.0
8,22,-0.9361419999999967,2.547413000000006,4.824093999999846,0.0
8,23,-0.7765620000000055,3.2802469999999957,-12.574893999999851,0.0
9,0,-0.9825249166666667,0.7124019999999973,35.382477,0.025341249999996762
9,1,-0.9823598181818182,0.7143831818181781,35.38049581818182,0.025383363636365175
9,2,-0.9821865454545456,0.74813745454545,35.3446980909091,0.025538909090911943
9,3,-0.982034181818182,0.7726418181818175,35.29397854545455,0.025592636363633403
9,4,-0.9818595454545457,0.8075319999999984,35.18738700000001,0.025829909090909098
9,5,-0.9816875454545453,0.833198000000003,35.082830999999985,0.026012909090907144
9,6,-0.9815157272727272,0.8548679999999997,34.972591,0.026184545454544406
9,7,-0.9813382727272729,0.8851759999999977,34.78879100000002,0.026380454545453347
9,8,-0.9811600909090911,0.9108620000000016,34.60702899999999,0.0266648181818141
9,9,-0.9809524545454551,0.947222,34.31386500000001,0.026960090909087242
9,10,-0.9807621818181819,0.9656289999999998,34.146109,0.0271916363636322
9,11,-0.9805533636363631,1.0019300000000015,33.78080199999998,0.027396272727267856
9,12,-0.9803494545454547,1.0332949999999954,33.433544000000055,0.02756709090909304
9,13,-0.9801302727272727,1.0706830000000025,32.98247699999997,0.027795454545454845
9,14,-0.9799010909090907,1.114181000000002,32.41448199999997,0.02805581818181402
9,15,-0.979664909090909,1.1619719999999987,31.74281000000002,0.02808218181818134
9,16,-0.9793157272727271,1.2396850000000015,30.573273999999977,0.027616545454542063
9,17,-0.9786446363636362,1.3174360000000007,29.32187599999999,0.02436972727272746
9,18,-0.9772948999999997,1.4399001000000013,27.225139199999976,0.016243100000002286
9,19,-0.9750775000000005,1.604178999999995,24.2459450000001,0.004399500000003442
9,20,-0.9720928888888881,1.8109391111111186,20.287656777777624,0.0
9,21,-0.9342419999999976,2.138785999999996,13.39006100000006,0.0
9,22,-0.7765620000000055,2.705092999999998,0.07849400000009155,0.0
10,0,-0.9825249166666667,0.7124019999999973,35.382477,0.009186166666667717
10,1,-0.9823598181818182,0.7143831818181781,35.38049581818182,0.009124181818179977
10,2,-0.9821865454545456,0.74813745454545,35.3446980909091,0.009167454545458753
10,3,-0.982034181818182,0.7726418181818175,35.29397854545455,0.009138818181817498
10,4,-0.9818595454545457,0.8075319999999984,35.18738700000001,0.009196454545454813
10,5,-0.9816875454545453,0.833198000000003,35.082830999999985,0.009205454545455183
10,6,-0.9815157272727272,0.8548679999999997,34.972591,0.00929627272727096
10,7,-0.9813382727272729,0.8851759999999977,34.78879100000002,0.009330727272727657
10,8,-0.9811600909090911,0.9108620000000016,34.60702899999999,0.009411909090905723
10,9,-0.9809524545454551,0.947222,34.31386500000001,0.009491545454540784
10,10,-0.9807621818181819,0.9656289999999998,34.146109,0.009559818181816837
10,11,-0.9805533636363631,1.0019300000000015,33.78080199999998,0.009601636363637311
10,12,-0.9803494545454547,1.0332949999999954,33.433544000000055,0.0095985454545513
10,13,-0.9801302727272727,1.0706830000000025,32.98247699999997,0.009664727272728157
10,14,-0.9799010909090907,1.114181000000002,32.41448199999997,0.009718909090903338
10,15,-0.979664909090909,1.1619719999999987,31.74281000000002,0.009608090909088318
10,16,-0.9793157272727271,1.2396850000000015,30.573273999999977,0.009000272727270442
10,17,-0.9786446363636362,1.3174360000000007,29.32187599999999,0.005998363636361859
10,18,-0.9772948999999997,1.4399001000000013,27.225139199999976,0.0
10,19,-0.9750775000000005,1.604178999999995,24.2459450000001,0.0
10,20,-0.9281580000000034,1.8548740000000024,19.013544999999986,0.0
10,21,-0.7663149999999987,2.3006290000000007,8.480014999999973,0.0
11,0,-0.9825249166666667,0.7124019999999973,35.382477,9.408333333205121e-05
11,1,-0.9823598181818182,0.7143831818181781,35.38049581818182,0.0
11,2,-0.9821865454545456,0.74813745454545,35.3446980909091,0.0
11,3,-0.982034181818182,0.7726418181818175,35.29397854545455,0.0
11,4,-0.9818595454545457,0.8075319999999984,35.18738700000001,0.0
11,5,-0.9816875454545453,0.833198000000003,35.082830999999985,0.0
11,6,-0.9815157272727272,0.8548679999999997,34.972591,0.0
11,7,-0.9813382727272729,0.8851759999999977,34.78879100000002,0.0
11,8,-0.9811600909090911,0.9108620000000016,34.60702899999999,0.0
11,9,-0.9809524545454551,0.947222,34.31386500000001,0.0
11,10,-0.9807621818181819,0.9656289999999998,34.146109,0.0
11,11,-0.9805533636363631,1.0019300000000015,33.78080199999998,0.0
11,12,-0.9803494545454547,1.0332949999999954,33.433544000000055,0.0
11,13,-0.9801302727272727,1.0706830000000025,32.98247699999997,0.0
11,14,-0.9799010909090907,1.114181000000002,32.41448199999997,0.0
11,15,-0.979664909090909,1.1619719999999987,31.74281000000002,0.0
11,16,-0.9793157272727271,1.2396850000000015,30.573273999999977,0.0
11,17,-0.9786446363636362,1.3174360000000007,29.32187599999999,0.0
11,18,-0.9705010000000058,1.4466939999999937,27.034910000000174,0.0
11,19,-0.9188419999999979,1.6558380000000028,22.702068999999923,0.0
11,20,-0.7431720000000013,2.018162000000004,13.885542999999942,0.0
12,0,-0.9825249166666667,0.7124019999999973,35.382477,0.0
12,1,-0.9823239999999984,0.7144189999999924,35.380065999999985,0.0
12,2,-0.9820689999999992,0.7482550000000003,35.343169999999986,0.0
12,3,-0.9817670000000014,0.7729089999999985,35.290238000000016,0.0
12,4,-0.981503,0.8077959999999997,35.182409,0.0
12,5,-0.98123,0.833471000000003,35.07643299999999,0.0
12,6,-0.9809760000000018,0.8551219999999979,34.96513000000003,0.0
12,7,-0.9807109999999994,0.8854410000000001,34.780035999999996,0.0
12,8,-0.9804820000000021,0.911090999999999,34.597738000000035,0.0
12,9,-0.9802560000000007,0.9474480000000014,34.30417,0.0
12,10,-0.9800030000000035,0.965881999999997,34.13522800000007,0.0
12,11,-0.9796750000000003,1.0022580000000048,33.76753199999995,0.0
12,12,-0.9794769999999957,1.033493,33.42157099999995,0.0
12,13,-0.9791799999999995,1.0709799999999987,32.96816300000001,0.0
12,14,-0.9787409999999994,1.1146200000000022,32.395574999999965,0.0
12,15,-0.9776299999999978,1.1630830000000003,31.70376099999997,0.0
12,16,-0.973827,1.2434879999999993,30.452050000000014,0.0
12,17,-0.959659000000002,1.3316039999999987,28.872178000000048,0.0
12,18,-0.9076619999999949,1.4986910000000009,25.407734999999924,0.0
12,19,-0.7303730000000002,1.8203279999999964,17.49080100000007,0.0
13,0,-0.9718890000000009,0.7144189999999924,35.254846000000015,0.0
13,1,-0.9714360000000006,0.7148719999999997,35.248957000000004,0.0
13,2,-0.970994000000001,0.748697,35.20938600000001,0.0
13,3,-0.9705719999999971,0.7733310000000024,35.15463199999996,0.0
13,4,-0.9701349999999991,0.8082329999999978,35.044245,0.0
13,5,-0.9697130000000023,0.8338929999999998,34.93611900000003,0.0
13,6,-0.969341,0.8554940000000002,34.823278,0.0
13,7,-0.9689540000000001,0.8858280000000001,34.636243,0.0
13,8,-0.9686759999999985,0.9113690000000005,34.45384199999998,0.0
13,9,-0.9682540000000017,0.9478699999999982,34.15634800000004,0.0
13,10,-0.9679109999999973,0.9662250000000014,33.98669399999995,0.0
13,11,-0.9674680000000038,1.0027009999999983,33.61617500000007,0.0
13,12,-0.9670479999999984,1.0339130000000054,33.26738299999992,0.0
13,13,-0.9664950000000019,1.0715329999999952,32.808754000000086,0.0
13,14,-0.9653240000000025,1.1157910000000015,32.21817700000001,0.0
13,15,-0.9615710000000064,1.1668359999999964,31.454758000000133,0.0
13,16,-0.9474030000000013,1.2576560000000043,29.90827399999995,0.0
13,17,-0.8955880000000036,1.3834189999999964,27.222471000000105,0.0
13,18,-0.7303730000000002,1.6639060000000043,20.306396999999926,0.0
14,0,-0.9590229999999984,0.7148719999999997,35.08758799999998,0.0
14,1,-0.9584019999999995,0.7154930000000022,35.07889399999999,0.0
14,2,-0.9578279999999992,0.7492710000000002,35.03707999999999,0.0
14,3,-0.9572370000000028,0.7739219999999989,34.97950400000004,0.0
14,4,-0.9567049999999995,0.8087650000000011,34.86752699999999,0.0
14,5,-0.9561059999999983,0.8344920000000009,34.75623299999997,0.0
14,6,-0.9556809999999984,0.8559190000000001,34.64314799999998,0.0
14,7,-0.9551619999999978,0.8863470000000007,34.45331399999996,0.0
14,8,-0.9546579999999985,0.9118729999999999,34.26757599999998,0.0
14,9,-0.954152999999998,0.9483749999999986,33.96848999999999,0.0
14,10,-0.9536459999999991,0.9667320000000004,33.79617899999998,0.0
14,11,-0.9531229999999979,1.0032239999999994,33.42393699999998,0.0
14,12,-0.9523970000000048,1.0346389999999985,33.068208000000084,0.0
14,13,-0.9511839999999978,1.0727460000000022,32.59394199999994,0.0
14,14,-0.9474329999999966,1.1195420000000027,31.93307999999992,0.0
14,15,-0.9334989999999976,1.1807699999999954,30.880812000000034,0.0
14,16,-0.8821370000000002,1.3090180000000018,28.238023999999974,0.0
14,17,-0.7170409999999947,1.5485150000000019,22.094727999999897,0.0
15,0,-0.9432790000000004,0.715492999999995,34.86717200000001,0.0
15,1,-0.9424439999999983,0.7492710000000002,34.821703999999976,0.0
15,2,-0.9417079999999984,0.7500070000000001,34.80992799999998,0.0
15,3,-0.9409749999999981,0.7746549999999992,34.74963699999998,0.0
15,4,-0.9402919999999995,0.8094479999999997,34.635012999999994,0.0
15,5,-0.939541000000002,0.8352429999999984,34.52056800000004,0.0
15,6,-0.9389439999999993,0.8565160000000027,34.40524799999997,0.0
15,7,-0.9383430000000033,0.8869479999999967,34.21364100000007,0.0
15,8,-0.937731000000003,0.9124850000000002,34.02570200000004,0.0
15,9,-0.937101000000002,0.9490049999999997,33.72409200000003,0.0
15,10,-0.9364930000000022,0.9673400000000001,33.549957000000035,0.0
15,11,-0.9357989999999994,1.0039180000000023,33.17376699999997,0.0
15,12,-0.9344599999999978,1.035978,32.80102199999997,0.0
15,13,-0.9308010000000024,1.0764049999999976,32.26101300000006,0.0
15,14,-0.9172060000000002,1.133137000000005,31.319571999999937,0.0
15,15,-0.8666259999999966,1.231349999999999,29.185889999999965,0.0
15,16,-0.7024200000000036,1.4732239999999948,23.094690000000135,0.0
16,0,-0.9233989999999999,0.7163279999999972,34.568972,0.0
16,1,-0.9223640000000017,0.7500070000000001,34.51976800000003,0.0
16,2,-0.92136,0.7510110000000019,34.5027,0.0
16,3,-0.9203970000000012,0.7756179999999979,34.438078000000026,0.0
16,4,-0.9195419999999999,0.8103030000000011,34.320342999999994,0.0
16,5,-0.9187370000000001,0.8360479999999981,34.20448300000001,0.0
16,6,-0.9180280000000032,0.8572249999999997,34.08725400000005,0.0
16,7,-0.9172999999999973,0.8876760000000026,33.89289999999994,0.0
16,8,-0.9165899999999993,0.9131949999999982,33.702907,0.0
16,9,-0.9158799999999978,0.9497150000000012,33.399386999999955,0.0
16,10,-0.915030999999999,0.9681889999999989,33.219536999999995,0.0
16,11,-0.9137860000000018,1.0051629999999996,32.82987700000003,0.0
16,12,-0.9102029999999992,1.0395610000000026,32.39417099999996,0.0
16,13,-0.8970449999999985,1.0895629999999983,31.583619,0.0
16,14,-0.8476300000000023,1.1825520000000012,29.584122000000022,0.0
16,15,-0.6854709999999997,1.3935090000000017,24.036179999999973,0.0
17,0,-0.8978920000000024,0.7173629999999918,34.16086000000004,0.0
17,1,-0.8965469999999982,0.7510110000000019,34.10569199999997,0.0
17,2,-0.8953050000000005,0.7522529999999996,34.08333600000001,0.0
17,3,-0.8941559999999988,0.7767669999999995,34.01477499999998,0.0
17,4,-0.8931220000000017,0.8113369999999982,33.893487000000036,0.0
17,5,-0.8921419999999998,0.8370280000000001,33.774063,0.0
17,6,-0.8912499999999994,0.858117,33.65345399999999,0.0
17,7,-0.8904090000000018,0.8885170000000002,33.45675700000003,0.0
17,8,-0.8896619999999977,0.9139420000000023,33.266082999999945,0.0
17,9,-0.888774999999999,0.950602,32.957723999999985,0.0
17,10,-0.8874490000000002,0.9695149999999977,32.764965000000025,0.0
17,11,-0.8840219999999981,1.0085900000000017,32.31595599999994,0.0
17,12,-0.8714200000000005,1.0521630000000002,31.622419000000008,0.0
17,13,-0.8235400000000013,1.1374429999999975,29.785099000000052,0.0
17,14,-0.664434,1.3416580000000025,24.425501999999966,0.0
18,0,-0.8653929999999974,0.7187079999999995,33.608376999999955,0.0
18,1,-0.8637290000000029,0.7522529999999996,33.546544000000054,0.0
18,2,-0.862204000000002,0.7537780000000005,33.51756900000004,0.0
18,3,-0.8608200000000004,0.7781510000000011,33.443911,0.0
18,4,-0.8595049999999986,0.8126519999999999,33.31673799999997,0.0
18,5,-0.8582870000000007,0.838245999999998,33.192438000000024,0.0
18,6,-0.8573609999999974,0.8590430000000033,33.071784999999934,0.0
18,7,-0.8563860000000005,0.8894919999999971,32.87154100000003,0.0
18,8,-0.8554670000000009,0.9148610000000019,32.677416,0.0
18,9,-0.8541180000000033,0.9519509999999975,32.35641400000008,0.0
18,10,-0.8508189999999978,0.9728140000000032,32.10926499999993,0.0
18,11,-0.8387899999999995,1.020619,31.414692999999993,0.0
18,12,-0.7927440000000026,1.098208999999997,29.73237500000008,0.0
18,13,-0.6379829999999984,1.2922040000000017,24.61873699999995,0.0
19,0,-0.8245710000000024,0.7203719999999976,32.873581000000044,0.0
19,1,-0.8224819999999973,0.7537780000000005,32.80257299999995,0.0
19,2,-0.820651999999999,0.7556079999999987,32.76597299999999,0.0
19,3,-0.818957000000001,0.7798459999999992,32.68529200000002,0.0
19,4,-0.8173649999999988,0.8142440000000022,32.55184999999997,0.0
19,5,-0.815923999999999,0.8396869999999979,32.422698999999994,0.0
19,6,-0.814738000000002,0.8602290000000004,32.297455000000035,0.0
19,7,-0.8135529999999989,0.8906770000000002,32.092251999999974,0.0
19,8,-0.812221000000001,0.9161929999999998,31.88833200000002,0.0
19,9,-0.8090099999999971,0.9551620000000014,31.515570999999934,0.0
19,10,-0.7976720000000022,0.9841519999999981,31.03923900000006,0.0
19,11,-0.7537880000000001,1.064503000000002,29.401932999999982,0.0
19,12,-0.6045780000000001,1.2474189999999972,24.554867000000034,0.0
20,0,-0.7745879999999978,0.7224610000000027,31.923903999999958,0.0
20,1,-0.7719860000000018,0.7556079999999987,31.841319000000038,0.0
20,2,-0.7696860000000001,0.7579080000000005,31.793019,0.0
20,3,-0.7675739999999998,0.7819579999999995,31.702678999999996,0.0
20,4,-0.7657090000000011,0.8161090000000009,31.56292600000002,0.0
20,5,-0.7639849999999981,0.8414110000000008,31.42723799999996,0.0
20,6,-0.7624929999999992,0.8617209999999993,31.29584799999999,0.0
20,7,-0.7607900000000001,0.8923799999999993,31.077834000000006,0.0
20,8,-0.757680999999998,0.9193020000000018,30.827199999999948,0.0
20,9,-0.7470260000000017,0.9658169999999977,30.241980000000055,0.0
20,10,-0.7056259999999988,1.0255520000000011,28.876364999999964,0.0
20,11,-0.563124000000002,1.2070049999999988,24.211795000000052,0.0
21,0,-0.7147800000000011,0.7250629999999987,30.727744000000023,0.0
21,1,-0.7115930000000006,0.7579080000000005,30.63115900000001,0.0
21,2,-0.7087719999999997,0.7607290000000013,30.569096999999992,0.0
21,3,-0.7061899999999994,0.8161090000000009,30.37254599999999,0.0
21,4,-0.7038960000000003,0.8414110000000008,30.225458000000003,0.0
21,5,-0.7017550000000021,0.843551999999999,30.17193300000005,0.0
21,6,-0.6996970000000005,0.863779000000001,30.027580000000004,0.0
21,7,-0.6962869999999981,0.8957900000000016,29.76390399999995,0.0
21,8,-0.6863120000000009,0.929276999999999,29.320020000000028,0.0
21,9,-0.6476179999999978,1.0045110000000008,27.905573999999948,0.0
21,10,-0.5130900000000018,1.1600799999999971,23.680365000000066,0.0
22,0,-0.6451089999999997,0.7282499999999956,29.264652999999996,0.0
22,1,-0.6412549999999992,0.7607290000000013,29.151239999999984,0.0
22,2,-0.6378810000000001,0.7641030000000004,29.073638000000003,0.0
22,3,-0.6347349999999992,0.818403,28.865108999999983,0.0
22,4,-0.6319620000000015,0.8211759999999977,28.79578400000004,0.0
22,5,-0.6291240000000009,0.8463899999999995,28.63249200000002,0.0
22,6,-0.6253850000000014,0.8675180000000005,28.444594000000027,0.0
22,7,-0.6155870000000014,0.9055880000000016,28.00061800000002,0.0
22,8,-0.5795929999999991,0.9652710000000013,26.790968999999972,0.0
22,9,-0.45402300000000295,1.130080999999997,22.70994900000009,0.0
23,0,-0.5660070000000008,0.7321039999999996,27.52440900000002,0.0
23,1,-0.5614290000000004,0.7641030000000004,27.391694000000008,0.0
23,2,-0.5574170000000009,0.7681149999999999,27.29540600000002,0.0
23,3,-0.5536180000000002,0.8211759999999977,27.07221600000001,0.0
23,4,-0.5501189999999987,0.8463899999999995,26.894381999999972,0.0
23,5,-0.5456099999999999,0.8508989999999983,26.772639000000005,0.0
23,6,-0.5360300000000002,0.9055880000000016,26.250363999999994,0.0
23,7,-0.5025709999999997,0.9652710000000013,25.096484999999984,0.0
23,8,-0.3863070000000022,1.0815349999999988,21.60856500000006,0.0
24,0,-0.4785609999999991,0.7366820000000018,25.51315099999998,0.0
24,1,-0.4731109999999994,0.7681149999999999,25.356367999999982,0.0
24,2,-0.4683469999999996,0.7914850000000015,25.20005599999999,0.0
24,3,-0.4637069999999994,0.8246749999999992,24.99376599999999,0.0
24,4,-0.4586490000000012,0.8508989999999983,24.772536000000034,0.0
24,5,-0.44873099999999866,0.8770980000000002,24.413426999999967,0.0
24,6,-0.41752099999999714,0.9083080000000017,23.508336999999923,0.0
24,7,-0.31167500000000103,1.0448929999999983,20.148523000000036,0.0
25,0,-0.38413700000000084,0.742131999999998,23.24697500000002,0.0
25,1,-0.3721829999999997,0.7785159999999998,22.918057999999995,0.0
25,2,-0.3721829999999997,0.7961250000000017,22.88283999999999,0.0
25,3,-0.3659200000000009,0.8297329999999974,22.63170400000003,0.0
25,4,-0.3559209999999986,0.8397319999999997,22.351731999999966,0.0
25,5,-0.3264880000000012,0.8902499999999982,21.413835000000038,0.0
25,6,-0.22981100000000154,1.0049850000000013,18.42323500000003,0.0
26,0,-0.28453599999999923,0.7484490000000008,20.756949999999982,0.0
26,1,-0.27009499999999953,0.7856310000000004,20.351627999999987,0.0
26,2,-0.27009499999999953,0.8023880000000005,20.318113999999987,0.0
26,3,-0.2592920000000003,0.8397319999999997,19.93600700000001,0.0
26,4,-0.2318470000000019,0.8671769999999981,19.140102000000056,0.0
26,5,-0.1442819999999969,0.9778150000000032,16.420859999999905,0.0
27,0,-0.18173600000000079,0.7557749999999999,18.084150000000022,0.0
27,1,-0.1617620000000013,0.7967949999999995,17.512642000000035,0.0
27,2,-0.1617620000000013,0.7967949999999995,17.512642000000035,0.0
27,3,-0.13538600000000045,0.8395670000000006,16.714946000000012,0.0
27,4,-0.057063999999996895,0.9778150000000032,14.153191999999905,0.0
28,0,-0.07737599999999922,0.7645850000000003,15.266429999999978,0.0
28,1,-0.06489299999999965,0.7967949999999995,14.89717899999999,0.0
28,2,-0.039989999999999526,0.8216979999999996,14.174991999999987,0.0
28,3,0.03033100000000033,0.9454990000000016,11.922790999999986,0.0
29,0,0.028394000000000474,0.7770679999999999,12.304869999999987,0.0
29,1,0.05287299999999995,0.8015469999999993,11.594979000000002,0.0
29,2,0.11539699999999975,0.8842219999999994,9.699108000000008,0.0
30,0,0.14080199999999898,0.8015469999999993,9.04503800000003,0.0
30,1,0.19643300000000075,0.8842219999999994,7.349063999999979,0.0
31,0,0.2728540000000006,0.8571780000000011,5.083477999999982,0.0
