0.69070 0.66230 0.63762 0.61643 0.59855 0.58388 0.57237 0.56398 0.55868 0.55650 0.55739 0.56132 0.56819 0.57786 0.59022 0.60506 0.62215 0.64121 0.66193 0.68393 0.70732 0.73144 0.75620 0.78144 0.80705 0.83301 0.85938 0.88624 0.91366 0.94259 0.97261 1.00443 1.03842 1.07499 1.11465 1.15773 1.20447 1.25473 1.31005 1.36851 1.43253 1.50069 1.57447 1.65525 1.74524 1.84707 1.96886 2.11676 2.30981 2.59025 3.07072 4.09906
0.68052 0.65121 0.62590 0.60428 0.58616 0.57141 0.55995 0.55173 0.54671 0.54490 0.54625 0.55070 0.55817 0.56850 0.58155 0.59712 0.61497 0.63480 0.65630 0.67908 0.70325 0.72812 0.75362 0.77957 0.80588 0.83252 0.85954 0.88704 0.91508 0.94464 0.97530 1.00776 1.04242 1.07969 1.12008 1.16394 1.21150 1.26262 1.31887 1.37829 1.44333 1.51257 1.58748 1.66949 1.76083 1.86417 1.98776 2.13786 2.33387 2.61862 3.10389 0.00000
0.66356 0.63361 0.60792 0.58614 0.56802 0.55343 0.54225 0.53442 0.52989 0.52865 0.53065 0.53581 0.54404 0.55518 0.56908 0.58554 0.60428 0.62502 0.64742 0.67108 0.69613 0.72186 0.74818 0.77494 0.80202 0.82940 0.85714 0.88534 0.91407 0.94432 0.97567 1.00882 1.04420 1.08221 1.12338 1.16805 1.21648 1.26849 1.32570 1.38611 1.45222 1.52255 1.59862 1.68188 1.77459 1.87946 2.00491 2.15735 2.35669 2.64568 0.00000 0.00000
0.64413 0.61359 0.58761 0.56576 0.54776 0.53343 0.52264 0.51531 0.51137 0.51081 0.51355 0.51952 0.52861 0.54065 0.55549 0.57289 0.59260 0.61431 0.63767 0.66229 0.68826 0.71489 0.74209 0.76968 0.79757 0.82573 0.85422 0.88314 0.91258 0.94354 0.97558 1.00945 1.04556 1.08433 1.12628 1.17179 1.22108 1.27400 1.33218 1.39358 1.46075 1.53218 1.60942 1.69393 1.78800 1.89444 2.02188 2.17718 2.38070 0.00000 0.00000 0.00000
0.62230 0.59126 0.56507 0.54327 0.52550 0.51156 0.50129 0.49457 0.49135 0.49157 0.49517 0.50206 0.51212 0.52515 0.54101 0.55946 0.58021 0.60297 0.62736 0.65298 0.67995 0.70753 0.73564 0.76411 0.79284 0.82180 0.85107 0.88075 0.91091 0.94260 0.97537 1.00997 1.04682 1.08636 1.12912 1.17546 1.22564 1.27948 1.33864 1.40106 1.46929 1.54184 1.62025 1.70602 1.80151 1.90969 2.03977 2.19931 0.00000 0.00000 0.00000 0.00000
0.59782 0.56638 0.54014 0.51853 0.50115 0.48775 0.47814 0.47220 0.46984 0.47099 0.47559 0.48352 0.49466 0.50881 0.52581 0.54540 0.56729 0.59118 0.61668 0.64338 0.67140 0.69999 0.72907 0.75847 0.78808 0.81788 0.84796 0.87841 0.90933 0.94177 0.97528 1.01063 1.04825 1.08858 1.13217 1.17937 1.23046 1.28524 1.34540 1.40884 1.47818 1.55186 1.63147 1.71856 1.81567 1.92629 2.06081 0.00000 0.00000 0.00000 0.00000 0.00000
0.57028 0.53861 0.51250 0.49129 0.47451 0.46185 0.45312 0.44815 0.44683 0.44910 0.45486 0.46400 0.47638 0.49179 0.51005 0.53091 0.55406 0.57918 0.60589 0.63374 0.66289 0.69255 0.72265 0.75301 0.78354 0.81423 0.84514 0.87640 0.90809 0.94131 0.97559 1.01171 1.05012 1.09126 1.13569 1.18378 1.23579 1.29152 1.35272 1.41721 1.48766 1.56250 1.64337 1.73199 1.83151 1.94652 0.00000 0.00000 0.00000 0.00000 0.00000 0.00000
0.53922 0.50759 0.48189 0.46136 0.44545 0.43382 0.42622 0.42247 0.42244 0.42606 0.43321 0.44376 0.45758 0.47442 0.49411 0.51639 0.54092 0.56739 0.59540 0.62450 0.65484 0.68564 0.71681 0.74819 0.77967 0.81126 0.84303 0.87512 0.90760 0.94161 0.97666 1.01357 1.05277 1.09474 1.14002 1.18901 1.24196 1.29867 1.36090 1.42646 1.49805 1.57409 1.65641 1.74735 1.85157 0.00000 0.00000 0.00000 0.00000 0.00000 0.00000 0.00000
0.50441 0.47317 0.44827 0.42880 0.41413 0.40388 0.39775 0.39555 0.39712 0.40237 0.41117 0.42340 0.43888 0.45737 0.47869 0.50254 0.52862 0.55656 0.58597 0.61640 0.64801 0.67999 0.71227 0.74468 0.77713 0.80963 0.84227 0.87518 0.90845 0.94325 0.97907 1.01676 1.05676 1.09954 1.14568 1.19557 1.24945 1.30713 1.37042 1.43704 1.50979 1.58719 1.67169 1.76733 0.00000 0.00000 0.00000 0.00000 0.00000 0.00000 0.00000 0.00000
0.46586 0.43552 0.41191 0.39399 0.38105 0.37262 0.36839 0.36813 0.37168 0.37892 0.38972 0.40392 0.42134 0.44173 0.46488 0.49051 0.51827 0.54781 0.57873 0.61056 0.64348 0.67667 0.71007 0.74352 0.77693 0.81033 0.84380 0.87750 0.91154 0.94709 0.98366 1.02210 1.06287 1.10645 1.15342 1.20418 1.25898 1.31762 1.38193 1.44962 1.52365 1.60305 1.69205 0.00000 0.00000 0.00000 0.00000 0.00000 0.00000 0.00000 0.00000 0.00000
0.42394 0.39516 0.37350 0.35775 0.34711 0.34106 0.33925 0.34143 0.34740 0.35705 0.37022 0.38674 0.40642 0.42898 0.45420 0.48179 0.51140 0.54266 0.57515 0.60843 0.64269 0.67708 0.71158 0.74602 0.78034 0.81457 0.84882 0.88326 0.91799 0.95424 0.99150 1.03063 1.07212 1.11644 1.16420 1.21579 1.27146 1.33102 1.39634 1.46513 1.54095 1.62443 0.00000 0.00000 0.00000 0.00000 0.00000 0.00000 0.00000 0.00000 0.00000 0.00000
0.37928 0.35294 0.33406 0.32125 0.31362 0.31061 0.31183 0.31700 0.32592 0.33845 0.35442 0.37364 0.39590 0.42091 0.44844 0.47817 0.50975 0.54281 0.57693 0.61165 0.64723 0.68277 0.71829 0.75364 0.78877 0.82374 0.85866 0.89373 0.92906 0.96591 1.00376 1.04350 1.08562 1.13061 1.17908 1.23143 1.28792 1.34833 1.41464 1.48486 1.56417 0.00000 0.00000 0.00000 0.00000 0.00000 0.00000 0.00000 0.00000 0.00000 0.00000 0.00000
0.33271 0.30997 0.29491 0.28599 0.28222 0.28301 0.28795 0.29673 0.30916 0.32508 0.34429 0.36659 0.39176 0.41948 0.44951 0.48152 0.51516 0.55005 0.58579 0.62190 0.65870 0.69529 0.73170 0.76781 0.80361 0.83915 0.87460 0.91016 0.94593 0.98325 1.02157 1.06180 1.10443 1.14998 1.19906 1.25208 1.30929 1.37048 1.43797 1.51067 0.00000 0.00000 0.00000 0.00000 0.00000 0.00000 0.00000 0.00000 0.00000 0.00000 0.00000 0.00000
0.28511 0.26753 0.25763 0.25374 0.25483 0.26027 0.26968 0.28275 0.29926 0.31905 0.34193 0.36766 0.39601 0.42664 0.45930 0.49366 0.52936 0.56604 0.60330 0.64067 0.67854 0.71598 0.75309 0.78976 0.82601 0.86194 0.89772 0.93357 0.96961 1.00724 1.04586 1.08642 1.12943 1.17541 1.22497 1.27853 1.33634 1.39828 1.46751 0.00000 0.00000 0.00000 0.00000 0.00000 0.00000 0.00000 0.00000 0.00000 0.00000 0.00000 0.00000 0.00000
0.23729 0.22707 0.22407 0.22657 0.23365 0.24468 0.25933 0.27732 0.29846 0.32257 0.34945 0.37887 0.41057 0.44420 0.47951 0.51618 0.55384 0.59216 0.63074 0.66914 0.70784 0.74588 0.78342 0.82039 0.85684 0.89290 0.92877 0.96468 1.00079 1.03851 1.07725 1.11797 1.16119 1.20743 1.25732 1.31124 1.36949 1.43200 0.00000 0.00000 0.00000 0.00000 0.00000 0.00000 0.00000 0.00000 0.00000 0.00000 0.00000 0.00000 0.00000 0.00000
0.18991 0.19030 0.19646 0.20702 0.22131 0.23887 0.25950 0.28298 0.30916 0.33788 0.36897 0.40217 0.43723 0.47380 0.51164 0.55041 0.58980 0.62946 0.66906 0.70816 0.74735 0.78566 0.82330 0.86025 0.89659 0.93249 0.96817 1.00390 1.03981 1.07740 1.11605 1.15673 1.19997 1.24630 1.29630 1.35027 1.40826 0.00000 0.00000 0.00000 0.00000 0.00000 0.00000 0.00000 0.00000 0.00000 0.00000 0.00000 0.00000 0.00000 0.00000 0.00000
0.14342 0.15959 0.17793 0.19843 0.22117 0.24610 0.27325 0.30256 0.33398 0.36739 0.40264 0.43949 0.47770 0.51692 0.55693 0.59743 0.63812 0.67870 0.71887 0.75823 0.79749 0.83565 0.87299 0.90954 0.94542 0.98082 1.01601 1.05127 1.08672 1.12395 1.16226 1.20269 1.24575 1.29190 1.34157 1.39435 0.00000 0.00000 0.00000 0.00000 0.00000 0.00000 0.00000 0.00000 0.00000 0.00000 0.00000 0.00000 0.00000 0.00000 0.00000 0.00000
0.09805 0.13895 0.17348 0.20586 0.23803 0.27076 0.30456 0.33964 0.37608 0.41385 0.45283 0.49286 0.53368 0.57498 0.61656 0.65818 0.69955 0.74044 0.78060 0.81965 0.85844 0.89595 0.93253 0.96825 1.00328 1.03783 1.07219 1.10666 1.14137 1.17796 1.21571 1.25564 1.29821 1.34365 1.39127 0.00000 0.00000 0.00000 0.00000 0.00000 0.00000 0.00000 0.00000 0.00000 0.00000 0.00000 0.00000 0.00000 0.00000 0.00000 0.00000 0.00000
0.05383 0.13733 0.19270 0.23804 0.27951 0.31942 0.35907 0.39900 0.43952 0.48068 0.52244 0.56465 0.60712 0.64954 0.69177 0.73360 0.77480 0.81520 0.85458 0.89263 0.93032 0.96659 1.00187 1.03629 1.07002 1.10331 1.13649 1.16984 1.20351 1.23918 1.27607 1.31517 1.35665 1.39924 0.00000 0.00000 0.00000 0.00000 0.00000 0.00000 0.00000 0.00000 0.00000 0.00000 0.00000 0.00000 0.00000 0.00000 0.00000 0.00000 0.00000 0.00000
0.01067 0.18129 0.25780 0.31221 0.35911 0.40281 0.44539 0.48766 0.53002 0.57254 0.61523 0.65793 0.70047 0.74255 0.78407 0.82487 0.86476 0.90362 0.94130 0.97748 1.01331 1.04766 1.08104 1.11360 1.14555 1.17715 1.20873 1.24061 1.27290 1.30734 1.34301 1.38058 1.41845 0.00000 0.00000 0.00000 0.00000 0.00000 0.00000 0.00000 0.00000 0.00000 0.00000 0.00000 0.00000 0.00000 0.00000 0.00000 0.00000 0.00000 0.00000 0.00000
0.00000 0.40386 0.43536 0.46858 0.50378 0.54019 0.57788 0.61659 0.65610 0.69615 0.73652 0.77691 0.81705 0.85663 0.89553 0.93360 0.97068 1.00667 1.04147 1.07475 1.10782 1.13945 1.17022 1.20030 1.22991 1.25933 1.28888 1.31889 1.34941 1.38218 1.41585 1.44907 0.00000 0.00000 0.00000 0.00000 0.00000 0.00000 0.00000 0.00000 0.00000 0.00000 0.00000 0.00000 0.00000 0.00000 0.00000 0.00000 0.00000 0.00000 0.00000 0.00000
0.07310 0.26633 0.35291 0.41394 0.46590 0.51341 0.55884 0.60306 0.64652 0.68933 0.73152 0.77301 0.81367 0.85329 0.89188 0.92936 0.96566 1.00074 1.03456 1.06685 1.09891 1.12959 1.15947 1.18870 1.21753 1.24622 1.27508 1.30441 1.33415 1.36567 1.39550 0.00000 0.00000 0.00000 0.00000 0.00000 0.00000 0.00000 0.00000 0.00000 0.00000 0.00000 0.00000 0.00000 0.00000 0.00000 0.00000 0.00000 0.00000 0.00000 0.00000 0.00000
0.11402 0.24875 0.33343 0.39881 0.45542 0.50685 0.55533 0.60181 0.64682 0.69057 0.73319 0.77467 0.81497 0.85395 0.89169 0.92816 0.96335 0.99729 1.02996 1.06113 1.09212 1.12178 1.15072 1.17909 1.20712 1.23505 1.26319 1.29172 1.32017 1.34787 0.00000 0.00000 0.00000 0.00000 0.00000 0.00000 0.00000 0.00000 0.00000 0.00000 0.00000 0.00000 0.00000 0.00000 0.00000 0.00000 0.00000 0.00000 0.00000 0.00000 0.00000 0.00000
0.15442 0.26054 0.33844 0.40267 0.45975 0.51201 0.56123 0.60817 0.65333 0.69690 0.73904 0.77979 0.81915 0.85704 0.89357 0.92878 0.96268 0.99534 1.02678 1.05679 1.08667 1.11531 1.14332 1.17082 1.19805 1.22523 1.25254 1.27982 1.30435 0.00000 0.00000 0.00000 0.00000 0.00000 0.00000 0.00000 0.00000 0.00000 0.00000 0.00000 0.00000 0.00000 0.00000 0.00000 0.00000 0.00000 0.00000 0.00000 0.00000 0.00000 0.00000 0.00000
0.19431 0.28357 0.35508 0.41667 0.47258 0.52420 0.57289 0.61925 0.66367 0.70633 0.74741 0.78694 0.82499 0.86150 0.89662 0.93041 0.96294 0.99428 1.02447 1.05332 1.08210 1.10976 1.13685 1.16351 1.18995 1.21628 1.24235 1.26585 0.00000 0.00000 0.00000 0.00000 0.00000 0.00000 0.00000 0.00000 0.00000 0.00000 0.00000 0.00000 0.00000 0.00000 0.00000 0.00000 0.00000 0.00000 0.00000 0.00000 0.00000 0.00000 0.00000 0.00000
0.23365 0.31177 0.37783 0.43641 0.49042 0.54061 0.58804 0.63315 0.67628 0.71756 0.75717 0.79520 0.83170 0.86666 0.90026 0.93258 0.96370 0.99372 1.02268 1.05039 1.07812 1.10482 1.13103 1.15688 1.18246 1.20755 1.22986 0.00000 0.00000 0.00000 0.00000 0.00000 0.00000 0.00000 0.00000 0.00000 0.00000 0.00000 0.00000 0.00000 0.00000 0.00000 0.00000 0.00000 0.00000 0.00000 0.00000 0.00000 0.00000 0.00000 0.00000 0.00000
0.27233 0.34243 0.40382 0.45935 0.51111 0.55943 0.60514 0.64859 0.69005 0.72965 0.76757 0.80390 0.83873 0.87208 0.90412 0.93495 0.96468 0.99341 1.02119 1.04782 1.07454 1.10034 1.12570 1.15066 1.17500 1.19637 0.00000 0.00000 0.00000 0.00000 0.00000 0.00000 0.00000 0.00000 0.00000 0.00000 0.00000 0.00000 0.00000 0.00000 0.00000 0.00000 0.00000 0.00000 0.00000 0.00000 0.00000 0.00000 0.00000 0.00000 0.00000 0.00000
0.31022 0.37413 0.43142 0.48394 0.53327 0.57945 0.62317 0.66469 0.70427 0.74200 0.77810 0.81264 0.84575 0.87746 0.90795 0.93734 0.96573 0.99322 1.01987 1.04548 1.07126 1.09617 1.12064 1.14436 1.16501 0.00000 0.00000 0.00000 0.00000 0.00000 0.00000 0.00000 0.00000 0.00000 0.00000 0.00000 0.00000 0.00000 0.00000 0.00000 0.00000 0.00000 0.00000 0.00000 0.00000 0.00000 0.00000 0.00000 0.00000 0.00000 0.00000 0.00000
0.34712 0.40599 0.45959 0.50915 0.55596 0.59984 0.64139 0.68084 0.71840 0.75419 0.78840 0.82114 0.85254 0.88264 0.91163 0.93963 0.96675 0.99308 1.01867 1.04332 1.06818 1.09219 1.11540 1.13547 0.00000 0.00000 0.00000 0.00000 0.00000 0.00000 0.00000 0.00000 0.00000 0.00000 0.00000 0.00000 0.00000 0.00000 0.00000 0.00000 0.00000 0.00000 0.00000 0.00000 0.00000 0.00000 0.00000 0.00000 0.00000 0.00000 0.00000 0.00000
0.38287 0.43742 0.48761 0.53428 0.57852 0.62002 0.65932 0.69662 0.73212 0.76593 0.79826 0.82923 0.85897 0.88752 0.91509 0.94178 0.96770 0.99294 1.01754 1.04127 1.06520 1.08795 1.10754 0.00000 0.00000 0.00000 0.00000 0.00000 0.00000 0.00000 0.00000 0.00000 0.00000 0.00000 0.00000 0.00000 0.00000 0.00000 0.00000 0.00000 0.00000 0.00000 0.00000 0.00000 0.00000 0.00000 0.00000 0.00000 0.00000 0.00000 0.00000 0.00000
0.41729 0.46800 0.51499 0.55883 0.60049 0.63958 0.67660 0.71174 0.74518 0.77705 0.80756 0.83681 0.86497 0.89207 0.91829 0.94377 0.96857 0.99279 1.01646 1.03924 1.06190 1.08105 0.00000 0.00000 0.00000 0.00000 0.00000 0.00000 0.00000 0.00000 0.00000 0.00000 0.00000 0.00000 0.00000 0.00000 0.00000 0.00000 0.00000 0.00000 0.00000 0.00000 0.00000 0.00000 0.00000 0.00000 0.00000 0.00000 0.00000 0.00000 0.00000 0.00000
0.45022 0.49743 0.54136 0.58245 0.62156 0.65825 0.69302 0.72603 0.75747 0.78746 0.81622 0.84386 0.87052 0.89626 0.92124 0.94558 0.96934 0.99260 1.01531 1.03681 1.05592 0.00000 0.00000 0.00000 0.00000 0.00000 0.00000 0.00000 0.00000 0.00000 0.00000 0.00000 0.00000 0.00000 0.00000 0.00000 0.00000 0.00000 0.00000 0.00000 0.00000 0.00000 0.00000 0.00000 0.00000 0.00000 0.00000 0.00000 0.00000 0.00000 0.00000 0.00000
0.48152 0.52547 0.56648 0.60489 0.64150 0.67587 0.70844 0.73939 0.76892 0.79713 0.82424 0.85036 0.87564 0.90011 0.92394 0.94722 0.97001 0.99229 1.01374 1.03160 0.00000 0.00000 0.00000 0.00000 0.00000 0.00000 0.00000 0.00000 0.00000 0.00000 0.00000 0.00000 0.00000 0.00000 0.00000 0.00000 0.00000 0.00000 0.00000 0.00000 0.00000 0.00000 0.00000 0.00000 0.00000 0.00000 0.00000 0.00000 0.00000 0.00000 0.00000 0.00000
0.51108 0.55197 0.59019 0.62602 0.66022 0.69233 0.72281 0.75180 0.77951 0.80605 0.83163 0.85635 0.88034 0.90364 0.92641 0.94870 0.97051 0.99152 1.00944 0.00000 0.00000 0.00000 0.00000 0.00000 0.00000 0.00000 0.00000 0.00000 0.00000 0.00000 0.00000 0.00000 0.00000 0.00000 0.00000 0.00000 0.00000 0.00000 0.00000 0.00000 0.00000 0.00000 0.00000 0.00000 0.00000 0.00000 0.00000 0.00000 0.00000 0.00000 0.00000 0.00000
0.53883 0.57682 0.61239 0.64574 0.67764 0.70761 0.73610 0.76326 0.78927 0.81426 0.83842 0.86184 0.88466 0.90688 0.92865 0.94996 0.97049 0.98800 0.00000 0.00000 0.00000 0.00000 0.00000 0.00000 0.00000 0.00000 0.00000 0.00000 0.00000 0.00000 0.00000 0.00000 0.00000 0.00000 0.00000 0.00000 0.00000 0.00000 0.00000 0.00000 0.00000 0.00000 0.00000 0.00000 0.00000 0.00000 0.00000 0.00000 0.00000 0.00000 0.00000 0.00000
0.56473 0.59999 0.63303 0.66403 0.69376 0.72171 0.74834 0.77379 0.79824 0.82180 0.84466 0.86689 0.88862 0.90985 0.93062 0.95065 0.96771 0.00000 0.00000 0.00000 0.00000 0.00000 0.00000 0.00000 0.00000 0.00000 0.00000 0.00000 0.00000 0.00000 0.00000 0.00000 0.00000 0.00000 0.00000 0.00000 0.00000 0.00000 0.00000 0.00000 0.00000 0.00000 0.00000 0.00000 0.00000 0.00000 0.00000 0.00000 0.00000 0.00000 0.00000 0.00000
0.58877 0.62146 0.65211 0.68091 0.70860 0.73468 0.75958 0.78346 0.80647 0.82872 0.85038 0.87153 0.89225 0.91248 0.93198 0.94856 0.00000 0.00000 0.00000 0.00000 0.00000 0.00000 0.00000 0.00000 0.00000 0.00000 0.00000 0.00000 0.00000 0.00000 0.00000 0.00000 0.00000 0.00000 0.00000 0.00000 0.00000 0.00000 0.00000 0.00000 0.00000 0.00000 0.00000 0.00000 0.00000 0.00000 0.00000 0.00000 0.00000 0.00000 0.00000 0.00000
0.61100 0.64126 0.66969 0.69644 0.72223 0.74657 0.76989 0.79232 0.81403 0.83508 0.85565 0.87579 0.89551 0.91447 0.93055 0.00000 0.00000 0.00000 0.00000 0.00000 0.00000 0.00000 0.00000 0.00000 0.00000 0.00000 0.00000 0.00000 0.00000 0.00000 0.00000 0.00000 0.00000 0.00000 0.00000 0.00000 0.00000 0.00000 0.00000 0.00000 0.00000 0.00000 0.00000 0.00000 0.00000 0.00000 0.00000 0.00000 0.00000 0.00000 0.00000 0.00000
0.63145 0.65947 0.68583 0.71067 0.73472 0.75746 0.77935 0.80046 0.82097 0.84093 0.86049 0.87963 0.89808 0.91365 0.00000 0.00000 0.00000 0.00000 0.00000 0.00000 0.00000 0.00000 0.00000 0.00000 0.00000 0.00000 0.00000 0.00000 0.00000 0.00000 0.00000 0.00000 0.00000 0.00000 0.00000 0.00000 0.00000 0.00000 0.00000 0.00000 0.00000 0.00000 0.00000 0.00000 0.00000 0.00000 0.00000 0.00000 0.00000 0.00000 0.00000 0.00000
0.65023 0.67616 0.70061 0.72371 0.74615 0.76746 0.78802 0.80794 0.82735 0.84631 0.86487 0.88276 0.89784 0.00000 0.00000 0.00000 0.00000 0.00000 0.00000 0.00000 0.00000 0.00000 0.00000 0.00000 0.00000 0.00000 0.00000 0.00000 0.00000 0.00000 0.00000 0.00000 0.00000 0.00000 0.00000 0.00000 0.00000 0.00000 0.00000 0.00000 0.00000 0.00000 0.00000 0.00000 0.00000 0.00000 0.00000 0.00000 0.00000 0.00000 0.00000 0.00000
0.66741 0.69143 0.71413 0.73564 0.75664 0.77663 0.79599 0.81483 0.83324 0.85120 0.86852 0.88305 0.00000 0.00000 0.00000 0.00000 0.00000 0.00000 0.00000 0.00000 0.00000 0.00000 0.00000 0.00000 0.00000 0.00000 0.00000 0.00000 0.00000 0.00000 0.00000 0.00000 0.00000 0.00000 0.00000 0.00000 0.00000 0.00000 0.00000 0.00000 0.00000 0.00000 0.00000 0.00000 0.00000 0.00000 0.00000 0.00000 0.00000 0.00000 0.00000 0.00000
0.68313 0.70539 0.72651 0.74658 0.76625 0.78505 0.80333 0.82117 0.83859 0.85532 0.86931 0.00000 0.00000 0.00000 0.00000 0.00000 0.00000 0.00000 0.00000 0.00000 0.00000 0.00000 0.00000 0.00000 0.00000 0.00000 0.00000 0.00000 0.00000 0.00000 0.00000 0.00000 0.00000 0.00000 0.00000 0.00000 0.00000 0.00000 0.00000 0.00000 0.00000 0.00000 0.00000 0.00000 0.00000 0.00000 0.00000 0.00000 0.00000 0.00000 0.00000 0.00000
0.69749 0.71817 0.73785 0.75661 0.77509 0.79281 0.81010 0.82695 0.84315 0.85658 0.00000 0.00000 0.00000 0.00000 0.00000 0.00000 0.00000 0.00000 0.00000 0.00000 0.00000 0.00000 0.00000 0.00000 0.00000 0.00000 0.00000 0.00000 0.00000 0.00000 0.00000 0.00000 0.00000 0.00000 0.00000 0.00000 0.00000 0.00000 0.00000 0.00000 0.00000 0.00000 0.00000 0.00000 0.00000 0.00000 0.00000 0.00000 0.00000 0.00000 0.00000 0.00000
0.71063 0.72987 0.74825 0.76583 0.78324 0.79997 0.81628 0.83191 0.84484 0.00000 0.00000 0.00000 0.00000 0.00000 0.00000 0.00000 0.00000 0.00000 0.00000 0.00000 0.00000 0.00000 0.00000 0.00000 0.00000 0.00000 0.00000 0.00000 0.00000 0.00000 0.00000 0.00000 0.00000 0.00000 0.00000 0.00000 0.00000 0.00000 0.00000 0.00000 0.00000 0.00000 0.00000 0.00000 0.00000 0.00000 0.00000 0.00000 0.00000 0.00000 0.00000 0.00000
0.72266 0.74060 0.75781 0.77433 0.79075 0.80651 0.82162 0.83400 0.00000 0.00000 0.00000 0.00000 0.00000 0.00000 0.00000 0.00000 0.00000 0.00000 0.00000 0.00000 0.00000 0.00000 0.00000 0.00000 0.00000 0.00000 0.00000 0.00000 0.00000 0.00000 0.00000 0.00000 0.00000 0.00000 0.00000 0.00000 0.00000 0.00000 0.00000 0.00000 0.00000 0.00000 0.00000 0.00000 0.00000 0.00000 0.00000 0.00000 0.00000 0.00000 0.00000 0.00000
0.73369 0.75047 0.76662 0.78216 0.79762 0.81219 0.82407 0.00000 0.00000 0.00000 0.00000 0.00000 0.00000 0.00000 0.00000 0.00000 0.00000 0.00000 0.00000 0.00000 0.00000 0.00000 0.00000 0.00000 0.00000 0.00000 0.00000 0.00000 0.00000 0.00000 0.00000 0.00000 0.00000 0.00000 0.00000 0.00000 0.00000 0.00000 0.00000 0.00000 0.00000 0.00000 0.00000 0.00000 0.00000 0.00000 0.00000 0.00000 0.00000 0.00000 0.00000 0.00000
0.74383 0.75956 0.77475 0.78934 0.80361 0.81498 0.00000 0.00000 0.00000 0.00000 0.00000 0.00000 0.00000 0.00000 0.00000 0.00000 0.00000 0.00000 0.00000 0.00000 0.00000 0.00000 0.00000 0.00000 0.00000 0.00000 0.00000 0.00000 0.00000 0.00000 0.00000 0.00000 0.00000 0.00000 0.00000 0.00000 0.00000 0.00000 0.00000 0.00000 0.00000 0.00000 0.00000 0.00000 0.00000 0.00000 0.00000 0.00000 0.00000 0.00000 0.00000 0.00000
0.75318 0.76794 0.78219 0.79559 0.80670 0.00000 0.00000 0.00000 0.00000 0.00000 0.00000 0.00000 0.00000 0.00000 0.00000 0.00000 0.00000 0.00000 0.00000 0.00000 0.00000 0.00000 0.00000 0.00000 0.00000 0.00000 0.00000 0.00000 0.00000 0.00000 0.00000 0.00000 0.00000 0.00000 0.00000 0.00000 0.00000 0.00000 0.00000 0.00000 0.00000 0.00000 0.00000 0.00000 0.00000 0.00000 0.00000 0.00000 0.00000 0.00000 0.00000 0.00000
0.76180 0.77564 0.78873 0.79889 0.00000 0.00000 0.00000 0.00000 0.00000 0.00000 0.00000 0.00000 0.00000 0.00000 0.00000 0.00000 0.00000 0.00000 0.00000 0.00000 0.00000 0.00000 0.00000 0.00000 0.00000 0.00000 0.00000 0.00000 0.00000 0.00000 0.00000 0.00000 0.00000 0.00000 0.00000 0.00000 0.00000 0.00000 0.00000 0.00000 0.00000 0.00000 0.00000 0.00000 0.00000 0.00000 0.00000 0.00000 0.00000 0.00000 0.00000 0.00000
0.76972 0.78240 0.79235 0.00000 0.00000 0.00000 0.00000 0.00000 0.00000 0.00000 0.00000 0.00000 0.00000 0.00000 0.00000 0.00000 0.00000 0.00000 0.00000 0.00000 0.00000 0.00000 0.00000 0.00000 0.00000 0.00000 0.00000 0.00000 0.00000 0.00000 0.00000 0.00000 0.00000 0.00000 0.00000 0.00000 0.00000 0.00000 0.00000 0.00000 0.00000 0.00000 0.00000 0.00000 0.00000 0.00000 0.00000 0.00000 0.00000 0.00000 0.00000 0.00000
0.77669 0.78624 0.00000 0.00000 0.00000 0.00000 0.00000 0.00000 0.00000 0.00000 0.00000 0.00000 0.00000 0.00000 0.00000 0.00000 0.00000 0.00000 0.00000 0.00000 0.00000 0.00000 0.00000 0.00000 0.00000 0.00000 0.00000 0.00000 0.00000 0.00000 0.00000 0.00000 0.00000 0.00000 0.00000 0.00000 0.00000 0.00000 0.00000 0.00000 0.00000 0.00000 0.00000 0.00000 0.00000 0.00000 0.00000 0.00000 0.00000 0.00000 0.00000 0.00000
0.78073 0.00000 0.00000 0.00000 0.00000 0.00000 0.00000 0.00000 0.00000 0.00000 0.00000 0.00000 0.00000 0.00000 0.00000 0.00000 0.00000 0.00000 0.00000 0.00000 0.00000 0.00000 0.00000 0.00000 0.00000 0.00000 0.00000 0.00000 0.00000 0.00000 0.00000 0.00000 0.00000 0.00000 0.00000 0.00000 0.00000 0.00000 0.00000 0.00000 0.00000 0.00000 0.00000 0.00000 0.00000 0.00000 0.00000 0.00000 0.00000 0.00000 0.00000 0.00000
