0.58750 0.52331 0.47767 0.44647 0.42737 0.41896 0.42045 0.43150 0.45264 0.48628 0.53768 0.61404 0.72217 0.86714 1.05123
0.52558 0.46114 0.41765 0.38975 0.37450 0.37024 0.37601 0.39141 0.41699 0.45533 0.51194 0.59432 0.70945 0.86235 0.00000
0.44355 0.38259 0.34473 0.32314 0.31433 0.31642 0.32836 0.34976 0.38126 0.42567 0.48883 0.57847 0.70143 0.00000 0.00000
0.34988 0.29737 0.26948 0.25780 0.25840 0.26932 0.28953 0.31867 0.35760 0.40950 0.48057 0.57841 0.00000 0.00000 0.00000
0.25163 0.21545 0.20341 0.20598 0.21934 0.24170 0.27218 0.31060 0.35815 0.41854 0.49816 0.00000 0.00000 0.00000 0.00000
0.15563 0.15021 0.16173 0.18309 0.21208 0.24771 0.28949 0.33759 0.39374 0.46211 0.00000 0.00000 0.00000 0.00000 0.00000
0.06609 0.12625 0.16893 0.21093 0.25548 0.30338 0.35480 0.41045 0.47252 0.00000 0.00000 0.00000 0.00000 0.00000 0.00000
0.00000 0.24862 0.28858 0.33285 0.38079 0.43156 0.48466 0.54043 0.00000 0.00000 0.00000 0.00000 0.00000 0.00000 0.00000
0.09093 0.20821 0.27769 0.33754 0.39445 0.44990 0.50405 0.00000 0.00000 0.00000 0.00000 0.00000 0.00000 0.00000 0.00000
0.16097 0.24566 0.31283 0.37370 0.43098 0.48486 0.00000 0.00000 0.00000 0.00000 0.00000 0.00000 0.00000 0.00000 0.00000
0.22748 0.29897 0.36226 0.42082 0.47489 0.00000 0.00000 0.00000 0.00000 0.00000 0.00000 0.00000 0.00000 0.00000 0.00000
0.29136 0.35606 0.41542 0.46977 0.00000 0.00000 0.00000 0.00000 0.00000 0.00000 0.00000 0.00000 0.00000 0.00000 0.00000
0.35278 0.41261 0.46717 0.00000 0.00000 0.00000 0.00000 0.00000 0.00000 0.00000 0.00000 0.00000 0.00000 0.00000 0.00000
0.41118 0.46588 0.00000 0.00000 0.00000 0.00000 0.00000 0.00000 0.00000 0.00000 0.00000 0.00000 0.00000 0.00000 0.00000
0.46525 0.00000 0.00000 0.00000 0.00000 0.00000 0.00000 0.00000 0.00000 0.00000 0.00000 0.00000 0.00000 0.00000 0.00000
