0.58888 0.52512 0.47536 0.43651 0.40682 0.38534 0.37163 0.36547 0.36658 0.37447 0.38831 0.40689 0.42876 0.45244 0.47683 0.50206 0.53192 0.58030 0.68022
0.53569 0.47062 0.42140 0.38408 0.35647 0.33742 0.32637 0.32301 0.32704 0.33791 0.35470 0.37616 0.40076 0.42698 0.45369 0.48105 0.51304 0.56408 0.00000
0.46575 0.40145 0.35483 0.32091 0.29705 0.28190 0.27483 0.27548 0.28349 0.29827 0.31883 0.34383 0.37170 0.40086 0.43018 0.45990 0.49417 0.00000 0.00000
0.38448 0.32333 0.28165 0.25321 0.23496 0.22540 0.22384 0.22989 0.24312 0.26285 0.28801 0.31717 0.34868 0.38098 0.41295 0.44490 0.00000 0.00000 0.00000
0.29724 0.24227 0.20841 0.18797 0.17754 0.17558 0.18136 0.19445 0.21431 0.24011 0.27064 0.30437 0.33962 0.37486 0.40905 0.00000 0.00000 0.00000 0.00000
0.21139 0.16658 0.14403 0.13446 0.13430 0.14209 0.15713 0.17886 0.20659 0.23927 0.27551 0.31370 0.35220 0.38955 0.00000 0.00000 0.00000 0.00000 0.00000
0.13318 0.10515 0.09854 0.10304 0.11560 0.13511 0.16093 0.19237 0.22848 0.26799 0.30939 0.35106 0.39145 0.00000 0.00000 0.00000 0.00000 0.00000 0.00000
0.06557 0.07066 0.08582 0.10707 0.13384 0.16587 0.20267 0.24343 0.28696 0.33181 0.37645 0.41937 0.00000 0.00000 0.00000 0.00000 0.00000 0.00000 0.00000
0.00000 0.11449 0.14128 0.17306 0.20972 0.25073 0.29516 0.34175 0.38900 0.43539 0.47942 0.00000 0.00000 0.00000 0.00000 0.00000 0.00000 0.00000 0.00000
0.04174 0.10448 0.14806 0.19043 0.23465 0.28102 0.32879 0.37678 0.42363 0.46800 0.00000 0.00000 0.00000 0.00000 0.00000 0.00000 0.00000 0.00000 0.00000
0.08733 0.13650 0.18159 0.22738 0.27471 0.32308 0.37145 0.41852 0.46302 0.00000 0.00000 0.00000 0.00000 0.00000 0.00000 0.00000 0.00000 0.00000 0.00000
0.13154 0.17783 0.22431 0.27208 0.32074 0.36928 0.41647 0.46103 0.00000 0.00000 0.00000 0.00000 0.00000 0.00000 0.00000 0.00000 0.00000 0.00000 0.00000
0.17633 0.22310 0.27105 0.31983 0.36846 0.41570 0.46029 0.00000 0.00000 0.00000 0.00000 0.00000 0.00000 0.00000 0.00000 0.00000 0.00000 0.00000 0.00000
0.22265 0.27067 0.31950 0.36816 0.41542 0.46003 0.00000 0.00000 0.00000 0.00000 0.00000 0.00000 0.00000 0.00000 0.00000 0.00000 0.00000 0.00000 0.00000
0.27054 0.31939 0.36806 0.41533 0.45994 0.00000 0.00000 0.00000 0.00000 0.00000 0.00000 0.00000 0.00000 0.00000 0.00000 0.00000 0.00000 0.00000 0.00000
0.31935 0.36803 0.41530 0.45992 0.00000 0.00000 0.00000 0.00000 0.00000 0.00000 0.00000 0.00000 0.00000 0.00000 0.00000 0.00000 0.00000 0.00000 0.00000
0.36802 0.41529 0.45991 0.00000 0.00000 0.00000 0.00000 0.00000 0.00000 0.00000 0.00000 0.00000 0.00000 0.00000 0.00000 0.00000 0.00000 0.00000 0.00000
0.41529 0.45991 0.00000 0.00000 0.00000 0.00000 0.00000 0.00000 0.00000 0.00000 0.00000 0.00000 0.00000 0.00000 0.00000 0.00000 0.00000 0.00000 0.00000
0.45990 0.00000 0.00000 0.00000 0.00000 0.00000 0.00000 0.00000 0.00000 0.00000 0.00000 0.00000 0.00000 0.00000 0.00000 0.00000 0.00000 0.00000 0.00000
