0.77436 0.77653 0.78091 0.78706 0.79597 0.80747 0.82156 0.83923 0.86040 0.88575 0.91417 0.94653 0.98227 1.02122 1.06310 1.10745 1.15514 1.20515 1.25856 1.31599 1.37742 1.44468 1.51982 1.60572 1.70691 1.83127 1.98960 2.20206 2.51481 3.02713 3.95339 5.76030
0.76677 0.76932 0.77413 0.78074 0.79019 0.80227 0.81699 0.83536 0.85730 0.88350 0.91280 0.94610 0.98282 1.02279 1.06571 1.11110 1.15987 1.21095 1.26547 1.32405 1.38666 1.45517 1.53168 1.61911 1.72209 1.84864 2.00979 2.22626 2.54567 3.07017 4.01645 0.00000
0.75811 0.76113 0.76647 0.77365 0.78372 0.79647 0.81192 0.83108 0.85388 0.88102 0.91131 0.94565 0.98345 1.02454 1.06859 1.11513 1.16507 1.21733 1.27304 1.33287 1.39676 1.46663 1.54462 1.63371 1.73863 1.86760 2.03208 2.25396 2.58355 3.12578 0.00000 0.00000
0.74852 0.75211 0.75806 0.76589 0.77666 0.79017 0.80641 0.82645 0.85020 0.87836 0.90970 0.94517 0.98413 1.02641 1.07167 1.11942 1.17060 1.22410 1.28108 1.34222 1.40746 1.47876 1.55830 1.64916 1.75617 1.88799 2.05714 2.28805 2.63405 0.00000 0.00000 0.00000
0.73763 0.74189 0.74857 0.75713 0.76871 0.78306 0.80020 0.82120 0.84596 0.87523 0.90772 0.94439 0.98458 1.02812 1.07466 1.12369 1.17618 1.23098 1.28929 1.35179 1.41844 1.49123 1.57240 1.66514 1.77466 1.91068 2.08833 2.33518 0.00000 0.00000 0.00000 0.00000
0.72525 0.73032 0.73784 0.74726 0.75975 0.77505 0.79316 0.81522 0.84110 0.87157 0.90528 0.94323 0.98474 1.02962 1.07751 1.12789 1.18174 1.23790 1.29760 1.36152 1.42963 1.50397 1.58690 1.68194 1.79537 1.93965 2.13328 0.00000 0.00000 0.00000 0.00000 0.00000
0.71119 0.71722 0.72574 0.73614 0.74966 0.76603 0.78524 0.80846 0.83556 0.86733 0.90236 0.94169 0.98460 1.03090 1.08021 1.13200 1.18730 1.24488 1.30601 1.37142 1.44105 1.51708 1.60219 1.70099 1.82262 1.98315 0.00000 0.00000 0.00000 0.00000 0.00000 0.00000
0.69524 0.70243 0.71212 0.72366 0.73838 0.75595 0.77638 0.80089 0.82933 0.86251 0.89897 0.93977 0.98418 1.03199 1.08281 1.13609 1.19290 1.25196 1.31460 1.38156 1.45286 1.53101 1.61983 1.72691 1.86520 0.00000 0.00000 0.00000 0.00000 0.00000 0.00000 0.00000
0.67723 0.68583 0.69690 0.70978 0.72586 0.74480 0.76660 0.79254 0.82245 0.85718 0.89517 0.93757 0.98358 1.03299 1.08541 1.14027 1.19866 1.25928 1.32351 1.39217 1.46559 1.54747 1.64473 1.76904 0.00000 0.00000 0.00000 0.00000 0.00000 0.00000 0.00000 0.00000
0.65703 0.66732 0.68005 0.69449 0.71214 0.73264 0.75598 0.78351 0.81504 0.85146 0.89112 0.93523 0.98296 1.03408 1.08820 1.14471 1.20478 1.26704 1.33301 1.40386 1.48108 1.57164 1.68678 0.00000 0.00000 0.00000 0.00000 0.00000 0.00000 0.00000 0.00000 0.00000
0.63454 0.64690 0.66159 0.67786 0.69733 0.71960 0.74468 0.77397 0.80729 0.84556 0.88704 0.93300 0.98256 1.03552 1.09143 1.14970 1.21154 1.27561 1.34382 1.41860 1.50480 1.61393 0.00000 0.00000 0.00000 0.00000 0.00000 0.00000 0.00000 0.00000 0.00000 0.00000
0.60969 0.62454 0.64157 0.66001 0.68157 0.70587 0.73290 0.76417 0.79947 0.83976 0.88321 0.93116 0.98270 1.03760 1.09543 1.15556 1.21936 1.28576 1.35803 1.44215 1.54769 0.00000 0.00000 0.00000 0.00000 0.00000 0.00000 0.00000 0.00000 0.00000 0.00000 0.00000
0.58238 0.60029 0.62013 0.64109 0.66510 0.69171 0.72094 0.75441 0.79190 0.83441 0.88000 0.93011 0.98376 1.04074 1.10060 1.16279 1.22910 1.29972 1.38168 1.48597 0.00000 0.00000 0.00000 0.00000 0.00000 0.00000 0.00000 0.00000 0.00000 0.00000 0.00000 0.00000
0.55253 0.57421 0.59741 0.62137 0.64821 0.67746 0.70918 0.74511 0.78500 0.82994 0.87786 0.93028 0.98620 1.04540 1.10752 1.17233 1.24311 1.32381 1.42677 0.00000 0.00000 0.00000 0.00000 0.00000 0.00000 0.00000 0.00000 0.00000 0.00000 0.00000 0.00000 0.00000
0.52008 0.54642 0.57369 0.60120 0.63131 0.66358 0.69811 0.73678 0.77932 0.82690 0.87734 0.93226 0.99060 1.05224 1.11720 1.18668 1.26804 1.37063 0.00000 0.00000 0.00000 0.00000 0.00000 0.00000 0.00000 0.00000 0.00000 0.00000 0.00000 0.00000 0.00000 0.00000
0.48501 0.51715 0.54934 0.58105 0.61497 0.65070 0.68838 0.73009 0.77553 0.82598 0.87913 0.93673 0.99774 1.06245 1.13237 1.21287 1.31712 0.00000 0.00000 0.00000 0.00000 0.00000 0.00000 0.00000 0.00000 0.00000 0.00000 0.00000 0.00000 0.00000 0.00000 0.00000
0.44732 0.48678 0.52497 0.56167 0.59999 0.63964 0.68085 0.72591 0.77451 0.82806 0.88413 0.94467 1.00898 1.07896 1.16044 1.26476 0.00000 0.00000 0.00000 0.00000 0.00000 0.00000 0.00000 0.00000 0.00000 0.00000 0.00000 0.00000 0.00000 0.00000 0.00000 0.00000
0.40712 0.45591 0.50144 0.54406 0.58747 0.63156 0.67668 0.72540 0.77740 0.83425 0.89351 0.95766 1.02756 1.10965 1.21603 0.00000 0.00000 0.00000 0.00000 0.00000 0.00000 0.00000 0.00000 0.00000 0.00000 0.00000 0.00000 0.00000 0.00000 0.00000 0.00000 0.00000
0.36457 0.42545 0.48004 0.52967 0.57892 0.62797 0.67736 0.73001 0.78564 0.84606 0.90918 0.97930 1.06190 1.16998 0.00000 0.00000 0.00000 0.00000 0.00000 0.00000 0.00000 0.00000 0.00000 0.00000 0.00000 0.00000 0.00000 0.00000 0.00000 0.00000 0.00000 0.00000
0.31993 0.39684 0.46264 0.52057 0.57642 0.63091 0.68486 0.74167 0.80115 0.86578 0.93519 1.01870 1.12845 0.00000 0.00000 0.00000 0.00000 0.00000 0.00000 0.00000 0.00000 0.00000 0.00000 0.00000 0.00000 0.00000 0.00000 0.00000 0.00000 0.00000 0.00000 0.00000
0.27354 0.37231 0.45213 0.51975 0.58289 0.64317 0.70183 0.76295 0.82686 0.89816 0.98159 1.09355 0.00000 0.00000 0.00000 0.00000 0.00000 0.00000 0.00000 0.00000 0.00000 0.00000 0.00000 0.00000 0.00000 0.00000 0.00000 0.00000 0.00000 0.00000 0.00000 0.00000
0.22577 0.35569 0.45310 0.53174 0.60258 0.66867 0.73193 0.79775 0.86848 0.95453 1.06774 0.00000 0.00000 0.00000 0.00000 0.00000 0.00000 0.00000 0.00000 0.00000 0.00000 0.00000 0.00000 0.00000 0.00000 0.00000 0.00000 0.00000 0.00000 0.00000 0.00000 0.00000
0.17704 0.35426 0.47350 0.56385 0.64192 0.71316 0.78085 0.85351 0.93942 1.05676 0.00000 0.00000 0.00000 0.00000 0.00000 0.00000 0.00000 0.00000 0.00000 0.00000 0.00000 0.00000 0.00000 0.00000 0.00000 0.00000 0.00000 0.00000 0.00000 0.00000 0.00000 0.00000
0.12782 0.38442 0.52881 0.62887 0.71151 0.78615 0.85932 0.94720 1.06552 0.00000 0.00000 0.00000 0.00000 0.00000 0.00000 0.00000 0.00000 0.00000 0.00000 0.00000 0.00000 0.00000 0.00000 0.00000 0.00000 0.00000 0.00000 0.00000 0.00000 0.00000 0.00000 0.00000
0.07854 0.49453 0.65464 0.75220 0.83094 0.90610 0.99153 1.11197 0.00000 0.00000 0.00000 0.00000 0.00000 0.00000 0.00000 0.00000 0.00000 0.00000 0.00000 0.00000 0.00000 0.00000 0.00000 0.00000 0.00000 0.00000 0.00000 0.00000 0.00000 0.00000 0.00000 0.00000
0.00000 0.92455 0.95713 0.99370 1.04293 1.11551 1.22657 0.00000 0.00000 0.00000 0.00000 0.00000 0.00000 0.00000 0.00000 0.00000 0.00000 0.00000 0.00000 0.00000 0.00000 0.00000 0.00000 0.00000 0.00000 0.00000 0.00000 0.00000 0.00000 0.00000 0.00000 0.00000
0.01887 0.47962 0.65647 0.76989 0.87679 1.00717 0.00000 0.00000 0.00000 0.00000 0.00000 0.00000 0.00000 0.00000 0.00000 0.00000 0.00000 0.00000 0.00000 0.00000 0.00000 0.00000 0.00000 0.00000 0.00000 0.00000 0.00000 0.00000 0.00000 0.00000 0.00000 0.00000
0.06652 0.36473 0.53608 0.67207 0.81555 0.00000 0.00000 0.00000 0.00000 0.00000 0.00000 0.00000 0.00000 0.00000 0.00000 0.00000 0.00000 0.00000 0.00000 0.00000 0.00000 0.00000 0.00000 0.00000 0.00000 0.00000 0.00000 0.00000 0.00000 0.00000 0.00000 0.00000
0.11415 0.33550 0.49780 0.65196 0.00000 0.00000 0.00000 0.00000 0.00000 0.00000 0.00000 0.00000 0.00000 0.00000 0.00000 0.00000 0.00000 0.00000 0.00000 0.00000 0.00000 0.00000 0.00000 0.00000 0.00000 0.00000 0.00000 0.00000 0.00000 0.00000 0.00000 0.00000
0.16438 0.34939 0.51324 0.00000 0.00000 0.00000 0.00000 0.00000 0.00000 0.00000 0.00000 0.00000 0.00000 0.00000 0.00000 0.00000 0.00000 0.00000 0.00000 0.00000 0.00000 0.00000 0.00000 0.00000 0.00000 0.00000 0.00000 0.00000 0.00000 0.00000 0.00000 0.00000
0.22352 0.39565 0.00000 0.00000 0.00000 0.00000 0.00000 0.00000 0.00000 0.00000 0.00000 0.00000 0.00000 0.00000 0.00000 0.00000 0.00000 0.00000 0.00000 0.00000 0.00000 0.00000 0.00000 0.00000 0.00000 0.00000 0.00000 0.00000 0.00000 0.00000 0.00000 0.00000
0.29627 0.00000 0.00000 0.00000 0.00000 0.00000 0.00000 0.00000 0.00000 0.00000 0.00000 0.00000 0.00000 0.00000 0.00000 0.00000 0.00000 0.00000 0.00000 0.00000 0.00000 0.00000 0.00000 0.00000 0.00000 0.00000 0.00000 0.00000 0.00000 0.00000 0.00000 0.00000
