0.00000 0.97325 0.97920 0.97050 0.95413 0.93150 0.90371 0.87227 0.83892 0.80535 0.77298 0.74291 0.71597 0.69275 0.67370 0.65922 0.68655 0.72058 0.76342 0.81831 0.89027 0.98598 1.11389 1.28564 1.52332 1.87696 2.47558 3.75517
0.00000 0.98266 0.96588 0.94395 0.91644 0.88412 0.84844 0.81114 0.77387 0.73798 0.70446 0.67405 0.64729 0.62455 0.60615 0.62775 0.65470 0.68846 0.73127 0.78666 0.85994 0.95835 1.09099 1.27046 1.52111 1.89868 2.54375 0.00000
0.00000 0.94673 0.92149 0.89074 0.85507 0.81617 0.77587 0.73583 0.69733 0.66129 0.62834 0.59893 0.57336 0.55190 0.56842 0.58932 0.61561 0.64882 0.69147 0.74729 0.82214 0.92383 1.06233 1.25199 1.52228 1.94035 0.00000 0.00000
0.00000 0.89409 0.85988 0.82118 0.77947 0.73669 0.69450 0.65409 0.61626 0.58154 0.55026 0.52265 0.49888 0.51099 0.52660 0.54657 0.57195 0.60451 0.64695 0.70349 0.78054 0.88676 1.03357 1.23943 1.54423 0.00000 0.00000 0.00000
0.00000 0.82379 0.78221 0.73832 0.69377 0.65016 0.60862 0.56981 0.53414 0.50182 0.47300 0.44777 0.45618 0.46731 0.48187 0.50073 0.52517 0.55708 0.59961 0.65754 0.73815 0.85142 1.01218 1.24758 0.00000 0.00000 0.00000 0.00000
0.00000 0.73909 0.69349 0.64799 0.60379 0.56190 0.52289 0.48706 0.45450 0.42527 0.39940 0.40492 0.41242 0.42253 0.43596 0.45378 0.47733 0.50891 0.55224 0.61293 0.69960 0.82527 1.01196 0.00000 0.00000 0.00000 0.00000 0.00000
0.00000 0.64674 0.60081 0.55678 0.51528 0.47676 0.44142 0.40929 0.38034 0.35453 0.35795 0.36272 0.36936 0.37847 0.39093 0.40781 0.43085 0.46278 0.50817 0.57397 0.67169 0.82045 0.00000 0.00000 0.00000 0.00000 0.00000 0.00000
0.00000 0.55407 0.51062 0.47006 0.43257 0.39821 0.36699 0.33884 0.31363 0.31562 0.31849 0.32263 0.32848 0.33681 0.34845 0.36477 0.38791 0.42133 0.47088 0.54630 0.66460 0.00000 0.00000 0.00000 0.00000 0.00000 0.00000 0.00000
0.00000 0.46664 0.42725 0.39108 0.35806 0.32808 0.30102 0.27678 0.27787 0.27951 0.28196 0.28554 0.29085 0.29856 0.30974 0.32606 0.35030 0.38702 0.44473 0.53820 0.00000 0.00000 0.00000 0.00000 0.00000 0.00000 0.00000 0.00000
0.00000 0.38754 0.35280 0.32122 0.29265 0.26689 0.24381 0.24437 0.24524 0.24664 0.24875 0.25201 0.25691 0.26431 0.27552 0.29266 0.31954 0.36307 0.43639 0.00000 0.00000 0.00000 0.00000 0.00000 0.00000 0.00000 0.00000 0.00000
0.00000 0.31788 0.28777 0.26061 0.23623 0.21441 0.21467 0.21511 0.21587 0.21705 0.21905 0.22206 0.22681 0.23430 0.24621 0.26547 0.29805 0.35494 0.00000 0.00000 0.00000 0.00000 0.00000 0.00000 0.00000 0.00000 0.00000 0.00000
0.00000 0.25756 0.23182 0.20876 0.18824 0.18836 0.18854 0.18894 0.18957 0.19077 0.19266 0.19565 0.20054 0.20867 0.22235 0.24636 0.29042 0.00000 0.00000 0.00000 0.00000 0.00000 0.00000 0.00000 0.00000 0.00000 0.00000 0.00000
0.00000 0.20602 0.18430 0.16499 0.16506 0.16511 0.16529 0.16561 0.16635 0.16750 0.16948 0.17264 0.17812 0.18772 0.20550 0.23933 0.00000 0.00000 0.00000 0.00000 0.00000 0.00000 0.00000 0.00000 0.00000 0.00000 0.00000 0.00000
0.00000 0.16253 0.14446 0.14445 0.14449 0.14455 0.14461 0.14512 0.14586 0.14712 0.14936 0.15303 0.15971 0.17289 0.19918 0.00000 0.00000 0.00000 0.00000 0.00000 0.00000 0.00000 0.00000 0.00000 0.00000 0.00000 0.00000 0.00000
0.00000 0.12633 0.12639 0.12627 0.12648 0.12623 0.12662 0.12712 0.12800 0.12947 0.13234 0.13684 0.14667 0.16728 0.00000 0.00000 0.00000 0.00000 0.00000 0.00000 0.00000 0.00000 0.00000 0.00000 0.00000 0.00000 0.00000 0.00000
0.00000 0.00000 0.00000 0.00000 0.00000 0.00000 0.00000 0.00000 0.00000 0.00000 0.00000 0.00000 0.00000 0.00000 0.00000 0.00000 0.00000 0.00000 0.00000 0.00000 0.00000 0.00000 0.00000 0.00000 0.00000 0.00000 0.00000 0.00000
0.00000 0.00000 0.00000 0.00000 0.00000 0.00000 0.00000 0.00000 0.00000 0.00000 0.00000 0.00000 0.00000 0.00000 0.00000 0.00000 0.00000 0.00000 0.00000 0.00000 0.00000 0.00000 0.00000 0.00000 0.00000 0.00000 0.00000 0.00000
0.00000 0.00000 0.00000 0.00000 0.00000 0.00000 0.00000 0.00000 0.00000 0.00000 0.00000 0.00000 0.00000 0.00000 0.00000 0.00000 0.00000 0.00000 0.00000 0.00000 0.00000 0.00000 0.00000 0.00000 0.00000 0.00000 0.00000 0.00000
0.00000 0.00000 0.00000 0.00000 0.00000 0.00000 0.00000 0.00000 0.00000 0.00000 0.00000 0.00000 0.00000 0.00000 0.00000 0.00000 0.00000 0.00000 0.00000 0.00000 0.00000 0.00000 0.00000 0.00000 0.00000 0.00000 0.00000 0.00000
0.00000 0.00000 0.00000 0.00000 0.00000 0.00000 0.00000 0.00000 0.00000 0.00000 0.00000 0.00000 0.00000 0.00000 0.00000 0.00000 0.00000 0.00000 0.00000 0.00000 0.00000 0.00000 0.00000 0.00000 0.00000 0.00000 0.00000 0.00000
0.00000 0.00000 0.00000 0.00000 0.00000 0.00000 0.00000 0.00000 0.00000 0.00000 0.00000 0.00000 0.00000 0.00000 0.00000 0.00000 0.00000 0.00000 0.00000 0.00000 0.00000 0.00000 0.00000 0.00000 0.00000 0.00000 0.00000 0.00000
0.00000 0.00000 0.00000 0.00000 0.00000 0.00000 0.00000 0.00000 0.00000 0.00000 0.00000 0.00000 0.00000 0.00000 0.00000 0.00000 0.00000 0.00000 0.00000 0.00000 0.00000 0.00000 0.00000 0.00000 0.00000 0.00000 0.00000 0.00000
0.00000 0.00000 0.00000 0.00000 0.00000 0.00000 0.00000 0.00000 0.00000 0.00000 0.00000 0.00000 0.00000 0.00000 0.00000 0.00000 0.00000 0.00000 0.00000 0.00000 0.00000 0.00000 0.00000 0.00000 0.00000 0.00000 0.00000 0.00000
0.00000 0.00000 0.00000 0.00000 0.00000 0.00000 0.00000 0.00000 0.00000 0.00000 0.00000 0.00000 0.00000 0.00000 0.00000 0.00000 0.00000 0.00000 0.00000 0.00000 0.00000 0.00000 0.00000 0.00000 0.00000 0.00000 0.00000 0.00000
0.00000 0.00000 0.00000 0.00000 0.00000 0.00000 0.00000 0.00000 0.00000 0.00000 0.00000 0.00000 0.00000 0.00000 0.00000 0.00000 0.00000 0.00000 0.00000 0.00000 0.00000 0.00000 0.00000 0.00000 0.00000 0.00000 0.00000 0.00000
0.00000 0.00000 0.00000 0.00000 0.00000 0.00000 0.00000 0.00000 0.00000 0.00000 0.00000 0.00000 0.00000 0.00000 0.00000 0.00000 0.00000 0.00000 0.00000 0.00000 0.00000 0.00000 0.00000 0.00000 0.00000 0.00000 0.00000 0.00000
0.00000 0.00000 0.00000 0.00000 0.00000 0.00000 0.00000 0.00000 0.00000 0.00000 0.00000 0.00000 0.00000 0.00000 0.00000 0.00000 0.00000 0.00000 0.00000 0.00000 0.00000 0.00000 0.00000 0.00000 0.00000 0.00000 0.00000 0.00000
0.00000 0.00000 0.00000 0.00000 0.00000 0.00000 0.00000 0.00000 0.00000 0.00000 0.00000 0.00000 0.00000 0.00000 0.00000 0.00000 0.00000 0.00000 0.00000 0.00000 0.00000 0.00000 0.00000 0.00000 0.00000 0.00000 0.00000 0.00000
