17.512728 18.598606 19.767338 21.024441 22.358143 23.767807 25.256081 26.812479 28.428888 30.096132 31.819229 33.594589 35.409069 37.257008 39.152878 41.088791 43.071556 45.097256 47.185955 49.348251 51.648811 54.051292 56.612164 59.392113 62.407578 65.758011 69.476486 73.702438 78.635399 84.376137 91.184776 99.499725 109.978142 123.869270 143.574387 174.142578 226.769531 329.000000
17.489935 18.618450 19.828362 21.124891 22.495647 23.938906 25.457825 27.041998 28.682856 30.370770 32.111977 33.902485 35.728737 37.586178 39.490120 41.431694 43.419384 45.448112 47.538876 49.702740 52.005650 54.409008 56.970810 59.752090 62.767956 66.118431 69.836449 74.061691 78.992233 84.726234 91.521828 99.822495 110.297546 124.219650 143.997665 174.607391 226.968491 0.000000
17.670210 18.847879 20.104977 21.446459 22.859180 24.340300 25.893507 27.508642 29.176506 30.886974 32.647823 34.454502 36.293293 38.160591 40.072918 42.019936 44.012486 46.044144 48.136692 50.301716 52.607056 55.011040 57.573799 60.356224 63.372036 66.721588 70.437195 74.658852 79.583321 85.307152 92.089241 100.383789 110.875854 124.852531 144.695267 175.238510 0.000000 0.000000
18.009901 19.239826 20.546721 21.935289 23.391617 24.911844 26.500105 28.146749 29.841808 31.574659 33.354786 35.177078 37.027821 38.904236 40.824306 42.775860 44.772736 46.806866 48.900684 51.066242 53.373962 55.778305 58.341969 61.125328 64.140266 67.487167 71.197571 75.412025 80.326790 86.040146 92.815903 101.121819 111.652451 125.685417 145.516083 0.000000 0.000000 0.000000
18.469543 19.751947 21.108355 22.543344 24.042284 25.600454 27.222277 28.898956 30.619610 32.373070 34.170807 36.006962 37.868282 39.752392 41.679070 43.634014 45.634445 47.670650 49.765274 51.930931 54.241081 56.645786 59.210327 61.994125 65.007133 68.349045 72.051094 76.255196 81.160286 86.870041 93.655113 101.991669 112.566742 126.598953 0.000000 0.000000 0.000000 0.000000
19.020306 20.353323 21.756950 23.235786 24.774569 26.367878 28.020376 29.724312 31.467813 33.239265 35.052219 36.899925 38.769974 40.660114 42.592144 44.549419 46.552689 48.590752 50.685921 52.851368 55.164238 57.569363 60.134583 62.917931 65.927528 69.261780 72.952980 77.147148 82.049194 87.769691 94.581238 102.955109 113.528961 0.000000 0.000000 0.000000 0.000000 0.000000
19.642942 21.023401 22.470705 23.989624 25.564484 27.189274 28.868793 30.596521 32.359657 34.146065 35.971581 37.828419 39.705341 41.599865 43.535934 45.494812 47.500420 49.540268 51.635921 53.801098 56.117008 58.522346 61.087566 63.868820 66.873093 70.197678 73.878922 78.069786 82.982368 88.728943 95.573318 103.944405 0.000000 0.000000 0.000000 0.000000 0.000000 0.000000
20.324749 21.748682 23.235462 24.790112 26.396841 28.049072 29.751701 31.499586 33.279099 35.077423 36.912952 38.776649 40.658691 42.556145 44.495281 46.455357 48.463028 50.504696 52.600861 54.765743 57.084862 59.489868 62.053471 64.830437 67.827911 71.143867 74.821991 79.022392 83.959724 89.737816 96.577843 0.000000 0.000000 0.000000 0.000000 0.000000 0.000000 0.000000
21.056875 22.519941 24.041742 25.627569 27.261898 28.937431 30.659357 32.423817 34.216587 36.024071 37.867359 39.736034 41.621738 43.520927 45.462296 47.423645 49.433315 51.476894 53.573505 55.737904 58.059864 60.463196 63.023117 65.793907 68.785881 72.099876 75.787560 80.010910 84.978081 90.751526 0.000000 0.000000 0.000000 0.000000 0.000000 0.000000 0.000000 0.000000
21.832520 23.330238 24.882513 26.495024 28.152782 29.847673 31.585287 33.363079 35.166264 36.980499 38.829735 40.701859 42.590122 44.490231 46.433388 48.396267 50.408051 52.453514 54.550285 56.713455 59.037216 61.437023 63.991482 66.757011 69.749878 73.074158 76.784248 81.035255 85.996834 0.000000 0.000000 0.000000 0.000000 0.000000 0.000000 0.000000 0.000000 0.000000
22.645826 24.173716 25.752071 27.386995 29.064325 30.774862 32.524918 34.313168 36.124367 37.943420 39.797161 41.671677 43.561729 45.462269 47.407066 49.371853 51.385975 53.432907 55.528973 57.689671 60.013523 62.408298 64.958260 67.724525 70.729675 74.076553 77.813614 82.057236 0.000000 0.000000 0.000000 0.000000 0.000000 0.000000 0.000000 0.000000 0.000000 0.000000
23.491587 25.045332 26.645576 28.298964 29.992317 31.715219 33.474854 35.271107 37.088333 38.910736 40.767994 42.644238 44.535675 46.436478 48.382866 50.349899 52.366344 54.413845 56.507656 58.664074 60.986645 63.377502 65.928894 68.706963 71.735573 75.109131 78.838753 0.000000 0.000000 0.000000 0.000000 0.000000 0.000000 0.000000 0.000000 0.000000 0.000000 0.000000
24.365000 25.940487 27.558741 29.227079 30.933292 32.665653 34.432442 36.234688 38.056400 39.881107 41.741226 43.618824 45.511520 47.412575 49.360760 51.330059 53.348305 55.394772 57.484337 59.635235 61.957527 64.350372 66.913956 69.714783 72.769882 76.136055 0.000000 0.000000 0.000000 0.000000 0.000000 0.000000 0.000000 0.000000 0.000000 0.000000 0.000000 0.000000
25.261667 26.855110 28.487852 30.168020 31.884338 33.623722 35.395664 37.202293 39.027340 40.853725 42.716358 44.595295 46.489323 48.390652 50.340603 52.311592 54.330536 56.373936 58.457817 60.604412 62.931915 65.337364 67.923454 70.750191 73.797501 0.000000 0.000000 0.000000 0.000000 0.000000 0.000000 0.000000 0.000000 0.000000 0.000000 0.000000 0.000000 0.000000
26.177601 27.785553 29.429638 31.118931 32.843021 34.587437 36.362984 38.172752 40.000416 41.828175 43.693233 45.573570 47.469059 49.370514 51.321690 53.293201 55.311199 57.350048 59.429470 61.577633 63.920238 66.348190 68.959610 71.778259 0.000000 0.000000 0.000000 0.000000 0.000000 0.000000 0.000000 0.000000 0.000000 0.000000 0.000000 0.000000 0.000000 0.000000
27.109238 28.728600 30.381283 32.077488 33.807392 35.555248 37.333248 39.145302 40.975201 42.804199 44.671783 46.553692 48.450527 50.351547 52.302898 54.273186 56.289040 58.324284 60.405106 62.565060 64.931885 67.384995 69.987671 0.000000 0.000000 0.000000 0.000000 0.000000 0.000000 0.000000 0.000000 0.000000 0.000000 0.000000 0.000000 0.000000 0.000000 0.000000
28.053362 29.681486 31.340462 33.041756 34.775890 36.526077 38.305756 40.119507 41.951523 43.781738 45.652008 47.535427 49.433220 51.332584 53.282505 55.250198 57.264961 59.302235 61.394672 63.575974 65.968864 68.413132 0.000000 0.000000 0.000000 0.000000 0.000000 0.000000 0.000000 0.000000 0.000000 0.000000 0.000000 0.000000 0.000000 0.000000 0.000000 0.000000
29.007240 30.641874 32.305210 34.010201 35.747341 37.499088 39.280048 41.095116 42.929356 44.760757 46.633801 48.518307 50.415989 52.312096 54.259399 56.225456 58.244476 60.293541 62.407131 64.611977 66.996719 0.000000 0.000000 0.000000 0.000000 0.000000 0.000000 0.000000 0.000000 0.000000 0.000000 0.000000 0.000000 0.000000 0.000000 0.000000 0.000000 0.000000
29.968531 31.607798 33.274002 34.981674 36.720951 38.473866 40.255867 42.072113 43.908714 45.741081 47.616642 49.501175 51.397236 53.288891 55.234669 57.204281 59.236801 61.306847 63.444004 65.638573 0.000000 0.000000 0.000000 0.000000 0.000000 0.000000 0.000000 0.000000 0.000000 0.000000 0.000000 0.000000 0.000000 0.000000 0.000000 0.000000 0.000000 0.000000
30.935301 32.577778 34.245712 35.955379 37.696278 39.450195 41.233234 43.050541 44.889542 46.722244 48.599487 50.482555 52.375904 54.264290 56.213684 58.196075 60.250511 62.343632 64.470993 0.000000 0.000000 0.000000 0.000000 0.000000 0.000000 0.000000 0.000000 0.000000 0.000000 0.000000 0.000000 0.000000 0.000000 0.000000 0.000000 0.000000 0.000000 0.000000
31.906015 33.550648 35.219555 36.930885 38.673187 40.428158 42.212120 44.030281 45.871300 47.703175 49.580833 51.461391 53.353111 55.243515 57.205624 59.208996 61.286922 63.369904 0.000000 0.000000 0.000000 0.000000 0.000000 0.000000 0.000000 0.000000 0.000000 0.000000 0.000000 0.000000 0.000000 0.000000 0.000000 0.000000 0.000000 0.000000 0.000000 0.000000
32.879555 34.525642 36.195103 37.907944 39.651691 41.407818 43.192463 45.010986 46.853127 48.682625 50.559692 52.438751 54.334007 56.235573 58.218452 60.244400 62.312328 0.000000 0.000000 0.000000 0.000000 0.000000 0.000000 0.000000 0.000000 0.000000 0.000000 0.000000 0.000000 0.000000 0.000000 0.000000 0.000000 0.000000 0.000000 0.000000 0.000000 0.000000
33.855141 35.502316 37.172199 38.886562 40.631935 42.389149 44.173782 45.991688 47.833618 49.659649 51.537159 53.419781 55.327274 57.248199 59.253365 61.268520 0.000000 0.000000 0.000000 0.000000 0.000000 0.000000 0.000000 0.000000 0.000000 0.000000 0.000000 0.000000 0.000000 0.000000 0.000000 0.000000 0.000000 0.000000 0.000000 0.000000 0.000000 0.000000
34.832314 36.480480 38.150833 39.866745 41.613834 43.371723 45.155159 46.971119 48.811901 50.635559 52.518272 54.412949 56.340496 58.282402 60.276714 0.000000 0.000000 0.000000 0.000000 0.000000 0.000000 0.000000 0.000000 0.000000 0.000000 0.000000 0.000000 0.000000 0.000000 0.000000 0.000000 0.000000 0.000000 0.000000 0.000000 0.000000 0.000000 0.000000
35.810867 37.460106 39.131142 40.848415 42.596992 44.354610 46.135319 47.948444 49.789177 51.615425 53.511345 55.425674 57.374660 59.304703 0.000000 0.000000 0.000000 0.000000 0.000000 0.000000 0.000000 0.000000 0.000000 0.000000 0.000000 0.000000 0.000000 0.000000 0.000000 0.000000 0.000000 0.000000 0.000000 0.000000 0.000000 0.000000 0.000000 0.000000
36.790817 38.441265 40.113029 41.831135 43.580505 45.336502 47.113380 48.924900 50.770317 52.607559 54.523758 56.458885 58.396420 0.000000 0.000000 0.000000 0.000000 0.000000 0.000000 0.000000 0.000000 0.000000 0.000000 0.000000 0.000000 0.000000 0.000000 0.000000 0.000000 0.000000 0.000000 0.000000 0.000000 0.000000 0.000000 0.000000 0.000000 0.000000
37.772163 39.423801 41.096054 42.814003 44.562988 46.316429 48.090595 49.905334 51.763435 53.618988 55.556248 57.479385 0.000000 0.000000 0.000000 0.000000 0.000000 0.000000 0.000000 0.000000 0.000000 0.000000 0.000000 0.000000 0.000000 0.000000 0.000000 0.000000 0.000000 0.000000 0.000000 0.000000 0.000000 0.000000 0.000000 0.000000 0.000000 0.000000
38.754860 40.407330 42.079357 43.795807 45.543571 47.295528 49.071762 50.897789 52.775356 54.650372 56.575645 0.000000 0.000000 0.000000 0.000000 0.000000 0.000000 0.000000 0.000000 0.000000 0.000000 0.000000 0.000000 0.000000 0.000000 0.000000 0.000000 0.000000 0.000000 0.000000 0.000000 0.000000 0.000000 0.000000 0.000000 0.000000 0.000000 0.000000
39.738552 41.390987 43.061600 44.775700 46.523319 48.278370 50.064686 51.908852 53.806683 55.668541 0.000000 0.000000 0.000000 0.000000 0.000000 0.000000 0.000000 0.000000 0.000000 0.000000 0.000000 0.000000 0.000000 0.000000 0.000000 0.000000 0.000000 0.000000 0.000000 0.000000 0.000000 0.000000 0.000000 0.000000 0.000000 0.000000 0.000000 0.000000
40.722462 42.373650 44.042027 45.754803 47.506721 49.272537 51.075855 52.939041 54.824383 0.000000 0.000000 0.000000 0.000000 0.000000 0.000000 0.000000 0.000000 0.000000 0.000000 0.000000 0.000000 0.000000 0.000000 0.000000 0.000000 0.000000 0.000000 0.000000 0.000000 0.000000 0.000000 0.000000 0.000000 0.000000 0.000000 0.000000 0.000000 0.000000
41.705463 43.354534 45.021683 46.737663 48.501217 50.284275 52.105633 53.955345 0.000000 0.000000 0.000000 0.000000 0.000000 0.000000 0.000000 0.000000 0.000000 0.000000 0.000000 0.000000 0.000000 0.000000 0.000000 0.000000 0.000000 0.000000 0.000000 0.000000 0.000000 0.000000 0.000000 0.000000 0.000000 0.000000 0.000000 0.000000 0.000000 0.000000
42.686859 44.334824 46.005077 47.731678 49.512913 51.313980 53.121243 0.000000 0.000000 0.000000 0.000000 0.000000 0.000000 0.000000 0.000000 0.000000 0.000000 0.000000 0.000000 0.000000 0.000000 0.000000 0.000000 0.000000 0.000000 0.000000 0.000000 0.000000 0.000000 0.000000 0.000000 0.000000 0.000000 0.000000 0.000000 0.000000 0.000000 0.000000
43.667747 45.318920 46.999474 48.742798 50.542118 52.328995 0.000000 0.000000 0.000000 0.000000 0.000000 0.000000 0.000000 0.000000 0.000000 0.000000 0.000000 0.000000 0.000000 0.000000 0.000000 0.000000 0.000000 0.000000 0.000000 0.000000 0.000000 0.000000 0.000000 0.000000 0.000000 0.000000 0.000000 0.000000 0.000000 0.000000 0.000000 0.000000
44.652401 46.313866 48.010643 49.771149 51.556316 0.000000 0.000000 0.000000 0.000000 0.000000 0.000000 0.000000 0.000000 0.000000 0.000000 0.000000 0.000000 0.000000 0.000000 0.000000 0.000000 0.000000 0.000000 0.000000 0.000000 0.000000 0.000000 0.000000 0.000000 0.000000 0.000000 0.000000 0.000000 0.000000 0.000000 0.000000 0.000000 0.000000
45.647713 47.325310 49.038727 50.784348 0.000000 0.000000 0.000000 0.000000 0.000000 0.000000 0.000000 0.000000 0.000000 0.000000 0.000000 0.000000 0.000000 0.000000 0.000000 0.000000 0.000000 0.000000 0.000000 0.000000 0.000000 0.000000 0.000000 0.000000 0.000000 0.000000 0.000000 0.000000 0.000000 0.000000 0.000000 0.000000 0.000000 0.000000
46.659195 48.353260 50.051319 0.000000 0.000000 0.000000 0.000000 0.000000 0.000000 0.000000 0.000000 0.000000 0.000000 0.000000 0.000000 0.000000 0.000000 0.000000 0.000000 0.000000 0.000000 0.000000 0.000000 0.000000 0.000000 0.000000 0.000000 0.000000 0.000000 0.000000 0.000000 0.000000 0.000000 0.000000 0.000000 0.000000 0.000000 0.000000
47.686787 49.365479 0.000000 0.000000 0.000000 0.000000 0.000000 0.000000 0.000000 0.000000 0.000000 0.000000 0.000000 0.000000 0.000000 0.000000 0.000000 0.000000 0.000000 0.000000 0.000000 0.000000 0.000000 0.000000 0.000000 0.000000 0.000000 0.000000 0.000000 0.000000 0.000000 0.000000 0.000000 0.000000 0.000000 0.000000 0.000000 0.000000
48.698322 0.000000 0.000000 0.000000 0.000000 0.000000 0.000000 0.000000 0.000000 0.000000 0.000000 0.000000 0.000000 0.000000 0.000000 0.000000 0.000000 0.000000 0.000000 0.000000 0.000000 0.000000 0.000000 0.000000 0.000000 0.000000 0.000000 0.000000 0.000000 0.000000 0.000000 0.000000 0.000000 0.000000 0.000000 0.000000 0.000000 0.000000
