36.782272 37.612915 38.507595 39.460728 40.506306 41.647106 42.891468 44.278358 45.816376 47.538689 49.419117 51.498314 53.767040 56.229633 58.883980 61.721157 64.783920 68.039314 71.541214 75.326920 79.407204 83.878395 88.854538 94.497482 101.061638 108.986763 118.892776 131.930450 150.708282 180.888153 234.859833 340.000000
35.825718 36.656059 37.550442 38.503258 39.548481 40.688896 41.932869 43.319244 44.856735 46.578487 48.458290 50.536774 52.804695 55.266495 57.919960 60.756207 63.817928 67.072151 70.572868 74.357300 78.436279 82.905975 87.880348 93.521538 100.083565 108.006500 117.912689 130.962418 149.797760 180.142258 234.311462 0.000000
34.859676 35.690292 36.584953 37.538052 38.583591 39.724392 40.968746 42.355598 43.893562 45.615864 47.496239 49.575397 51.844059 54.306614 56.960930 59.798119 62.860794 66.116173 69.617989 73.403534 77.483833 81.954948 86.930939 92.573967 99.138947 107.068054 116.995148 130.121078 149.184067 179.963654 0.000000 0.000000
33.890518 34.721569 35.616676 36.570282 37.616367 38.757778 40.002728 41.390301 42.929047 44.652241 46.533596 48.613808 50.883667 53.347485 56.003143 58.841671 61.905945 65.162949 68.666542 72.454102 76.536499 81.009918 85.988525 91.635208 98.207123 106.158630 116.165665 129.537369 149.125534 0.000000 0.000000 0.000000
32.913284 33.744724 34.640274 35.594322 36.640900 37.782799 39.028419 40.416634 41.956112 43.680153 45.562344 47.643517 49.914410 52.379326 55.036209 57.876091 60.941750 64.200264 67.705482 71.494820 75.579063 80.054710 85.036430 90.689415 97.283020 105.314651 115.574692 129.511978 0.000000 0.000000 0.000000 0.000000
31.928141 32.759876 33.655735 34.610092 35.657040 36.799313 38.045284 39.433987 40.973995 42.698624 44.581444 46.663357 48.934982 51.400723 54.058510 56.899185 59.965923 63.225426 66.731819 70.522469 74.608162 79.085930 84.072975 89.746513 96.419609 104.707542 115.553955 0.000000 0.000000 0.000000 0.000000 0.000000
30.935717 31.767614 32.663685 33.618206 34.665321 35.807922 37.054092 38.443047 39.983353 41.708355 43.591511 45.673752 47.945759 50.411938 53.070160 55.911270 58.978539 62.238770 65.745689 69.537125 73.624229 78.106354 83.112770 88.864929 95.795929 104.681831 0.000000 0.000000 0.000000 0.000000 0.000000 0.000000
29.937391 30.769344 31.665541 32.620113 33.667404 34.810017 36.056248 37.445358 38.985764 40.711006 42.594185 44.676506 46.948586 49.414837 52.073086 54.914200 57.981606 61.241646 64.748718 68.540939 72.631844 77.132530 82.216469 88.226593 95.761627 0.000000 0.000000 0.000000 0.000000 0.000000 0.000000 0.000000
28.936022 29.768009 30.664289 31.618799 32.666149 33.808807 35.054993 36.444050 37.984413 39.709747 41.592751 43.674995 45.946880 48.412891 51.070908 53.911655 56.978867 60.238522 63.745827 67.541206 71.649956 76.227036 81.567802 88.184776 0.000000 0.000000 0.000000 0.000000 0.000000 0.000000 0.000000 0.000000
27.935623 28.767662 29.663994 30.618513 31.665958 32.808651 34.054745 35.443790 36.984173 38.709599 40.592346 42.674397 44.945961 47.411602 50.069172 52.909199 55.976013 59.235481 62.745472 66.558151 70.742119 75.573746 81.520607 0.000000 0.000000 0.000000 0.000000 0.000000 0.000000 0.000000 0.000000 0.000000
26.941305 27.773523 28.670099 29.624710 30.672405 31.815218 33.061348 34.450504 35.990913 37.716595 39.599155 41.681038 43.952301 46.417572 49.074615 51.914005 54.980881 58.242733 61.769230 65.655708 70.091232 75.524513 0.000000 0.000000 0.000000 0.000000 0.000000 0.000000 0.000000 0.000000 0.000000 0.000000
25.958748 26.791288 27.688322 28.643248 29.691444 30.834743 32.081108 33.470676 35.011425 36.737644 38.620220 40.702225 42.973419 45.438442 48.095184 50.934410 54.004089 57.281738 60.880146 65.014069 70.044540 0.000000 0.000000 0.000000 0.000000 0.000000 0.000000 0.000000 0.000000 0.000000 0.000000 0.000000
24.994030 25.827250 26.725037 27.680662 28.729799 29.873934 31.121021 32.511436 34.052994 35.780197 37.663231 39.745728 42.017124 44.482323 47.139465 49.981369 53.067101 56.414711 60.255089 64.974083 0.000000 0.000000 0.000000 0.000000 0.000000 0.000000 0.000000 0.000000 0.000000 0.000000 0.000000 0.000000
24.053492 24.887859 25.786915 26.743763 27.794437 28.940006 30.188412 31.580292 33.123158 34.851921 36.736019 38.819668 41.091900 43.558163 46.218555 49.075966 52.230324 55.813568 60.226326 0.000000 0.000000 0.000000 0.000000 0.000000 0.000000 0.000000 0.000000 0.000000 0.000000 0.000000 0.000000 0.000000
23.144062 23.980169 24.881109 25.839880 26.892733 28.040497 29.290991 30.685163 32.230148 33.961185 35.847206 37.932762 40.206841 42.676998 45.353138 48.276867 51.660351 55.800781 0.000000 0.000000 0.000000 0.000000 0.000000 0.000000 0.000000 0.000000 0.000000 0.000000 0.000000 0.000000 0.000000 0.000000
22.273251 23.111814 24.015280 24.976814 26.032692 27.183617 28.437197 29.834604 31.382641 33.116821 35.005768 37.094505 39.373371 41.859554 44.600029 47.744781 51.668182 0.000000 0.000000 0.000000 0.000000 0.000000 0.000000 0.000000 0.000000 0.000000 0.000000 0.000000 0.000000 0.000000 0.000000 0.000000
21.449070 22.290960 23.197838 24.163132 25.223064 26.378166 27.635958 29.037737 30.589893 32.328220 34.221539 36.316589 38.611809 41.160225 44.113182 47.777409 0.000000 0.000000 0.000000 0.000000 0.000000 0.000000 0.000000 0.000000 0.000000 0.000000 0.000000 0.000000 0.000000 0.000000 0.000000 0.000000
20.680101 21.526310 22.437546 23.407772 24.472805 25.633425 26.896646 28.304089 29.861609 31.605450 33.506313 35.618771 37.974304 40.725830 44.175739 0.000000 0.000000 0.000000 0.000000 0.000000 0.000000 0.000000 0.000000 0.000000 0.000000 0.000000 0.000000 0.000000 0.000000 0.000000 0.000000 0.000000
19.975128 20.826756 21.743475 22.719894 23.791321 24.958750 26.228796 27.643312 29.207760 30.960091 32.879208 35.050514 37.599258 40.822788 0.000000 0.000000 0.000000 0.000000 0.000000 0.000000 0.000000 0.000000 0.000000 0.000000 0.000000 0.000000 0.000000 0.000000 0.000000 0.000000 0.000000 0.000000
19.342731 20.200996 21.124269 22.108299 23.187370 24.363161 25.641514 27.064863 28.639242 30.409912 32.386169 34.741081 37.735313 0.000000 0.000000 0.000000 0.000000 0.000000 0.000000 0.000000 0.000000 0.000000 0.000000 0.000000 0.000000 0.000000 0.000000 0.000000 0.000000 0.000000 0.000000 0.000000
18.790850 19.657011 20.588078 21.581165 22.669195 23.854897 25.143288 26.578497 28.172291 29.997320 32.147022 34.920021 0.000000 0.000000 0.000000 0.000000 0.000000 0.000000 0.000000 0.000000 0.000000 0.000000 0.000000 0.000000 0.000000 0.000000 0.000000 0.000000 0.000000 0.000000 0.000000 0.000000
18.326220 19.201595 20.141754 21.145363 22.243788 23.441195 24.742424 26.198362 27.844877 29.832012 32.371494 0.000000 0.000000 0.000000 0.000000 0.000000 0.000000 0.000000 0.000000 0.000000 0.000000 0.000000 0.000000 0.000000 0.000000 0.000000 0.000000 0.000000 0.000000 0.000000 0.000000 0.000000
17.954281 18.840195 19.790672 20.806263 21.916620 23.128466 24.450769 25.958296 27.756817 30.104250 0.000000 0.000000 0.000000 0.000000 0.000000 0.000000 0.000000 0.000000 0.000000 0.000000 0.000000 0.000000 0.000000 0.000000 0.000000 0.000000 0.000000 0.000000 0.000000 0.000000 0.000000 0.000000
17.678797 18.576406 19.538408 20.567513 21.692221 22.926184 24.297720 25.947947 28.078377 0.000000 0.000000 0.000000 0.000000 0.000000 0.000000 0.000000 0.000000 0.000000 0.000000 0.000000 0.000000 0.000000 0.000000 0.000000 0.000000 0.000000 0.000000 0.000000 0.000000 0.000000 0.000000 0.000000
17.501684 18.412207 19.387070 20.431929 21.577827 22.859751 24.363831 26.318920 0.000000 0.000000 0.000000 0.000000 0.000000 0.000000 0.000000 0.000000 0.000000 0.000000 0.000000 0.000000 0.000000 0.000000 0.000000 0.000000 0.000000 0.000000 0.000000 0.000000 0.000000 0.000000 0.000000 0.000000
17.423149 18.347702 19.337408 20.404249 21.594858 23.000696 24.782583 0.000000 0.000000 0.000000 0.000000 0.000000 0.000000 0.000000 0.000000 0.000000 0.000000 0.000000 0.000000 0.000000 0.000000 0.000000 0.000000 0.000000 0.000000 0.000000 0.000000 0.000000 0.000000 0.000000 0.000000 0.000000
17.442017 18.382380 19.392550 20.502697 21.807074 23.466196 0.000000 0.000000 0.000000 0.000000 0.000000 0.000000 0.000000 0.000000 0.000000 0.000000 0.000000 0.000000 0.000000 0.000000 0.000000 0.000000 0.000000 0.000000 0.000000 0.000000 0.000000 0.000000 0.000000 0.000000 0.000000 0.000000
17.556190 18.517342 19.567474 20.783484 22.316475 0.000000 0.000000 0.000000 0.000000 0.000000 0.000000 0.000000 0.000000 0.000000 0.000000 0.000000 0.000000 0.000000 0.000000 0.000000 0.000000 0.000000 0.000000 0.000000 0.000000 0.000000 0.000000 0.000000 0.000000 0.000000 0.000000 0.000000
17.765610 18.765135 19.912163 21.334904 0.000000 0.000000 0.000000 0.000000 0.000000 0.000000 0.000000 0.000000 0.000000 0.000000 0.000000 0.000000 0.000000 0.000000 0.000000 0.000000 0.000000 0.000000 0.000000 0.000000 0.000000 0.000000 0.000000 0.000000 0.000000 0.000000 0.000000 0.000000
18.080679 19.170082 20.502615 0.000000 0.000000 0.000000 0.000000 0.000000 0.000000 0.000000 0.000000 0.000000 0.000000 0.000000 0.000000 0.000000 0.000000 0.000000 0.000000 0.000000 0.000000 0.000000 0.000000 0.000000 0.000000 0.000000 0.000000 0.000000 0.000000 0.000000 0.000000 0.000000
18.540771 19.797035 0.000000 0.000000 0.000000 0.000000 0.000000 0.000000 0.000000 0.000000 0.000000 0.000000 0.000000 0.000000 0.000000 0.000000 0.000000 0.000000 0.000000 0.000000 0.000000 0.000000 0.000000 0.000000 0.000000 0.000000 0.000000 0.000000 0.000000 0.000000 0.000000 0.000000
19.200785 0.000000 0.000000 0.000000 0.000000 0.000000 0.000000 0.000000 0.000000 0.000000 0.000000 0.000000 0.000000 0.000000 0.000000 0.000000 0.000000 0.000000 0.000000 0.000000 0.000000 0.000000 0.000000 0.000000 0.000000 0.000000 0.000000 0.000000 0.000000 0.000000 0.000000 0.000000
