13.638247 14.529104 15.510494 16.585564 17.755051 19.021286 20.380268 21.822123 23.334545 24.921080 26.576590 28.305496 30.104353 31.978971 33.936226 36.025978 38.267052 40.719032 43.489986 46.667839 50.491352 55.169155 61.056911 68.666672 78.714325 92.317261 112.180618 145.604950 214.000000
13.153110 14.068861 15.074983 16.174332 17.366972 18.654757 20.034845 21.495253 23.023890 24.624510 26.291704 28.029875 29.835836 31.715626 33.676682 35.769127 38.011879 40.465164 43.237659 46.417206 50.239964 54.917324 60.802418 68.405884 78.456795 92.096497 112.111069 145.709290 0.000000
12.918967 13.872566 14.916242 16.052231 17.279921 18.599316 20.010984 21.499437 23.052582 24.674757 26.359747 28.112310 29.929546 31.817993 33.785770 35.883610 38.130566 40.587673 43.364544 46.551224 50.376255 55.056263 60.941536 68.539345 78.613235 92.350090 112.561356 0.000000 0.000000
12.926321 13.927717 15.018615 16.200188 17.471504 18.830807 20.280403 21.803392 23.386478 25.035267 26.741732 28.511816 30.342943 32.242401 34.218853 36.324184 38.577686 41.040791 43.824459 47.019413 50.851116 55.535915 61.423992 69.026520 79.153931 93.010437 0.000000 0.000000 0.000000
13.124763 14.180034 15.323757 16.555731 17.875149 19.278536 20.767967 22.328373 23.943386 25.620466 27.349197 29.137730 30.983669 32.895279 34.881176 36.995384 39.257561 41.728371 44.520599 47.724407 51.567589 56.258766 62.153748 69.778130 79.954590 0.000000 0.000000 0.000000 0.000000
13.464934 14.576404 15.774732 17.058758 18.426981 19.874887 21.404257 23.001907 24.648022 26.351381 28.100889 29.907106 31.767431 33.691444 35.686630 37.810581 40.083290 42.562935 45.364971 48.577374 52.432247 57.130985 63.039192 70.670097 0.000000 0.000000 0.000000 0.000000 0.000000
13.910981 15.078269 16.330206 17.665741 19.080803 20.571070 22.138189 23.770496 25.445011 27.170399 28.938343 30.760618 32.634354 34.570518 36.574421 38.708794 40.992973 43.481995 46.294704 49.515198 53.382019 58.090675 63.986908 0.000000 0.000000 0.000000 0.000000 0.000000 0.000000
14.439689 15.660555 16.963104 18.347193 19.805445 21.334232 22.935514 24.597534 26.296770 28.041307 29.826366 31.662977 33.549225 35.496792 37.509907 39.655346 41.949741 44.448227 47.272305 50.500183 54.379654 59.068874 0.000000 0.000000 0.000000 0.000000 0.000000 0.000000 0.000000
15.036855 16.307856 17.656837 19.085970 20.582865 22.145617 23.777090 25.463030 27.183226 28.943926 30.745804 32.595455 34.493603 36.451733 38.476772 40.634190 42.936275 45.443993 48.279469 51.514488 55.373795 0.000000 0.000000 0.000000 0.000000 0.000000 0.000000 0.000000 0.000000
15.693828 17.010801 18.401260 19.869999 21.400614 22.992519 24.650238 26.356684 28.094536 29.868710 31.685219 33.546947 35.456657 37.425636 39.465050 41.635391 43.945858 46.462517 49.307533 52.518040 0.000000 0.000000 0.000000 0.000000 0.000000 0.000000 0.000000 0.000000 0.000000
16.403900 17.762169 19.189226 20.692085 22.251558 23.868052 25.548174 27.272442 29.025383 30.811331 32.640949 34.514355 36.435650 38.415764 40.468613 42.651920 44.971134 47.496292 50.316090 0.000000 0.000000 0.000000 0.000000 0.000000 0.000000 0.000000 0.000000 0.000000 0.000000
17.159561 18.553997 20.013468 21.545305 23.129051 24.765930 26.463911 28.203949 29.970026 31.768023 33.609848 35.494778 37.427578 39.418880 41.484024 43.678116 46.006138 48.507538 0.000000 0.000000 0.000000 0.000000 0.000000 0.000000 0.000000 0.000000 0.000000 0.000000 0.000000
17.954922 19.380646 20.869072 22.425470 24.029436 25.683228 27.394588 29.148731 30.926737 32.738327 34.591946 36.488407 38.432667 40.435043 42.511463 44.713245 47.018333 0.000000 0.000000 0.000000 0.000000 0.000000 0.000000 0.000000 0.000000 0.000000 0.000000 0.000000 0.000000
18.784401 20.237553 21.750189 23.327513 24.948309 26.616245 28.339436 30.105301 31.894594 33.718948 35.584038 37.491817 39.447231 41.460342 43.547188 45.725410 0.000000 0.000000 0.000000 0.000000 0.000000 0.000000 0.000000 0.000000 0.000000 0.000000 0.000000 0.000000 0.000000
19.642998 21.120499 22.653185 24.248434 25.883446 27.563639 29.297873 31.072960 32.873257 34.709694 36.586010 38.504791 40.471012 42.494545 44.559368 0.000000 0.000000 0.000000 0.000000 0.000000 0.000000 0.000000 0.000000 0.000000 0.000000 0.000000 0.000000 0.000000 0.000000
20.526781 22.024298 23.573473 25.183321 26.830603 28.521734 30.266603 32.051342 33.862457 35.710464 37.597637 39.527172 41.504047 43.505951 0.000000 0.000000 0.000000 0.000000 0.000000 0.000000 0.000000 0.000000 0.000000 0.000000 0.000000 0.000000 0.000000 0.000000 0.000000
21.432384 22.946068 24.508978 26.129955 27.788254 29.489552 31.244980 33.040211 34.862072 36.721054 38.618904 40.559029 42.514458 0.000000 0.000000 0.000000 0.000000 0.000000 0.000000 0.000000 0.000000 0.000000 0.000000 0.000000 0.000000 0.000000 0.000000 0.000000 0.000000
22.355579 23.882183 25.456675 27.086809 28.755424 30.466545 32.232700 34.039291 35.871674 37.741367 39.649750 41.568504 0.000000 0.000000 0.000000 0.000000 0.000000 0.000000 0.000000 0.000000 0.000000 0.000000 0.000000 0.000000 0.000000 0.000000 0.000000 0.000000 0.000000
23.294132 24.831573 26.416092 28.053373 29.732021 31.452789 33.230053 35.048302 36.891071 38.771313 40.658260 0.000000 0.000000 0.000000 0.000000 0.000000 0.000000 0.000000 0.000000 0.000000 0.000000 0.000000 0.000000 0.000000 0.000000 0.000000 0.000000 0.000000 0.000000
24.244192 25.792208 27.385576 29.030499 30.719154 32.449520 34.238438 36.067028 37.920120 39.778885 0.000000 0.000000 0.000000 0.000000 0.000000 0.000000 0.000000 0.000000 0.000000 0.000000 0.000000 0.000000 0.000000 0.000000 0.000000 0.000000 0.000000 0.000000 0.000000
25.204504 26.764071 28.365984 30.019144 31.717918 33.457790 35.258533 37.095280 38.926769 0.000000 0.000000 0.000000 0.000000 0.000000 0.000000 0.000000 0.000000 0.000000 0.000000 0.000000 0.000000 0.000000 0.000000 0.000000 0.000000 0.000000 0.000000 0.000000 0.000000
26.174393 27.744755 29.356289 31.018137 32.726955 34.476158 36.287285 38.101067 0.000000 0.000000 0.000000 0.000000 0.000000 0.000000 0.000000 0.000000 0.000000 0.000000 0.000000 0.000000 0.000000 0.000000 0.000000 0.000000 0.000000 0.000000 0.000000 0.000000 0.000000
27.153532 28.734196 30.357275 32.028034 33.746941 35.505272 37.292652 0.000000 0.000000 0.000000 0.000000 0.000000 0.000000 0.000000 0.000000 0.000000 0.000000 0.000000 0.000000 0.000000 0.000000 0.000000 0.000000 0.000000 0.000000 0.000000 0.000000 0.000000 0.000000
28.141870 29.732441 31.366430 33.046207 34.774967 36.510262 0.000000 0.000000 0.000000 0.000000 0.000000 0.000000 0.000000 0.000000 0.000000 0.000000 0.000000 0.000000 0.000000 0.000000 0.000000 0.000000 0.000000 0.000000 0.000000 0.000000 0.000000 0.000000 0.000000
29.139334 30.739477 32.383892 34.072647 35.779198 0.000000 0.000000 0.000000 0.000000 0.000000 0.000000 0.000000 0.000000 0.000000 0.000000 0.000000 0.000000 0.000000 0.000000 0.000000 0.000000 0.000000 0.000000 0.000000 0.000000 0.000000 0.000000 0.000000 0.000000
30.145769 31.755407 33.409798 35.075779 0.000000 0.000000 0.000000 0.000000 0.000000 0.000000 0.000000 0.000000 0.000000 0.000000 0.000000 0.000000 0.000000 0.000000 0.000000 0.000000 0.000000 0.000000 0.000000 0.000000 0.000000 0.000000 0.000000 0.000000 0.000000
31.161188 32.780277 34.412407 0.000000 0.000000 0.000000 0.000000 0.000000 0.000000 0.000000 0.000000 0.000000 0.000000 0.000000 0.000000 0.000000 0.000000 0.000000 0.000000 0.000000 0.000000 0.000000 0.000000 0.000000 0.000000 0.000000 0.000000 0.000000 0.000000
32.185593 33.782177 0.000000 0.000000 0.000000 0.000000 0.000000 0.000000 0.000000 0.000000 0.000000 0.000000 0.000000 0.000000 0.000000 0.000000 0.000000 0.000000 0.000000 0.000000 0.000000 0.000000 0.000000 0.000000 0.000000 0.000000 0.000000 0.000000 0.000000
33.187012 0.000000 0.000000 0.000000 0.000000 0.000000 0.000000 0.000000 0.000000 0.000000 0.000000 0.000000 0.000000 0.000000 0.000000 0.000000 0.000000 0.000000 0.000000 0.000000 0.000000 0.000000 0.000000 0.000000 0.000000 0.000000 0.000000 0.000000 0.000000
