48.777042 49.528000 50.326286 51.142796 51.975735 52.823914 53.687473 54.569000 55.459057 56.381950 57.283966 58.189209 59.109745 60.033379 60.959332 61.888119 62.809635 63.755592 64.699448 65.647751 66.606880 67.582161 68.581581 69.577492 70.595787 71.641388 72.705971 73.843155 75.052734 76.361481 77.800392 79.402550 81.244354 83.336205 85.793900 88.700211 92.357353 96.949356 102.837440 110.520912 120.741394 134.947311 155.793167 189.329300 247.925171 361.000000
47.775818 48.525379 49.322960 50.138737 50.970943 51.818363 52.681160 53.562096 54.451382 55.374146 56.275364 57.179527 58.099255 59.022099 59.947216 60.875168 61.795292 62.740597 63.683636 64.631042 65.589294 66.563744 67.563095 68.558136 69.575401 70.620071 71.682961 72.819160 74.027657 75.335281 76.773148 78.374367 80.216263 82.307556 84.765198 87.670967 91.330231 95.926208 101.820618 109.513794 119.747932 133.984802 154.919434 188.699982 247.593613 0.000000
46.764072 47.512161 48.309402 49.124844 49.956715 50.803780 51.666294 52.547405 53.436333 54.359528 55.260372 56.163643 57.082947 58.005413 58.930149 59.857647 60.776058 61.721558 62.664223 63.611050 64.568916 65.542999 66.543457 67.538116 68.554710 69.599060 70.659912 71.795723 73.003853 74.311195 75.748909 77.350395 79.195374 81.288750 83.750343 86.660851 90.330902 94.943100 100.861626 108.590012 118.880386 133.239243 154.459030 188.708328 0.000000 0.000000
45.776604 46.523579 47.320877 48.136372 48.968285 49.815403 50.678028 51.560249 52.449230 53.372787 54.273674 55.175873 56.095253 57.017792 57.942516 58.870014 59.786285 60.732903 61.675587 62.622147 63.580078 64.554291 65.557266 66.552040 67.568199 68.612724 69.671104 70.807053 72.015488 73.323463 74.762299 76.365952 78.218079 80.317703 82.789436 85.713539 89.407875 94.055496 100.026985 107.838684 118.278763 132.951187 154.682480 0.000000 0.000000 0.000000
44.808674 45.555244 46.352890 47.168724 48.001038 48.848522 49.711567 50.595921 51.485249 52.408230 53.309422 54.210171 55.129936 56.052826 56.977829 57.905594 58.819519 59.768219 60.711250 61.657600 62.615894 63.590557 64.597115 65.592278 66.607971 67.653275 68.708923 69.845596 71.054993 72.364532 73.806007 75.414131 77.278412 79.390076 81.880821 84.832550 88.570229 93.281685 99.354240 107.343987 118.117760 133.313354 0.000000 0.000000 0.000000 0.000000
43.852356 44.599300 45.397400 46.213722 47.046490 47.894497 48.758156 49.645519 50.535347 51.456554 52.358204 53.256813 54.177120 55.100510 56.025845 56.954025 57.866272 58.817867 59.761383 60.707512 61.666325 62.641609 63.651428 64.647179 65.661896 66.708458 67.762398 68.900185 70.111359 71.423721 72.869873 74.486000 76.367851 78.499779 81.022125 84.020920 87.829399 92.650925 98.917061 107.263603 118.563766 0.000000 0.000000 0.000000 0.000000 0.000000
42.901001 43.648804 44.447472 45.264336 46.097637 46.946194 47.810532 48.701252 49.591579 50.510132 51.412270 52.308449 53.229294 54.153194 55.078789 56.007416 56.919556 57.874184 58.818226 59.764084 60.723446 61.699345 62.710861 63.707325 64.720314 65.768799 66.823181 67.962830 69.176811 70.493889 71.947929 73.576981 75.483391 77.647758 80.219566 83.293098 87.217888 92.239273 98.873306 107.757278 0.000000 0.000000 0.000000 0.000000 0.000000 0.000000
41.950405 42.699665 43.498882 44.316242 45.150051 45.999149 46.864105 47.757687 48.648479 49.564075 50.466690 51.360935 52.282299 53.206688 54.132286 55.061245 55.975159 56.931587 57.876148 58.822216 59.782059 60.758549 61.769970 62.767143 63.777699 64.828995 65.886551 67.028915 68.247574 69.572517 71.039459 72.689384 74.630882 76.845444 79.493484 82.688179 86.818398 92.210983 99.387810 0.000000 0.000000 0.000000 0.000000 0.000000 0.000000 0.000000
40.998184 41.749859 42.549587 43.367401 44.201668 45.051239 45.916691 46.811646 47.702816 48.615799 49.518871 50.412670 51.334484 52.259308 53.184528 54.113716 55.030567 55.986374 56.931408 57.878593 58.838844 59.815872 60.826130 61.824261 62.832260 63.887756 64.950958 66.097908 67.324234 68.662086 70.149826 71.832520 73.825737 76.117424 78.887459 82.294136 86.799805 92.735634 0.000000 0.000000 0.000000 0.000000 0.000000 0.000000 0.000000 0.000000
40.043434 40.798367 41.598614 42.416843 43.251503 44.101513 44.967426 45.862061 46.753544 47.664433 48.567966 49.462978 50.385227 51.310417 52.234695 53.163944 54.084068 55.036400 55.981911 56.931225 57.891827 58.869347 59.878525 60.878056 61.884769 62.946297 64.017525 65.172112 66.411156 67.769852 69.290565 71.024101 73.094604 75.509315 78.491341 82.281082 87.332069 0.000000 0.000000 0.000000 0.000000 0.000000 0.000000 0.000000 0.000000 0.000000
39.085598 39.844296 40.645138 41.463726 42.298721 43.149155 44.015408 44.908485 45.800217 46.709576 47.613579 48.510983 49.433613 50.359123 51.281796 52.210655 53.133804 54.080982 55.026852 55.978455 56.939175 57.917259 58.926552 59.928440 60.936687 62.006493 63.088593 64.255882 65.515617 66.907524 68.479332 70.290855 72.483109 75.111412 78.476479 82.817665 0.000000 0.000000 0.000000 0.000000 0.000000 0.000000 0.000000 0.000000 0.000000 0.000000
38.124092 38.886490 39.688004 40.506966 41.342178 42.192898 43.059418 43.950443 44.842392 45.750690 46.655174 47.555450 48.478439 49.404217 50.324440 51.252453 52.177975 53.119980 54.066166 55.019508 55.980194 56.959053 57.970287 58.976074 59.989956 61.070320 62.167725 63.355618 64.648209 66.091690 67.742340 69.678284 72.081566 75.094872 79.012650 0.000000 0.000000 0.000000 0.000000 0.000000 0.000000 0.000000 0.000000 0.000000 0.000000 0.000000
37.158100 37.923801 38.726170 39.545372 40.380650 41.231670 42.098373 42.987305 43.879391 44.786953 45.692024 46.595001 47.518272 48.444298 49.361725 50.288074 51.215405 52.153900 53.100357 54.054623 55.015121 55.995190 57.010269 58.022484 59.046761 60.140778 61.260838 62.481514 63.825104 65.348206 67.124512 69.276131 72.061707 75.629951 0.000000 0.000000 0.000000 0.000000 0.000000 0.000000 0.000000 0.000000 0.000000 0.000000 0.000000 0.000000
36.186962 36.955471 37.758934 38.578339 39.413486 40.264687 41.131500 42.018581 42.910778 43.817863 44.723568 45.628742 46.552212 47.478466 48.393593 49.317570 50.246136 51.183357 52.130150 53.084873 54.045097 55.027287 56.047886 57.070244 58.110725 59.224243 60.378468 61.650124 63.072380 64.722641 66.716438 69.255615 72.594643 0.000000 0.000000 0.000000 0.000000 0.000000 0.000000 0.000000 0.000000 0.000000 0.000000 0.000000 0.000000 0.000000
35.210636 35.981495 36.786446 37.605946 38.440670 39.292004 40.158833 41.044350 41.936596 42.843304 43.749817 44.656658 45.580254 46.506828 47.421059 48.342262 49.271656 50.209526 51.156815 52.112053 53.072186 54.058132 55.085941 56.123699 57.188633 58.332230 59.538357 60.888756 62.436699 64.306808 66.690933 69.787453 0.000000 0.000000 0.000000 0.000000 0.000000 0.000000 0.000000 0.000000 0.000000 0.000000 0.000000 0.000000 0.000000 0.000000
34.229774 35.002777 35.809586 36.629139 37.463013 38.314407 39.181194 40.065308 40.957531 41.863964 42.771568 43.679565 44.603241 45.530239 46.445183 47.364220 48.294025 49.233734 50.181961 51.138515 52.099483 53.091949 54.130371 55.190628 56.292305 57.483463 58.768982 60.245132 62.010979 64.274879 67.219696 0.000000 0.000000 0.000000 0.000000 0.000000 0.000000 0.000000 0.000000 0.000000 0.000000 0.000000 0.000000 0.000000 0.000000 0.000000
33.245998 34.021168 34.830021 35.649540 36.482101 37.333450 38.200115 39.082829 39.974983 40.881126 41.790287 42.699020 43.622684 44.550407 45.467243 46.385551 47.315533 48.257797 49.207794 50.167244 51.131519 52.135239 53.191078 54.284061 55.440735 56.707371 58.119122 59.813248 61.970844 64.799644 0.000000 0.000000 0.000000 0.000000 0.000000 0.000000 0.000000 0.000000 0.000000 0.000000 0.000000 0.000000 0.000000 0.000000 0.000000 0.000000
32.262234 33.039692 33.850250 34.669712 35.500408 36.351688 37.218174 38.099342 38.991318 39.897202 40.808311 41.717476 42.641125 43.569992 44.489330 45.408684 46.338642 47.284164 48.237404 49.202549 50.175343 51.197876 52.282959 53.424614 54.663895 56.053528 57.683521 59.769367 62.490673 0.000000 0.000000 0.000000 0.000000 0.000000 0.000000 0.000000 0.000000 0.000000 0.000000 0.000000 0.000000 0.000000 0.000000 0.000000 0.000000 0.000000
31.282366 32.062130 32.873379 33.692795 34.521481 35.372696 36.239033 37.118332 38.010128 38.915699 39.829002 40.738308 41.661934 42.592499 43.514420 44.436371 45.366421 46.316429 47.275501 48.250877 49.241066 50.294037 51.427006 52.643253 54.011223 55.616478 57.637897 60.286945 0.000000 0.000000 0.000000 0.000000 0.000000 0.000000 0.000000 0.000000 0.000000 0.000000 0.000000 0.000000 0.000000 0.000000 0.000000 0.000000 0.000000 0.000000
30.310734 31.092400 31.903286 32.722729 33.549778 34.400970 35.267166 36.144283 37.035923 37.941078 38.856110 39.765385 40.689091 41.622078 42.546612 43.472301 44.403049 45.359901 46.329048 47.321808 48.342533 49.443409 50.652615 51.989426 53.576149 55.570488 58.154037 0.000000 0.000000 0.000000 0.000000 0.000000 0.000000 0.000000 0.000000 0.000000 0.000000 0.000000 0.000000 0.000000 0.000000 0.000000 0.000000 0.000000 0.000000 0.000000
29.351198 30.133820 30.943626 31.763178 32.589680 33.440929 34.307064 35.181984 36.073536 36.978176 37.893745 38.802799 39.726707 40.662716 41.590046 42.520760 43.454296 44.422012 45.408016 46.429211 47.498795 48.674385 50.006901 51.555328 53.531471 56.085522 0.000000 0.000000 0.000000 0.000000 0.000000 0.000000 0.000000 0.000000 0.000000 0.000000 0.000000 0.000000 0.000000 0.000000 0.000000 0.000000 0.000000 0.000000 0.000000 0.000000
28.407131 29.189720 29.998287 30.818081 31.645267 32.496666 33.362858 34.236065 35.127613 36.031525 36.946320 37.855042 38.779480 39.718609 40.649517 41.587181 42.527718 43.513058 44.526436 45.592556 46.737888 48.033833 49.580177 51.511902 54.045834 0.000000 0.000000 0.000000 0.000000 0.000000 0.000000 0.000000 0.000000 0.000000 0.000000 0.000000 0.000000 0.000000 0.000000 0.000000 0.000000 0.000000 0.000000 0.000000 0.000000 0.000000
27.481899 28.263811 29.071287 29.891445 30.720215 31.571825 32.438164 33.310848 34.202522 35.105484 36.018581 36.926872 37.852390 38.794483 39.730637 40.678703 41.633617 42.646950 43.703568 44.840111 46.106354 47.612282 49.541813 52.025723 0.000000 0.000000 0.000000 0.000000 0.000000 0.000000 0.000000 0.000000 0.000000 0.000000 0.000000 0.000000 0.000000 0.000000 0.000000 0.000000 0.000000 0.000000 0.000000 0.000000 0.000000 0.000000
26.579443 27.360516 28.167349 28.988008 29.818762 30.670727 31.537327 32.410717 33.302677 34.204456 35.115654 36.023529 36.951050 37.896599 38.841053 39.805229 40.785488 41.842503 42.967010 44.217899 45.693562 47.578125 50.056877 0.000000 0.000000 0.000000 0.000000 0.000000 0.000000 0.000000 0.000000 0.000000 0.000000 0.000000 0.000000 0.000000 0.000000 0.000000 0.000000 0.000000 0.000000 0.000000 0.000000 0.000000 0.000000 0.000000
25.704721 26.485149 27.291874 28.113153 28.945900 29.798269 30.665243 31.540295 32.432758 33.333439 34.243210 35.151085 36.082253 37.033363 37.991264 38.980740 40.001793 41.126411 42.361534 43.813816 45.665874 48.094173 0.000000 0.000000 0.000000 0.000000 0.000000 0.000000 0.000000 0.000000 0.000000 0.000000 0.000000 0.000000 0.000000 0.000000 0.000000 0.000000 0.000000 0.000000 0.000000 0.000000 0.000000 0.000000 0.000000 0.000000
24.863293 25.643528 26.450693 27.272791 28.107407 28.960266 29.827738 30.704924 31.598249 32.498535 33.408127 34.317314 35.255001 36.216248 37.195827 38.224537 39.309509 40.542706 41.973713 43.792362 46.183865 0.000000 0.000000 0.000000 0.000000 0.000000 0.000000 0.000000 0.000000 0.000000 0.000000 0.000000 0.000000 0.000000 0.000000 0.000000 0.000000 0.000000 0.000000 0.000000 0.000000 0.000000 0.000000 0.000000 0.000000 0.000000
24.061577 24.842136 25.650305 26.473429 27.309759 28.163250 29.031391 29.910885 30.805679 31.707047 32.618511 33.532028 34.480854 35.460121 36.474155 37.563873 38.752575 40.176258 41.965240 44.312214 0.000000 0.000000 0.000000 0.000000 0.000000 0.000000 0.000000 0.000000 0.000000 0.000000 0.000000 0.000000 0.000000 0.000000 0.000000 0.000000 0.000000 0.000000 0.000000 0.000000 0.000000 0.000000 0.000000 0.000000 0.000000 0.000000
23.306421 24.087845 24.897509 25.721941 26.559921 27.414270 28.283314 29.165249 30.062605 30.967157 31.883509 32.806564 33.773781 34.783485 35.852356 37.040874 38.413532 40.184956 42.490608 0.000000 0.000000 0.000000 0.000000 0.000000 0.000000 0.000000 0.000000 0.000000 0.000000 0.000000 0.000000 0.000000 0.000000 0.000000 0.000000 0.000000 0.000000 0.000000 0.000000 0.000000 0.000000 0.000000 0.000000 0.000000 0.000000 0.000000
22.604801 23.387630 24.198986 25.025160 25.864811 26.720322 27.590689 28.475477 29.377052 30.287565 31.213139 32.153526 33.150402 34.210079 35.370255 36.734318 38.444500 40.717918 0.000000 0.000000 0.000000 0.000000 0.000000 0.000000 0.000000 0.000000 0.000000 0.000000 0.000000 0.000000 0.000000 0.000000 0.000000 0.000000 0.000000 0.000000 0.000000 0.000000 0.000000 0.000000 0.000000 0.000000 0.000000 0.000000 0.000000 0.000000
21.963398 22.748178 23.560999 24.389418 25.230907 26.088001 26.960348 27.848803 28.757082 29.677235 30.618469 31.587221 32.631741 33.776302 35.102394 36.790321 38.987465 0.000000 0.000000 0.000000 0.000000 0.000000 0.000000 0.000000 0.000000 0.000000 0.000000 0.000000 0.000000 0.000000 0.000000 0.000000 0.000000 0.000000 0.000000 0.000000 0.000000 0.000000 0.000000 0.000000 0.000000 0.000000 0.000000 0.000000 0.000000 0.000000
21.388042 22.175322 22.989103 23.820446 24.664127 25.523453 26.398806 27.292484 28.210957 29.146210 30.112528 31.126492 32.251305 33.552372 35.188332 37.344532 0.000000 0.000000 0.000000 0.000000 0.000000 0.000000 0.000000 0.000000 0.000000 0.000000 0.000000 0.000000 0.000000 0.000000 0.000000 0.000000 0.000000 0.000000 0.000000 0.000000 0.000000 0.000000 0.000000 0.000000 0.000000 0.000000 0.000000 0.000000 0.000000 0.000000
20.883720 21.674042 22.488504 23.323555 24.169945 25.032482 25.912436 26.814016 27.747597 28.706285 29.713047 30.802502 32.075481 33.671368 35.756046 0.000000 0.000000 0.000000 0.000000 0.000000 0.000000 0.000000 0.000000 0.000000 0.000000 0.000000 0.000000 0.000000 0.000000 0.000000 0.000000 0.000000 0.000000 0.000000 0.000000 0.000000 0.000000 0.000000 0.000000 0.000000 0.000000 0.000000 0.000000 0.000000 0.000000 0.000000
20.454552 21.248526 22.064030 22.903547 23.753536 24.620781 25.507938 26.421692 27.377640 28.373535 29.449049 30.677650 32.230732 34.254135 0.000000 0.000000 0.000000 0.000000 0.000000 0.000000 0.000000 0.000000 0.000000 0.000000 0.000000 0.000000 0.000000 0.000000 0.000000 0.000000 0.000000 0.000000 0.000000 0.000000 0.000000 0.000000 0.000000 0.000000 0.000000 0.000000 0.000000 0.000000 0.000000 0.000000 0.000000 0.000000
20.104046 20.902370 21.719801 22.564449 23.419352 24.293634 25.191969 26.124739 27.115282 28.174389 29.378822 30.871439 32.830029 0.000000 0.000000 0.000000 0.000000 0.000000 0.000000 0.000000 0.000000 0.000000 0.000000 0.000000 0.000000 0.000000 0.000000 0.000000 0.000000 0.000000 0.000000 0.000000 0.000000 0.000000 0.000000 0.000000 0.000000 0.000000 0.000000 0.000000 0.000000 0.000000 0.000000 0.000000 0.000000 0.000000
19.835012 20.638498 21.459187 22.309570 23.171474 24.056393 24.972164 25.935419 26.984221 28.162689 29.614252 31.488443 0.000000 0.000000 0.000000 0.000000 0.000000 0.000000 0.000000 0.000000 0.000000 0.000000 0.000000 0.000000 0.000000 0.000000 0.000000 0.000000 0.000000 0.000000 0.000000 0.000000 0.000000 0.000000 0.000000 0.000000 0.000000 0.000000 0.000000 0.000000 0.000000 0.000000 0.000000 0.000000 0.000000 0.000000
19.649172 20.458902 21.284641 22.141972 23.014103 23.915270 24.858919 25.874672 27.033546 28.442270 30.250732 0.000000 0.000000 0.000000 0.000000 0.000000 0.000000 0.000000 0.000000 0.000000 0.000000 0.000000 0.000000 0.000000 0.000000 0.000000 0.000000 0.000000 0.000000 0.000000 0.000000 0.000000 0.000000 0.000000 0.000000 0.000000 0.000000 0.000000 0.000000 0.000000 0.000000 0.000000 0.000000 0.000000 0.000000 0.000000
19.547205 20.364529 21.197847 22.064533 22.951933 23.878790 24.870544 25.987053 27.358986 29.099194 0.000000 0.000000 0.000000 0.000000 0.000000 0.000000 0.000000 0.000000 0.000000 0.000000 0.000000 0.000000 0.000000 0.000000 0.000000 0.000000 0.000000 0.000000 0.000000 0.000000 0.000000 0.000000 0.000000 0.000000 0.000000 0.000000 0.000000 0.000000 0.000000 0.000000 0.000000 0.000000 0.000000 0.000000 0.000000 0.000000
19.529020 20.355724 21.199932 22.080362 22.991552 23.962488 25.046824 26.359983 28.037184 0.000000 0.000000 0.000000 0.000000 0.000000 0.000000 0.000000 0.000000 0.000000 0.000000 0.000000 0.000000 0.000000 0.000000 0.000000 0.000000 0.000000 0.000000 0.000000 0.000000 0.000000 0.000000 0.000000 0.000000 0.000000 0.000000 0.000000 0.000000 0.000000 0.000000 0.000000 0.000000 0.000000 0.000000 0.000000 0.000000 0.000000
19.594255 20.432589 21.292099 22.194080 23.145817 24.201677 25.467205 27.060312 0.000000 0.000000 0.000000 0.000000 0.000000 0.000000 0.000000 0.000000 0.000000 0.000000 0.000000 0.000000 0.000000 0.000000 0.000000 0.000000 0.000000 0.000000 0.000000 0.000000 0.000000 0.000000 0.000000 0.000000 0.000000 0.000000 0.000000 0.000000 0.000000 0.000000 0.000000 0.000000 0.000000 0.000000 0.000000 0.000000 0.000000 0.000000
19.742527 20.595568 21.477243 22.416254 23.445961 24.668343 26.189508 0.000000 0.000000 0.000000 0.000000 0.000000 0.000000 0.000000 0.000000 0.000000 0.000000 0.000000 0.000000 0.000000 0.000000 0.000000 0.000000 0.000000 0.000000 0.000000 0.000000 0.000000 0.000000 0.000000 0.000000 0.000000 0.000000 0.000000 0.000000 0.000000 0.000000 0.000000 0.000000 0.000000 0.000000 0.000000 0.000000 0.000000 0.000000 0.000000
19.973824 20.846642 21.764017 22.774702 23.957348 25.412027 0.000000 0.000000 0.000000 0.000000 0.000000 0.000000 0.000000 0.000000 0.000000 0.000000 0.000000 0.000000 0.000000 0.000000 0.000000 0.000000 0.000000 0.000000 0.000000 0.000000 0.000000 0.000000 0.000000 0.000000 0.000000 0.000000 0.000000 0.000000 0.000000 0.000000 0.000000 0.000000 0.000000 0.000000 0.000000 0.000000 0.000000 0.000000 0.000000 0.000000
20.289289 21.193144 22.177105 23.328487 24.721617 0.000000 0.000000 0.000000 0.000000 0.000000 0.000000 0.000000 0.000000 0.000000 0.000000 0.000000 0.000000 0.000000 0.000000 0.000000 0.000000 0.000000 0.000000 0.000000 0.000000 0.000000 0.000000 0.000000 0.000000 0.000000 0.000000 0.000000 0.000000 0.000000 0.000000 0.000000 0.000000 0.000000 0.000000 0.000000 0.000000 0.000000 0.000000 0.000000 0.000000 0.000000
20.694765 21.657284 22.770275 24.112244 0.000000 0.000000 0.000000 0.000000 0.000000 0.000000 0.000000 0.000000 0.000000 0.000000 0.000000 0.000000 0.000000 0.000000 0.000000 0.000000 0.000000 0.000000 0.000000 0.000000 0.000000 0.000000 0.000000 0.000000 0.000000 0.000000 0.000000 0.000000 0.000000 0.000000 0.000000 0.000000 0.000000 0.000000 0.000000 0.000000 0.000000 0.000000 0.000000 0.000000 0.000000 0.000000
21.209414 22.287720 23.571960 0.000000 0.000000 0.000000 0.000000 0.000000 0.000000 0.000000 0.000000 0.000000 0.000000 0.000000 0.000000 0.000000 0.000000 0.000000 0.000000 0.000000 0.000000 0.000000 0.000000 0.000000 0.000000 0.000000 0.000000 0.000000 0.000000 0.000000 0.000000 0.000000 0.000000 0.000000 0.000000 0.000000 0.000000 0.000000 0.000000 0.000000 0.000000 0.000000 0.000000 0.000000 0.000000 0.000000
21.876551 23.106722 0.000000 0.000000 0.000000 0.000000 0.000000 0.000000 0.000000 0.000000 0.000000 0.000000 0.000000 0.000000 0.000000 0.000000 0.000000 0.000000 0.000000 0.000000 0.000000 0.000000 0.000000 0.000000 0.000000 0.000000 0.000000 0.000000 0.000000 0.000000 0.000000 0.000000 0.000000 0.000000 0.000000 0.000000 0.000000 0.000000 0.000000 0.000000 0.000000 0.000000 0.000000 0.000000 0.000000 0.000000
22.712406 0.000000 0.000000 0.000000 0.000000 0.000000 0.000000 0.000000 0.000000 0.000000 0.000000 0.000000 0.000000 0.000000 0.000000 0.000000 0.000000 0.000000 0.000000 0.000000 0.000000 0.000000 0.000000 0.000000 0.000000 0.000000 0.000000 0.000000 0.000000 0.000000 0.000000 0.000000 0.000000 0.000000 0.000000 0.000000 0.000000 0.000000 0.000000 0.000000 0.000000 0.000000 0.000000 0.000000 0.000000 0.000000
