0,0,-0.367375,0.08610799999999985,3.17321,0.0
0,1,-0.367375,0.08610799999999985,3.17321,0.0
0,2,-0.3482319999999999,0.10814199999999996,3.151176,0.0
0,3,-0.3255159999999999,0.1326670000000001,3.1021259999999997,0.0
0,4,-0.29883799999999994,0.16433799999999987,3.0071130000000004,0.0
0,5,-0.2683,0.20037300000000036,2.8629729999999984,0.0
0,6,-0.2333750000000001,0.2439009999999997,2.6453330000000017,0.0
0,7,-0.19390099999999988,0.2945820000000001,2.341246999999999,0.0
0,8,-0.14968000000000004,0.35123499999999996,1.9446760000000003,0.0
0,9,-0.10085999999999995,0.4201579999999998,1.3932920000000015,0.0
0,10,-0.04767499999999991,0.49649500000000035,0.7062589999999966,0.0
0,11,0.010101999999999833,0.5866549999999995,-0.19534099999999466,0.0
0,12,0.07158200000000026,0.6873340000000008,-1.302810000000009,0.0
0,13,0.1358189999999988,0.7989369999999996,-2.6420459999999935,0.0
0,14,0.2014459999999998,0.9213950000000004,-4.234000000000005,0.0
0,15,0.26712899999999884,1.0494979999999998,-6.027441999999997,0.0
0,16,0.3313190000000006,1.187816999999999,-8.102226999999985,0.0
0,17,0.391077000000001,1.324708000000001,-10.292483000000018,0.0
0,18,0.44586799999999904,1.4603789999999996,-12.598889999999994,0.0
0,19,0.49373100000000214,1.5940239999999992,-15.004499999999988,0.0
0,20,0.5324640000000009,1.7253680000000013,-17.500036000000026,0.0
0,21,0.5635069999999978,1.8719010000000011,-20.430696000000022,0.0
0,22,0.5862559999999988,2.0487329999999986,-24.14416799999997,0.0
0,23,0.6022729999999967,2.2969240000000006,-29.60437000000001,0.0
0,24,0.6122990000000073,2.6485540000000007,-37.69186000000002,0.0
0,25,0.6154269999999968,3.159209999999998,-49.947603999999956,0.0
0,26,0.6085009999999897,3.8806730000000016,-67.98417900000004,0.0
0,27,0.5997270000000015,4.828491,-92.627447,0.0
0,28,0.5956759999999974,6.0382960000000026,-125.29218200000007,0.0
0,29,0.5956759999999974,7.650176999999999,-170.42484999999996,0.0
0,30,0.6194110000000137,10.228064999999994,-245.18360199999984,0.0
0,31,0.629051000000004,16.116051000000006,-421.82318200000014,0.0
0,32,0.6290510000001177,35.225601,-1014.2192319999999,0.0
1,0,-0.367375,0.08610799999999985,3.17321,0.0
1,1,-0.3482319999999999,0.10525099999999998,3.154067,0.0
1,2,-0.3255159999999999,0.13085799999999992,3.105744,0.0
1,3,-0.29883799999999994,0.15934500000000007,3.022092,0.0
1,4,-0.2683,0.19487599999999983,2.8849610000000006,0.0
1,5,-0.2333750000000001,0.23529800000000023,2.688347999999999,0.0
1,6,-0.1083099999999999,0.28337499999999993,2.3228980000000004,0.0
1,7,-0.061881000000000075,0.33880299999999997,1.9439010000000003,0.0
1,8,-0.010544999999999582,0.40005500000000005,1.4638009999999992,0.0
1,9,0.04556899999999953,0.47334299999999985,0.8213830000000018,0.0
1,10,0.10607100000000003,0.5542720000000001,0.032519999999998994,0.0
1,11,0.17099699999999984,0.6481349999999999,-0.9710359999999989,0.0
1,12,0.23899899999999974,0.7515710000000002,-2.176834000000002,0.0
1,13,0.30903800000000015,0.8645639999999997,-3.602788999999996,0.0
1,14,0.37948999999999966,0.9870779999999995,-5.265922999999993,0.0
1,15,0.3313190000000006,1.1136880000000016,-6.9902920000000215,0.0
1,16,0.5156189999999992,1.2475749999999994,-9.18289699999999,0.0
1,17,0.5765639999999994,1.3794989999999991,-11.354625999999985,0.0
1,18,0.6319440000000007,1.508242000000001,-13.598637000000018,0.0
1,19,0.6793239999999994,1.6327569999999998,-15.887286999999997,0.0
1,20,0.7172210000000003,1.7564109999999982,-18.274609999999967,0.0
1,21,0.7468670000000017,1.8946500000000022,-21.069036000000043,0.0
1,22,0.7683709999999984,2.06475,-24.66264,0.0
1,23,0.7837430000000012,2.3069500000000005,-30.00641200000001,0.0
1,24,0.7924899999999973,2.6529729999999994,-37.97368799999998,0.0
1,25,0.7912099999999995,3.1579189999999997,-50.09111199999999,0.0
1,26,0.7801779999999994,3.873746999999998,-67.97577999999996,0.0
1,27,0.771965999999999,4.819717000000004,-92.56278800000013,0.0
1,28,0.7783700000000024,6.040649000000002,-125.54076000000006,0.0
1,29,0.7783700000000024,7.673912000000001,-171.27212400000002,0.0
1,30,0.6780239999999935,10.286677999999995,-246.94199199999986,0.0
1,31,0.6780240000000504,16.06707800000001,-420.3539920000003,0.0
2,0,-0.2704580000000001,0.10525099999999998,3.076293,0.0
2,1,-0.246734,0.12897500000000006,3.028845,0.0
2,2,-0.21890399999999977,0.15868800000000016,2.9434719999999994,0.0
2,3,-0.1866270000000001,0.19162199999999974,2.813050000000001,0.0
2,4,-0.14993799999999968,0.23156500000000024,2.6198429999999986,0.0
2,5,-0.1083099999999999,0.276926,2.355143,0.0
2,6,-0.001879000000000186,0.32980399999999976,1.8778910000000018,0.0
2,7,-0.010544999999999582,0.39013900000000046,1.5332129999999964,0.0
2,8,0.10607799999999923,0.45616899999999916,0.8377570000000079,0.0
2,9,0.10607100000000003,0.5338450000000003,0.21636299999999675,0.0
2,10,0.17099699999999984,0.6191979999999999,-0.681665999999999,0.0
2,11,0.23899899999999974,0.7161369999999998,-1.7870599999999977,0.0
2,12,0.3696920000000006,0.8216100000000006,-3.2086490000000083,0.0
2,13,0.4406049999999997,0.9350159999999992,-4.711346999999989,0.0
2,14,0.5105580000000014,1.056579000000001,-6.431572000000017,0.0
2,15,0.5782869999999996,1.1803159999999995,-8.299347999999993,0.0
2,16,0.6415360000000003,1.3085199999999997,-10.348905999999996,0.0
2,17,0.6319440000000007,1.4348790000000005,-12.35146600000001,0.0
2,18,0.7492269999999994,1.5556219999999996,-14.638662999999992,0.0
2,19,0.7912630000000007,1.6706540000000007,-16.793311000000017,0.0
2,20,0.8246169999999999,1.7860569999999996,-19.05267599999999,0.0
2,21,0.849734999999999,1.9161539999999988,-21.704851999999974,0.0
2,22,0.8678960000000018,2.080122000000003,-25.184502000000066,0.0
2,23,0.8805319999999988,2.3156969999999966,-30.392423999999917,0.0
2,24,0.7952039999999982,2.6556870000000004,-38.041538,0.0
2,25,0.8778649999999999,3.153925000000001,-50.16457200000002,0.0
2,26,0.7912099999999995,3.862714999999998,-67.71101199999994,0.0
2,27,0.8647379999999956,4.811505000000004,-92.52660800000008,0.0
2,28,0.7783700000000024,6.040649000000002,-125.54076000000005,0.0
2,29,0.9028169999999989,7.728340000000003,-173.0585480000001,0.0
2,30,0.9028169999999989,10.303761000000002,-247.74575700000003,0.0
3,0,-0.18856200000000012,0.12897500000000006,2.9125010000000002,0.0
3,1,-0.16046700000000014,0.15707000000000004,2.8282160000000003,0.0
3,2,-0.1279600000000003,0.191195,2.696570000000001,0.0
3,3,-0.09079499999999996,0.22878700000000007,2.5098909999999997,0.0
3,4,-0.04889600000000005,0.27346400000000015,2.2501629999999997,0.0
3,5,-0.001879000000000186,0.32394299999999987,1.9071960000000012,0.0
3,6,0.04978499999999997,0.3814679999999999,1.4645790000000005,0.0
3,7,0.10607799999999923,0.4464319999999997,0.9059160000000039,0.0
3,8,0.16677100000000067,0.5168620000000006,0.23082699999999345,0.0
3,9,0.2313900000000002,0.5984639999999999,-0.6158459999999994,0.0
3,10,0.2995809999999999,0.6873889999999996,-1.6207439999999957,0.0
3,11,0.40703200000000006,0.7862480000000005,-2.9316870000000055,0.0
3,12,0.4763219999999997,0.8925229999999997,-4.308581999999996,0.0
3,13,0.5449269999999995,1.004969000000001,-5.863749000000009,0.0
3,14,0.611186,1.1243079999999992,-7.613932999999989,0.0
3,15,0.6739029999999993,1.2435650000000003,-9.471682000000001,0.0
3,16,0.6984069999999996,1.365390999999999,-11.372583999999982,0.0
3,17,0.7492269999999994,1.4856990000000003,-13.449972000000004,0.0
3,18,0.8249880000000012,1.597658000000001,-15.58055800000002,0.0
3,19,0.8595969999999991,1.704008,-17.598684999999996,0.0
3,20,0.8866939999999985,1.8111749999999986,-19.71614899999997,0.0
3,21,0.9061640000000004,1.9343150000000016,-22.23735900000003,0.0
3,22,0.9203219999999988,2.092758,-25.607135999999993,0.0
3,23,0.8862900000000025,2.3214550000000003,-30.536374000000013,0.0
3,24,0.8862900000000025,2.6550100000000008,-38.208139000000024,0.0
3,25,0.9158539999999995,3.146176999999998,-50.084838999999945,0.0
3,26,0.9101610000000022,3.849920000000001,-67.66133500000002,0.0
3,27,0.9266850000000062,4.827697000000001,-93.14963300000004,0.0
3,28,0.8892709999999937,6.065182,-126.449486,0.0
3,29,0.9028169999999989,7.728340000000003,-173.0585480000001,0.0
4,0,-0.11640099999999975,0.15707000000000004,2.696017999999999,0.0
4,1,-0.08387999999999973,0.18959100000000007,2.565933999999999,0.0
4,2,-0.046858999999999984,0.22878700000000007,2.3780829999999997,0.0
4,3,-0.005069999999999908,0.27057600000000015,2.1273489999999993,0.0
4,4,0.041468999999999756,0.3200029999999998,1.7929120000000016,0.0
4,5,0.09292299999999987,0.375397,1.3655200000000005,0.0
4,6,0.14868799999999993,0.437233,0.8332800000000002,0.0
4,7,0.24148200000000042,0.5062759999999997,0.04784599999999983,0.0
4,8,0.3035880000000004,0.5802570000000005,-0.7184450000000053,0.0
4,9,0.33834499999999945,0.6648819999999995,-1.534472999999994,0.0
4,10,0.4344710000000003,0.7560760000000002,-2.7397230000000032,0.0
4,11,0.5015400000000003,0.8555380000000001,-4.002619000000004,0.0
4,12,0.5678739999999998,0.9611279999999995,-5.429444999999994,0.0
4,13,0.6320180000000004,1.0712280000000014,-7.007221000000019,0.0
4,14,0.6739029999999993,1.1870249999999984,-8.680121999999976,0.0
4,15,0.7485290000000013,1.3004460000000009,-10.566520000000018,0.0
4,16,0.7812630000000009,1.41587,-12.428816000000003,0.0
4,17,0.8249880000000012,1.5294240000000006,-14.420580000000013,0.0
4,18,0.8761939999999999,1.6322669999999988,-16.37373499999998,0.0
4,19,0.8866939999999985,1.7311049999999994,-18.194818999999985,0.0
4,20,0.9061640000000004,1.8306450000000005,-20.163959000000013,0.0
4,21,0.9375110000000006,1.948473,-22.645907,0.0
4,22,0.9286150000000006,2.101051000000002,-25.81446100000004,0.0
4,23,0.9467990000000022,2.3229349999999975,-30.76864499999995,0.0
4,24,0.9399699999999989,2.650229000000003,-38.26909100000007,0.0
4,25,0.9364509999999981,3.1367169999999973,-49.93072699999993,0.0
4,26,0.9484899999999996,3.856266000000005,-67.97964700000013,0.0
4,27,0.9462209999999942,4.827697000000001,-93.22777699999999,0.0
4,28,0.9462209999999942,6.069217999999999,-126.74884399999996,0.0
5,0,-0.047746000000000066,0.18959100000000007,2.4213980000000004,0.0
5,1,-0.010735000000000383,0.22660199999999975,2.236343000000002,0.0
5,2,0.03071899999999994,0.2696700000000001,1.986005,0.0
5,3,0.07685699999999995,0.31671400000000016,1.6612269999999998,0.0
5,4,0.12753300000000012,0.370679,1.2459519999999995,0.0
5,5,0.18262500000000026,0.4304890000000001,0.7312519999999982,0.0
5,6,0.26987799999999984,0.49609000000000014,-0.03301799999999977,0.0
5,7,0.33077699999999943,0.5683819999999997,-0.7712649999999952,0.0
5,8,0.3681049999999999,0.644774,-1.4926489999999992,0.0
5,9,0.4344710000000003,0.7312479999999999,-2.5162710000000006,0.0
5,10,0.5015400000000003,0.8231450000000002,-3.678689000000004,0.0
5,11,0.5678739999999998,0.9218719999999996,-4.997628999999994,0.0
5,12,0.6320180000000004,1.0252720000000002,-6.455749000000004,0.0
5,13,0.6926569999999987,1.1318669999999997,-8.03808399999999,0.0
5,14,0.7603170000000006,1.242897000000001,-9.819774000000017,0.0
5,15,0.7975980000000007,1.3495150000000002,-11.498831000000006,0.0
5,16,0.8406029999999998,1.458874999999999,-13.354255999999983,0.0
5,17,0.8761939999999999,1.5650150000000007,-15.230451000000011,0.0
5,18,0.9031120000000001,1.659184999999999,-16.965930999999983,0.0
5,19,0.9316999999999993,1.7517570000000013,-18.775167000000025,0.0
5,20,0.9463899999999974,1.8443919999999991,-20.60868199999997,0.0
5,21,0.9547500000000007,1.9582100000000011,-22.926842000000025,0.0
5,22,0.9565480000000015,2.103921999999997,-25.995783999999947,0.0
5,23,0.9506379999999979,2.3196150000000024,-30.711480000000048,0.0
5,24,0.949268,2.6433999999999997,-38.151685,0.0
5,25,0.9617990000000063,3.145729000000003,-50.282767000000106,0.0
5,26,0.956984999999996,3.856266000000005,-68.02212200000011,0.0
5,27,0.956984999999996,4.825427999999995,-93.22033399999987,0.0
6,0,0.020380999999999982,0.22660199999999975,2.080763,0.0
6,1,0.06184800000000035,0.2680690000000001,1.831960999999998,0.0
6,2,0.10762300000000025,0.31671400000000016,1.5073969999999983,0.0
6,3,0.157721,0.370679,1.095012,0.0
6,4,0.21191799999999983,0.4304890000000001,0.5847870000000004,0.0
6,5,0.26987799999999984,0.48844900000000013,0.005187000000000275,0.0
6,6,0.35511300000000023,0.5569889999999997,-0.8489230000000001,0.0
6,7,0.4168960000000004,0.631348,-1.6657750000000027,0.0
6,8,0.45788799999999963,0.7089189999999999,-2.454723999999997,0.0
6,9,0.5225840000000002,0.7959440000000004,-3.539100000000005,0.0
6,10,0.5864839999999996,0.8870449999999996,-4.742408999999994,0.0
6,11,0.648251000000001,0.983639000000001,-6.078951000000018,0.0
6,12,0.7186799999999991,1.0834579999999985,-7.599533999999977,0.0
6,13,0.7603170000000006,1.185747000000001,-9.076824000000016,0.0
6,14,0.8084699999999998,1.2910500000000003,-10.734681000000002,0.0
6,15,0.8493369999999985,1.390381999999999,-12.370530999999975,0.0
6,16,0.8842490000000005,1.493787000000001,-14.13107800000002,0.0
6,17,0.9115939999999991,1.5923599999999993,-15.872315999999984,0.0
6,18,0.9316999999999993,1.6792909999999992,-17.470778999999983,0.0
6,19,0.9463899999999974,1.7664469999999994,-19.127726999999975,0.0
6,20,0.9547500000000007,1.8527520000000024,-20.81768200000005,0.0
6,21,0.9590899999999998,1.9625500000000002,-23.039682000000003,0.0
6,22,0.9565480000000015,2.103921999999997,-25.995783999999947,0.00017499999999870397
6,23,0.9548450000000024,2.315407999999998,-30.639960999999968,0.0
6,24,0.949268,2.6433999999999997,-38.15168499999999,0.0
6,25,0.9640699999999995,3.145729000000003,-50.296393000000066,0.0
6,26,0.9617990000000063,3.8514519999999948,-67.9258419999999,0.0
7,0,0.08933299999999988,0.2680690000000001,1.6670510000000007,0.0
7,1,0.13502100000000006,0.3137570000000003,1.3472349999999995,0.0
7,2,0.18480499999999989,0.3652289999999998,0.9472750000000012,0.0
7,3,0.23831200000000008,0.4203190000000001,0.46254599999999924,0.0
7,4,0.29526600000000025,0.48183,-0.12066500000000158,0.0
7,5,0.35511300000000023,0.5482960000000001,-0.805458000000002,0.0
7,6,0.4168960000000004,0.6187719999999999,-1.5903190000000018,0.0
7,7,0.4794110000000007,0.6938630000000003,-2.478470000000007,0.0
7,8,0.5417620000000003,0.7712699999999995,-3.456775999999998,0.0
7,9,0.6033489999999997,0.8575309999999998,-4.5779729999999965,0.0
7,10,0.6627219999999996,0.9464179999999995,-5.793566999999993,0.0
7,11,0.7186799999999991,1.0395970000000005,-7.117063,0.0
7,12,0.7699390000000008,1.1347170000000002,-8.522196000000008,0.0
7,13,0.8163640000000001,1.2321720000000003,-10.016631000000002,0.0
7,14,0.8564889999999998,1.331175,-11.584544999999999,0.0
7,15,0.8942099999999993,1.423451,-13.140455999999995,0.0
7,16,0.9166550000000004,1.5208840000000006,-14.759066000000011,0.0
7,17,0.9363630000000001,1.612067999999999,-16.35596599999998,0.0
7,18,0.9507650000000005,1.6936929999999997,-17.844405,0.0
7,19,0.9599400000000031,1.775622000000002,-19.383352000000063,0.0
7,20,0.9638670000000005,1.8558309999999985,-20.934811999999972,0.0
7,21,0.9608650000000001,1.9625500000000002,-23.050332000000004,0.000740000000000407
7,22,0.9596020000000003,2.098326,-25.894050000000004,0.0
7,23,0.9722270000000002,2.3246269999999996,-30.97367199999999,0.0
7,24,0.968944999999998,2.6560759999999988,-38.574024999999956,0.0
7,25,0.9688909999999993,3.140908000000003,-50.20961500000006,0.0
8,0,0.15957299999999996,0.3137570000000003,1.1753710000000002,0.0
8,1,0.20903699999999992,0.36322100000000024,0.7796590000000005,0.0
8,2,0.262254,0.4184459999999999,0.29869800000000035,0.0
8,3,0.318457,0.48183,-0.28300199999999975,0.0
8,4,0.37721399999999994,0.5405869999999999,-0.9293289999999992,0.0
8,5,0.43780099999999944,0.6088829999999996,-1.687208999999994,0.0
8,6,0.49921099999999985,0.6801820000000003,-2.5349840000000006,0.0
8,7,0.5600639999999997,0.7547160000000002,-3.4690119999999984,0.0
8,8,0.6193210000000002,0.830527,-4.473745000000002,0.0
8,9,0.6765270000000001,0.9147369999999997,-5.605072999999998,0.0
8,10,0.7302960000000009,1.0001870000000004,-6.804275000000011,0.0
8,11,0.7796319999999994,1.088932999999999,-8.086422999999986,0.0
8,12,0.8234779999999997,1.1785630000000005,-9.423121000000004,0.0
8,13,0.8677089999999996,1.270676,-10.882324999999998,0.0
8,14,0.8984459999999999,1.363403,-12.333671999999998,0.0
8,15,0.9202379999999994,1.4494790000000002,-13.713071999999999,0.0
8,16,0.9429749999999988,1.5412400000000002,-15.271382999999993,0.0
8,17,0.953907000000001,1.6253810000000009,-16.70509500000002,0.0
8,18,0.9654729999999994,1.7027509999999992,-18.11291299999998,0.0
8,19,0.9663614999999997,1.7790185000000012,-19.49283600000002,0.0004004999999978054
8,20,0.9638670000000005,1.8558309999999985,-20.934811999999972,0.0009310000000013474
8,21,0.9623329999999974,1.9596140000000055,-23.00042000000009,0.0
8,22,0.9608650000000001,2.0958000000000006,-25.84858200000001,0.0
8,23,0.9722270000000002,2.3246269999999996,-30.97367199999999,0.0004619999999988522
8,24,0.9722270000000002,2.6527939999999965,-38.52151299999992,0.0
9,0,0.23094600000000032,0.36322100000000024,0.6043869999999973,0.0
9,1,0.28361899999999984,0.41589399999999976,0.1303300000000016,0.0
9,2,0.33953500000000014,0.4765220000000001,-0.43570200000000137,0.0
9,3,0.39756100000000005,0.534548,-1.0739880000000004,0.0
9,4,0.4570319999999999,0.6000579999999998,-1.805756999999998,0.0
9,5,0.5170600000000007,0.6689110000000005,-2.6214210000000087,0.0
9,6,0.5767940000000005,0.739916,-3.514052000000004,0.0
9,7,0.6347629999999995,0.8126849999999992,-4.472386999999991,0.0
9,8,0.6897950000000002,0.8855590000000007,-5.477793000000006,0.0
9,9,0.7416099999999997,0.9665519999999992,-6.592071999999991,0.0
9,10,0.7890029999999992,1.04758,-7.747860999999993,0.0
9,11,0.8312550000000005,1.1311850000000003,-8.964179000000009,0.0
9,12,0.8677089999999996,1.2150169999999996,-10.214416999999992,0.0
9,13,0.8984459999999999,1.3014130000000002,-11.527802000000001,0.0
9,14,0.9232080000000007,1.3881650000000008,-12.878436000000017,0.0
9,15,0.9429749999999988,1.4692459999999983,-14.191472999999965,0.0
9,16,0.9575379999999996,1.555803000000001,-15.620895000000012,0.0
9,17,0.9654729999999994,1.6333160000000007,-16.932518000000005,0.0
9,18,0.96773825,1.70501625,-18.1718095,0.0015117499999988127
9,19,0.9663614999999997,1.7790185000000012,-19.49283600000002,0.0018679999999946517
9,20,0.9644510000000004,1.8546629999999986,-20.916707999999975,0.0
9,21,0.9638670000000005,1.9558599999999977,-22.93539199999996,0.0
9,22,0.9753769999999999,2.108844000000003,-26.25164600000006,0.001149000000001621
9,23,0.9722270000000002,2.3246269999999996,-30.97367199999999,0.0
10,0,0.3029529999999996,0.41589399999999976,-0.04367599999999605,0.0
10,1,0.35821400000000025,0.47115500000000043,-0.5962860000000028,0.0
10,2,0.4159139999999999,0.5320619999999998,-1.2341929999999985,0.0
10,3,0.4747319999999995,0.5933659999999996,-1.944980999999994,0.0
10,4,0.5337250000000004,0.6590510000000007,-2.731966000000007,0.0
10,5,0.5918869999999998,0.7270729999999999,-3.5856739999999974,0.0
10,6,0.648644,0.7966730000000002,-4.501244000000001,0.0
10,7,0.7024880000000007,0.8665289999999999,-5.458820000000006,0.0
10,8,0.7523559999999998,0.9354269999999998,-6.439785999999996,0.0
10,9,0.7980260000000001,1.0122219999999995,-7.510845999999997,0.0
10,10,0.8386030000000009,1.1311850000000003,-9.030311000000012,0.0
10,11,0.8736990000000002,1.1662809999999997,-9.732230999999999,0.0
10,12,0.9031950000000002,1.2445129999999995,-10.887742999999997,0.0
10,13,0.9304190000000006,1.3252000000000006,-12.128227000000015,0.0
10,14,0.944998,1.4061810000000001,-13.326770000000002,0.0
10,15,0.9589600000000011,1.4832079999999994,-14.544768000000005,0.0
10,16,0.968159,1.5650019999999998,-15.863667999999997,0.0
10,17,0.9687105000000003,1.6338675000000007,-16.971031000000014,0.0024204999999994925
10,18,0.96773825,1.70501625,-18.1718095,0.003482500000000499
10,19,0.9663614999999997,1.7790185000000012,-19.49283600000002,0.0007014999999981342
10,20,0.9663614999999997,1.8489315000000006,-20.821183000000005,0.0
10,21,0.9762385000000009,1.9676474999999982,-23.294272999999972,0.00161549999999977
10,22,0.9762385000000009,2.107982500000002,-26.241308000000053,0.0
11,0,0.37499800000000016,0.4711550000000009,-0.7641260000000023,0.0
11,1,0.43196999999999974,0.5320619999999998,-1.394752999999997,0.0
11,2,0.4903810000000002,0.5933659999999996,-2.101471000000001,0.0
11,3,0.5487580000000003,0.6517429999999997,-2.8603720000000026,0.0
11,4,0.6060319999999999,0.7270729999999999,-3.727123999999998,0.0
11,5,0.661143,0.782184,-4.553789,0.0
11,6,0.7136889999999996,0.8492189999999997,-5.466969999999994,0.0
11,7,0.7623969999999991,0.9152369999999994,-6.398865999999986,0.0
11,8,0.8062729999999991,0.9793029999999998,-7.32996399999999,0.0
11,9,0.8514530000000011,1.0512740000000012,-8.402712000000022,0.0
11,10,0.8789699999999989,1.1218019999999989,-9.340150999999977,0.0
11,11,0.9071370000000005,1.1944480000000013,-10.37644800000002,0.0
11,12,0.9304190000000006,1.2677949999999996,-11.439367,0.0
11,13,0.9481400000000004,1.3429210000000005,-12.53581000000001,0.0
11,14,0.9604069999999982,1.418447999999998,-13.652597999999953,0.0
11,15,0.970326,1.4916920000000005,-14.787123000000008,0.0
11,16,0.9696069999999999,1.5657180000000004,-15.889604000000006,0.0028950000000023124
11,17,0.9687105000000003,1.6338675000000007,-16.971031000000014,0.004407000000000494
11,18,0.96773825,1.70501625,-18.1718095,0.0018532499999999175
11,19,0.96773825,1.77488825,-19.429505499999998,0.0
11,20,0.9773284999999987,1.8600554999999976,-21.15333299999994,0.0019195000000031825
11,21,0.9773284999999987,1.9665575000000004,-23.283372999999994,0.0
12,0,0.4464190000000001,0.5281270000000005,-1.5497570000000014,0.0
12,1,0.504016,0.5904730000000002,-2.2456700000000005,0.0
12,2,0.5619069999999997,0.6483639999999999,-2.9982529999999965,0.0
12,3,0.6184900000000004,0.7083260000000005,-3.797173000000006,0.0
12,4,0.6728230000000002,0.782184,-4.682269000000002,0.0
12,5,0.723935,0.8332959999999998,-5.500060999999999,0.0
12,6,0.7712760000000003,0.89656,-6.384473000000003,0.0
12,7,0.814134000000001,0.9580950000000001,-7.267979000000013,0.0
12,8,0.8514530000000011,1.016622,-8.125496000000012,0.0
12,9,0.8837969999999995,1.0836179999999995,-9.04959199999999,0.0
12,10,0.9107060000000011,1.1487110000000005,-9.958337000000018,0.0
12,11,0.935257,1.2162369999999996,-10.928208999999995,0.0
12,12,0.9514379999999996,1.2856000000000005,-11.885374,0.0
12,13,0.9628039999999984,1.3554249999999985,-12.859665999999962,0.0
12,14,0.9717972500000007,1.4259699999999995,-13.884670000000003,0.0
12,15,0.9709692500000005,1.492335250000001,-14.803847500000021,0.0026307500000015693
12,16,0.9696069999999999,1.5657180000000004,-15.889604000000006,0.0047200000000025
12,17,0.9687105000000003,1.6338675000000007,-16.971031000000014,0.0022935000000003924
12,18,0.9687105000000003,1.702099499999999,-18.130974999999985,0.0
12,19,0.9772499999999997,1.784471999999999,-19.716225999999978,0.0021449999999987313
12,20,0.9773284999999987,1.8600554999999979,-21.153332999999943,0.0
13,0,0.5163390000000003,0.5857239999999999,-2.388797000000004,0.0
13,1,0.5733980000000001,0.6483639999999999,-3.136145000000001,0.0
13,2,0.6294810000000002,0.7083260000000005,-3.929065000000003,0.0
13,3,0.6830099999999995,0.7706580000000001,-4.758408999999993,0.0
13,4,0.7333209999999992,0.8332959999999998,-5.61269299999999,0.0
13,5,0.7796390000000004,0.879614000000001,-6.400099000000009,0.0
13,6,0.8211949999999995,0.9381159999999991,-7.2328369999999875,0.0
13,7,0.8578299999999999,0.9947300000000006,-8.048776000000002,0.0
13,8,0.8885810000000003,1.0473730000000003,-8.817040000000006,0.0
13,9,0.9144670000000001,1.1095039999999994,-9.650605999999996,0.0
13,10,0.935257,1.1695010000000003,-10.460849000000003,0.0
13,11,0.9514379999999996,1.2324179999999991,-11.300371999999985,0.0
13,12,0.9641509999999993,1.2983130000000003,-12.190485999999995,0.0
13,13,0.9719440000000006,1.3632179999999998,-13.070655000000006,0.0
13,14,0.9717972500000007,1.4259699999999995,-13.884670000000003,0.0032407499999997924
13,15,0.9709692500000005,1.492335250000001,-14.803847500000021,0.004857500000003512
13,16,0.9696069999999999,1.5657180000000004,-15.889604000000006,0.002508000000002397
13,17,0.9696069999999999,1.631178000000002,-16.93696400000003,0.0
13,18,0.977214,1.710602999999999,-18.386079999999982,0.0023109999999988418
13,19,0.9772499999999997,1.7844719999999992,-19.716225999999978,0.0
14,0,0.5837089999999998,0.6427829999999997,-3.264606999999997,0.0
14,1,0.6390250000000002,0.704447,-4.045379000000002,0.0
14,2,0.692005,0.7574269999999999,-4.840078999999999,0.0
14,3,0.7414440000000004,0.8209689999999998,-5.668984000000005,0.0
14,4,0.7868550000000001,0.8663799999999995,-6.440970999999999,0.0
14,5,0.8276699999999995,0.9381159999999991,-7.317011999999988,0.0
14,6,0.8632980000000003,0.9737439999999999,-7.993944000000004,0.0
14,7,0.8936659999999996,1.0250979999999998,-8.727219999999994,0.0
14,8,0.9184609999999989,1.0721679999999996,-9.403839999999981,0.0
14,9,0.9384910000000009,1.1295340000000014,-10.143188000000023,0.0
14,10,0.9539220000000004,1.1849319999999999,-10.857804000000003,0.0
14,11,0.9653140000000011,1.2438099999999999,-11.606072000000013,0.0
14,12,0.9726140000000001,1.3056129999999992,-12.388104999999992,0.0
14,13,0.9719509999999998,1.3632179999999998,-13.070745999999996,0.0037190000000020262
14,14,0.9717972500000007,1.4259699999999995,-13.884670000000003,0.005497499999998823
14,15,0.9709692500000005,1.492335250000001,-14.803847500000021,0.0029152499999991477
14,16,0.9709692500000005,1.5616312499999987,-15.843287499999986,0.0
14,17,0.977288999999999,1.638860000000001,-17.167424000000004,0.002496999999998195
14,18,0.977288999999999,1.710528,-18.385779999999986,0.0
15,0,0.6475149999999994,0.6980990000000009,-4.157890999999992,0.0
15,1,0.6999499999999994,0.750534,-4.9444159999999915,0.0
15,2,0.7487240000000002,0.8062010000000006,-5.731693000000004,0.0
15,3,0.7932179999999995,0.8557879999999995,-6.498276999999992,0.0
15,4,0.8330890000000011,0.9204290000000004,-7.304443000000017,0.0
15,5,0.8680450000000004,0.9737439999999999,-8.060402000000005,0.0
15,6,0.8977799999999991,1.0034789999999987,-8.65510199999998,0.0
15,7,0.9221559999999993,1.049474,-9.29671199999999,0.0
15,8,0.9416419999999999,1.0916540000000001,-9.884262,0.0
15,9,0.9565469999999987,1.1444390000000002,-10.530116999999983,0.0
15,10,0.9673309999999997,1.195716000000001,-11.153370000000004,0.0
15,11,0.9742997999999996,1.2507787999999997,-11.808529999999992,7.920000000183336e-05
15,12,0.9726714999999997,1.3056129999999992,-12.388909999999987,0.0032465000000012623
15,13,0.9719509999999998,1.3632179999999998,-13.070745999999996,0.005826000000002551
15,14,0.9717972500000007,1.4259699999999995,-13.884670000000003,0.0031792499999987456
15,15,0.9717972500000007,1.48985125,-14.77900750000001,0.0
15,16,0.9774405000000002,1.5681024999999984,-16.037424999999978,0.00268649999999937
15,17,0.9774405000000002,1.6387085,-17.167121,0.0
16,0,0.7068430000000001,0.7505339999999991,-5.047811000000002,0.0
16,1,0.7553900000000002,0.8062010000000006,-5.831683000000004,0.0
16,2,0.7992219999999994,0.8500329999999998,-6.576826999999991,0.0
16,3,0.8381790000000002,0.8947450000000003,-7.289563000000005,0.0
16,4,0.8721969999999999,0.9402690000000007,-7.970423,0.0
16,5,0.901268,0.9844559999999998,-8.612306999999998,0.0
16,6,0.9251440000000013,1.027355,-9.20881800000002,0.0
16,7,0.9440430000000006,1.0683729999999994,-9.757310000000006,0.0
16,8,0.9587330000000005,1.106344,-10.258147000000008,0.0
16,9,0.969163,1.1548689999999997,-10.813226999999998,0.0
16,10,0.9749828,1.201535800000001,-11.326345000000009,0.0006951999999973424
16,11,0.9742997999999996,1.2507787999999997,-11.808529999999992,0.0040583999999999065
16,12,0.9726714999999997,1.3056129999999992,-12.388909999999987,0.005164999999999864
16,13,0.9719509999999998,1.3632179999999998,-13.070745999999996,0.0033790000000024634
16,14,0.9719509999999998,1.4253620000000025,-13.878618000000028,0.0
16,15,0.9776810000000005,1.4957349999999998,-14.955520000000003,0.0028899999999971726
16,16,0.9776810000000005,1.567861999999998,-16.037424999999978,0.0
17,0,0.7608290000000002,0.7990810000000002,-5.9115870000000035,0.0
17,1,0.8046680000000004,0.8500329999999998,-6.663963000000006,0.0
17,2,0.8431090000000001,0.8947450000000003,-7.368443000000003,0.0
17,3,0.8762670000000004,0.9402690000000007,-8.035543000000008,0.0
17,4,0.9044270000000001,0.9684290000000004,-8.598743000000002,0.0
17,5,0.9278309999999994,1.027355,-9.25180999999999,0.0
17,6,0.9461239999999993,1.045648,-9.654255999999988,0.0
17,7,0.9602599999999999,1.106344,-10.282578999999998,0.0
17,8,0.9705519999999996,1.1166359999999997,-10.529586999999992,0.0
17,9,0.9761390000000002,1.1604560000000004,-10.975126000000007,0.0007169999999980803
17,10,0.9749828,1.201535800000001,-11.32634500000001,0.004601400000002087
17,11,0.9742997999999996,1.2507787999999997,-11.808529999999992,0.006575599999999682
17,12,0.9726714999999997,1.3056129999999992,-12.388909999999987,0.0028684999999999405
17,13,0.9726714999999997,1.3603934999999998,-13.046275999999994,0.0
17,14,0.9779399999999985,1.431459999999996,-14.059813999999918,0.0030190000000018813
17,15,0.9776810000000005,1.4957349999999998,-14.955520000000003,0.0
18,0,0.8088389999999999,0.8429200000000012,-6.727756999999998,0.0
18,1,0.8473619999999995,0.8884739999999995,-7.428201999999991,0.0
18,2,0.8802629999999994,0.9279030000000006,-8.06637699999999,0.0
18,3,0.9077000000000002,0.9553400000000014,-8.615117000000007,0.0
18,4,0.9302569999999992,1.007859999999999,-9.195576999999982,0.0
18,5,0.9483829999999998,1.045648,-9.692658999999995,0.0
18,6,0.9616150000000001,1.0588800000000003,-9.996995000000004,0.0
18,7,0.9716470000000008,1.0925410000000007,-10.379537000000019,0.0
18,8,0.9770078000000002,1.121996799999999,-10.682221999999996,0.0008002000000004728
18,9,0.9761390000000002,1.1604560000000004,-10.975126000000007,0.004367999999999483
18,10,0.9749828,1.201535800000001,-11.32634500000001,0.006705600000000089
18,11,0.9742997999999996,1.2507787999999997,-11.808529999999992,0.00413280000000249
18,12,0.9786175000000004,1.3034175,-12.469592000000006,0.0
18,13,0.9778855000000011,1.3656075000000012,-13.202696000000039,0.003001500000003432
18,14,0.9779399999999985,1.431459999999996,-14.059813999999918,0.0
19,0,0.8503870000000004,0.8814429999999991,-7.475621000000007,0.0
19,1,0.8832210000000007,0.9213749999999994,-8.106565000000014,0.0
19,2,0.9106330000000007,0.9553400000000014,-8.667911000000016,0.0
19,3,0.932779,0.9774860000000007,-9.132977000000002,0.0
19,4,0.9502419999999994,1.0259859999999996,-9.627810999999987,0.0
19,5,0.9635420000000003,1.0588800000000003,-10.031681000000008,0.0
19,6,0.9723839999999999,1.0677219999999998,-10.243889,0.0
19,7,0.9772394000000002,1.121070399999999,-10.679905999999994,0.0014696000000000708
19,8,0.9770078000000002,1.121996799999999,-10.682221999999996,0.004440400000000011
19,9,0.9761390000000002,1.1604560000000004,-10.975126000000007,0.00627399999999767
19,10,0.9749828,1.201535800000001,-11.32634500000001,0.003879799999999989
19,11,0.9749828,1.2480467999999982,-11.791454999999983,0.0
19,12,0.9788440000000005,1.3040970000000003,-12.481823000000016,0.003277000000007746
19,13,0.9778855000000011,1.3656075000000012,-13.202696000000039,0.0
20,0,0.8854240000000004,0.9142770000000002,-8.141324000000008,0.0
20,1,0.9124269999999992,0.9487869999999994,-8.688890999999984,0.0
20,2,0.9345060000000007,0.9774860000000007,-9.165790000000015,0.0
20,3,0.9519589999999987,1.0084489999999988,-9.59028599999997,0.0
20,4,0.9649300000000007,1.0392860000000006,-9.960083000000017,0.0
20,5,0.9738220000000002,1.0677219999999998,-10.271211000000003,0.0
20,6,0.9771844000000002,1.0973414000000012,-10.512813000000012,0.0017406000000015354
20,7,0.9772394000000002,1.121070399999999,-10.679905999999994,0.005574199999998086
20,8,0.9770078000000002,1.121996799999999,-10.682221999999996,0.00664260000000283
20,9,0.9761390000000002,1.1604560000000004,-10.975126000000007,0.0037309999999983745
20,10,0.9761390000000002,1.1969110000000005,-11.303221000000008,0.0
20,11,0.9786175000000004,1.2516814999999983,-11.900495999999988,0.003253499999999576
20,12,0.9788440000000005,1.3040970000000005,-12.481823000000016,0.0
21,0,0.9141819999999985,0.9412799999999972,-8.716483999999967,0.0
21,1,0.9354779999999998,0.9708660000000009,-9.171989999999997,0.0
21,2,0.9526849999999989,0.9949389999999987,-9.564275999999975,0.0
21,3,0.9659620000000011,1.0214200000000009,-9.909259000000025,0.0
21,4,0.975009,1.048178,-10.197231,0.0
21,5,0.9782431999999996,1.0668492000000018,-10.355271000000004,0.0016327999999994347
21,6,0.9771844000000002,1.0973414000000012,-10.512813000000012,0.005758199999998936
21,7,0.9772394000000002,1.0976714000000012,-10.516113000000011,0.007693799999996642
21,8,0.9770078000000002,1.121996799999999,-10.682221999999996,0.0042277999999988936
21,9,0.9761390000000002,1.1604560000000004,-10.975126000000007,0.0
21,10,0.9794979999999995,1.2002699999999997,-11.403990999999987,0.0034770000000001744
21,11,0.9794979999999995,1.2508009999999992,-11.909300999999981,0.0
22,0,0.9372830000000008,0.9625760000000003,-9.201605000000017,0.0
22,1,0.9533690000000004,0.9786619999999999,-9.555497000000008,0.0
22,2,0.9663310000000003,1.001035,-9.863034000000006,0.0
22,3,0.9756649999999993,1.01755,-10.101411999999986,0.0
22,4,0.9790884000000002,1.0480313999999975,-10.282311999999994,0.001980599999999555
22,5,0.9782431999999996,1.0668492000000018,-10.355271000000004,0.005448600000001136
22,6,0.9771844000000002,1.0710843999999997,-10.355271000000002,0.007573799999999409
22,7,0.9772394000000002,1.121070399999999,-10.679905999999994,0.004723399999996047
22,8,0.9772394000000002,1.121070399999999,-10.679905999999995,0.0
22,9,0.9798460000000002,1.1598190000000006,-11.047240000000007,0.0037469999999970582
22,10,0.9794979999999995,1.2002699999999997,-11.403990999999987,0.0
23,0,0.9550830000000001,0.9786619999999981,-9.593205000000001,0.0
23,1,0.9668729999999996,1.001035,-9.874957999999992,0.0
23,2,0.9761400000000009,1.01755,-10.11186200000002,0.0
23,3,0.9794508000000001,1.0324408000000012,-10.229372000000005,0.0021672000000023672
23,4,0.9790884000000002,1.0480313999999975,-10.282311999999994,0.006004199999999571
23,5,0.9782431999999996,1.0668492000000018,-10.355271000000004,0.0072924000000043065
23,6,0.9771844000000002,1.0973414000000012,-10.512813000000012,0.004463400000002338
23,7,0.9772394000000002,1.0976714000000012,-10.51611300000001,0.0
23,8,0.9798965000000006,1.1237274999999993,-10.759619000000008,0.003654499999999672
23,9,0.9798460000000002,1.1598190000000006,-11.047240000000007,0.0
24,0,0.9681289999999994,0.9904519999999977,-9.893262999999985,0.0
24,1,0.9766950000000012,1.0103020000000011,-10.11013100000003,0.0
24,2,0.9796887999999996,1.019908800000001,-10.198201999999991,0.002690199999999976
24,3,0.9794508000000001,1.020860799999999,-10.194631999999999,0.006627399999999284
24,4,0.9790884000000002,1.0480313999999975,-10.282311999999994,0.008045799999997882
24,5,0.9782431999999996,1.0668492000000018,-10.355271000000004,0.004408200000003859
24,6,0.9771844000000002,1.0710843999999997,-10.355271000000002,0.0
24,7,0.980022,1.100454000000001,-10.599591000000002,0.0036239999999949646
24,8,0.9798965000000006,1.1237274999999993,-10.759619000000008,0.0
25,0,0.9772780000000001,0.9990179999999995,-10.112839000000001,0.0
25,1,0.9801809999999996,1.0113269999999992,-10.194819999999991,0.0027620000000005973
25,2,0.9796887999999996,1.019908800000001,-10.198201999999991,0.007511399999998503
25,3,0.9794508000000001,1.0324408000000012,-10.229372000000005,0.008938600000000463
25,4,0.9790884000000002,1.0480313999999975,-10.282311999999994,0.0050833999999966295
25,5,0.9782431999999996,1.0668492000000018,-10.355271000000004,0.0
25,6,0.9804650000000006,1.0690710000000028,-10.42192500000003,0.003684999999997274
25,7,0.980022,1.100454000000001,-10.599591000000002,0.0
26,0,0.9801082000000001,1.0018482000000013,-10.183594000000003,0.003023800000001131
26,1,0.9801809999999996,1.002284999999997,-10.185777999999988,0.007569999999997634
26,2,0.9796887999999996,1.019908800000001,-10.198201999999991,0.009641599999998363
26,3,0.9794508000000001,1.020860799999999,-10.194631999999999,0.0056787999999983185
26,4,0.9790884000000002,1.0338904000000007,-10.225748000000006,0.0
26,5,0.9807320000000015,1.0688040000000019,-10.427265000000046,0.003909999999997638
26,6,0.9804650000000006,1.0690710000000028,-10.42192500000003,0.0
27,0,0.9801082000000001,1.0018482000000013,-10.183594000000003,0.007934599999998682
27,1,0.9801809999999996,1.0113269999999992,-10.194819999999991,0.009744000000001307
27,2,0.9796887999999996,1.019908800000001,-10.198201999999991,0.005917799999998863
27,3,0.9794508000000001,1.0324408000000012,-10.229372000000005,0.0
27,4,0.9806679999999997,1.049610999999997,-10.329699999999978,0.0037909999999996558
27,5,0.9807320000000015,1.0688040000000019,-10.427265000000046,0.0
28,0,0.9801082000000001,1.0018482000000013,-10.183594000000003,0.009996399999998573
28,1,0.9801809999999996,1.002284999999997,-10.185777999999988,0.006146000000004648
28,2,0.9796887999999996,1.019908800000001,-10.198201999999991,0.0
28,3,0.9807089999999992,1.0336170000000013,-10.26687199999998,0.0037549999999981765
28,4,0.9806679999999997,1.049610999999997,-10.329699999999978,0.0
29,0,0.9801082000000001,1.0018482000000013,-10.183594000000003,0.00612819999999914
29,1,0.9801809999999996,1.0113269999999992,-10.194819999999991,0.0
29,2,0.9807815000000009,1.020856499999999,-10.230693000000024,0.0037555000000040195
29,3,0.9807089999999992,1.0336170000000013,-10.26687199999998,0.0
30,0,0.9801082000000001,1.0018482000000013,-10.183594000000003,0.0
30,1,0.9808760000000003,1.011833000000001,-10.21548100000001,0.0037839999999995655
30,2,0.9807815000000009,1.020856499999999,-10.230693000000024,0.0
31,0,0.9809219999999996,1.0029339999999998,-10.208007999999989,0.003773999999999944
31,1,0.9808760000000003,1.011833000000001,-10.21548100000001,0.0
32,0,0.9809219999999996,1.0029339999999998,-10.208007999999989,0.0
