0,0,-0.6207530000000006,1.0310190000000006,22.868275,0.0
0,1,-0.6207530000000006,1.0310190000000006,22.868275,0.0
0,2,-0.6095010000000016,1.109375,22.789919,0.0
0,3,-0.5985200000000006,1.1903739999999985,22.627921000000004,0.0
0,4,-0.5877759999999981,1.2613090000000007,22.415115999999998,0.0
0,5,-0.5775170000000003,1.3360710000000005,22.116068,0.0
0,6,-0.5677030000000016,1.4095419999999983,21.74871300000001,0.0
0,7,-0.558253999999998,1.4656350000000025,21.412154999999984,0.0
0,8,-0.5494669999999999,1.5187419999999996,21.040406000000004,0.0
0,9,-0.5415419999999997,1.5851550000000003,20.509102,0.0
0,10,-0.5340460000000036,1.641307999999995,20.003725000000045,0.0
0,11,-0.5270879999999991,1.691994000000001,19.496864999999985,0.0
0,12,-0.5207789999999974,1.7448650000000043,18.91528399999995,0.0
0,13,-0.5147400000000033,1.7744029999999995,18.560828000000008,0.0
0,14,-0.5093350000000001,1.809581999999999,18.103501000000016,0.0
0,15,-0.5043870000000013,1.8422119999999964,17.64668100000005,0.0
0,16,-0.4996409999999969,1.8483130000000045,17.55516599999993,0.0
0,17,-0.4958310000000026,1.8917459999999977,16.860238000000038,0.0
0,18,-0.4918399999999963,1.9017260000000036,16.690577999999938,0.0
0,19,-0.4883039999999994,1.9214780000000005,16.335041999999994,0.0
0,20,-0.4850270000000023,1.9456909999999965,15.87499500000007,0.0
0,21,-0.4817430000000016,1.949812999999999,15.792555000000021,0.0
0,22,-0.4786179999999973,1.9597899999999981,15.583038000000037,0.0
0,23,-0.47558999999999685,1.9658700000000024,15.449277999999943,0.0
0,24,-0.472927999999996,1.9850190000000012,15.008850999999972,0.0
0,25,-0.47020299999999793,2.004005999999997,14.553163000000076,0.0
0,26,-0.467568,2.0235100000000017,14.065562999999955,0.001322999999999297
0,27,-0.467568,2.0235100000000017,14.065562999999955,0.0
0,28,-0.46286000000000627,2.0734939999999966,12.715995000000092,0.0
0,29,-0.46059499999999787,2.138710000000003,10.889946999999907,0.0
0,30,-0.4587410000000034,2.215262999999993,8.6699100000002,0.0
0,31,-0.4562529999999896,2.2729110000000077,6.940469999999763,0.0
0,32,-0.45425400000000593,2.4269330000000053,2.1657879999998357,0.0
0,33,-0.4515530000000041,2.6092299999999966,-3.667715999999885,0.0
0,34,-0.4492490000000089,2.8104179999999985,-10.306919999999948,0.0
0,35,-0.44579400000000646,3.0636970000000048,-18.91840600000016,0.0
0,36,-0.44374799999999937,3.4483109999999897,-32.37989599999963,0.0
0,37,-0.4430160000000143,4.061988999999997,-54.47230399999988,0.0
0,38,-0.43872799999999756,4.864281000000005,-84.1571080000002,0.0
0,39,-0.4309769999999844,6.030760999999998,-128.48334799999995,0.0
0,40,-0.41738800000001675,7.84057700000001,-199.0661720000004,0.0
0,41,-0.39386799999999766,10.44191699999999,-303.11977199999956,0.0
0,42,-0.3628919999998743,14.457870999999997,-467.77388599999995,0.0
0,43,-0.3243720000000394,20.700485000000015,-729.9636740000005,0.0
0,44,-0.29775999999992564,31.249786,-1183.5836170000002,0.0
0,45,-0.36695899999995163,49.019836999999995,-1965.465861,0.0
0,46,-0.6931759999997666,79.062118,-3317.368506,0.0
0,47,-0.6931759999997666,141.511078,-6190.020666,0.0
1,0,-0.6207530000000006,1.0310190000000006,22.868275,0.0
1,1,-0.6095010000000016,1.0422709999999995,22.857023,0.0
1,2,-0.5985200000000006,1.120356000000001,22.767957,0.0
1,3,-0.5877759999999981,1.201118000000001,22.595688999999997,0.0
1,4,-0.5775170000000003,1.2715679999999985,22.374080000000006,0.0
1,5,-0.5677030000000016,1.345884999999999,22.066998000000005,0.0
1,6,-0.558253999999998,1.418991000000002,21.692018999999988,0.0
1,7,-0.5494669999999999,1.4744220000000006,21.350645999999998,0.0
1,8,-0.5415419999999997,1.5266669999999998,20.977006000000003,0.0
1,9,-0.5340460000000036,1.5926509999999965,20.441638000000033,0.0
1,10,-0.5270879999999991,1.6482659999999996,19.934145,0.0
1,11,-0.5207789999999974,1.6983030000000028,19.427465999999967,0.0
1,12,-0.5147400000000033,1.7509039999999985,18.84281600000002,0.0
1,13,-0.5093350000000001,1.7798080000000027,18.490562999999966,0.0
1,14,-0.29632099999999895,1.8145299999999978,17.82616300000003,0.0
1,15,-0.28977599999999626,1.8469580000000008,17.365625999999985,0.0
1,16,-0.28461099999999817,1.8521229999999989,17.282986000000015,0.0
1,17,-0.2794839999999965,1.895737000000004,16.58003499999993,0.0
1,18,-0.4883039999999994,1.9052620000000005,16.626929999999994,0.0
1,19,-0.4850270000000023,1.9247549999999976,16.27277900000005,0.0
1,20,-0.2679600000000022,1.9489749999999972,15.595532000000055,0.0
1,21,-0.264797999999999,1.9529380000000032,15.513109999999934,0.0
1,22,-0.47558999999999685,1.9628179999999986,15.516422000000027,0.0
1,23,-0.472927999999996,1.9685320000000033,15.388051999999924,0.0
1,24,-0.47020299999999793,1.9877439999999993,14.943451000000017,0.0
1,25,-0.2555540000000036,2.006640999999995,14.275274000000131,0.0
1,26,-0.46286000000000627,2.0258639999999986,14.00200500000004,0.0016940000000005284
1,27,-0.46286000000000627,2.0258639999999986,14.00200500000004,0.0
1,28,-0.46059499999999787,2.075759000000005,12.652574999999857,0.0
1,29,-0.25042700000000195,2.1405639999999977,10.627867000000066,0.0
1,30,-0.4562529999999896,2.217751000000007,8.595269999999786,0.0
1,31,-0.24929099999999949,2.2749099999999913,6.6735380000002635,0.0
1,32,-0.4515530000000041,2.429634000000007,2.079355999999777,0.0
1,33,-0.4492490000000089,2.611533999999992,-3.7437479999997265,0.0
1,34,-0.44579400000000646,2.813873000000001,-10.424390000000031,0.0
1,35,-0.246491000000006,3.065743000000012,-19.187273000000403,0.0
1,36,-0.25090000000000146,3.449042999999989,-32.598363999999606,0.0
1,37,-0.43872799999999756,4.0662769999999995,-54.63096,0.0
1,38,-0.2487639999999942,4.872032000000004,-84.63385900000017,0.0
1,39,-0.4173879999999883,6.044349999999994,-129.01331899999977,0.0
1,40,-0.3938680000000261,7.864097000000001,-200.00697200000002,0.0
1,41,-0.362891999999988,10.472893,-304.38978799999995,0.0
1,42,-0.15045200000000136,14.496391000000017,-469.5656460000007,0.0
1,43,-0.2977600000000393,20.727096999999986,-731.1079899999994,0.0
1,44,-0.14773600000000897,31.252364999999998,-1183.8445379999998,0.0
1,45,-0.36695899999995163,49.019836999999995,-1965.465861,0.02476499999988846
1,46,-0.366959000000179,78.7359009999999,-3302.6887409999954,0.0
2,0,-0.47885300000000086,1.0422709999999995,22.726375,0.0
2,1,-0.4589579999999991,1.0621660000000013,22.686584999999997,0.0
2,2,-0.43971499999999963,1.1395990000000005,22.570666,0.0
2,3,-0.42110100000000017,1.2197320000000005,22.373172,0.0
2,4,-0.4035529999999987,1.289116,22.129924,0.0
2,5,-0.38696299999999795,1.3624749999999999,21.803307999999998,0.0
2,6,-0.3711800000000025,1.4347739999999973,21.41024700000002,0.0
2,7,-0.3568230000000021,1.488779000000001,21.057502999999997,0.0
2,8,-0.34412000000000376,1.5393699999999981,20.67796000000002,0.0
2,9,-0.3324009999999973,1.604370000000003,20.13452199999997,0.0
2,10,-0.32181899999999786,1.658847999999999,19.623056000000005,0.0
2,11,-0.3124880000000019,1.7076339999999988,19.116534000000016,0.0
2,12,-0.30374099999999515,1.7596510000000052,18.52685299999993,0.0
2,13,-0.29632099999999895,1.787227999999999,18.181089000000014,0.0
2,14,-0.28977599999999626,1.8210750000000004,17.72798799999999,0.0
2,15,-0.28285499999999786,1.853000999999999,17.267182000000012,0.0
2,16,-0.2794839999999965,1.8563720000000004,17.20987499999999,0.0
2,17,-0.27491799999999955,1.900303000000001,16.497846999999986,0.0
2,18,-0.27122900000000527,1.9089509999999947,16.343453000000103,0.0
2,19,-0.2679600000000022,1.9280240000000006,15.993600999999991,0.0
2,20,-0.264797999999999,1.9521370000000005,15.529129999999988,0.0
2,21,-0.261765000000004,1.9559709999999981,15.446384000000045,0.0
2,22,-0.25911299999999926,1.9654700000000034,15.241600999999925,0.0
2,23,-0.2574340000000035,1.970210999999999,15.133941000000029,0.0
2,24,-0.2555540000000036,1.9896239999999992,14.683682000000026,0.0
2,25,-0.25361999999999796,2.0085750000000004,14.224989999999984,0.0
2,26,0.007904000000003464,2.0271510000000035,13.237541999999905,0.0024319999999988795
2,27,0.007904000000003464,2.0271510000000035,13.237541999999905,0.0
2,28,-0.2500909999999976,2.0767139999999955,12.415331000000123,0.0
2,29,0.005531000000004838,2.1402279999999934,10.125695000000178,0.0
2,30,-0.24929099999999949,2.2188870000000094,8.354227999999722,0.0
2,31,0.003517000000002213,2.2750099999999946,6.1649220000001606,0.0
2,32,-0.24814600000000553,2.430678999999998,1.842509000000078,0.0
2,33,-0.24810799999998778,2.6115720000000096,-3.9461430000003332,0.0
2,34,-0.24545200000000023,2.8165289999999885,-10.715035999999614,0.0
2,35,-0.24545200000000023,3.064704000000006,-19.15298600000021,0.0
2,36,-0.246491000000006,3.4446339999999935,-32.44845799999976,0.0
2,37,-0.2487639999999942,4.068413000000007,-54.89995600000027,0.0
2,38,-0.2408980000000014,4.879897999999997,-84.94063299999989,0.0
2,39,0.0022660000000058744,6.0613249999999965,-130.32118699999987,0.0
2,40,-0.19120799999998894,7.896812000000011,-201.51823200000047,0.0
2,41,0.06324799999998731,10.513648999999987,-306.70062399999944,0.0
2,42,0.15057400000000598,14.586083000000016,-473.8886950000007,0.0
2,43,-0.09448299999999676,20.736998999999997,-731.7370529999998,0.0
2,44,-0.09448299999999676,31.199111999999985,-1181.6079119999993,0.0
2,45,-0.050460999999984324,48.728836,-1953.0038120000004,0.0
3,0,-0.2752130000000008,1.0621660000000013,22.319095,0.0
3,1,-0.24814399999999992,1.0892350000000022,22.237887999999998,0.0
3,2,-0.22206500000000062,1.1656779999999998,22.083208000000003,0.0
3,3,-0.19691400000000314,1.244882999999998,21.849345000000014,0.0
3,4,-0.1733930000000008,1.3126370000000023,21.575519999999994,0.0
3,5,-0.15128699999999995,1.3845810000000007,21.221425999999997,0.0
3,6,-0.13036099999999706,1.4557000000000002,20.80305299999999,0.0
3,7,-0.11146300000000053,1.5076769999999975,20.434497000000018,0.0
3,8,-0.09497100000000103,1.5558619999999976,20.04772600000002,0.0
3,9,-0.07982599999999707,1.619515000000007,19.493066999999932,0.0
3,10,-0.06633800000000178,1.6723359999999943,18.97721400000006,0.0
3,11,-0.05461899999999531,1.7193530000000052,18.47188699999993,0.0
3,12,-0.04371300000000389,1.7705569999999966,17.875925000000052,0.0
3,13,-0.03467200000000048,1.7962690000000023,17.540257999999973,0.0
3,14,-0.026943000000002826,1.828803999999998,17.094116000000035,0.0
3,15,-0.016086000000001377,1.8601150000000004,16.623191,0.0
3,16,-0.01564000000000476,1.860560999999997,16.61516300000006,0.0
3,17,-0.010597000000004186,1.9053460000000015,15.883473999999985,0.0
3,18,-0.00683199999999573,1.9127160000000032,15.746888999999932,0.0
3,19,-0.003771999999997888,1.9310839999999985,15.407085000000023,0.0
3,20,-0.0006559999999993238,1.955252999999999,14.938526000000017,0.0
3,21,0.0024870000000021264,1.9591139999999996,14.851877000000002,0.0
3,22,0.00484000000000151,1.9678230000000028,14.661928999999937,0.0
3,23,0.005431999999998993,1.9708029999999965,14.594593000000081,0.0
3,24,0.00675499999999829,1.9909469999999985,14.127312000000039,0.0
3,25,0.007904000000003464,2.0097240000000056,13.673216999999852,0.0
3,26,0.008454000000000406,2.027426000000002,13.229016999999956,0.0035079999999894085
3,27,0.008454000000000406,2.027426000000002,13.229016999999956,0.0
3,28,0.008454000000000406,2.0765149999999863,11.903614000000374,0.0
3,29,0.008254999999991242,2.137504000000007,10.196518999999824,0.0
3,30,0.005531000000004838,2.218650999999994,7.851428000000155,0.0
3,31,0.005294999999989614,2.2732320000000072,6.214705999999808,0.0
3,32,0.003517000000002213,2.4303969999999993,1.3479250000000178,0.0
3,33,0.0032350000000036516,2.6094049999999953,-4.37948499999986,0.0
3,34,0.20688700000000892,2.819512000000003,-11.923972000000134,0.0
3,35,0.20671100000001275,3.061263999999994,-20.143011999999842,0.0
3,36,0.1924369999999982,3.434974000000011,-33.18004000000039,0.0
3,37,0.1924369999999982,4.070014999999998,-56.04151599999993,0.0
3,38,0.19516000000000133,4.889611000000002,-86.37473700000008,0.0
3,39,0.023521000000002346,6.082579999999993,-131.1926419999997,0.0
3,40,0.23275800000000402,7.936538999999996,-204.12475399999988,0.0
3,41,0.27494000000000085,10.55735,-309.08374,0.0
3,42,0.3114090000000118,14.586083000000016,-474.3712000000007,0.0
3,43,0.15057400000000598,20.717681,-731.415811,0.0
3,44,0.20861899999999878,31.017394999999993,-1174.4776479999998,0.0
4,0,-0.0978589999999997,1.0892350000000022,21.787032999999997,0.0
4,1,-0.06529199999999946,1.1218020000000024,21.656764999999996,0.0
4,2,-0.0340360000000004,1.1969339999999988,21.456609000000004,0.0
4,3,-0.004005999999996845,1.2749130000000015,21.180530999999984,0.0
4,4,0.023976000000001108,1.3406190000000002,20.871484999999996,0.0
4,5,0.04999899999999968,1.4106039999999993,20.487453000000006,0.0
4,6,0.07473099999999988,1.4804320000000004,20.039385,0.0
4,7,0.0968030000000013,1.529748999999999,19.655195000000003,0.0
4,8,0.11598600000000658,1.575045000000003,19.261390999999954,0.0
4,9,0.13351799999999514,1.6370469999999955,18.69524700000006,0.0
4,10,0.14902500000000174,1.6878430000000009,18.176054999999984,0.0
4,11,0.16231099999999543,1.732638999999999,17.67495100000003,0.0
4,12,0.1748359999999991,1.7830820000000003,17.069978,0.0
4,13,0.18494799999999856,1.8063810000000018,16.749941999999983,0.0
4,14,0.19337800000000271,1.8372340000000023,16.31513299999996,0.0
4,15,0.20470500000000413,1.8660014999999994,15.867079999999994,0.001903500000000946
4,16,0.20470500000000413,1.8660014999999994,15.867079999999994,0.0
4,17,0.20996900000000096,1.9106099999999984,15.132288000000024,0.0
4,18,0.2137029999999953,1.9164499999999975,15.01807200000006,0.0
4,19,0.21657499999999885,1.933956000000002,14.691475999999966,0.0
4,20,0.21968900000000247,1.9583670000000026,14.21521099999994,0.0
4,21,0.2234460000000027,1.9628709999999998,14.110102999999995,0.0
4,22,0.22549649999999843,1.9698734999999985,13.95484850000004,6.349999999599731e-05
4,23,0.22549649999999843,1.9698734999999985,13.95484850000004,0.0
4,24,0.22531900000000604,1.991699000000004,13.45357199999988,0.0
4,25,0.22586499999999177,2.0102699999999913,13.005684000000244,0.0
4,26,0.22586499999999177,2.02684,12.591434000000028,0.004860000000000753
4,27,0.22586499999999177,2.02684,12.591434000000028,0.0
4,28,0.22469299999998782,2.0752260000000007,11.289700000000025,0.0
4,29,0.22340400000000216,2.1320110000000057,9.704875999999828,0.0
4,30,0.21791100000000085,2.2171400000000006,7.258106999999981,0.0
4,31,0.21640000000000725,2.269715000000005,5.686900999999821,0.0
4,32,0.21288300000000504,2.428611999999987,0.7751620000003925,0.0
4,33,0.21109799999999268,2.6051940000000116,-4.868322000000347,0.0
4,34,0.375236000000001,2.8242489999999947,-12.753688999999824,0.0
4,35,0.37010899999999936,3.0563510000000065,-20.62464900000022,0.0
4,36,0.37010899999999936,3.4206999999999965,-33.37686399999987,0.0
4,37,0.3853599999999915,4.072738000000001,-56.91123600000002,0.0
4,38,0.3923419999999993,4.902382000000003,-87.6359920000001,0.0
4,39,0.23275800000000402,6.107406999999995,-132.78860599999982,0.0
4,40,0.27494000000000085,7.978720999999993,-205.93857999999972,0.0
4,41,0.4972759999999994,10.613655000000008,-312.2451200000003,0.0
4,42,0.3397669999999948,14.614441,-475.64730999999995,0.0
4,43,0.3397669999999948,20.586533000000003,-726.475174,0.0
5,0,0.051588999999999885,1.1218020000000024,21.189241,0.0
5,1,0.088004999999999,1.1582180000000015,21.007161000000004,0.0
5,2,0.12278900000000093,1.2317180000000008,20.759740999999995,0.0
5,3,0.1561509999999977,1.3082749999999983,20.439817000000016,0.0
5,4,0.18703399999999704,1.3715019999999996,20.095721000000015,0.0
5,5,0.21548999999999907,1.4390600000000013,19.683208999999998,0.0
5,6,0.24262699999999882,1.5075690000000002,19.204979000000005,0.0
5,7,0.2665310000000005,1.5536530000000006,18.808954999999994,0.0
5,8,0.2872469999999936,1.595760999999996,18.41061900000006,0.0
5,9,0.30616400000000255,1.6559640000000044,17.83440999999995,0.0
5,10,0.32282299999999964,1.704501999999998,17.31427300000002,0.0
5,11,0.33693699999999893,1.7467529999999982,16.821193000000022,0.0
5,12,0.3505779999999987,1.796723,16.203318000000003,0.0
5,13,0.36122100000000046,1.8170240000000035,15.906490999999953,0.0
5,14,0.3696330000000003,1.8456460000000021,15.492344999999972,0.0
5,15,0.3798710000000014,1.8711205,15.084511999999997,0.004962499999994208
5,16,0.3798710000000014,1.8711205,15.084511999999997,0.0
5,17,0.38517000000000223,1.9159089999999992,14.341401000000005,0.0
5,18,0.3886450000000039,1.9199249999999992,14.255753999999996,0.0
5,19,0.39111700000000127,1.9364279999999994,13.946340000000006,0.0
5,20,0.39435899999999435,1.9616089999999957,13.45169100000011,0.0
5,21,0.3994829999999965,1.967995000000002,13.298350999999975,0.0
5,22,0.3994829999999965,1.9691790000000005,13.273487000000003,0.002608000000002164
5,23,0.3994829999999965,1.9691790000000005,13.273487000000003,0.0
5,24,0.3982429999999937,1.9918479999999974,12.75830000000009,0.0
5,25,0.3982429999999937,2.010188999999997,12.318116000000103,0.0
5,26,0.39816199999999924,2.025360500000005,11.939233499999872,0.006454500000003804
5,27,0.39816199999999924,2.025360500000005,11.939233499999872,0.0
5,28,0.3952030000000093,2.072920999999994,10.669895000000125,0.0
5,29,0.4115070000000003,2.1506200000000035,8.412802999999897,0.0
5,30,0.4115070000000003,2.215133999999992,6.541897000000233,0.0
5,31,0.5300450000000012,2.2651360000000125,4.449146999999613,0.0
5,32,0.4049219999999991,2.4262469999999894,0.08032100000033893,0.0
5,33,0.4025570000000016,2.600075000000004,-5.470350000000138,0.0
5,34,0.39743799999999396,2.8020470000000017,-12.109831000000028,0.0
5,35,0.4972609999999946,3.051224000000005,-21.080964000000137,0.0
5,36,0.4972609999999946,3.4359509999999887,-34.54640899999957,0.0
5,37,0.5105290000000053,4.079720000000009,-57.78843300000035,0.0
5,38,0.4102630000000005,4.920303000000004,-88.38867400000015,0.0
5,39,0.4373779999999954,6.13452199999999,-134.66457099999957,0.0
5,40,0.4774400000000014,8.018782999999999,-208.35105999999996,0.0
5,41,0.49807799999999247,10.613655000000008,-312.24913000000026,0.0
5,42,0.4972759999999994,14.497307000000006,-471.4748520000002,0.0
6,0,0.17772400000000133,1.1582180000000015,20.558565999999992,0.0
6,1,0.21652800000000028,1.1970220000000005,20.325741999999998,0.0
6,2,0.2533569999999976,1.268546999999998,20.033243000000017,0.0
6,3,0.2886240000000022,1.343542000000003,19.67165099999998,0.0
6,4,0.321156000000002,1.4040339999999993,19.29498299999999,0.0
6,5,0.35066300000000084,1.4685670000000002,18.859808999999995,0.0
6,6,0.3790380000000013,1.5359440000000006,18.35267399999999,0.0
6,7,0.4034559999999985,1.5780709999999978,17.953404000000024,0.0
6,8,0.4247930000000011,1.6170979999999986,17.552193000000003,0.0
6,9,0.44410699999999537,1.6752779999999987,16.970869000000036,0.0
6,10,0.4610940000000028,1.7214890000000054,16.45304799999993,0.0
6,11,0.47531900000000604,1.7609780000000015,15.97280799999995,0.0
6,12,0.4898760000000024,1.8112799999999964,15.332144000000028,0.0
6,13,0.5005719999999982,1.8277199999999993,15.070688000000018,0.0
6,14,0.508189999999999,1.853264000000003,14.692907999999967,0.0
6,15,0.5161169999999942,1.8750839999999975,14.339866000000072,0.009266000000000219
6,16,0.5161169999999942,1.8750839999999975,14.339866000000072,0.0
6,17,0.5221790000000013,1.9209480000000028,13.569669999999945,0.0
6,18,0.5242469999999955,1.923015999999997,13.522106000000079,0.0
6,19,0.5262299999999982,1.938411000000002,13.23309799999997,0.0
6,20,0.5300180000000054,1.965397000000003,12.69763599999991,0.0
6,21,0.5323600000000042,1.9695650000000005,12.600223999999969,0.005459999999992249
6,22,0.5323600000000042,1.9695650000000005,12.600223999999969,0.009321999999997388
6,23,0.5323600000000042,1.9695650000000005,12.600223999999969,0.0
6,24,0.5323600000000042,1.9913939999999997,12.098156999999986,0.0
6,25,0.5319060000000064,2.0094040000000035,11.66864099999988,0.0
6,26,0.531121000000013,2.022948999999997,11.334726000000003,0.00837699999999586
6,27,0.531121000000013,2.022948999999997,11.334726000000003,0.0
6,28,0.526297999999997,2.0694660000000056,10.107704999999868,0.0
6,29,0.5400470000000013,2.167823999999996,7.271187000000111,0.0
6,30,0.5400470000000013,2.2114859999999936,6.0049890000001795,0.0
6,31,0.536399000000003,2.2587820000000107,4.607996999999656,0.0
6,32,0.5300450000000012,2.4226149999999933,-0.432701999999793,0.0
6,33,0.5264130000000051,2.593581999999998,-5.8818539999999615,0.0
6,34,0.519919999999999,2.783553999999995,-12.111971999999838,0.0
6,35,0.5964819999999946,3.047058000000007,-21.53048000000021,0.0
6,36,0.5105290000000053,3.4492189999999994,-35.09039700000001,0.0
6,37,0.5206829999999911,4.089873999999995,-58.21490099999977,0.0
6,38,0.6199650000000076,4.938790000000012,-90.22048500000048,0.0
6,39,0.5597070000000031,6.155058999999994,-136.0771589999998,0.0
6,40,0.5730900000000005,8.032165999999997,-209.36462999999986,0.011382999999995036
6,41,0.5730900000000005,10.538643,-309.62370999999996,0.0
7,0,0.2854430000000008,1.1970220000000005,19.912251999999995,0.0
7,1,0.32542399999999816,1.2370029999999979,19.632385000000014,0.0
7,2,0.3629660000000001,1.306089,19.300504999999998,0.0
7,3,0.3990229999999997,1.3795990000000025,18.901085999999996,0.0
7,4,0.4320449999999987,1.4685670000000002,18.371517000000008,0.0
7,5,0.4615569999999991,1.4980790000000006,18.046885000000003,0.0
7,6,0.49022099999999824,1.5646079999999998,17.513592000000013,0.0
7,7,0.5140460000000004,1.601896,17.123088999999997,0.0
7,8,0.5350910000000013,1.6381429999999995,16.722044999999994,0.0
7,9,0.5538520000000062,1.6940390000000036,16.143549999999927,0.0
7,10,0.5705489999999998,1.738185999999999,15.629348000000014,0.0
7,11,0.5843619999999987,1.7747910000000005,15.166607000000006,0.0
7,12,0.5997619999999984,1.826679999999996,14.488028000000057,0.0
7,13,0.6100700000000003,1.8380280000000013,14.27969599999998,0.0
7,14,0.6160129999999953,1.8592069999999978,13.962768000000061,0.0
7,15,0.6384889999999999,1.8863219999999998,13.425826,0.006450000000000955
7,16,0.6384889999999999,1.8863219999999998,13.425826,0.0
7,17,0.6469270000000122,1.926201000000006,12.728695999999815,0.0
7,18,0.6469530000000034,1.9262269999999972,12.728072000000026,0.0
7,19,0.6490289999999987,1.9404869999999974,12.456860000000056,0.0
7,20,0.6512049999999974,1.9675730000000016,11.926993999999986,0.0033820000000019945
7,21,0.6512049999999974,1.9675730000000016,11.926993999999986,0.0
7,22,0.6575739999999968,1.9737454999999997,11.75278850000003,0.0011004999999997267
7,23,0.6575739999999968,1.9737454999999997,11.75278850000003,0.0
7,24,0.6575739999999968,1.991019999999999,11.355475000000048,0.0
7,25,0.657199999999996,2.0085829999999945,10.93658100000016,0.0
7,26,0.656378999999987,2.0202600000000004,10.650403000000075,0.01055600000000112
7,27,0.656378999999987,2.0202600000000004,10.650403000000075,0.0
7,28,0.6510009999999937,2.065193000000008,9.474857999999827,0.0
7,29,0.646727999999996,2.158501000000001,6.892144999999999,0.0
7,30,0.6374050000000011,2.206322,5.570596999999992,0.0
7,31,0.6322410000000076,2.250663000000003,4.276514999999861,0.0
7,32,0.6241219999999998,2.4178549999999888,-0.8496039999996441,0.0
7,33,0.6193619999999953,2.5866469999999993,-6.217627999999948,0.0
7,34,0.6124269999999967,2.7693940000000055,-12.199734000000163,0.0
7,35,0.7048790000000054,3.0452729999999946,-22.226783999999853,0.0
7,36,0.7069240000000008,3.461486000000008,-36.808554000000285,0.0
7,37,0.6199650000000076,4.101089999999999,-59.225585000000024,0.0
7,38,0.6335519999999946,4.9523769999999985,-90.8183129999999,0.0
7,39,0.6333240000000018,6.155058999999994,-136.5188609999998,0.003388000000001057
7,40,0.6333240000000018,7.971931999999995,-207.37690799999984,0.0
8,0,0.37856499999999826,1.2370029999999979,19.260398000000013,0.0
8,1,0.4186399999999999,1.306089,18.910787,0.0
8,2,0.45567899999999995,1.3795990000000025,18.504493999999994,0.0
8,3,0.49153499999999894,1.4154550000000015,18.145934000000004,0.0
8,4,0.524170999999999,1.4696919999999984,17.722135000000012,0.0
8,5,0.5634289999999993,1.5373370000000008,17.137491,0.0
8,6,0.5922260000000001,1.5934050000000006,16.626774999999995,0.0
8,7,0.6151830000000018,1.6248530000000017,16.254430999999975,0.0
8,8,0.6358260000000016,1.6587859999999992,15.851755999999995,0.0
8,9,0.6537469999999956,1.7119599999999977,15.282996000000054,0.0
8,10,0.670223,1.7546620000000033,14.766869999999969,0.0
8,11,0.6837469999999968,1.7883149999999972,14.322148000000055,0.0
8,12,0.706590999999996,1.8437759999999983,13.52932500000005,0.0
8,13,0.7111429999999999,1.8483280000000022,13.438284999999972,0.0
8,14,0.7153470000000013,1.8634109999999993,13.208573999999999,0.0
8,15,0.7364460000000008,1.8968714999999996,12.571334999999998,0.005247499999999405
8,16,0.7364460000000008,1.8968714999999996,12.571334999999998,0.0
8,17,0.7450180000000017,1.930500000000002,11.96470299999995,0.0010570000000029722
8,18,0.7450180000000017,1.930500000000002,11.96470299999995,0.0
8,19,0.7470210000000037,1.9424899999999994,11.732858999999983,0.0
8,20,0.7470289999999977,1.9675769999999986,11.256142000000047,0.011389000000001204
8,21,0.7470289999999977,1.9675769999999986,11.256142000000047,0.0
8,22,0.7529600000000016,1.9767110000000017,11.01687999999995,0.0
8,23,0.7585180000000022,1.9822690000000023,10.850139999999932,0.0
8,24,0.7585180000000022,1.9906349999999904,10.657722000000206,0.0
8,25,0.7581329999999937,2.007729000000012,10.250545999999758,0.0
8,26,0.7572790000000111,2.0171585000000007,10.021640499999897,0.013107499999996719
8,27,0.7572790000000111,2.0171585000000007,10.021640499999897,0.0
8,28,0.7510760000000118,2.060074,8.912545999999907,0.0
8,29,0.7459570000000042,2.1499939999999924,6.435738000000185,0.0
8,30,0.7374499999999955,2.2003930000000054,5.042222999999879,0.0
8,31,0.7315210000000008,2.241790999999992,3.8477150000002354,0.0
8,32,0.7226489999999899,2.4136660000000063,-1.4094340000001182,0.0
8,33,0.7184600000000074,2.5814589999999953,-6.745297999999906,0.0
8,34,0.7637719999999888,2.7610010000000074,-13.032680000000155,0.0
8,35,0.7637719999999888,3.04731799999999,-22.767457999999564,0.0
8,36,0.7643280000000013,3.4731749999999977,-37.67690099999994,0.0
8,37,0.7325249999999954,4.10970300000001,-60.337485000000356,0.0
8,38,0.698074499999997,4.9523769999999985,-91.26997049999991,0.029754499999995687
8,39,0.698074499999997,6.090080500000006,-134.50270350000022,0.0
9,0,0.4678930000000001,1.2770779999999995,18.545773999999998,0.0
9,1,0.5075420000000008,1.343128,18.16253199999999,0.0
9,2,0.5434359999999998,1.379021999999999,17.803592000000002,0.0
9,3,0.5788329999999995,1.4508520000000011,17.341359,0.0
9,4,0.6107740000000028,1.5373370000000008,16.758730999999973,0.0
9,5,0.6387,1.565262999999998,16.39569300000001,0.0
9,6,0.6666260000000008,1.6213310000000014,15.864018999999985,0.0
9,7,0.6997069999999965,1.6579339999999974,15.346672000000048,0.0
9,8,0.7192459999999983,1.678325000000001,15.028084000000007,0.0
9,9,0.7354740000000035,1.728188000000003,14.483127999999944,0.0
9,10,0.7513459999999981,1.7705339999999978,13.959166000000039,0.0
9,11,0.7641899999999993,1.8011589999999984,13.537320000000022,0.0
9,12,0.7678650000000005,1.8474509999999995,12.995033,0.0
9,13,0.777279,1.8577420000000018,12.786814999999976,0.0
9,14,0.7952960000000004,1.8814279999999997,12.316744,0.0
9,15,0.8155059999999992,1.906976499999999,11.777175000000021,0.00572050000000246
9,16,0.8155059999999992,1.906976499999999,11.777175000000021,0.0
9,17,0.8240470000000002,1.9347705000000026,11.255601999999953,0.002142500000005043
9,18,0.8240470000000002,1.9347705000000026,11.255601999999953,0.0
9,19,0.8259539999999959,1.944396999999995,11.065162000000129,0.0
9,20,0.8259539999999959,1.9595280000000024,10.777672999999986,0.009661000000001252
9,21,0.8098560000000035,1.9675769999999986,10.753526,0.0
9,22,0.8112980000000007,1.978152999999999,10.518452000000018,0.0
9,23,0.8177839999999961,1.9887549999999976,10.226834000000089,0.0
9,24,0.8177839999999961,1.989456000000004,10.21071099999994,0.0
9,25,0.8166050000000098,2.005859000000001,9.827649999999892,0.0
9,26,0.8147349999999989,2.0127714999999995,9.671667500000027,0.015968499999999608
9,27,0.8147349999999989,2.0127714999999995,9.671667500000027,0.0
9,28,0.8059609999999964,2.0534059999999954,8.65350200000016,0.0
9,29,0.7992929999999916,2.141746999999995,6.239966000000209,0.0
9,30,0.7910459999999944,2.1931760000000082,4.822747999999805,0.0
9,31,0.7838289999999972,2.232131999999993,3.7190210000002395,0.0
9,32,0.774169999999998,2.410217000000003,-1.714683000000079,0.0
9,33,0.7707209999999947,2.5783690000000092,-7.06450600000025,0.0
9,34,0.7676310000000086,2.7571419999999875,-12.93620499999966,0.0
9,35,0.7906136666666678,3.0503460000000047,-23.111985000000175,0.0
9,36,0.7643280000000013,3.4731749999999977,-37.67690099999993,0.008583000000001562
9,37,0.7325249999999954,4.10970300000001,-60.337485000000356,0.03559500000000071
9,38,0.7325249999999954,4.888774999999995,-89.16314899999979,0.0
10,0,0.5389620000000015,1.3167270000000002,17.906152999999986,0.0
10,1,0.5768510000000013,1.354616,17.527262999999987,0.0
10,2,0.6101360000000007,1.4123069999999984,17.136721999999995,0.0
10,3,0.6438980000000001,1.5016330000000018,16.603430999999993,0.0
10,4,0.6739329999999981,1.565262999999998,16.078596000000026,0.0
10,5,0.700372999999999,1.6213310000000014,15.560296000000001,0.0
10,6,0.7271709999999985,1.6481290000000008,15.15832600000001,0.0
10,7,0.7694280000000049,1.6892580000000024,14.488981999999936,0.0
10,8,0.7757270000000034,1.6955570000000009,14.381898999999962,0.0
10,9,0.7889020000000002,1.7413629999999998,13.883701000000002,0.0
10,10,0.8032690000000002,1.7849009999999979,13.34818900000002,0.0
10,11,0.8145179999999996,1.8124079999999978,12.960629000000026,0.0
10,12,0.8188969999999998,1.8518299999999996,12.483197000000004,0.0
10,13,0.8272130000000004,1.8660580000000024,12.229300999999964,0.0
10,14,0.8428460000000015,1.8970610000000008,11.669931999999974,0.0
10,15,0.8617140000000063,1.9164105000000013,11.210358999999919,0.007974499999999551
10,16,0.8617140000000063,1.9164105000000013,11.210358999999919,0.0
10,17,0.868984999999995,1.938405999999997,10.785721000000102,0.00335799999999864
10,18,0.868984999999995,1.938405999999997,10.785721000000102,0.0
10,19,0.870083000000001,1.945495000000001,10.647138999999967,0.0
10,20,0.870083000000001,1.9531595000000017,10.501513499999959,0.008418499999997664
10,21,0.870083000000001,1.9531595000000017,10.501513499999959,0.0
10,22,0.858272999999997,1.9790799999999962,10.075283000000113,0.0
10,23,0.860045999999997,1.9899920000000009,9.817489000000009,0.00257299999999816
10,24,0.860045999999997,1.9899920000000009,9.817489000000009,0.0
10,25,0.860045999999997,2.0028989999999993,9.507721000000046,0.0
10,26,0.8570859999999954,2.007053499999998,9.4334585000001,0.019123500000006288
10,27,0.845649999999992,2.0127714999999995,9.393432500000088,0.0
10,28,0.845649999999992,2.045067000000003,8.521453999999991,0.0
10,29,0.8373109999999997,2.1338810000000024,6.118051999999935,0.0
10,30,0.8294450000000069,2.1854239999999976,4.701965000000001,0.0
10,31,0.8216929999999962,2.2227940000000075,3.658384999999811,0.0
10,32,0.8123550000000108,2.408668999999989,-2.010359999999764,0.0
10,33,0.810806999999997,2.5779720000000026,-7.412576000000058,0.0
10,34,0.8104099999999903,2.755592000000007,-13.270066000000142,0.0
10,35,0.7906136666666678,3.0503460000000047,-23.111985000000175,0.017880333333323506
10,36,0.7643280000000013,3.4731749999999977,-37.67690099999993,0.04488399999999615
10,37,0.7643280000000012,4.046096999999999,-58.302092999999964,0.0
11,0,0.6013389999999994,1.354616,17.282383000000006,0.0
11,1,0.6366209999999981,1.4123069999999984,16.87187200000002,0.0
11,2,0.6760260000000002,1.4846140000000005,16.333207999999996,0.0
11,3,0.708245999999999,1.5316679999999998,15.86984600000001,0.0
11,4,0.7364099999999993,1.591702999999999,15.34806600000001,0.0
11,5,0.7615150000000028,1.6168080000000025,14.971490999999958,0.0
11,6,0.7877650000000003,1.6743789999999983,14.394886000000007,0.0
11,7,0.8174239999999955,1.7072369999999992,13.871489000000054,0.0
11,8,0.8199989999999957,1.7098119999999994,13.82513900000005,0.0
11,9,0.8435599999999965,1.7649240000000006,13.125072000000031,0.0
11,10,0.8568879999999979,1.7982289999999992,12.67871900000003,0.0
11,11,0.8668750000000003,1.8223950000000002,12.327201999999993,0.0
11,12,0.8722460000000041,1.8572010000000034,11.885254999999916,0.0
11,13,0.8798979999999972,1.8737099999999955,11.602975000000086,0.0
11,14,0.8946260000000024,1.911789000000006,10.945939999999894,0.0
11,15,0.8959959999999967,1.9170954999999985,10.85657900000006,0.0034175000000011835
11,16,0.8959959999999967,1.9170954999999985,10.85657900000006,0.0
11,17,0.9021680000000032,1.9414920000000002,10.398342999999961,0.0048160000000052605
11,18,0.9021680000000032,1.9414920000000002,10.398342999999961,0.0
11,19,0.902630000000002,1.945957,10.31289099999998,0.0
11,20,0.9169849999999968,1.9479255000000002,10.117584500000035,0.007835499999998774
11,21,0.892161999999999,1.9531595000000017,10.28072349999998,0.0
11,22,0.8926540000000003,1.9795719999999974,9.720649000000051,0.0
11,23,0.8926540000000003,1.9893019999999986,9.506589000000027,0.004957000000004541
11,24,0.8912739999999957,1.9899920000000009,9.505209000000022,0.0
11,25,0.8895293043478257,2.000075565217393,9.28065039130431,0.0002651304347836003
11,26,0.8895293043478257,2.000075565217393,9.28065039130431,0.02268856521738627
11,27,0.8895293043478256,2.000075565217393,9.28065039130431,0.0
11,28,0.8727500000000106,2.035513999999992,8.508385000000104,0.0
11,29,0.8631969999999995,2.126664000000005,6.061267999999856,0.0
11,30,0.8559800000000024,2.1782149999999945,4.645676000000137,0.0
11,31,0.8487709999999993,2.214775000000003,3.6281749999999136,0.0
11,32,0.8419340000000091,2.4098510000000033,-2.343974000000202,0.0
11,33,0.8332252500000017,2.5779720000000026,-7.636758500000106,0.009715749999994472
11,34,0.8125256666666635,2.755592000000007,-13.291222666666869,0.026288333333326364
11,35,0.7906136666666678,3.0503460000000047,-23.111985000000175,0.053530666666674165
11,36,0.7906136666666679,3.4181316666666626,-35.98448333333321,0.0
12,0,0.6560290000000002,1.3898979999999987,16.680792999999998,0.0
12,1,0.6879220000000004,1.4517120000000006,16.268155999999994,0.0
12,2,0.7236520000000013,1.5168339999999993,15.744881999999986,0.0
12,3,0.7533910000000006,1.559832,15.288758999999992,0.0
12,4,0.7785260000000029,1.6168080000000025,14.784369999999956,0.0
12,5,0.8014469999999996,1.639728999999999,14.41763400000001,0.0
12,6,0.8268089999999972,1.699740999999996,13.813230000000054,0.0
12,7,0.8539700000000039,1.7221050000000027,13.353113999999934,0.001706999999999681
12,8,0.8539700000000039,1.7221050000000027,13.353113999999934,0.0
12,9,0.8745109999999983,1.785464999999995,12.599742000000063,0.0
12,10,0.8860810000000043,1.8097990000000053,12.241895999999898,0.0
12,11,0.8937489999999997,1.8300629999999956,11.94724000000005,0.0
12,12,0.899006,1.8624580000000037,11.527810999999957,0.0
12,13,0.905304000000001,1.8800079999999966,11.24163500000003,0.0
12,14,0.9206649999999996,1.9204470000000005,10.531595999999997,0.005575000000003882
12,15,0.9206649999999996,1.9204470000000005,10.531595999999997,0.0030699999999974636
12,16,0.9206649999999996,1.9204470000000005,10.531595999999997,0.0
12,17,0.9261257999999986,1.9442223999999997,10.085660000000022,0.006835600000002273
12,18,0.9261257999999986,1.9442223999999997,10.085660000000022,0.00027719999999931133
12,19,0.9261257999999986,1.9442223999999997,10.085660000000022,0.0017978000000056227
12,20,0.9299899285714284,1.9442223999999997,10.039290457142865,0.008713400000004867
12,21,0.9169849999999968,1.9479255000000002,10.117584500000035,0.0
12,22,0.9019955000000026,1.9795719999999974,9.617892500000025,0.01486349999999348
12,23,0.8946980000000018,1.9893019999999986,9.48410500000001,0.027075999999997435
12,24,0.8946980000000018,1.9893019999999986,9.48410500000001,0.01793800000000445
12,25,0.8895293043478257,2.000075565217393,9.28065039130431,0.017351826086956734
12,26,0.8895293043478257,2.000075565217393,9.28065039130431,0.035015260869554865
12,27,0.8895293043478257,2.000075565217393,9.28065039130431,0.0002866956521696551
12,28,0.8858927142857149,2.029168285714279,8.535149428571607,0.0
12,29,0.8800965000000005,2.120812000000001,6.038679999999971,0.0
12,30,0.8615158000000008,2.1782149999999945,4.584782200000154,0.0067092000000084084
12,31,0.8542037999999991,2.214775000000003,3.5684141999999213,0.007963199999991843
12,32,0.8444422500000002,2.4098510000000033,-2.371564750000104,0.020333749999991824
12,33,0.8332252500000017,2.5779720000000026,-7.636758500000106,0.03966550000000524
12,34,0.8125256666666635,2.755592000000007,-13.291222666666869,0.06131966666666244
12,35,0.8125256666666634,2.9882756666666714,-21.20246733333346,0.0
13,0,0.7039389999999983,1.421790999999999,16.10587300000002,0.0
13,1,0.7413980000000002,1.4874420000000015,15.590713999999995,0.0
13,2,0.7738779999999998,1.5465729999999986,15.082692000000005,0.0
13,3,0.8015460000000019,1.5849670000000025,14.63549399999997,0.0
13,4,0.823642999999997,1.639728999999999,14.151282000000041,0.0
13,5,0.8447490000000002,1.6608350000000023,13.792479999999987,0.0
13,6,0.8576050000000066,1.7221050000000027,13.309493999999901,0.0
13,7,0.8813859999999991,1.733995499999999,12.928998000000021,0.00502549999999502
13,8,0.8929629999999946,1.7455724999999944,12.697458000000111,0.0
13,9,0.911881000000001,1.8050130000000024,11.975369999999963,0.0
13,10,0.9223870000000005,1.8203050000000047,11.701163999999949,0.0
13,11,0.9278680000000037,1.8355439999999987,11.477520999999967,0.0
13,12,0.9332349999999963,1.8678249999999963,11.05265900000009,0.0
13,13,0.9387590000000046,1.8855320000000049,10.76836299999988,0.0
13,14,0.9387608974358983,1.919957666666665,10.320804666666682,0.003695333333329387
13,15,0.9387608974358983,1.919957666666665,10.320804666666682,0.00018066666666527453
13,16,0.9372910000000019,1.9204470000000005,10.33208399999997,0.0
13,17,0.9299899285714284,1.9442223999999997,10.039290457142865,0.019849671428568527
13,18,0.9299899285714284,1.9442223999999997,10.039290457142865,0.013536271428572277
13,19,0.9299899285714284,1.9442223999999997,10.039290457142865,0.014202871428574682
13,20,0.9299899285714284,1.9442223999999997,10.039290457142865,0.017093471428575313
13,21,0.9299899285714284,1.9442223999999997,10.039290457142865,0.0033520714285746323
13,22,0.9196970714285664,1.9597290714285773,9.83716464285708,0.032545857142864065
13,23,0.9019955000000026,1.9795719999999974,9.617892500000025,0.058367999999994424
13,24,0.8946980000000018,1.9893019999999986,9.48410500000001,0.04865500000000367
13,25,0.8946980000000018,1.9893019999999986,9.48410500000001,0.04395600000000144
13,26,0.8895293043478257,2.000075565217393,9.28065039130431,0.0573969565217336
13,27,0.8895293043478257,2.000075565217393,9.28065039130431,0.009797391304344316
13,28,0.8858927142857149,2.029168285714279,8.535149428571607,0.003100285714282336
13,29,0.8800965000000005,2.120812000000001,6.038679999999971,0.005241500000011001
13,30,0.8615158000000008,2.1782149999999945,4.584782200000154,0.027265400000000994
13,31,0.8542037999999991,2.214775000000003,3.5684141999999213,0.030247399999993263
13,32,0.8444422500000002,2.4098510000000033,-2.371564750000104,0.053012499999994134
13,33,0.8332252500000017,2.5779720000000026,-7.636758500000106,0.07083524999999113
13,34,0.8332252500000017,2.6934932499999924,-11.448959749999762,0.0
14,0,0.7456270000000025,1.4592500000000008,15.563928999999966,0.0
14,1,0.7790160000000022,1.519922000000001,15.06919999999997,0.0
14,2,0.8078129999999994,1.5742410000000007,14.586201000000006,0.0
14,3,0.8327369999999981,1.6070639999999976,14.163720000000033,0.0
14,4,0.8507690000000032,1.6250960000000028,13.857175999999946,0.0
14,5,0.8693469999999976,1.6794129999999967,13.379816000000048,0.0
14,6,0.8813859999999991,1.733995499999999,12.928998000000021,0.0
14,7,0.9072579999999988,1.7527199999999965,12.45444300000004,0.0
14,8,0.911251,1.7567129999999977,12.370590000000014,0.0
14,9,0.9304090000000045,1.8219230000000053,11.580697999999892,0.0
14,10,0.9375989999999987,1.8291129999999995,11.415328000000024,0.0
14,11,0.9397889999999975,1.8377339999999975,11.29845800000006,0.0
14,12,0.9442980000000034,1.8723340000000022,10.854731999999927,0.0
14,13,0.9484939999999966,1.889727999999998,10.587260000000072,0.0
14,14,0.9387608974358971,1.9199576666666662,10.32080466666668,0.011784435897437717
14,15,0.9387608974358983,1.919957666666665,10.320804666666682,0.007330769230769363
14,16,0.9387608974358983,1.919957666666665,10.320804666666682,0.008432102564103872
14,17,0.9299899285714284,1.9442223999999997,10.039290457142865,0.044381742857144246
14,18,0.9299899285714284,1.9442223999999997,10.039290457142865,0.037571342857138035
14,19,0.9299899285714284,1.9442223999999997,10.039290457142865,0.036703942857148064
14,20,0.9299899285714284,1.9442223999999997,10.039290457142865,0.0356125428571481
14,21,0.9299899285714284,1.9460052619047614,10.001850357142871,0.015889142857140826
14,22,0.9299899285714284,1.9460052619047614,10.001850357142871,0.04685088095237688
14,23,0.9196970714285664,1.9597290714285773,9.83716464285708,0.08332571428571178
14,24,0.9019955000000026,1.9795719999999974,9.617892500000025,0.08247850000000234
14,25,0.8946980000000018,1.9893019999999986,9.48410500000001,0.07032500000000752
14,26,0.8895293043478257,2.000075565217393,9.28065039130431,0.0833336521739163
14,27,0.8895293043478257,2.000075565217393,9.28065039130431,0.022619086956513712
14,28,0.8858927142857149,2.029168285714279,8.535149428571607,0.010906571428563439
14,29,0.8800965000000005,2.120812000000001,6.038679999999971,0.017783999999991806
14,30,0.8778279999999985,2.139501000000001,5.5239209999999925,0.050078999999996654
14,31,0.8542037999999991,2.214775000000003,3.5684141999999213,0.056895599999990054
14,32,0.8444422500000002,2.4098510000000033,-2.371564750000104,0.08037424999999132
14,33,0.8444422500000002,2.53561225,-6.395924749999992,0.0
15,0,0.7817399999999992,1.4926390000000005,15.058347000000012,0.0
15,1,0.8111459999999973,1.5487189999999984,14.590583000000041,0.0
15,2,0.8364699999999985,1.5991649999999993,14.135155000000022,0.0
15,3,0.8586600000000004,1.6250960000000028,13.746701999999985,0.0
15,4,0.8841699999999975,1.6547079999999994,13.27111400000004,0.0
15,5,0.9008329999999987,1.7246360000000038,12.712896999999998,0.0
15,6,0.912512999999997,1.7527199999999965,12.380873000000065,0.0
15,7,0.926121000000002,1.7615204999999996,12.123949999999972,0.0038765000000005045
15,8,0.9382560000000026,1.7736555000000003,11.856979999999957,0.0
15,9,0.9409139999999994,1.824581000000002,11.409705999999993,0.0
15,10,0.9482500000000016,1.8364490000000018,11.192853999999961,0.0
15,11,0.9585795217391306,1.8723340000000022,10.654790695652146,0.004524478260870879
15,12,0.9592892666666665,1.8804960666666652,10.546909466666687,0.008018733333328143
15,13,0.9574224705882356,1.889727999999998,10.462261411764725,0.013517529411764428
15,14,0.9484939999999966,1.9041413750000045,10.399886124999988,0.040080625000001646
15,15,0.9387608974358971,1.9199576666666662,10.32080466666668,0.039207871794870286
15,16,0.9387608974358983,1.919957666666665,10.320804666666682,0.04112220512820741
15,17,0.9372910000000019,1.9237793999999937,10.278765600000078,0.07397160000000014
15,18,0.9299899285714284,1.9442223999999997,10.039290457142865,0.067397414285713
15,19,0.9299899285714284,1.9442223999999997,10.039290457142865,0.06414201428571964
15,20,0.9299899285714284,1.9442223999999997,10.039290457142865,0.05865961428571431
15,21,0.9299899285714284,1.9442223999999997,10.039290457142865,0.03129621428572271
15,22,0.9299899285714284,1.9460052619047614,10.001850357142871,0.05965595238095034
15,23,0.9299899285714284,1.9460052619047614,10.001850357142871,0.09835369047618059
15,24,0.9196970714285664,1.9597290714285773,9.83716464285708,0.10230657142856003
15,25,0.8946980000000018,1.9893019999999986,9.48410500000001,0.09457199999999943
15,26,0.8912739999999957,1.9961500000000107,9.357416999999785,0.10752099999999842
15,27,0.8895293043478257,2.000075565217393,9.28065039130431,0.03518978260869332
15,28,0.8858927142857149,2.029168285714279,8.535149428571607,0.020147857142845282
15,29,0.8800965000000005,2.120812000000001,6.038679999999971,0.03320249999998737
15,30,0.8778279999999985,2.139501000000001,5.5239209999999925,0.06254000000000914
15,31,0.8542037999999991,2.214775000000003,3.5684141999999213,0.07054979999999489
15,32,0.8542037999999991,2.3708048000000077,-1.268509600000229,0.0
16,0,0.812856,1.5220449999999985,14.591607,0.0
16,1,0.8384950000000018,1.5740429999999996,14.155023999999973,0.0
16,2,0.8605770000000028,1.6213550000000012,13.729169999999954,0.0
16,3,0.8800679999999979,1.6465040000000002,13.361358000000031,0.0
16,4,0.9014439999999979,1.696075999999998,12.846532000000039,0.0
16,5,0.915657000000003,1.710289000000003,12.562271999999936,0.0
16,6,0.926121000000002,1.7615204999999996,12.123949999999972,0.0
16,7,0.9437329999999946,1.7763939999999963,11.75291700000011,0.0
16,8,0.9469300000000018,1.7795910000000035,11.679385999999944,0.0
16,9,0.9493369999999999,1.826988,11.261698000000003,0.0
16,10,0.9551809999999961,1.842292999999998,11.030449000000083,0.0
16,11,0.9585795217391306,1.8723340000000022,10.654790695652146,0.012665956521740185
16,12,0.9592892666666665,1.8804960666666652,10.546909466666687,0.01858146666666549
16,13,0.9574224705882356,1.889727999999998,10.462261411764725,0.02846505882353334
16,14,0.9571775100000002,1.891116109999999,10.44764543000001,0.05983186999999823
16,15,0.9387608974358971,1.9199576666666662,10.32080466666668,0.07269897435897121
16,16,0.9387608974358971,1.9199576666666662,10.32080466666668,0.07446430769230616
16,17,0.9387608974358983,1.919957666666665,10.320804666666682,0.09960164102564306
16,18,0.9299899285714284,1.9442223999999997,10.039290457142865,0.0987944857142864
16,19,0.9299899285714284,1.9442223999999997,10.039290457142865,0.09220608571428812
16,20,0.9299899285714284,1.9442223999999997,10.039290457142865,0.08150468571428604
16,21,0.9299899285714284,1.9460052619047614,10.001850357142871,0.04416228571427894
16,22,0.9299899285714284,1.9460052619047614,10.001850357142871,0.06885202380952649
16,23,0.9299899285714284,1.9460052619047614,10.001850357142871,0.10170576190476055
16,24,0.9299899285714284,1.9460052619047614,10.001850357142871,0.10759750000000423
16,25,0.9196970714285664,1.9597290714285773,9.83716464285708,0.12597142857142174
16,26,0.8946980000000018,1.9893019999999986,9.48410500000001,0.15212299999999956
16,27,0.8895293043478257,2.000075565217393,9.28065039130431,0.07343347826086877
16,28,0.8858927142857149,2.029168285714279,8.535149428571607,0.05604614285712728
16,29,0.8800965000000005,2.1281584999999907,5.825631500000263,0.07388299999999504
16,30,0.8778279999999985,2.139501000000001,5.5239209999999925,0.0894670000000044
16,31,0.8778279999999985,2.1395010000000005,5.523920999999998,0.0
17,0,0.8497200000000014,1.5476840000000003,14.001782999999978,0.0
17,1,0.8724629999999998,1.5961250000000007,13.589454000000003,0.0
17,2,0.8921299999999981,1.6408459999999963,13.18534000000004,0.0
17,3,0.9095800000000054,1.6719819999999999,12.812731999999912,0.0
17,4,0.9277650000000008,1.6936880000000016,12.434947999999977,0.0
17,5,0.9402880000000025,1.7239330000000024,12.099955999999949,0.0
17,6,0.9499899999999997,1.7763939999999963,11.65280500000003,0.0
17,7,0.9577559999999963,1.7818754999999982,11.487894000000075,0.004439500000003704
17,8,0.9615939347826085,1.7857134347826105,11.395783565217384,0.006202065217392416
17,9,0.9583144285714286,1.826988,11.118059142857144,0.012354571428572214
17,10,0.9575856190476192,1.842292999999998,10.991975095238113,0.01823238095238544
17,11,0.9585795217391306,1.8723340000000022,10.654790695652146,0.03917843478260963
17,12,0.9592892666666665,1.8804960666666652,10.546909466666687,0.047207199999999006
17,13,0.9574224705882356,1.889727999999998,10.462261411764725,0.06114358823529287
17,14,0.9571775100000002,1.891116109999999,10.44764543000001,0.09372435999999773
17,15,0.9484939999999966,1.9041413750000045,10.399886124999988,0.11756725000000401
17,16,0.9387608974358983,1.919957666666665,10.320804666666682,0.1262004102564056
17,17,0.9387608974358983,1.919957666666665,10.320804666666682,0.1449557435897404
17,18,0.9299899285714284,1.9442223999999997,10.039290457142865,0.15047555714285643
17,19,0.9299899285714284,1.9442223999999997,10.039290457142865,0.14012915714286045
17,20,0.9299899285714284,1.9442223999999997,10.039290457142865,0.12390075714285764
17,21,0.9299899285714284,1.9442223999999997,10.039290457142865,0.07391935714286468
17,22,0.9299899285714284,1.9460052619047614,10.001850357142871,0.09480209523810146
17,23,0.9299899285714284,1.9460052619047614,10.001850357142871,0.12184983333332866
17,24,0.9299899285714284,1.9460052619047614,10.001850357142871,0.12025757142856719
17,25,0.9196970714285664,1.9597290714285773,9.83716464285708,0.13896035714286015
17,26,0.9196970714285664,1.9597290714285773,9.83716464285708,0.18491528571428617
17,27,0.8946980000000018,1.9893019999999986,9.48410500000001,0.10650199999999899
17,28,0.8858927142857149,2.029168285714279,8.535149428571607,0.08330042857141962
17,29,0.8800965000000005,2.1281584999999907,5.825631500000263,0.09595450000000483
17,30,0.8800965000000005,2.128158499999991,5.825631500000249,0.0
18,0,0.8727309999999981,1.5704269999999987,13.610596000000033,0.0
18,1,0.8923880000000004,1.615791999999999,13.231061999999994,0.0
18,2,0.9092840000000031,1.6580000000000013,12.859413999999944,0.0
18,3,0.9242439999999945,1.686645999999989,12.519452000000129,0.0
18,4,0.9391670000000047,1.721691000000007,12.12910199999989,0.0
18,5,0.9495819999999995,1.7560739999999981,11.78125300000002,0.0
18,6,0.9577559999999963,1.7818754999999982,11.487894000000075,0.0
18,7,0.9615939347826085,1.7857134347826105,11.395783565217384,0.008971565217388289
18,8,0.9615939347826085,1.7857134347826105,11.395783565217384,0.016459130434784086
18,9,0.9583144285714286,1.826988,11.118059142857144,0.028512142857143985
18,10,0.9575856190476191,1.849474238095238,10.920162714285715,0.038987761904765605
18,11,0.9585795217391306,1.8723340000000022,10.654790695652146,0.0658669130434788
18,12,0.9592892666666665,1.8804960666666652,10.546909466666687,0.07505893333333447
18,13,0.9574224705882356,1.889727999999998,10.462261411764725,0.09205511764706031
18,14,0.9571775100000002,1.891116109999999,10.44764543000001,0.12561385000000236
18,15,0.9571775100000002,1.891116109999999,10.44764543000001,0.14867874000000292
18,16,0.9484939999999966,1.9041413750000045,10.399886124999988,0.173149875
18,17,0.9387608974358983,1.919957666666665,10.320804666666682,0.18743484615384887
18,18,0.9372910000000019,1.9237793999999937,10.278765600000078,0.19527920000000165
18,19,0.9299899285714284,1.9442223999999997,10.039290457142865,0.18285222857143069
18,20,0.9299899285714284,1.9442223999999997,10.039290457142865,0.16005082857142483
18,21,0.9299899285714284,1.9442223999999997,10.039290457142865,0.09335442857142695
18,22,0.9299899285714284,1.9460052619047614,10.001850357142871,0.10989616666666535
18,23,0.9299899285714284,1.9460052619047614,10.001850357142871,0.13151190476190777
18,24,0.9299899285714284,1.9460052619047614,10.001850357142871,0.12363164285714845
18,25,0.9299899285714284,1.9460052619047614,10.001850357142871,0.13815238095239124
18,26,0.9196970714285664,1.9597290714285773,9.83716464285708,0.19895721428572344
18,27,0.9169849999999968,1.9624411428571469,9.81275599999995,0.12040814285714418
18,28,0.8858927142857149,2.029168285714279,8.535149428571607,0.087865714285698
18,29,0.8858927142857148,2.0860347142857143,6.942889428571421,0.0
19,0,0.8926979999999993,1.590084000000001,13.251190000000012,0.0
19,1,0.9095130000000005,1.6326880000000017,12.90591599999999,0.0
19,2,0.9238399999999984,1.672851999999999,12.567702000000033,0.0
19,3,0.9365620000000021,1.702485000000003,12.25021099999995,0.0
19,4,0.948718999999997,1.732363999999997,11.91447400000007,0.0
19,5,0.9571989999999957,1.7640989999999945,11.604022000000107,0.0
19,6,0.9628886086956524,1.7703456086956515,11.464686391304344,0.0010123913043464938
19,7,0.9615939347826085,1.7857134347826105,11.395783565217384,0.01825263043477854
19,8,0.9615939347826085,1.7857134347826105,11.395783565217384,0.029738195652170063
19,9,0.9583144285714286,1.826988,11.118059142857144,0.0471757142857161
19,10,0.9575856190476192,1.842292999999998,10.991975095238113,0.06115714285714269
19,11,0.9585795217391306,1.8723340000000022,10.654790695652146,0.09216139130434442
19,12,0.9592892666666665,1.8804960666666652,10.546909466666687,0.10168166666666778
19,13,0.9585475238095231,1.8849465238095264,10.503888380952361,0.12001085714285153
19,14,0.9571775100000002,1.891116109999999,10.44764543000001,0.15496234000000264
19,15,0.9571775100000002,1.891116109999999,10.44764543000001,0.17647823000000606
19,16,0.9571775100000002,1.891116109999999,10.44764543000001,0.20288512000000303
19,17,0.9387608974358983,1.919957666666665,10.320804666666682,0.2257009487179502
19,18,0.9387608974358983,1.919957666666665,10.320804666666682,0.22905328205128228
19,19,0.9299899285714284,1.9442223999999997,10.039290457142865,0.21887030000000607
19,20,0.9299899285714284,1.9442223999999997,10.039290457142865,0.18854989999999816
19,21,0.9299899285714284,1.9442223999999997,10.039290457142865,0.12577450000000567
19,22,0.9299899285714284,1.9460052619047614,10.001850357142871,0.1392032380952486
19,23,0.9299899285714284,1.9460052619047614,10.001850357142871,0.15740097619048043
19,24,0.9299899285714284,1.9460052619047614,10.001850357142871,0.1456837142857168
19,25,0.9299899285714284,1.9460052619047614,10.001850357142871,0.15440545238096348
19,26,0.9299899285714284,1.9460052619047614,10.001850357142871,0.20364719047618962
19,27,0.9196970714285664,1.9597290714285773,9.83716464285708,0.12042707142857267
19,28,0.9196970714285665,1.959729071428577,9.83716464285708,0.0
20,0,0.9099460000000015,1.606899000000002,12.923477999999971,0.0
20,1,0.9242329999999974,1.6470149999999997,12.61190900000005,0.0
20,2,0.9361609999999985,1.685576999999995,12.30815300000004,0.0
20,3,0.9467810000000014,1.7153090000000049,12.017577999999958,0.0
20,4,0.9566609999999969,1.7411689999999993,11.728356000000062,0.0
20,5,0.9634890000000027,1.7489160000000012,11.56042699999994,0.0
20,6,0.9628886086956524,1.7703456086956515,11.464686391304344,0.006877782608700755
20,7,0.9615939347826085,1.7857134347826105,11.395783565217384,0.03129069565216902
20,8,0.9615939347826085,1.7857134347826105,11.395783565217384,0.04511126086956274
20,9,0.9583144285714286,1.826988,11.118059142857144,0.06734228571428424
20,10,0.9575856190476192,1.842292999999998,10.991975095238113,0.08378852380952218
20,11,0.9585795217391306,1.8723340000000022,10.654790695652146,0.11766386956521657
20,12,0.9592892666666665,1.8804960666666652,10.546909466666687,0.1266264000000028
20,13,0.9585475238095231,1.8849465238095264,10.503888380952361,0.14514333333332985
20,14,0.9574224705882356,1.889727999999998,10.462261411764725,0.18127017647059063
20,15,0.9571775100000002,1.891116109999999,10.44764543000001,0.20041872000000005
20,16,0.9571775100000002,1.891116109999999,10.44764543000001,0.2233576100000061
20,17,0.9484939999999966,1.9041413750000045,10.399886124999988,0.25375350000000907
20,18,0.9387608974358971,1.9199576666666662,10.32080466666668,0.2559333846153873
20,19,0.9299899285714284,1.9442223999999997,10.039290457142865,0.24725437142858198
20,20,0.9299899285714284,1.9442223999999997,10.039290457142865,0.20901497142857295
20,21,0.9299899285714284,1.9460052619047614,10.001850357142871,0.14700957142856907
20,22,0.9299899285714284,1.9460052619047614,10.001850357142871,0.15876830952382193
20,23,0.9299899285714284,1.9460052619047614,10.001850357142871,0.1754400476190554
20,24,0.9299899285714284,1.9460052619047614,10.001850357142871,0.1604797857142941
20,25,0.9299899285714284,1.9460052619047614,10.001850357142871,0.16080152380953194
20,26,0.9299899285714284,1.9460052619047614,10.001850357142871,0.18407326190477136
20,27,0.9299899285714284,1.9460052619047614,10.001850357142867,0.0
21,0,0.9248050000000028,1.621185999999998,12.626297999999945,0.0
21,1,0.936790000000002,1.6589430000000007,12.348840999999958,0.0
21,2,0.9463349999999977,1.6961519999999979,12.08352300000005,0.0
21,3,0.9566609999999969,1.728675999999993,11.778328000000087,0.0
21,4,0.9634890000000027,1.7489160000000012,11.56042699999994,0.0
21,5,0.963891818181818,1.7532978181818244,11.530461545454518,0.0046751818181824945
21,6,0.9628886086956524,1.7703456086956515,11.464686391304344,0.01640917391304697
21,7,0.9615939347826085,1.7857134347826105,11.395783565217384,0.047277760869564034
21,8,0.9615939347826085,1.7857134347826105,11.395783565217384,0.0617273260869613
21,9,0.9583144285714286,1.826988,11.118059142857144,0.088062857142857
21,10,0.9575856190476192,1.842292999999998,10.991975095238113,0.10604190476190745
21,11,0.9585795217391306,1.8723340000000022,10.654790695652146,0.14175734782608984
21,12,0.9592892666666665,1.8804960666666652,10.546909466666687,0.14941213333333536
21,13,0.9592892666666665,1.8804960666666652,10.546909466666687,0.16638806666666284
21,14,0.9574224705882356,1.889727999999998,10.462261411764725,0.20402970588235547
21,15,0.9571775100000002,1.891116109999999,10.44764543000001,0.21992121000000076
21,16,0.9571775100000002,1.891116109999999,10.44764543000001,0.2382250999999993
21,17,0.9571775100000002,1.891116109999999,10.44764543000001,0.261930989999998
21,18,0.9387608974358971,1.9199576666666662,10.32080466666668,0.27547748717949183
21,19,0.9387608974358971,1.9199576666666662,10.32080466666668,0.2630898205128229
21,20,0.9299899285714284,1.9442223999999997,10.039290457142865,0.22191104285714758
21,21,0.9299899285714284,1.9460052619047614,10.001850357142871,0.15892964285714584
21,22,0.9299899285714284,1.9460052619047614,10.001850357142871,0.17112238095238297
21,23,0.9299899285714284,1.9460052619047614,10.001850357142871,0.18713811904762423
21,24,0.9299899285714284,1.9460052619047614,10.001850357142871,0.16567085714286378
21,25,0.9299899285714284,1.9460052619047614,10.001850357142871,0.14668259523809724
21,26,0.9299899285714284,1.9460052619047614,10.001850357142871,0.04961533333333534
22,0,0.9374089999999953,1.6331709999999973,12.361614000000102,0.0
22,1,0.9473690000000019,1.6684879999999964,12.117136999999964,0.0
22,2,0.9551119999999997,1.7060770000000005,11.878654000000004,0.0
22,3,0.961502000000003,1.733516999999999,11.662143999999941,0.0
22,4,0.9644284545454544,1.7380494545454528,11.584164636363646,0.0034935454545461653
22,5,0.963891818181818,1.7532978181818244,11.530461545454518,0.013046363636362912
22,6,0.9628886086956524,1.7703456086956515,11.464686391304344,0.028266565217389683
22,7,0.9615939347826085,1.7857134347826105,11.395783565217384,0.06544682608695318
22,8,0.9615939347826085,1.7857134347826105,11.395783565217384,0.07834839130435078
22,9,0.9583144285714286,1.826988,11.118059142857144,0.10803142857142767
22,10,0.9575856190476192,1.842292999999998,10.991975095238113,0.12666328571428487
22,11,0.9585795217391306,1.8723340000000022,10.654790695652146,0.16338782608696079
22,12,0.9592892666666665,1.8804960666666652,10.546909466666687,0.1688368666666662
22,13,0.9592892666666665,1.8804960666666652,10.546909466666687,0.18335580000000107
22,14,0.9574224705882356,1.889727999999998,10.462261411764725,0.2225252352941176
22,15,0.9571775100000002,1.891116109999999,10.44764543000001,0.2340847000000057
22,16,0.9571775100000002,1.891116109999999,10.44764543000001,0.24656659000000225
22,17,0.9571775100000002,1.891116109999999,10.44764543000001,0.2628304800000034
22,18,0.9571775100000002,1.891116109999999,10.44764543000001,0.27439737000000086
22,19,0.9387608974358971,1.9199576666666662,10.32080466666668,0.2673909230769258
22,20,0.9299899285714284,1.9442223999999997,10.039290457142865,0.22865811428571092
22,21,0.9299899285714284,1.9460052619047614,10.001850357142871,0.16411271428570728
22,22,0.9299899285714284,1.9460052619047614,10.001850357142871,0.177831452380957
22,23,0.9299899285714284,1.9460052619047614,10.001850357142871,0.19052819047619352
22,24,0.9299899285714284,1.9460052619047614,10.001850357142871,0.15121592857142474
22,25,0.9299899285714284,1.9460052619047614,10.001850357142871,0.015238666666668621
23,0,0.9478790000000004,1.643131000000004,12.13127399999999,0.0
23,1,0.9560159999999982,1.6755289999999974,11.919862000000045,0.0
23,2,0.9603159999999988,1.7112809999999996,11.753758000000026,0.0
23,3,0.9654955454545454,1.7236025454545398,11.604029363636386,0.00044745454545136454
23,4,0.9644284545454544,1.7380494545454528,11.584164636363646,0.010024090909091399
23,5,0.963891818181818,1.7532978181818244,11.530461545454518,0.023604545454549708
23,6,0.9628886086956524,1.7703456086956515,11.464686391304344,0.0408729565217385
23,7,0.9615939347826085,1.7857134347826105,11.395783565217384,0.08486689130434577
23,8,0.9615939347826085,1.7857134347826105,11.395783565217384,0.09343445652173621
23,9,0.9583144285714286,1.826988,11.118059142857144,0.12563100000000027
23,10,0.9575856190476192,1.842292999999998,10.991975095238113,0.14396966666666167
23,11,0.9585795217391306,1.8723340000000022,10.654790695652146,0.18092830434782314
23,12,0.9592892666666665,1.8804960666666652,10.546909466666687,0.1831725999999989
23,13,0.9592892666666665,1.8804960666666652,10.546909466666687,0.19404553333333752
23,14,0.9585475238095231,1.8849465238095264,10.503888380952361,0.234889238095235
23,15,0.9571775100000002,1.891116109999999,10.44764543000001,0.24157119000000016
23,16,0.9571775100000002,1.891116109999999,10.44764543000001,0.24724108000000733
23,17,0.9571775100000002,1.891116109999999,10.44764543000001,0.2557369700000063
23,18,0.9571775100000002,1.891116109999999,10.44764543000001,0.26008286000000247
23,19,0.9571775100000002,1.891116109999999,10.44764543000001,0.2629107500000085
23,20,0.9299899285714284,1.9442223999999997,10.039290457142865,0.23075118571428987
23,21,0.9299899285714284,1.9460052619047614,10.001850357142871,0.16332178571428813
23,22,0.9299899285714284,1.9460052619047614,10.001850357142871,0.17664452380952866
23,23,0.9299899285714284,1.9460052619047614,10.001850357142871,0.17550126190476334
23,24,0.9299899285714284,1.9460052619047614,10.001850357142871,0.020549999999992963
24,0,0.9562650000000019,1.6512680000000017,11.938395999999955,0.0
24,1,0.9627690000000015,1.679828999999998,11.760242999999967,0.0
24,2,0.9640389999999996,1.7161900000000045,11.658310999999998,0.0
24,3,0.9654955454545454,1.7236025454545398,11.604029363636386,0.0032439090909015533
24,4,0.9644284545454544,1.7380494545454528,11.584164636363646,0.01768763636363957
24,5,0.963891818181818,1.7493188181818164,11.550356545454559,0.03466072727272618
24,6,0.9628886086956524,1.7703456086956515,11.464686391304344,0.05250534782609151
24,7,0.9615939347826085,1.7857134347826105,11.395783565217384,0.10448595652174042
24,8,0.9615939347826085,1.7857134347826105,11.395783565217384,0.10514152173913338
24,9,0.9583144285714286,1.826988,11.118059142857144,0.13900357142856912
24,10,0.9575856190476192,1.842292999999998,10.991975095238113,0.15608004761905114
24,11,0.9585795217391306,1.8723340000000022,10.654790695652146,0.19235678260869093
24,12,0.9592892666666665,1.8804960666666652,10.546909466666687,0.190329333333338
24,13,0.9592892666666665,1.8804960666666652,10.546909466666687,0.1962272666666678
24,14,0.9585475238095231,1.8849465238095264,10.503888380952361,0.2395867142857142
24,15,0.9571775100000002,1.891116109999999,10.44764543000001,0.2409216800000049
24,16,0.9571775100000002,1.891116109999999,10.44764543000001,0.2393275700000057
24,17,0.9571775100000002,1.891116109999999,10.44764543000001,0.24046945999999814
24,18,0.9571775100000002,1.891116109999999,10.44764543000001,0.23883435000000297
24,19,0.9571775100000002,1.891116109999999,10.44764543000001,0.23735824000000427
24,20,0.9387608974358971,1.9199576666666662,10.32080466666668,0.22145246153846365
24,21,0.9299899285714284,1.9442223999999997,10.039290457142865,0.15334485714286572
24,22,0.9299899285714284,1.9460052619047614,10.001850357142871,0.15706259523809507
24,23,0.9299899285714284,1.9460052619047614,10.001850357142871,0.04552933333333442
25,0,0.9626009999999994,1.6576039999999992,11.786332000000016,0.0
25,1,0.9648978636363637,1.6810989999999961,11.70788027272728,0.0028261363636303827
25,2,0.9660873333333335,1.7072673333333341,11.626996333333324,0.013637666666671322
25,3,0.9654955454545454,1.7236025454545398,11.604029363636386,0.021146363636358245
25,4,0.9644284545454544,1.7380494545454528,11.584164636363646,0.03999918181818174
25,5,0.963891818181818,1.7493188181818164,11.550356545454559,0.05670090909090675
25,6,0.9628886086956524,1.7703456086956515,11.464686391304344,0.07802473913043784
25,7,0.9617810434782609,1.7844660434782607,11.39989995652174,0.12305465217391642
25,8,0.9615939347826085,1.7857134347826105,11.395783565217384,0.12981458695652215
25,9,0.9583144285714286,1.826988,11.118059142857144,0.165049142857141
25,10,0.9575856190476192,1.842292999999998,10.991975095238113,0.18039342857142948
25,11,0.9585795217391306,1.8723340000000022,10.654790695652146,0.21576426086956602
25,12,0.9592892666666665,1.8804960666666652,10.546909466666687,0.2088840666666698
25,13,0.9592892666666665,1.8804960666666652,10.546909466666687,0.20912500000000023
25,14,0.9585475238095231,1.8849465238095264,10.503888380952361,0.2357431904761924
25,15,0.9571775100000002,1.891116109999999,10.44764543000001,0.23119316999999562
25,16,0.9571775100000002,1.891116109999999,10.44764543000001,0.22255006000000144
25,17,0.9571775100000002,1.891116109999999,10.44764543000001,0.21771695000000157
25,18,0.9571775100000002,1.891116109999999,10.44764543000001,0.21192384000000253
25,19,0.9571775100000002,1.891116109999999,10.44764543000001,0.20657272999999599
25,20,0.9571775100000002,1.891116109999999,10.44764543000001,0.19132662000000344
25,21,0.9299899285714284,1.9442223999999997,10.039290457142865,0.12251792857143684
25,22,0.9299899285714284,1.9460052619047614,10.001850357142871,0.022070666666671457
26,0,0.9669804999999999,1.6163335000000032,11.676844500000001,0.00011750000000176897
26,1,0.9648978636363637,1.6810989999999961,11.70788027272728,0.008825272727268185
26,2,0.9660873333333335,1.7072673333333341,11.626996333333324,0.02752333333333823
26,3,0.9654955454545454,1.7236025454545398,11.604029363636386,0.038179818181813374
26,4,0.9644284545454544,1.7380494545454528,11.584164636363646,0.060475727272731206
26,5,0.963891818181818,1.7532978181818244,11.530461545454518,0.0763790909090929
26,6,0.9628886086956524,1.7703456086956515,11.464686391304344,0.09979713043478
26,7,0.9617810434782609,1.7844660434782607,11.39989995652174,0.13918260869565202
26,8,0.9615939347826085,1.7857134347826105,11.395783565217384,0.16673665217391864
26,9,0.9583144285714286,1.826988,11.118059142857144,0.20293171428571632
26,10,0.9575856190476192,1.842292999999998,10.991975095238113,0.21600580952380888
26,11,0.9592892666666665,1.8804960666666652,10.546909466666687,0.24980386666666377
26,12,0.9592892666666665,1.8804960666666652,10.546909466666687,0.237818800000003
26,13,0.9592892666666665,1.8804960666666652,10.546909466666687,0.23194173333333268
26,14,0.9585475238095231,1.8849465238095264,10.503888380952361,0.24483166666666634
26,15,0.9574224705882356,1.889727999999998,10.462261411764725,0.23526235294117726
26,16,0.9571775100000002,1.891116109999999,10.44764543000001,0.22164755000000547
26,17,0.9571775100000002,1.891116109999999,10.44764543000001,0.21326043999999733
26,18,0.9571775100000002,1.891116109999999,10.44764543000001,0.20448432999999788
26,19,0.9571775100000002,1.891116109999999,10.44764543000001,0.1929452199999968
26,20,0.9571775100000002,1.891116109999999,10.44764543000001,0.15964811000000445
26,21,0.9299899285714284,1.9442223999999997,10.039290457142865,0.0
27,0,0.9669804999999999,1.6163335000000032,11.676844500000001,0.016679999999997364
27,1,0.9648978636363637,1.6810989999999961,11.70788027272728,0.03067940909090794
27,2,0.9660873333333335,1.7072673333333341,11.626996333333324,0.05523700000000176
27,3,0.9654955454545454,1.7236025454545398,11.604029363636386,0.06865627272726726
27,4,0.9644284545454544,1.7380494545454528,11.584164636363646,0.09418927272727373
27,5,0.963891818181818,1.7493188181818164,11.550356545454559,0.10938227272727019
27,6,0.9628886086956524,1.7703456086956515,11.464686391304344,0.13422652173913008
27,7,0.9617810434782609,1.7844660434782607,11.39989995652174,0.1696155652173985
27,8,0.9615939347826085,1.7857134347826105,11.395783565217384,0.19704071739130846
27,9,0.9609991739130431,1.7987981739130472,11.300621826086934,0.23169291304347261
27,10,0.9575856190476192,1.842292999999998,10.991975095238113,0.24255519047619423
27,11,0.9592892666666665,1.8804960666666652,10.546909466666687,0.27343959999999967
27,12,0.9592892666666665,1.8804960666666652,10.546909466666687,0.25565253333333615
27,13,0.9592892666666665,1.8804960666666652,10.546909466666687,0.2430614666666706
27,14,0.9592892666666665,1.8804960666666652,10.546909466666687,0.24422540000000836
27,15,0.9585475238095231,1.8849465238095264,10.503888380952361,0.2311906190476236
27,16,0.9571775100000002,1.891116109999999,10.44764543000001,0.21470404000000265
27,17,0.9571775100000002,1.891116109999999,10.44764543000001,0.20331092999999534
27,18,0.9571775100000002,1.891116109999999,10.44764543000001,0.1886208200000059
27,19,0.9571775100000002,1.891116109999999,10.44764543000001,0.15986271000000762
27,20,0.9571775100000002,1.891116109999999,10.44764543000001,0.010659600000005653
28,0,0.9669804999999999,1.6163335000000032,11.676844500000001,0.03510850000000332
28,1,0.9648978636363637,1.6810989999999961,11.70788027272728,0.0532995454545393
28,2,0.9660873333333335,1.7072673333333341,11.626996333333324,0.0816226666666715
28,3,0.9654955454545454,1.7236025454545398,11.604029363636386,0.09691572727272302
28,4,0.9644284545454544,1.7380494545454528,11.584164636363646,0.12487481818181934
28,5,0.963891818181818,1.7493188181818164,11.550356545454559,0.13876445454545205
28,6,0.9628886086956524,1.7703456086956515,11.464686391304344,0.1639299130434786
28,7,0.9617810434782609,1.7844660434782607,11.39989995652174,0.1957225217391354
28,8,0.9615939347826085,1.7857134347826105,11.395783565217384,0.22072178260869357
28,9,0.9609991739130431,1.7987981739130472,11.300621826086934,0.25128473913043514
28,10,0.9575856190476192,1.842292999999998,10.991975095238113,0.2599105714285681
28,11,0.9592892666666665,1.8804960666666652,10.546909466666687,0.28715433333333706
28,12,0.9592892666666665,1.8804960666666652,10.546909466666687,0.26295426666667154
28,13,0.9592892666666665,1.8804960666666652,10.546909466666687,0.2438932000000058
28,14,0.9592892666666665,1.8804960666666652,10.546909466666687,0.23652013333333954
28,15,0.9585475238095231,1.8849465238095264,10.503888380952361,0.2208250952380908
28,16,0.9571775100000002,1.891116109999999,10.44764543000001,0.20277753000000054
28,17,0.9571775100000002,1.891116109999999,10.44764543000001,0.18562441999999812
28,18,0.9571775100000002,1.891116109999999,10.44764543000001,0.154157310000004
28,19,0.9571775100000002,1.891116109999999,10.44764543000001,0.010684200000001809
29,0,0.9669804999999999,1.6163335000000032,11.676844500000001,0.054741999999997404
29,1,0.9648978636363637,1.6810989999999961,11.70788027272728,0.07619068181818278
29,2,0.9660873333333335,1.7072673333333341,11.626996333333324,0.10664733333333132
29,3,0.9654955454545454,1.7236025454545398,11.604029363636386,0.12295518181817755
29,4,0.9644284545454544,1.7380494545454528,11.584164636363646,0.1526103636363665
29,5,0.963891818181818,1.7493188181818164,11.550356545454559,0.16444763636363646
29,6,0.9628886086956524,1.7703456086956515,11.464686391304344,0.18876930434782935
29,7,0.9626720000000002,1.7751109999999979,11.439993000000008,0.21641799999999733
29,8,0.9615939347826085,1.7857134347826105,11.395783565217384,0.237765847826088
29,9,0.9609991739130431,1.7987981739130472,11.300621826086934,0.26305656521738463
29,10,0.9575856190476192,1.842292999999998,10.991975095238113,0.268320952380952
29,11,0.9592892666666665,1.8804960666666652,10.546909466666687,0.2916590666666714
29,12,0.9592892666666665,1.8804960666666652,10.546909466666687,0.26130700000000573
29,13,0.9592892666666665,1.8804960666666652,10.546909466666687,0.23696593333333382
29,14,0.9592892666666665,1.8804960666666652,10.546909466666687,0.2240238666666734
29,15,0.9585475238095231,1.8849465238095264,10.503888380952361,0.2062235714285805
29,16,0.9571775100000002,1.891116109999999,10.44764543000001,0.1839090200000033
29,17,0.9571775100000002,1.891116109999999,10.44764543000001,0.15023790999999598
29,18,0.9571775100000002,1.891116109999999,10.44764543000001,0.004940799999994638
30,0,0.9669804999999999,1.6163335000000032,11.676844500000001,0.07514650000000245
30,1,0.9648978636363637,1.6810989999999961,11.70788027272728,0.09893381818181268
30,2,0.9660873333333335,1.7072673333333341,11.626996333333324,0.13026400000000393
30,3,0.9654955454545454,1.7236025454545398,11.604029363636386,0.1467596363636332
30,4,0.9644284545454544,1.7380494545454528,11.584164636363646,0.17738990909091257
30,5,0.963891818181818,1.7493188181818164,11.550356545454559,0.1863268181818185
30,6,0.9632903478260875,1.7661273478260833,11.47814465217392,0.20849082608695824
30,7,0.9626720000000002,1.7751109999999979,11.439993000000008,0.23129600000000394
30,8,0.9615939347826085,1.7857134347826105,11.395783565217384,0.24814491304348074
30,9,0.9609991739130431,1.7987981739130472,11.300621826086934,0.26716439130434644
30,10,0.9575856190476192,1.842292999999998,10.991975095238113,0.2684343333333299
30,11,0.9592892666666665,1.8804960666666652,10.546909466666687,0.2884328000000025
30,12,0.9592892666666665,1.8804960666666652,10.546909466666687,0.25306373333333454
30,13,0.9592892666666665,1.8804960666666652,10.546909466666687,0.22511766666666944
30,14,0.9592892666666665,1.8804960666666652,10.546909466666687,0.20804760000000755
30,15,0.9585475238095231,1.8849465238095264,10.503888380952361,0.18546604761904817
30,16,0.9571775100000002,1.891116109999999,10.44764543000001,0.14826351000000493
30,17,0.9571775100000002,1.891116109999999,10.44764543000001,0.0013644000000052614
31,0,0.9669804999999999,1.6163335000000032,11.676844500000001,0.09590199999999882
31,1,0.9648978636363637,1.6810989999999961,11.70788027272728,0.12127895454544912
31,2,0.9660873333333335,1.7072673333333341,11.626996333333324,0.1524346666666716
31,3,0.9654955454545454,1.7236025454545398,11.604029363636386,0.16832509090908943
31,4,0.9644284545454544,1.7380494545454528,11.584164636363646,0.19918745454545927
31,5,0.963891818181818,1.7493188181818164,11.550356545454559,0.20424299999999462
31,6,0.9632903478260875,1.7661273478260833,11.47814465217392,0.22288847826087377
31,7,0.9626720000000002,1.7751109999999979,11.439993000000008,0.2403039999999983
31,8,0.9615939347826085,1.7857134347826105,11.395783565217384,0.251757978260871
31,9,0.9609991739130431,1.7987981739130472,11.300621826086934,0.2639172173913007
31,10,0.9575856190476191,1.849474238095238,10.920162714285715,0.26131871428571607
31,11,0.9592892666666665,1.8804960666666652,10.546909466666687,0.2795525333333302
31,12,0.9592892666666665,1.8804960666666652,10.546909466666687,0.24078846666666465
31,13,0.9592892666666665,1.8804960666666652,10.546909466666687,0.20982839999999925
31,14,0.9592892666666665,1.8804960666666652,10.546909466666687,0.18655633333334265
31,15,0.9585475238095231,1.8849465238095264,10.503888380952361,0.14867152380951865
31,16,0.9585475238095231,1.8849465238095264,10.503888380952361,0.0
32,0,0.9669804999999999,1.6163335000000032,11.676844500000001,0.11650450000000134
32,1,0.9648978636363637,1.6810989999999961,11.70788027272728,0.1427290909090857
32,2,0.9660873333333335,1.7072673333333341,11.626996333333324,0.17277133333333694
32,3,0.9654955454545454,1.7236025454545398,11.604029363636386,0.18717354545454512
32,4,0.9644284545454544,1.7380494545454528,11.584164636363646,0.21762700000000024
32,5,0.963891818181818,1.7493188181818164,11.550356545454559,0.21755418181817987
32,6,0.9632903478260875,1.7661273478260833,11.47814465217392,0.23160913043478004
32,7,0.9626720000000002,1.7751109999999979,11.439993000000008,0.2429560000000066
32,8,0.9617810434782609,1.7844660434782607,11.39989995652174,0.24837430434782704
32,9,0.9609991739130431,1.7987981739130472,11.300621826086934,0.2540900434782589
32,10,0.9575856190476192,1.842292999999998,10.991975095238113,0.24858409523809577
32,11,0.9592892666666665,1.8804960666666652,10.546909466666687,0.2672122666666681
32,12,0.9592892666666665,1.8804960666666652,10.546909466666687,0.22563220000000683
32,13,0.9592892666666665,1.8804960666666652,10.546909466666687,0.1891151333333312
32,14,0.9592892666666665,1.8804960666666652,10.546909466666687,0.14956206666668237
32,15,0.9585475238095231,1.8849465238095264,10.503888380952361,0.0
33,0,0.9669804999999999,1.6163335000000032,11.676844500000001,0.1362910000000035
33,1,0.9648978636363637,1.6810989999999961,11.70788027272728,0.16254522727272658
33,2,0.9660873333333335,1.7072673333333341,11.626996333333324,0.19059400000000437
33,3,0.9654955454545454,1.7236025454545398,11.604029363636386,0.20254699999999914
33,4,0.9651522727272724,1.7308112727272742,11.58995518181819,0.23137872727271613
33,5,0.963891818181818,1.7532978181818244,11.530461545454518,0.22538036363636849
33,6,0.9632903478260875,1.7661273478260833,11.47814465217392,0.23390678260869535
33,7,0.9626720000000002,1.7751109999999979,11.439993000000008,0.23882199999999543
33,8,0.9617810434782609,1.7844660434782607,11.39989995652174,0.2384752608695635
33,9,0.9609991739130431,1.7987981739130472,11.300621826086934,0.2389298695652169
33,10,0.9575856190476192,1.842292999999998,10.991975095238113,0.23184747619047563
33,11,0.9592892666666665,1.8804960666666652,10.546909466666687,0.2523880000000034
33,12,0.9592892666666665,1.8804960666666652,10.546909466666687,0.2054299333333418
33,13,0.9592892666666665,1.8804960666666652,10.546909466666687,0.15308186666667467
33,14,0.9592892666666665,1.8804960666666652,10.546909466666687,0.0011628000000172278
34,0,0.9669804999999999,1.6163335000000032,11.676844500000001,0.15430650000000412
34,1,0.9648978636363637,1.6810989999999961,11.70788027272728,0.17970336363636363
34,2,0.9660873333333335,1.7072673333333341,11.626996333333324,0.2047846666666686
34,3,0.9654955454545454,1.7236025454545398,11.604029363636386,0.21324845454545027
34,4,0.9651522727272724,1.7308112727272742,11.58995518181819,0.24045145454545036
34,5,0.963891818181818,1.7532978181818244,11.530461545454518,0.22661054545454817
34,6,0.9632903478260875,1.7661273478260833,11.47814465217392,0.22917743478260277
34,7,0.9626720000000002,1.7751109999999979,11.439993000000008,0.22801700000000125
34,8,0.9617810434782609,1.7844660434782607,11.39989995652174,0.22296021739131433
34,9,0.9609991739130431,1.7987981739130472,11.300621826086934,0.2196526956521705
34,10,0.9575856190476192,1.842292999999998,10.991975095238113,0.21127685714285427
34,11,0.9592892666666665,1.8804960666666652,10.546909466666687,0.23276173333333006
34,12,0.9592892666666665,1.8804960666666652,10.546909466666687,0.17023566666666667
34,13,0.9592892666666665,1.8804960666666652,10.546909466666687,0.00593459999999979
35,0,0.9669804999999999,1.6163335000000032,11.676844500000001,0.16924500000000364
35,1,0.9648978636363637,1.6810989999999961,11.70788027272728,0.19287449999999495
35,2,0.9660873333333335,1.7072673333333341,11.626996333333324,0.21388233333333062
35,3,0.9654955454545454,1.7236025454545398,11.604029363636386,0.2177849090909021
35,4,0.9651522727272724,1.7308112727272742,11.58995518181819,0.24421318181817497
35,5,0.963891818181818,1.7493188181818164,11.550356545454559,0.22038672727272868
35,6,0.9632903478260875,1.7661273478260833,11.47814465217392,0.2171810869565185
35,7,0.9626720000000002,1.7751109999999979,11.439993000000008,0.2110839999999925
35,8,0.9617810434782609,1.7844660434782607,11.39989995652174,0.20285217391304755
35,9,0.9609991739130431,1.7987981739130472,11.300621826086934,0.19623752173912656
35,10,0.9575856190476192,1.842292999999998,10.991975095238113,0.18347423809523455
35,11,0.9592892666666665,1.8804960666666652,10.546909466666687,0.1984074666666693
35,12,0.9592892666666665,1.8804960666666652,10.546909466666687,0.02433139999999767
36,0,0.9669804999999999,1.6163335000000032,11.676844500000001,0.17976550000000202
36,1,0.9648978636363637,1.6810989999999961,11.70788027272728,0.20051063636363153
36,2,0.9660873333333335,1.7072673333333341,11.626996333333324,0.21642699999999593
36,3,0.9654955454545454,1.7236025454545398,11.604029363636386,0.21482836363635727
36,4,0.9651522727272724,1.7308112727272742,11.58995518181819,0.242336909090902
36,5,0.963891818181818,1.7493188181818164,11.550356545454559,0.2064279090909089
36,6,0.9632903478260875,1.7661273478260833,11.47814465217392,0.19851673913043655
36,7,0.9626720000000002,1.7751109999999979,11.439993000000008,0.18899100000000857
36,8,0.9617810434782609,1.7844660434782607,11.39989995652174,0.17803313043478042
36,9,0.9609991739130431,1.7987981739130472,11.300621826086934,0.16541834782608866
36,10,0.9575856190476192,1.842292999999998,10.991975095238113,0.13747161904761462
36,11,0.9592892666666665,1.8804960666666652,10.546909466666687,0.053693200000008545
37,0,0.9669804999999999,1.6163335000000032,11.676844500000001,0.20172600000000074
37,1,0.9648978636363637,1.6810989999999961,11.70788027272728,0.2191377727272652
37,2,0.9660873333333335,1.7072673333333341,11.626996333333324,0.2296526666666665
37,3,0.9654955454545454,1.7236025454545398,11.604029363636386,0.22253481818181342
37,4,0.9651522727272724,1.7308112727272742,11.58995518181819,0.235340636363631
37,5,0.963891818181818,1.7532978181818244,11.530461545454518,0.20571209090909548
37,6,0.9632903478260875,1.7661273478260833,11.47814465217392,0.1951753913043497
37,7,0.9626720000000002,1.7751109999999979,11.439993000000008,0.18340700000000254
37,8,0.9617810434782609,1.7844660434782607,11.39989995652174,0.16780608695652077
37,9,0.9609991739130431,1.7987981739130472,11.300621826086934,0.13952017391304672
37,10,0.9592892666666665,1.8804960666666652,10.546909466666687,0.0
38,0,0.9669804999999999,1.6163335000000032,11.676844500000001,0.2172054999999986
38,1,0.9648978636363637,1.6810989999999961,11.70788027272728,0.230290909090904
38,2,0.9660873333333335,1.7072673333333341,11.626996333333324,0.2349663333333396
38,3,0.9654955454545454,1.7236025454545398,11.604029363636386,0.22246327272727484
38,4,0.9651522727272724,1.7308112727272742,11.58995518181819,0.22430936363635823
38,5,0.963891818181818,1.7493188181818164,11.550356545454559,0.19971727272727335
38,6,0.9632903478260875,1.7661273478260833,11.47814465217392,0.18703204347825775
38,7,0.9626720000000002,1.7751109999999979,11.439993000000008,0.17051499999999464
38,8,0.9617810434782609,1.7844660434782607,11.39989995652174,0.1402330434782577
38,9,0.9609991739130431,1.7987981739130472,11.300621826086934,0.0
39,0,0.9669804999999999,1.6163335000000032,11.676844500000001,0.2257190000000051
39,1,0.9648978636363637,1.6810989999999961,11.70788027272728,0.23388004545454066
39,2,0.9660873333333335,1.7072673333333341,11.626996333333324,0.23299800000000204
39,3,0.9654955454545454,1.7236025454545398,11.604029363636386,0.21616572727272398
39,4,0.9651522727272724,1.7308112727272742,11.58995518181819,0.2107180909090829
39,5,0.963891818181818,1.7493188181818164,11.550356545454559,0.189332454545454
39,6,0.9632903478260875,1.7661273478260833,11.47814465217392,0.1720596956521696
39,7,0.9626720000000002,1.7751109999999979,11.439993000000008,0.14104400000000794
39,8,0.9617810434782609,1.7844660434782607,11.39989995652174,0.0
40,0,0.9669804999999999,1.6163335000000032,11.676844500000001,0.2273555000000016
40,1,0.9648978636363637,1.6810989999999961,11.70788027272728,0.2306551818181788
40,2,0.9660873333333335,1.7072673333333341,11.626996333333324,0.22529966666667178
40,3,0.9654955454545454,1.7236025454545398,11.604029363636386,0.20561818181817415
40,4,0.9651522727272724,1.7308112727272742,11.58995518181819,0.19516981818181733
40,5,0.963891818181818,1.7493188181818164,11.550356545454559,0.17283163636363597
40,6,0.9632903478260875,1.7661273478260833,11.47814465217392,0.14129134782607977
40,7,0.9626720000000002,1.7751109999999979,11.439993000000008,0.0
41,0,0.9669804999999999,1.6163335000000032,11.676844500000001,0.2229680000000016
41,1,0.9648978636363637,1.6810989999999961,11.70788027272728,0.222205318181814
41,2,0.9660873333333335,1.7072673333333341,11.626996333333324,0.21397433333333282
41,3,0.9654955454545454,1.7236025454545398,11.604029363636386,0.19198463636362817
41,4,0.9651522727272724,1.7308112727272742,11.58995518181819,0.1753795454545397
41,5,0.963891818181818,1.7493188181818164,11.550356545454559,0.14125581818182198
41,6,0.9632903478260875,1.7661273478260833,11.47814465217392,0.0
42,0,0.9669804999999999,1.6163335000000032,11.676844500000001,0.213964500000003
42,1,0.9648978636363637,1.6810989999999961,11.70788027272728,0.2103294545454517
42,2,0.9660873333333335,1.7072673333333341,11.626996333333324,0.19996600000000342
42,3,0.9654955454545454,1.7236025454545398,11.604029363636386,0.17349909090908966
42,4,0.9651522727272724,1.7308112727272742,11.58995518181819,0.14196727272727117
42,5,0.963891818181818,1.7532978181818244,11.530461545454518,0.0
43,0,0.9669804999999999,1.6163335000000032,11.676844500000001,0.20216500000000082
43,1,0.9648978636363637,1.6810989999999961,11.70788027272728,0.19576859090908272
43,2,0.9660873333333335,1.7072673333333341,11.626996333333324,0.18142266666666984
43,3,0.9654955454545454,1.7236025454545398,11.604029363636386,0.14104854545454515
43,4,0.9651522727272724,1.7308112727272742,11.58995518181819,0.0
44,0,0.9669804999999999,1.6163335000000032,11.676844500000001,0.18824450000000326
44,1,0.9648978636363637,1.6810989999999961,11.70788027272728,0.17623972727272275
44,2,0.9660873333333335,1.7072673333333341,11.626996333333324,0.14920833333333405
44,3,0.9654955454545454,1.7236025454545398,11.604029363636386,0.0
45,0,0.9669804999999999,1.6163335000000032,11.676844500000001,0.17023100000000113
45,1,0.9648978636363637,1.6810989999999961,11.70788027272728,0.14263186363636038
45,2,0.9660873333333335,1.7072673333333341,11.626996333333324,0.008708999999996081
46,0,0.9669804999999999,1.6163335000000032,11.676844500000001,0.13893550000000232
46,1,0.9660873333333335,1.7072673333333341,11.626996333333324,0.0
47,0,0.9669804999999999,1.6163335000000032,11.676844500000001,0.0
