2.000026 2.000087 2.000272 2.000807 2.002272 2.006050 2.015195 2.035908 2.079637 2.165351 2.320691 2.579976 2.977243 3.534877 4.252458 5.103324 6.043632 7.029527 8.000000
1.163066 1.163143 1.163375 1.164034 1.165810 1.170307 1.181002 1.204795 1.254135 1.349138 1.518312 1.795894 2.214307 2.792831 3.527505 4.389380 5.334667 6.317257 0.000000
0.560658 0.560816 0.561268 0.562490 0.565613 0.573116 0.590031 0.625684 0.695714 0.823462 1.039177 1.375418 1.858357 2.497559 3.279661 4.171101 5.125808 0.000000 0.000000
0.228763 0.229175 0.230284 0.233106 0.239862 0.255040 0.286950 0.349533 0.463692 0.656865 0.959442 1.397669 1.984860 2.715013 3.563045 4.488451 0.000000 0.000000 0.000000
0.080447 0.081539 0.084310 0.090933 0.105781 0.136924 0.197853 0.308722 0.495892 0.788510 1.211864 1.779300 2.486474 3.311555 4.217783 0.000000 0.000000 0.000000 0.000000
0.025935 0.028700 0.035304 0.050103 0.081125 0.141771 0.252030 0.437988 0.728394 1.148079 1.710035 2.409930 3.226544 4.124317 0.000000 0.000000 0.000000 0.000000 0.000000
0.010946 0.017548 0.032341 0.063347 0.123955 0.234126 0.419892 0.709917 1.128905 1.689707 2.387878 3.202203 4.097312 0.000000 0.000000 0.000000 0.000000 0.000000 0.000000
0.012614 0.027407 0.058411 0.119015 0.229175 0.414917 0.704889 1.123773 1.684385 2.382240 3.196094 4.090576 0.000000 0.000000 0.000000 0.000000 0.000000 0.000000 0.000000
0.026195 0.057199 0.117803 0.227962 0.413701 0.703667 1.122539 1.683125 2.380934 3.194711 4.089079 0.000000 0.000000 0.000000 0.000000 0.000000 0.000000 0.000000 0.000000
0.056933 0.117536 0.227695 0.413434 0.703400 1.122270 1.682853 2.380657 3.194424 4.088775 0.000000 0.000000 0.000000 0.000000 0.000000 0.000000 0.000000 0.000000 0.000000
0.117483 0.227642 0.413381 0.703347 1.122217 1.682800 2.380604 3.194369 4.088719 0.000000 0.000000 0.000000 0.000000 0.000000 0.000000 0.000000 0.000000 0.000000 0.000000
0.227633 0.413371 0.703337 1.122207 1.682790 2.380594 3.194360 4.088709 0.000000 0.000000 0.000000 0.000000 0.000000 0.000000 0.000000 0.000000 0.000000 0.000000 0.000000
0.413370 0.703336 1.122206 1.682789 2.380592 3.194358 4.088707 0.000000 0.000000 0.000000 0.000000 0.000000 0.000000 0.000000 0.000000 0.000000 0.000000 0.000000 0.000000
0.703335 1.122205 1.682789 2.380592 3.194358 4.088707 0.000000 0.000000 0.000000 0.000000 0.000000 0.000000 0.000000 0.000000 0.000000 0.000000 0.000000 0.000000 0.000000
1.122205 1.682789 2.380593 3.194358 4.088707 0.000000 0.000000 0.000000 0.000000 0.000000 0.000000 0.000000 0.000000 0.000000 0.000000 0.000000 0.000000 0.000000 0.000000
1.682788 2.380592 3.194357 4.088706 0.000000 0.000000 0.000000 0.000000 0.000000 0.000000 0.000000 0.000000 0.000000 0.000000 0.000000 0.000000 0.000000 0.000000 0.000000
2.380592 3.194358 4.088706 0.000000 0.000000 0.000000 0.000000 0.000000 0.000000 0.000000 0.000000 0.000000 0.000000 0.000000 0.000000 0.000000 0.000000 0.000000 0.000000
3.194357 4.088706 0.000000 0.000000 0.000000 0.000000 0.000000 0.000000 0.000000 0.000000 0.000000 0.000000 0.000000 0.000000 0.000000 0.000000 0.000000 0.000000 0.000000
4.088706 0.000000 0.000000 0.000000 0.000000 0.000000 0.000000 0.000000 0.000000 0.000000 0.000000 0.000000 0.000000 0.000000 0.000000 0.000000 0.000000 0.000000 0.000000
