0,0,-0.9784379999999997,2.5000000000829914e-05,8.610875,0.0
0,1,-0.9784379999999997,2.5000000000829914e-05,8.610875,0.0
0,2,-0.9784250000000005,0.00027599999999949887,8.610624000000001,0.0
0,3,-0.978402,0.0005559999999995568,8.610064000000001,0.0
0,4,-0.9783580000000001,0.0011390000000002232,8.608315,0.0
0,5,-0.9782830000000002,0.0022570000000001755,8.603843,0.0
0,6,-0.9781560000000002,0.004388000000000503,8.593187999999998,0.0
0,7,-0.9779430000000007,0.008325999999998501,8.56956000000001,0.0
0,8,-0.9776089999999993,0.014957000000000775,8.523142999999994,0.0
0,9,-0.9771030000000005,0.02630199999999938,8.432383000000005,0.0
0,10,-0.9763659999999996,0.04460900000000123,8.267619999999988,0.0
0,11,-0.9753370000000006,0.07338799999999956,7.979830000000005,0.0
0,12,-0.9739760000000004,0.11625899999999945,7.508249000000006,0.0
0,13,-0.9722019999999993,0.17802200000000035,6.767092999999996,0.0
0,14,-0.9697940000000003,0.2642849999999992,5.64567400000001,0.0
0,15,-0.9658979999999993,0.3829350000000016,3.984573999999977,0.0
0,16,-0.9577110000000015,0.5463319999999996,1.533619000000007,0.0
0,17,-0.937538,0.7744470000000003,-2.116221000000005,0.0
0,18,-0.8882090000000034,1.1000029999999992,-7.650672999999985,0.0
0,19,-0.7806709999999981,1.5756820000000005,-16.21289500000001,0.0
0,20,-0.5826050000000045,2.3052790000000005,-30.07523800000001,0.0
0,21,-0.28483500000000106,3.53191,-54.60785799999999,0.0
0,22,0.07237200000001565,5.960702999999999,-105.61251099999998,0.0
0,23,0.4111819999999682,12.477045,-248.972035,0.0
1,0,-0.9784379999999997,2.5000000000829914e-05,8.610875,0.0
1,1,-0.9784250000000005,3.799999999998249e-05,8.610862000000001,0.0
1,2,-0.978402,0.0002990000000000492,8.610578,0.0
1,3,-0.9783579999999992,0.0005999999999994898,8.609932,0.0
1,4,-0.9782830000000002,0.0012140000000000484,8.608015,0.0
1,5,-0.9781559999999994,0.0023840000000001638,8.603207999999999,0.0
1,6,-0.9779430000000007,0.004601000000000077,8.59191,0.0
1,7,-0.9776090000000002,0.00865999999999989,8.567222000000001,0.0
1,8,-0.9771030000000005,0.01546299999999956,8.519095000000004,0.0
1,9,-0.9763659999999996,0.027039000000000257,8.425749999999997,0.0
1,10,-0.9753370000000006,0.04563800000000029,8.257329999999998,0.0
1,11,-0.9739760000000004,0.07474899999999973,7.964859000000003,0.0
1,12,-0.9722019999999993,0.1180330000000005,7.486960999999994,0.0
1,13,-0.9533910000000008,0.18042999999999942,6.719386000000008,0.0
1,14,-0.9658979999999993,0.2681810000000002,5.591129999999996,0.0
1,15,-0.9577110000000015,0.3911219999999993,3.8617690000000113,0.0
1,16,-0.9159079999999991,0.5665050000000011,1.1892209999999812,0.0
1,17,-0.8882090000000016,0.8237759999999987,-2.9548139999999776,0.0
1,18,-0.7806709999999999,1.2075410000000009,-9.586357000000016,0.0
1,19,-0.5503789999999995,1.7737479999999994,-20.008374999999994,0.0
1,20,-0.21862199999999987,2.6030490000000004,-36.096851000000015,0.0
1,21,0.2107240000000008,3.889116999999999,-62.24755699999997,0.0
1,22,0.6050000000000004,6.299513000000001,-113.26014900000003,0.0
2,0,-0.9670550000000002,3.799999999998249e-05,8.599492000000001,0.0
2,1,-0.9670270000000007,0.0002990000000000492,8.599203000000001,0.0
2,2,-0.9669720000000002,0.0003540000000006316,8.599038,0.0
2,3,-0.9668770000000002,0.0006949999999994461,8.598166000000003,0.0
2,4,-0.9667089999999998,0.0013820000000004384,8.595768999999997,0.0
2,5,-0.9664250000000001,0.0026679999999998927,8.590057000000002,0.0
2,6,-0.9659620000000002,0.005063999999999957,8.577151,0.0
2,7,-0.9652339999999997,0.009388000000000396,8.549750999999997,0.0
2,8,-0.964137,0.016559999999999242,8.497353000000006,0.0
2,9,-0.962548,0.02862800000000032,8.397630999999997,0.0
2,10,-0.9603450000000002,0.04784100000000002,8.220308,0.0
2,11,-0.9573780000000003,0.07771599999999967,7.915624000000004,0.0
2,12,-0.9533910000000008,0.12202000000000002,7.420306000000001,0.0
2,13,-0.908258,0.1862250000000003,6.559579999999996,0.0
2,14,-0.8956309999999998,0.27829499999999996,5.337416,0.0
2,15,-0.9159079999999991,0.4126960000000004,3.4963559999999925,0.0
2,16,-0.8661880000000011,0.6162249999999991,0.3439810000000154,0.0
2,17,-0.7576729999999987,0.9322910000000011,-4.930105000000021,0.0
2,18,-0.5170860000000008,1.414835,-13.614526999999999,0.0
2,19,-0.18928800000000123,2.105504999999999,-26.702182999999977,0.0
2,20,0.2107240000000008,3.032395000000001,-45.11311700000002,0.0
2,21,0.6050000000000004,4.2833929999999985,-70.92162899999997,0.0
3,0,-0.9348999999999998,6.600000000034356e-05,8.535181999999999,0.0
3,1,-0.9348369999999999,0.0003540000000006316,8.534768,0.0
3,2,-0.9347260000000004,0.00046500000000015973,8.534324000000002,0.0
3,3,-0.9345299999999996,0.0008910000000001972,8.532884,0.0
3,4,-0.9341910000000002,0.0017209999999998615,8.529377,0.0
3,5,-0.9336279999999997,0.003231000000000428,8.521647999999997,0.0
3,6,-0.9327199999999998,0.005971999999999866,8.505219,0.0
3,7,-0.9313140000000004,0.010793999999999748,8.472069000000003,0.0
3,8,-0.9292119999999997,0.018661999999999956,8.410687,0.0
3,9,-0.9261920000000003,0.031647999999999676,8.297739000000004,0.0
3,10,-0.9220030000000001,0.05203000000000024,8.101733999999997,0.0
3,11,-0.9162909999999993,0.0834280000000005,7.770617999999993,0.0
3,12,-0.908258,0.1300529999999993,7.233644000000008,0.0
3,13,-0.8956309999999998,0.19885200000000047,6.3701749999999935,0.0
3,14,-0.872058,0.3018679999999998,4.960248000000003,0.0
3,15,-0.8223730000000007,0.4623809999999997,2.564011000000006,0.0
3,16,-0.6645729999999999,0.7210260000000002,-1.7890640000000033,0.0
3,17,-0.5170860000000008,1.132777,-8.819540999999996,0.0
3,18,-0.18928800000000123,1.7426329999999997,-20.17048699999999,0.0
3,19,0.24966000000000044,2.5444530000000007,-35.92009100000001,0.0
3,20,0.6659120000000005,3.448647000000001,-54.348533000000025,0.0
4,0,-0.8915170000000003,0.0001289999999993796,8.405033000000001,0.0
4,1,-0.8913949999999993,0.0002510000000004453,8.404544999999997,0.0
4,2,-0.8911769999999999,0.0006829999999995451,8.403241000000001,0.0
4,3,-0.8908009999999997,0.0012670000000003512,8.400568999999997,0.0
4,4,-0.8901649999999997,0.0023569999999999425,8.394755,0.0
4,5,-0.8891230000000006,0.004272999999999527,8.382923000000005,0.0
4,6,-0.8874690000000003,0.007626000000000133,8.359542000000001,0.0
4,7,-0.8849429999999998,0.01332000000000022,8.315273999999999,0.0
4,8,-0.8812150000000001,0.022389999999999688,8.236872000000002,0.0
4,9,-0.8759079999999999,0.03695499999999985,8.099124,0.0
4,10,-0.8685140000000002,0.05942399999999992,7.867327000000001,0.0
4,11,-0.8581530000000006,0.09378900000000012,7.482233000000001,0.0
4,12,-0.8426659999999995,0.14554000000000045,6.851023999999993,0.0
4,13,-0.8163660000000004,0.22515199999999957,5.790480000000007,0.0
4,14,-0.7657850000000002,0.352449,3.933295,0.0
4,15,-0.6645729999999999,0.563593,0.5724309999999999,0.0
4,16,-0.47418099999999974,0.9114180000000003,-5.4065120000000055,0.0
4,17,-0.16099599999999903,1.4459620000000006,-15.211956000000015,0.0
4,18,0.285971,2.1696529999999985,-29.302570999999972,0.0
4,19,0.6799719999999994,2.9584010000000003,-45.076039,0.0
5,0,-0.8335189999999999,0.0002510000000004453,8.173041,0.0
5,1,-0.8332900000000008,0.0006829999999995451,8.171693000000005,0.0
5,2,-0.8328889999999998,0.0012670000000003512,8.168920999999997,0.0
5,3,-0.8322020000000006,0.001953999999999567,8.164112000000003,0.0
5,4,-0.8310659999999999,0.0034930000000006345,8.153814999999998,0.0
5,5,-0.8292380000000001,0.006100999999999246,8.134243000000005,0.0
5,6,-0.8263959999999999,0.010468000000000366,8.098197999999996,0.0
5,7,-0.8221280000000002,0.017587999999999937,8.034138000000002,0.0
5,8,-0.8159140000000003,0.02860399999999963,7.925956000000004,0.0
5,9,-0.8070909999999998,0.04577800000000032,7.744448999999996,0.0
5,10,-0.7946199999999992,0.07189500000000049,7.447040999999992,0.0
5,11,-0.7763459999999993,0.11206300000000002,6.953990999999997,0.0
5,12,-0.747058,0.17482799999999976,6.117136000000003,0.0
5,13,-0.6947869999999998,0.27742299999999975,4.624641000000002,0.0
5,14,-0.5961409999999994,0.45109500000000047,1.8736749999999907,0.0
5,15,-0.3426770000000001,0.7438179999999992,-3.491766999999988,0.0
5,16,-0.12085900000000027,1.2064750000000002,-11.540712000000003,0.0
5,17,0.285971,1.8527920000000009,-23.915934000000014,0.0
5,18,0.6959949999999999,2.5705909999999985,-38.168636999999976,0.0
6,0,-0.7600350000000002,0.00047999999999959186,7.805621000000001,0.0
6,1,-0.7596139999999996,0.0009010000000007068,7.803094999999997,0.0
6,2,-0.7577049999999996,0.003147000000000233,7.788047999999997,0.0
6,3,-0.7577049999999996,0.0034930000000006345,7.787009999999996,0.0
6,4,-0.7557670000000005,0.005430999999999742,7.769568000000004,0.0
6,5,-0.7527229999999996,0.00914500000000018,7.736447999999997,0.0
6,6,-0.748081,0.015109999999999957,7.678771,0.0
6,7,-0.7412290000000001,0.024439999999999795,7.581679000000002,0.0
6,8,-0.7313439999999995,0.03848900000000022,7.424025999999996,0.0
6,9,-0.7172299999999998,0.059892000000000056,7.168117999999998,0.0
6,10,-0.6966420000000002,0.09248300000000009,6.751271000000001,0.0
6,11,-0.6646680000000003,0.14403699999999997,6.043887000000002,0.0
6,12,-0.610535,0.22896099999999997,4.784925000000001,0.0
6,13,-0.5136130000000003,0.3743449999999995,2.4587850000000078,0.0
6,14,-0.3426770000000001,0.6220310000000007,-1.7867490000000084,0.0
6,15,-0.06672399999999978,1.0197709999999995,-9.010826999999995,0.0
6,16,0.3152059999999999,1.5884049999999998,-19.831916999999997,0.0
6,17,0.6959949999999999,2.233581000000001,-32.439467000000015,0.0
7,0,-0.6734799999999996,0.0009009999999998186,7.286290999999998,0.0
7,1,-0.6727430000000001,0.0017999999999998018,7.28097,0.0
7,2,-0.6715179999999998,0.0030250000000000554,7.271169999999999,0.0
7,3,-0.6663539999999997,0.00859500000000013,7.220433999999997,0.0
7,4,-0.6663539999999997,0.00914500000000018,7.218233999999997,0.0
7,5,-0.6614930000000001,0.014005999999999741,7.164763000000002,0.0
7,6,-0.654236,0.022367000000000026,7.072159,0.0
7,7,-0.6436689999999996,0.03500700000000023,6.922349999999996,0.0
7,8,-0.6284350000000001,0.05372299999999974,6.684700000000003,0.0
7,9,-0.6062050000000001,0.08212200000000003,6.301898,0.0
7,10,-0.5722230000000001,0.12646500000000005,5.664937,0.0
7,11,-0.5166550000000001,0.19960500000000003,4.544561,0.0
7,12,-0.42120099999999994,0.3244150000000001,2.5034729999999983,0.0
7,13,-0.2585309999999996,0.5370149999999998,-1.1864170000000005,0.0
7,14,-0.001128000000000462,0.8794339999999998,-7.4396849999999946,0.0
7,15,0.35371100000000055,1.3746100000000006,-16.85602200000001,0.0
7,16,0.7090420000000002,1.9437359999999995,-27.880228999999993,0.0
8,0,-0.5786500000000001,0.0016379999999998063,6.622481000000001,0.0
8,1,-0.5753710000000001,0.005055999999999949,6.594079000000001,0.0
8,2,-0.5721449999999999,0.008373000000000186,6.561636999999999,0.0
8,3,-0.567164,0.013576000000000032,6.5061800000000005,0.0
8,4,-0.567164,0.013576000000000032,6.5061800000000005,0.0
8,5,-0.5596860000000001,0.021483999999999615,6.414724000000003,0.0
8,6,-0.5487169999999999,0.033336000000000254,6.267711999999998,0.0
8,7,-0.532829,0.050895000000000135,6.035254,0.0
8,8,-0.5095959999999997,0.07695600000000002,5.666962999999997,0.0
8,9,-0.47439399999999976,0.11732399999999998,5.062402999999998,0.0
8,10,-0.41807799999999995,0.18278099999999986,4.022762000000001,0.0
8,11,-0.32427300000000026,0.2934099999999997,2.166032000000005,0.0
8,12,-0.16912700000000003,0.47956100000000035,-1.1227970000000038,0.0
8,13,0.0710810000000004,0.7772230000000002,-6.616405000000005,0.0
8,14,0.39886599999999994,1.2072189999999994,-14.828632999999993,0.0
8,15,0.7257179999999996,1.7014620000000003,-24.362851000000003,0.0
9,0,-0.481317,0.002886000000000166,5.843817,0.0
9,1,-0.4760089999999999,0.00831000000000004,5.792674999999999,0.0
9,2,-0.4760089999999999,0.008373000000000186,5.792548999999999,0.0
9,3,-0.46338400000000024,0.021161999999999903,5.645596000000003,0.0
9,4,-0.46338400000000024,0.021483999999999615,5.644308000000004,0.0
9,5,-0.4522149999999998,0.03265300000000004,5.499110999999998,0.0
9,6,-0.43597300000000017,0.0495779999999999,5.268308000000002,0.0
9,7,-0.41222800000000026,0.07464000000000004,4.904231000000003,0.0
9,8,-0.37643300000000024,0.11275100000000005,4.315299000000001,0.0
9,9,-0.32002200000000025,0.17373499999999997,3.3197280000000022,0.0
9,10,-0.2281620000000002,0.2746409999999999,1.5848340000000025,0.0
9,11,-0.07996299999999978,0.44160900000000014,-1.418637000000004,0.0
9,12,0.1446609999999997,0.7041849999999998,-6.328588999999996,0.0
9,13,0.4469719999999997,1.0795340000000002,-13.553576,0.0
9,14,0.7447050000000006,1.5049520000000003,-21.76360700000001,0.0
10,0,-0.38694300000000004,0.0049399999999995,4.994451000000001,0.0
10,1,-0.383667,0.00831000000000004,4.961597,0.0
10,2,-0.37860700000000014,0.01341199999999998,4.905853000000002,0.0
10,3,-0.3709720000000001,0.021161999999999903,4.813888,0.0
10,4,-0.35971,0.03242400000000001,4.667482,0.0
10,5,-0.34331,0.04905300000000001,4.436966,0.0
10,6,-0.319329,0.07355899999999993,4.074626,0.0
10,7,-0.28335599999999994,0.11061300000000007,3.492571999999999,0.0
10,8,-0.22725499999999998,0.168852,2.5238889999999996,0.0
10,9,-0.13747699999999985,0.2635130000000001,0.8688209999999976,0.0
10,10,0.004410000000000025,0.4165279999999998,-1.9271839999999978,0.0
10,11,0.21523400000000015,0.6524330000000003,-6.394474000000004,0.0
10,12,0.49450600000000033,0.983457,-12.828458000000003,0.0
10,13,0.764418,1.349446,-19.919446,0.0
11,0,-0.29968000000000006,0.008216000000000001,4.121821000000001,0.0
11,1,-0.29459900000000006,0.013369999999999882,4.065857000000001,0.0
11,2,-0.2869489999999999,0.02102000000000004,3.974056999999999,0.0
11,3,-0.27564999999999995,0.032345999999999986,3.8271159999999997,0.0
11,4,-0.259188,0.048885999999999985,3.5964139999999998,0.0
11,5,-0.23512700000000009,0.0731139999999999,3.234831000000001,0.0
11,6,-0.19915499999999997,0.10953100000000004,2.657053999999999,0.0
11,7,-0.14353900000000008,0.16622899999999996,1.705090000000001,0.0
11,8,-0.055725000000000025,0.25666600000000006,0.10607699999999975,0.0
11,9,0.08066899999999988,0.399907,-2.5401849999999984,0.0
11,10,0.27965300000000015,0.6155120000000001,-6.669454000000002,0.0
11,11,0.5782699999999998,0.9116119999999999,-12.915240999999996,0.0
11,12,0.7834609999999995,1.2280859999999998,-18.653555999999995,0.0
12,0,-0.22183399999999998,0.013297000000000114,3.2655149999999997,0.0
12,1,-0.21416599999999997,0.02102000000000004,3.1734439999999995,0.0
12,2,-0.20286100000000007,0.032345999999999986,3.026437000000001,0.0
12,3,-0.18637900000000007,0.04882799999999998,2.7956890000000008,0.0
12,4,-0.16230699999999998,0.07295800000000008,2.4344349999999997,0.0
12,5,-0.1264099999999999,0.10953100000000004,1.8568589999999987,0.0
12,6,-0.07126100000000002,0.16467999999999994,0.9193260000000005,0.0
12,7,0.014875000000000194,0.2523650000000002,-0.6404160000000034,0.0
12,8,0.14676200000000006,0.399907,-3.267208000000001,0.0
12,9,0.33598899999999987,0.5891339999999998,-7.051747999999996,0.0
12,10,0.6119669999999999,0.857793,-12.781414999999999,0.0
12,11,0.8160959999999999,1.1342140000000005,-17.995173000000005,0.0
13,0,-0.15382300000000004,0.0209649999999999,2.4493830000000005,0.0
13,1,-0.14250300000000005,0.03232499999999994,2.3021830000000003,0.0
13,2,-0.1260239999999999,0.04882799999999998,2.0714289999999993,0.0
13,3,-0.10196299999999991,0.07295800000000008,1.7103069999999987,0.0
13,4,-0.06615599999999999,0.108765,1.137395,0.0
13,5,-0.01139100000000004,0.16377599999999992,0.20540600000000087,0.0
13,6,0.07344600000000012,0.2495170000000001,-1.3261800000000021,0.0
13,7,0.201824,0.38074300000000005,-3.7824500000000008,0.0
13,8,0.3833580000000001,0.570087,-7.467800000000001,0.0
13,9,0.6119669999999999,0.8177429999999997,-12.420964999999997,0.0
13,10,0.82891,1.061922,-17.438835,0.0
14,0,-0.09438099999999999,0.03228500000000012,1.6766369999999997,0.0
14,1,-0.07789599999999997,0.04880400000000007,1.4458129999999993,0.0
14,2,-0.05385300000000004,0.072847,1.0851680000000006,0.0
14,3,-0.018121000000000054,0.10862099999999997,0.5133720000000008,0.0
14,4,0.03635100000000002,0.16323700000000008,-0.41308400000000056,0.0
14,5,0.12024100000000004,0.2495170000000001,-1.934515000000001,0.0
14,6,0.24602599999999986,0.3753019999999999,-4.324429999999998,0.0
14,7,0.42174199999999984,0.570087,-7.966791999999997,0.0
14,8,0.6397010000000001,0.7880460000000002,-12.543931000000002,0.0
14,9,0.8393149999999996,1.0069519999999996,-17.089774999999992,0.0
15,0,-0.04084899999999997,0.04876999999999998,0.9271889999999996,0.0
15,1,-0.01681100000000002,0.072847,0.5665800000000003,0.0
15,2,0.018863999999999992,0.10852200000000001,-0.0042199999999998905,0.0
15,3,0.073129,0.16288599999999998,-0.9269229999999999,0.0
15,4,0.1563469999999999,0.24645499999999998,-2.4258999999999986,0.0
15,5,0.2803000000000001,0.37161900000000014,-4.785851000000002,0.0
15,6,0.45177900000000015,0.556459,-8.291914000000002,0.0
15,7,0.6786719999999997,0.7664170000000001,-12.955056999999996,0.0
15,8,0.8474839999999997,0.9656239999999996,-16.88168599999999,0.0
16,0,0.010814999999999964,0.07280799999999998,0.15222900000000056,0.0
16,1,0.04646,0.10845300000000002,-0.41809100000000005,0.0
16,2,0.10058599999999995,0.16288599999999998,-1.3387779999999994,0.0
16,3,0.18334700000000004,0.24564700000000006,-2.8284760000000007,0.0
16,4,0.30602700000000005,0.369135,-5.1618200000000005,0.0
16,5,0.4745309999999998,0.546781,-8.575125999999997,0.0
16,6,0.6786719999999997,0.7509219999999999,-12.862086999999995,0.0
16,7,0.8474839999999997,0.9352290000000001,-16.668920999999997,0.0
17,0,0.06646200000000002,0.10845299999999991,-0.7381230000000003,0.0
17,1,0.120504,0.16249499999999983,-1.656837,0.0
17,2,0.20296900000000007,0.24564700000000006,-3.142428000000001,0.0
17,3,0.3247929999999999,0.369135,-5.462075999999998,0.0
17,4,0.5031960000000002,0.5355880000000002,-8.994286000000004,0.0
17,5,0.691289,0.7401659999999999,-13.010179,0.0
17,6,0.8536940000000004,0.9133270000000002,-16.636869000000008,0.0
18,0,0.134573,0.16249499999999983,-1.89601,0.0
18,1,0.21685100000000002,0.24511300000000003,-3.3773540000000004,0.0
18,2,0.3473519999999999,0.36638499999999996,-5.847643999999998,0.0
18,3,0.5031960000000002,0.5355880000000002,-8.994286000000004,0.0
18,4,0.700415,0.732807,-13.135884999999998,0.0
18,5,0.8582749999999999,0.9133270000000002,-16.714745999999998,0.0
19,0,0.22643199999999997,0.2447729999999999,-3.5494719999999993,0.0
19,1,0.3473519999999999,0.36638499999999996,-5.847643999999998,0.0
19,2,0.5115339999999999,0.5325440000000001,-9.135237999999998,0.0
19,3,0.7112780000000001,0.727859,-13.321004000000002,0.0
19,4,0.8615559999999998,0.8875139999999999,-16.655250999999996,0.0
20,0,0.35359299999999994,0.36569300000000027,-5.9655309999999995,0.0
20,1,0.517204,0.530567,-9.239014,0.0
20,2,0.7112780000000001,0.727859,-13.321004000000002,0.0
20,3,0.8638490000000001,0.8875139999999999,-16.698818,0.0
21,0,0.5209780000000002,0.5293039999999998,-9.313231000000004,0.0
21,1,0.7142520000000001,0.7246410000000001,-13.374048000000002,0.0
21,2,0.8654160000000002,0.8758050000000002,-16.699656000000004,0.0
22,0,0.716205,0.7225779999999986,-13.412997999999998,0.0
22,1,0.8664580000000002,0.8758050000000002,-16.721538000000006,0.0
23,0,0.867137,0.8728309999999997,-16.733502,0.0
