20.242678 21.448032 22.737591 24.111570 25.562201 27.082994 28.679823 30.343128 32.060047 33.825180 35.638622 37.490910 39.365845 41.277939 43.205406 45.163254 47.151562 49.164665 51.210556 53.289841 55.429722 57.633572 59.927402 62.340691 64.936501 67.810570 71.074524 74.923920 79.511040 85.238327 92.537369 102.139900 115.270638 134.175842 163.620148 214.436081 312.000000
20.356352 21.617622 22.960310 24.384357 25.880899 27.443148 29.076868 30.772505 32.516861 34.305046 36.137547 38.005219 39.892178 41.813732 43.747345 45.709774 47.700947 49.715626 51.762169 53.840267 55.977852 58.178787 60.468632 62.876732 65.465698 68.331360 71.584633 75.421867 79.993759 85.703438 92.980759 102.554688 115.643593 134.475174 163.752823 214.058060 0.000000
20.723228 22.050486 23.455347 24.937532 26.486956 28.096548 29.772097 31.504141 33.279133 35.093002 36.946560 38.831207 40.731323 42.663406 44.603607 46.571007 48.565350 50.581661 52.628872 54.705505 56.840363 59.037746 61.322887 63.724766 66.305847 69.161789 72.403244 76.227585 80.783890 86.475861 93.731163 103.274895 116.316460 135.051361 163.994400 0.000000 0.000000
21.210613 22.603161 24.068785 25.607105 27.206903 28.861074 30.575518 32.341045 34.143723 35.980526 37.852688 39.752083 41.663441 43.604351 45.549686 47.520802 49.517239 51.534206 53.581177 55.655533 57.786758 59.979858 62.259399 64.654236 67.226585 70.072594 73.302475 77.115059 81.657570 87.334015 94.568794 104.081848 117.063766 135.556763 0.000000 0.000000 0.000000
21.780392 23.234463 24.756504 26.346228 27.991421 29.685217 31.433727 33.228188 35.054230 36.910191 38.797585 40.708832 42.629002 44.576641 46.525345 48.498688 50.495983 52.512486 54.558128 56.629299 58.756077 60.943951 63.217152 65.604317 68.167969 71.004471 74.224350 78.027573 82.558838 88.221703 95.436455 104.908577 117.690331 0.000000 0.000000 0.000000 0.000000
22.418461 23.929087 25.502169 27.137718 28.822659 30.550631 32.328041 34.146698 35.991745 37.863037 39.762371 41.682659 43.609211 45.561638 47.512062 49.486233 51.483154 53.498116 55.541428 57.608475 59.730080 61.911968 64.178284 66.557816 69.113388 71.942055 75.154335 78.950737 83.472824 89.122856 96.307808 105.600121 0.000000 0.000000 0.000000 0.000000 0.000000
23.116325 24.677908 26.296225 27.971792 29.690771 31.447519 33.248886 35.087299 36.947300 38.830502 40.738819 42.665691 44.596592 46.552078 48.502754 50.476532 52.471992 54.484394 56.524326 58.586475 60.702236 62.877682 65.137123 67.509766 70.058907 72.882233 76.089363 79.880966 84.394325 90.021797 97.038498 0.000000 0.000000 0.000000 0.000000 0.000000 0.000000
23.866980 25.473707 27.131426 28.841322 30.588879 32.369400 34.190159 36.044350 37.915741 39.807838 41.722633 43.653919 45.587395 47.544453 49.494156 51.466438 53.459404 55.468307 57.504013 59.560593 61.670113 63.839069 66.092491 68.459824 71.004959 73.825417 77.029243 80.816467 85.311462 90.777939 0.000000 0.000000 0.000000 0.000000 0.000000 0.000000 0.000000
24.663975 26.310057 28.001490 29.740282 31.511288 33.311028 35.147175 37.013653 38.893387 40.791870 42.710995 44.644989 46.579514 48.536800 50.484547 52.454292 54.443909 56.448471 58.479229 60.529816 62.633152 64.796448 67.045357 69.409828 71.953316 74.772575 77.973488 81.746613 86.084755 0.000000 0.000000 0.000000 0.000000 0.000000 0.000000 0.000000 0.000000
25.501118 27.180868 28.900642 30.663366 32.453259 34.268185 36.116196 37.992020 39.877560 41.780304 43.701977 45.637157 47.571396 49.527874 51.472694 53.439011 55.424427 57.423965 59.449299 61.493923 63.591923 65.751221 67.998001 70.361900 72.905396 75.723755 78.911896 82.532425 0.000000 0.000000 0.000000 0.000000 0.000000 0.000000 0.000000 0.000000 0.000000
26.372530 28.080641 29.823814 31.605961 33.410690 35.237312 37.094200 38.976837 40.866081 42.771278 44.694023 46.629150 48.562035 50.516556 52.457680 54.419815 56.400398 58.394424 60.414364 62.453899 64.548203 66.705727 68.952621 71.317619 73.861259 76.668854 79.705795 0.000000 0.000000 0.000000 0.000000 0.000000 0.000000 0.000000 0.000000 0.000000 0.000000
27.272739 29.004271 30.766409 32.563995 34.380020 36.215336 38.078594 39.965961 41.857143 43.763351 45.685917 47.619858 49.550354 51.502098 53.438789 55.396091 57.371414 59.360107 61.375431 63.411438 65.504311 67.662285 69.910881 72.276962 74.810921 77.469414 0.000000 0.000000 0.000000 0.000000 0.000000 0.000000 0.000000 0.000000 0.000000 0.000000 0.000000
28.196648 29.947138 31.724327 33.533886 35.358204 37.199718 39.067238 40.957569 42.849274 44.755222 46.676517 48.608326 50.535564 52.483704 54.415436 56.367500 58.337654 60.321735 62.334038 64.368813 66.462410 68.622292 70.872559 73.229813 75.615715 0.000000 0.000000 0.000000 0.000000 0.000000 0.000000 0.000000 0.000000 0.000000 0.000000 0.000000 0.000000
29.139698 30.905222 32.694080 34.512650 36.342739 38.188339 40.058399 41.950222 43.841240 45.745869 47.664906 49.593731 51.516956 53.460793 55.387264 57.334194 59.300007 61.281059 63.292561 65.328224 67.423866 69.585716 71.827728 74.037926 0.000000 0.000000 0.000000 0.000000 0.000000 0.000000 0.000000 0.000000 0.000000 0.000000 0.000000 0.000000 0.000000
30.097935 31.875025 33.672695 35.497746 37.331512 39.179497 41.050598 42.942635 44.831978 46.734299 48.650291 50.575367 52.493942 54.433182 56.354507 58.297115 60.260132 62.240337 64.253113 66.290932 68.388649 70.542480 72.637985 0.000000 0.000000 0.000000 0.000000 0.000000 0.000000 0.000000 0.000000 0.000000 0.000000 0.000000 0.000000 0.000000 0.000000
31.067879 32.853626 34.657650 36.487083 38.322830 40.171730 42.042622 43.933796 45.820560 47.719791 49.631954 51.552719 53.466320 55.401028 57.318043 59.257912 61.220188 63.201603 65.216927 67.256927 69.346741 71.354271 0.000000 0.000000 0.000000 0.000000 0.000000 0.000000 0.000000 0.000000 0.000000 0.000000 0.000000 0.000000 0.000000 0.000000 0.000000
32.046593 33.838490 35.646877 37.478931 39.315216 41.163807 43.033440 44.922787 46.806210 48.701614 50.609364 52.525509 54.434238 56.365250 58.279526 60.218685 62.182278 64.166077 66.183945 68.216080 70.159744 0.000000 0.000000 0.000000 0.000000 0.000000 0.000000 0.000000 0.000000 0.000000 0.000000 0.000000 0.000000 0.000000 0.000000 0.000000 0.000000
33.031574 34.827564 36.638638 38.471794 40.307465 42.154697 44.022129 45.908791 47.788242 49.679237 51.582268 53.493958 55.398643 57.327415 59.241058 61.181511 63.147610 65.133659 67.144035 69.030090 0.000000 0.000000 0.000000 0.000000 0.000000 0.000000 0.000000 0.000000 0.000000 0.000000 0.000000 0.000000 0.000000 0.000000 0.000000 0.000000 0.000000
34.020771 35.819107 37.631458 39.464516 41.298580 43.143513 45.007935 46.891186 48.766178 50.652512 52.550957 54.458965 56.361103 58.289738 60.204586 62.147465 64.115875 66.094337 67.959007 0.000000 0.000000 0.000000 0.000000 0.000000 0.000000 0.000000 0.000000 0.000000 0.000000 0.000000 0.000000 0.000000 0.000000 0.000000 0.000000 0.000000 0.000000
35.012497 36.811737 38.624146 40.456032 42.287624 44.129524 45.990238 47.869518 49.739830 51.621647 53.516323 55.422195 57.323799 59.254139 61.171307 63.116356 65.077209 66.909760 0.000000 0.000000 0.000000 0.000000 0.000000 0.000000 0.000000 0.000000 0.000000 0.000000 0.000000 0.000000 0.000000 0.000000 0.000000 0.000000 0.000000 0.000000 0.000000
36.005306 37.804218 39.615665 41.445438 43.273884 45.112068 46.968536 48.843571 50.709354 52.587509 54.479912 56.385632 58.288460 60.221581 62.140862 64.078247 65.893303 0.000000 0.000000 0.000000 0.000000 0.000000 0.000000 0.000000 0.000000 0.000000 0.000000 0.000000 0.000000 0.000000 0.000000 0.000000 0.000000 0.000000 0.000000 0.000000 0.000000
36.998009 38.795551 40.605171 42.432018 44.256680 46.090645 47.942627 49.813572 51.675755 53.551670 55.443798 57.351067 59.256226 61.191875 63.103306 64.894798 0.000000 0.000000 0.000000 0.000000 0.000000 0.000000 0.000000 0.000000 0.000000 0.000000 0.000000 0.000000 0.000000 0.000000 0.000000 0.000000 0.000000 0.000000 0.000000 0.000000 0.000000
37.989635 39.784904 41.591930 43.415161 45.235626 47.065174 48.912827 50.780521 52.640507 54.516163 56.409698 58.319538 60.226662 62.154930 63.920353 0.000000 0.000000 0.000000 0.000000 0.000000 0.000000 0.000000 0.000000 0.000000 0.000000 0.000000 0.000000 0.000000 0.000000 0.000000 0.000000 0.000000 0.000000 0.000000 0.000000 0.000000 0.000000
38.979347 40.771549 42.575401 44.394470 46.210548 48.035851 49.880009 51.745907 53.605633 55.482700 57.378571 59.290665 61.189823 62.972542 0.000000 0.000000 0.000000 0.000000 0.000000 0.000000 0.000000 0.000000 0.000000 0.000000 0.000000 0.000000 0.000000 0.000000 0.000000 0.000000 0.000000 0.000000 0.000000 0.000000 0.000000 0.000000 0.000000
39.966461 41.754883 43.555176 45.369751 47.181702 49.003624 50.845745 52.711720 54.572849 56.452148 58.350056 60.254494 62.007561 0.000000 0.000000 0.000000 0.000000 0.000000 0.000000 0.000000 0.000000 0.000000 0.000000 0.000000 0.000000 0.000000 0.000000 0.000000 0.000000 0.000000 0.000000 0.000000 0.000000 0.000000 0.000000 0.000000 0.000000
40.950386 42.734512 44.531174 46.341366 48.150063 49.970009 51.811913 53.679535 55.542858 57.424133 59.314114 61.072754 0.000000 0.000000 0.000000 0.000000 0.000000 0.000000 0.000000 0.000000 0.000000 0.000000 0.000000 0.000000 0.000000 0.000000 0.000000 0.000000 0.000000 0.000000 0.000000 0.000000 0.000000 0.000000 0.000000 0.000000 0.000000
41.930763 43.710320 45.503738 47.310219 49.117069 50.936886 52.780140 54.650227 56.515427 58.388714 60.132645 0.000000 0.000000 0.000000 0.000000 0.000000 0.000000 0.000000 0.000000 0.000000 0.000000 0.000000 0.000000 0.000000 0.000000 0.000000 0.000000 0.000000 0.000000 0.000000 0.000000 0.000000 0.000000 0.000000 0.000000 0.000000 0.000000
42.907379 44.682617 46.473713 48.277779 50.084610 51.905788 53.751129 55.623318 57.480423 59.207630 0.000000 0.000000 0.000000 0.000000 0.000000 0.000000 0.000000 0.000000 0.000000 0.000000 0.000000 0.000000 0.000000 0.000000 0.000000 0.000000 0.000000 0.000000 0.000000 0.000000 0.000000 0.000000 0.000000 0.000000 0.000000 0.000000 0.000000
43.880428 45.652325 47.442524 49.245922 51.054211 52.877468 54.724506 56.588882 58.299809 0.000000 0.000000 0.000000 0.000000 0.000000 0.000000 0.000000 0.000000 0.000000 0.000000 0.000000 0.000000 0.000000 0.000000 0.000000 0.000000 0.000000 0.000000 0.000000 0.000000 0.000000 0.000000 0.000000 0.000000 0.000000 0.000000 0.000000 0.000000
44.850723 46.620892 48.411858 50.216148 52.026554 53.851482 55.690228 57.408688 0.000000 0.000000 0.000000 0.000000 0.000000 0.000000 0.000000 0.000000 0.000000 0.000000 0.000000 0.000000 0.000000 0.000000 0.000000 0.000000 0.000000 0.000000 0.000000 0.000000 0.000000 0.000000 0.000000 0.000000 0.000000 0.000000 0.000000 0.000000 0.000000
45.819645 47.590080 49.382999 51.189056 53.001099 54.817783 56.510250 0.000000 0.000000 0.000000 0.000000 0.000000 0.000000 0.000000 0.000000 0.000000 0.000000 0.000000 0.000000 0.000000 0.000000 0.000000 0.000000 0.000000 0.000000 0.000000 0.000000 0.000000 0.000000 0.000000 0.000000 0.000000 0.000000 0.000000 0.000000 0.000000 0.000000
46.789028 48.561306 50.356594 52.164162 53.967918 55.638279 0.000000 0.000000 0.000000 0.000000 0.000000 0.000000 0.000000 0.000000 0.000000 0.000000 0.000000 0.000000 0.000000 0.000000 0.000000 0.000000 0.000000 0.000000 0.000000 0.000000 0.000000 0.000000 0.000000 0.000000 0.000000 0.000000 0.000000 0.000000 0.000000 0.000000 0.000000
47.760315 49.535137 51.332146 53.131439 54.788860 0.000000 0.000000 0.000000 0.000000 0.000000 0.000000 0.000000 0.000000 0.000000 0.000000 0.000000 0.000000 0.000000 0.000000 0.000000 0.000000 0.000000 0.000000 0.000000 0.000000 0.000000 0.000000 0.000000 0.000000 0.000000 0.000000 0.000000 0.000000 0.000000 0.000000 0.000000 0.000000
48.734261 50.511032 52.299728 53.952782 0.000000 0.000000 0.000000 0.000000 0.000000 0.000000 0.000000 0.000000 0.000000 0.000000 0.000000 0.000000 0.000000 0.000000 0.000000 0.000000 0.000000 0.000000 0.000000 0.000000 0.000000 0.000000 0.000000 0.000000 0.000000 0.000000 0.000000 0.000000 0.000000 0.000000 0.000000 0.000000 0.000000
49.710403 51.478985 53.121422 0.000000 0.000000 0.000000 0.000000 0.000000 0.000000 0.000000 0.000000 0.000000 0.000000 0.000000 0.000000 0.000000 0.000000 0.000000 0.000000 0.000000 0.000000 0.000000 0.000000 0.000000 0.000000 0.000000 0.000000 0.000000 0.000000 0.000000 0.000000 0.000000 0.000000 0.000000 0.000000 0.000000 0.000000
50.678699 52.301006 0.000000 0.000000 0.000000 0.000000 0.000000 0.000000 0.000000 0.000000 0.000000 0.000000 0.000000 0.000000 0.000000 0.000000 0.000000 0.000000 0.000000 0.000000 0.000000 0.000000 0.000000 0.000000 0.000000 0.000000 0.000000 0.000000 0.000000 0.000000 0.000000 0.000000 0.000000 0.000000 0.000000 0.000000 0.000000
51.501087 0.000000 0.000000 0.000000 0.000000 0.000000 0.000000 0.000000 0.000000 0.000000 0.000000 0.000000 0.000000 0.000000 0.000000 0.000000 0.000000 0.000000 0.000000 0.000000 0.000000 0.000000 0.000000 0.000000 0.000000 0.000000 0.000000 0.000000 0.000000 0.000000 0.000000 0.000000 0.000000 0.000000 0.000000 0.000000 0.000000
