0.23069 0.19300 0.16663 0.14767 0.13414 0.12504 0.11998 0.11898 0.12235 0.13057 0.14422 0.16400 0.19098 0.22740 0.27768 0.34806 0.44483 0.58199 0.81758
0.17614 0.14257 0.12127 0.10754 0.09931 0.09564 0.09627 0.10128 0.11099 0.12580 0.14623 0.17301 0.20763 0.25333 0.31553 0.39965 0.50847 0.65064 0.00000
0.12686 0.09881 0.08406 0.07691 0.07525 0.07833 0.08598 0.09836 0.11574 0.13843 0.16684 0.20179 0.24522 0.30113 0.37488 0.46966 0.58226 0.00000 0.00000
0.08373 0.06415 0.05838 0.05971 0.06629 0.07766 0.09383 0.11498 0.14130 0.17294 0.21020 0.25393 0.30638 0.37161 0.45376 0.55055 0.00000 0.00000 0.00000
0.04642 0.04374 0.05081 0.06287 0.07939 0.10052 0.12652 0.15753 0.19360 0.23465 0.28075 0.33262 0.39239 0.46343 0.54492 0.00000 0.00000 0.00000 0.00000
0.00000 0.06495 0.08197 0.10311 0.12883 0.15946 0.19514 0.23579 0.28104 0.33039 0.38344 0.44050 0.50317 0.56998 0.00000 0.00000 0.00000 0.00000 0.00000
0.01597 0.05748 0.08677 0.11656 0.14963 0.18690 0.22861 0.27447 0.32380 0.37556 0.42881 0.48329 0.53589 0.00000 0.00000 0.00000 0.00000 0.00000 0.00000
0.04463 0.07821 0.11014 0.14448 0.18260 0.22489 0.27112 0.32052 0.37177 0.42323 0.47349 0.51790 0.00000 0.00000 0.00000 0.00000 0.00000 0.00000 0.00000
0.07399 0.10697 0.14195 0.18049 0.22307 0.26950 0.31896 0.37001 0.42068 0.46891 0.50908 0.00000 0.00000 0.00000 0.00000 0.00000 0.00000 0.00000 0.00000
0.10551 0.14077 0.17951 0.22223 0.26875 0.31826 0.36923 0.41957 0.46686 0.50498 0.00000 0.00000 0.00000 0.00000 0.00000 0.00000 0.00000 0.00000 0.00000
0.14026 0.17908 0.22186 0.26842 0.31795 0.36891 0.41910 0.46598 0.50315 0.00000 0.00000 0.00000 0.00000 0.00000 0.00000 0.00000 0.00000 0.00000 0.00000
0.17890 0.22171 0.26829 0.31783 0.36877 0.41891 0.46563 0.50238 0.00000 0.00000 0.00000 0.00000 0.00000 0.00000 0.00000 0.00000 0.00000 0.00000 0.00000
0.22165 0.26824 0.31778 0.36872 0.41884 0.46549 0.50206 0.00000 0.00000 0.00000 0.00000 0.00000 0.00000 0.00000 0.00000 0.00000 0.00000 0.00000 0.00000
0.26822 0.31776 0.36871 0.41881 0.46544 0.50194 0.00000 0.00000 0.00000 0.00000 0.00000 0.00000 0.00000 0.00000 0.00000 0.00000 0.00000 0.00000 0.00000
0.31775 0.36870 0.41881 0.46542 0.50190 0.00000 0.00000 0.00000 0.00000 0.00000 0.00000 0.00000 0.00000 0.00000 0.00000 0.00000 0.00000 0.00000 0.00000
0.36870 0.41880 0.46541 0.50188 0.00000 0.00000 0.00000 0.00000 0.00000 0.00000 0.00000 0.00000 0.00000 0.00000 0.00000 0.00000 0.00000 0.00000 0.00000
0.41880 0.46541 0.50188 0.00000 0.00000 0.00000 0.00000 0.00000 0.00000 0.00000 0.00000 0.00000 0.00000 0.00000 0.00000 0.00000 0.00000 0.00000 0.00000
0.46541 0.50187 0.00000 0.00000 0.00000 0.00000 0.00000 0.00000 0.00000 0.00000 0.00000 0.00000 0.00000 0.00000 0.00000 0.00000 0.00000 0.00000 0.00000
0.50187 0.00000 0.00000 0.00000 0.00000 0.00000 0.00000 0.00000 0.00000 0.00000 0.00000 0.00000 0.00000 0.00000 0.00000 0.00000 0.00000 0.00000 0.00000
