0.00000 1.49417 1.50517 1.51599 1.52702 1.53884 1.55104 1.56297 1.57428 1.58556 1.59621 1.60610 1.61529 1.62337 1.63031 1.63571 1.63935 1.64146 1.64153 1.63970 1.63599 1.63035 1.62316 1.61431 1.60426 1.59341 1.58215 1.60875 1.63820 1.67110 1.70838 1.75092 1.80111 1.86082 1.93208 2.01773 2.12215 2.25104 2.41065 2.61070 2.86583 3.19704 3.63714 4.24155 5.12115 6.50162 8.85669 13.28975
0.00000 1.48911 1.49927 1.51079 1.52263 1.53498 1.54740 1.55925 1.57026 1.58104 1.59100 1.60000 1.60809 1.61482 1.62017 1.62372 1.62525 1.62506 1.62264 1.61818 1.61177 1.60341 1.59353 1.58208 1.56956 1.55644 1.58165 1.60831 1.63785 1.67115 1.70888 1.75214 1.80345 1.86489 1.93791 2.02615 2.13399 2.26722 2.43274 2.64057 2.90672 3.25342 3.71465 4.34828 5.26654 6.69936 9.13099 0.00000
0.00000 1.48253 1.49417 1.50680 1.51925 1.53180 1.54408 1.55556 1.56598 1.57599 1.58499 1.59280 1.59946 1.60449 1.60788 1.60923 1.60835 1.60556 1.60042 1.59317 1.58396 1.57283 1.56029 1.54633 1.53150 1.55531 1.58055 1.60719 1.63703 1.67065 1.70895 1.75311 1.80590 1.86879 1.94402 2.03519 2.14672 2.28506 2.45733 2.67480 2.95455 3.31980 3.80630 4.47162 5.42897 6.91358 0.00000 0.00000
0.00000 1.47901 1.49156 1.50457 1.51701 1.52923 1.54097 1.55172 1.56124 1.57016 1.57784 1.58409 1.58893 1.59188 1.59295 1.59176 1.58817 1.58255 1.57451 1.56437 1.55231 1.53846 1.52335 1.50703 1.52967 1.55345 1.57863 1.60547 1.63549 1.66954 1.70857 1.75397 1.80791 1.87269 1.95043 2.04475 2.16068 2.30492 2.48575 2.71543 3.01178 3.39973 3.91383 4.61084 5.60592 0.00000 0.00000 0.00000
0.00000 1.47735 1.49002 1.50281 1.51473 1.52625 1.53712 1.54684 1.55516 1.56265 1.56866 1.57297 1.57561 1.57613 1.57453 1.57052 1.56399 1.55537 1.54435 1.53129 1.51644 1.49998 1.48249 1.50422 1.52678 1.55043 1.57574 1.60264 1.63296 1.66758 1.70768 1.75395 1.80946 1.87637 1.95681 2.05496 2.17602 2.32795 2.51991 2.76481 3.08196 3.49484 4.03622 4.76294 0.00000 0.00000 0.00000 0.00000
0.00000 1.47594 1.48821 1.50032 1.51142 1.52197 1.53172 1.54014 1.54692 1.55263 1.55660 1.55860 1.55868 1.55643 1.55190 1.54485 1.53522 1.52354 1.50953 1.49362 1.47612 1.45725 1.47846 1.50006 1.52242 1.54614 1.57144 1.59850 1.62923 1.66476 1.70552 1.75305 1.81035 1.87956 1.96335 2.06603 2.19402 2.35623 2.56239 2.82679 3.16693 3.60417 4.17035 0.00000 0.00000 0.00000 0.00000 0.00000
0.00000 1.47374 1.48519 1.49638 1.50643 1.51576 1.52413 1.53092 1.53583 1.53939 1.54092 1.54025 1.53746 1.53216 1.52448 1.51425 1.50147 1.48674 1.46983 1.45124 1.43131 1.45181 1.47286 1.49420 1.51657 1.54020 1.56558 1.59291 1.62439 1.66037 1.70217 1.75119 1.81039 1.88254 1.97037 2.07939 2.21695 2.39257 2.61733 2.90345 3.26585 3.72451 0.00000 0.00000 0.00000 0.00000 0.00000 0.00000
0.00000 1.46994 1.48041 1.49049 1.49926 1.50713 1.51379 1.51859 1.52123 1.52224 1.52098 1.51731 1.51137 1.50283 1.49188 1.47843 1.46253 1.44485 1.42523 1.40419 1.42434 1.44465 1.46539 1.48668 1.50887 1.53250 1.55807 1.58601 1.61776 1.65457 1.69763 1.74820 1.80995 1.88569 1.97942 2.09751 2.24785 2.44144 2.68706 2.99398 3.37532 0.00000 0.00000 0.00000 0.00000 0.00000 0.00000 0.00000
0.00000 1.46424 1.47352 1.48225 1.48947 1.49553 1.50009 1.50250 1.50247 1.50056 1.49618 1.48924 1.47996 1.46806 1.45381 1.43720 1.41830 1.39789 1.37582 1.39557 1.41549 1.43545 1.45612 1.47714 1.49926 1.52299 1.54911 1.57713 1.60952 1.64737 1.69173 1.74450 1.80944 1.89069 1.99311 2.12358 2.29142 2.50532 2.77076 3.09482 0.00000 0.00000 0.00000 0.00000 0.00000 0.00000 0.00000 0.00000
0.00000 1.45628 1.46411 1.47121 1.47650 1.48033 1.48239 1.48198 1.47890 1.47373 1.46597 1.45558 1.44287 1.42760 1.41013 1.39051 1.36885 1.34599 1.36545 1.38493 1.40446 1.42430 1.44467 1.46554 1.48766 1.51187 1.53797 1.56645 1.59968 1.63859 1.68489 1.74048 1.81056 1.90022 2.01478 2.16256 2.35032 2.58335 2.86462 0.00000 0.00000 0.00000 0.00000 0.00000 0.00000 0.00000 0.00000 0.00000
0.00000 1.44558 1.45165 1.45671 1.45965 1.46082 1.45993 1.45633 1.44986 1.44119 1.42988 1.41597 1.39984 1.38131 1.36080 1.33843 1.31433 1.33374 1.35290 1.37193 1.39131 1.41081 1.43098 1.45177 1.47431 1.49836 1.52484 1.55395 1.58801 1.62863 1.67749 1.73791 1.81610 1.91775 2.04963 2.21723 2.42363 2.67148 0.00000 0.00000 0.00000 0.00000 0.00000 0.00000 0.00000 0.00000 0.00000 0.00000
0.00000 1.43160 1.43543 1.43800 1.43812 1.43620 1.43199 1.42488 1.41479 1.40247 1.38757 1.37018 1.35077 1.32920 1.30594 1.28118 1.30005 1.31915 1.33781 1.35664 1.37563 1.39487 1.41494 1.43607 1.45834 1.48266 1.50968 1.53940 1.57492 1.61784 1.67133 1.73965 1.82967 1.94877 2.10060 2.28665 2.50705 0.00000 0.00000 0.00000 0.00000 0.00000 0.00000 0.00000 0.00000 0.00000 0.00000 0.00000
0.00000 1.41343 1.41460 1.41422 1.41110 1.40571 1.39789 1.38707 1.37325 1.35726 1.33884 1.31815 1.29573 1.27145 1.24583 1.26478 1.28326 1.30184 1.32027 1.33863 1.35732 1.37641 1.39681 1.41753 1.43997 1.46472 1.49222 1.52318 1.56075 1.60808 1.66939 1.74948 1.85705 1.99639 2.16672 2.36629 0.00000 0.00000 0.00000 0.00000 0.00000 0.00000 0.00000 0.00000 0.00000 0.00000 0.00000 0.00000
0.00000 1.39030 1.38832 1.38457 1.37786 1.36874 1.35714 1.34252 1.32499 1.30546 1.28374 1.26004 1.23497 1.20841 1.22715 1.24573 1.26361 1.28194 1.29985 1.31783 1.33633 1.35573 1.37566 1.39643 1.41918 1.44427 1.47291 1.50564 1.54742 1.60245 1.67560 1.77348 1.90156 2.05965 2.24325 0.00000 0.00000 0.00000 0.00000 0.00000 0.00000 0.00000 0.00000 0.00000 0.00000 0.00000 0.00000 0.00000
0.00000 1.36133 1.35581 1.34839 1.33784 1.32487 1.30945 1.29110 1.27002 1.24722 1.22255 1.19625 1.16900 1.18740 1.20573 1.22371 1.24127 1.25906 1.27653 1.29424 1.31304 1.33186 1.35181 1.37278 1.39571 1.42179 1.45209 1.48879 1.53817 1.60504 1.69640 1.81523 1.96229 2.13360 0.00000 0.00000 0.00000 0.00000 0.00000 0.00000 0.00000 0.00000 0.00000 0.00000 0.00000 0.00000 0.00000 0.00000
0.00000 1.32585 1.31651 1.30522 1.29074 1.27392 1.25480 1.23296 1.20864 1.18294 1.15577 1.12738 1.14565 1.16360 1.18128 1.19898 1.21588 1.23322 1.25036 1.26833 1.28647 1.30523 1.32533 1.34634 1.37012 1.39767 1.43189 1.47603 1.53724 1.62266 1.73564 1.87385 2.03404 0.00000 0.00000 0.00000 0.00000 0.00000 0.00000 0.00000 0.00000 0.00000 0.00000 0.00000 0.00000 0.00000 0.00000 0.00000
0.00000 1.28340 1.27010 1.25488 1.23655 1.21605 1.19350 1.16851 1.14138 1.11330 1.08417 1.10171 1.11954 1.13677 1.15414 1.17119 1.18753 1.20455 1.22195 1.23911 1.25714 1.27595 1.29602 1.31774 1.34280 1.37414 1.41584 1.47173 1.55184 1.65942 1.79246 1.94389 0.00000 0.00000 0.00000 0.00000 0.00000 0.00000 0.00000 0.00000 0.00000 0.00000 0.00000 0.00000 0.00000 0.00000 0.00000 0.00000
0.00000 1.23381 1.21656 1.19754 1.17555 1.15169 1.12612 1.09847 1.06907 1.03918 1.05637 1.07338 1.09046 1.10736 1.12402 1.14054 1.15644 1.17378 1.19027 1.20721 1.22526 1.24388 1.26459 1.28740 1.31611 1.35486 1.40844 1.48348 1.58632 1.71453 1.86122 0.00000 0.00000 0.00000 0.00000 0.00000 0.00000 0.00000 0.00000 0.00000 0.00000 0.00000 0.00000 0.00000 0.00000 0.00000 0.00000 0.00000
0.00000 1.17721 1.15619 1.13364 1.10837 1.08161 1.05353 1.02380 0.99274 1.00944 1.02608 1.04222 1.05898 1.07509 1.09118 1.10730 1.12348 1.13987 1.15607 1.17293 1.19069 1.20979 1.23148 1.25780 1.29384 1.34440 1.41764 1.51585 1.63992 1.78211 0.00000 0.00000 0.00000 0.00000 0.00000 0.00000 0.00000 0.00000 0.00000 0.00000 0.00000 0.00000 0.00000 0.00000 0.00000 0.00000 0.00000 0.00000
0.00000 1.11409 1.08963 1.06395 1.03589 1.00679 0.97681 0.94566 0.96130 0.97744 0.99317 1.00891 1.02484 1.04029 1.05597 1.07254 1.08753 1.10369 1.11975 1.13614 1.15433 1.17412 1.19924 1.23283 1.28054 1.35106 1.44825 1.56813 1.70656 0.00000 0.00000 0.00000 0.00000 0.00000 0.00000 0.00000 0.00000 0.00000 0.00000 0.00000 0.00000 0.00000 0.00000 0.00000 0.00000 0.00000 0.00000 0.00000
0.00000 1.04521 1.01776 0.98950 0.95925 0.92847 0.89725 0.91295 0.92790 0.94306 0.95843 0.97317 0.98843 1.00340 1.01967 1.03502 1.04961 1.06571 1.08116 1.09785 1.11657 1.13952 1.17187 1.21698 1.28486 1.37981 1.49958 1.63406 0.00000 0.00000 0.00000 0.00000 0.00000 0.00000 0.00000 0.00000 0.00000 0.00000 0.00000 0.00000 0.00000 0.00000 0.00000 0.00000 0.00000 0.00000 0.00000 0.00000
0.00000 0.97159 0.94175 0.91154 0.87977 0.84800 0.86352 0.87869 0.89239 0.90724 0.92157 0.93546 0.95026 0.96592 0.98088 0.99592 1.01026 1.02578 1.04143 1.05833 1.08018 1.11010 1.15369 1.21925 1.31192 1.42998 1.56530 0.00000 0.00000 0.00000 0.00000 0.00000 0.00000 0.00000 0.00000 0.00000 0.00000 0.00000 0.00000 0.00000 0.00000 0.00000 0.00000 0.00000 0.00000 0.00000 0.00000 0.00000
0.00000 0.89450 0.86291 0.83144 0.79887 0.81359 0.82865 0.84269 0.85587 0.86960 0.88306 0.89631 0.91213 0.92616 0.94094 0.95592 0.96925 0.98514 1.00067 1.02049 1.04937 1.08981 1.15406 1.24481 1.36099 1.49520 0.00000 0.00000 0.00000 0.00000 0.00000 0.00000 0.00000 0.00000 0.00000 0.00000 0.00000 0.00000 0.00000 0.00000 0.00000 0.00000 0.00000 0.00000 0.00000 0.00000 0.00000 0.00000
0.00000 0.81531 0.78269 0.75068 0.76412 0.77848 0.79233 0.80632 0.81776 0.83056 0.84342 0.85795 0.87194 0.88565 0.90066 0.91467 0.92792 0.94366 0.96196 0.98870 1.02758 1.08842 1.17819 1.29292 1.42582 0.00000 0.00000 0.00000 0.00000 0.00000 0.00000 0.00000 0.00000 0.00000 0.00000 0.00000 0.00000 0.00000 0.00000 0.00000 0.00000 0.00000 0.00000 0.00000 0.00000 0.00000 0.00000 0.00000
0.00000 0.73549 0.70256 0.71620 0.72911 0.74212 0.75632 0.76890 0.77831 0.79054 0.80572 0.81756 0.83145 0.84534 0.85951 0.87385 0.88553 0.90465 0.93000 0.96537 1.02522 1.11098 1.22522 1.35771 0.00000 0.00000 0.00000 0.00000 0.00000 0.00000 0.00000 0.00000 0.00000 0.00000 0.00000 0.00000 0.00000 0.00000 0.00000 0.00000 0.00000 0.00000 0.00000 0.00000 0.00000 0.00000 0.00000 0.00000
0.00000 0.65650 0.66817 0.68240 0.69256 0.70690 0.71962 0.73093 0.73683 0.75436 0.76595 0.77695 0.79220 0.80395 0.82003 0.83199 0.84500 0.87432 0.90530 0.96177 1.04749 1.15570 1.29070 0.00000 0.00000 0.00000 0.00000 0.00000 0.00000 0.00000 0.00000 0.00000 0.00000 0.00000 0.00000 0.00000 0.00000 0.00000 0.00000 0.00000 0.00000 0.00000 0.00000 0.00000 0.00000 0.00000 0.00000 0.00000
0.00000 0.00000 0.00000 0.00000 0.00000 0.00000 0.00000 0.00000 0.00000 0.00000 0.00000 0.00000 0.00000 0.00000 0.00000 0.00000 0.00000 0.00000 0.00000 0.00000 0.00000 0.00000 0.00000 0.00000 0.00000 0.00000 0.00000 0.00000 0.00000 0.00000 0.00000 0.00000 0.00000 0.00000 0.00000 0.00000 0.00000 0.00000 0.00000 0.00000 0.00000 0.00000 0.00000 0.00000 0.00000 0.00000 0.00000 0.00000
0.00000 0.00000 0.00000 0.00000 0.00000 0.00000 0.00000 0.00000 0.00000 0.00000 0.00000 0.00000 0.00000 0.00000 0.00000 0.00000 0.00000 0.00000 0.00000 0.00000 0.00000 0.00000 0.00000 0.00000 0.00000 0.00000 0.00000 0.00000 0.00000 0.00000 0.00000 0.00000 0.00000 0.00000 0.00000 0.00000 0.00000 0.00000 0.00000 0.00000 0.00000 0.00000 0.00000 0.00000 0.00000 0.00000 0.00000 0.00000
0.00000 0.00000 0.00000 0.00000 0.00000 0.00000 0.00000 0.00000 0.00000 0.00000 0.00000 0.00000 0.00000 0.00000 0.00000 0.00000 0.00000 0.00000 0.00000 0.00000 0.00000 0.00000 0.00000 0.00000 0.00000 0.00000 0.00000 0.00000 0.00000 0.00000 0.00000 0.00000 0.00000 0.00000 0.00000 0.00000 0.00000 0.00000 0.00000 0.00000 0.00000 0.00000 0.00000 0.00000 0.00000 0.00000 0.00000 0.00000
0.00000 0.00000 0.00000 0.00000 0.00000 0.00000 0.00000 0.00000 0.00000 0.00000 0.00000 0.00000 0.00000 0.00000 0.00000 0.00000 0.00000 0.00000 0.00000 0.00000 0.00000 0.00000 0.00000 0.00000 0.00000 0.00000 0.00000 0.00000 0.00000 0.00000 0.00000 0.00000 0.00000 0.00000 0.00000 0.00000 0.00000 0.00000 0.00000 0.00000 0.00000 0.00000 0.00000 0.00000 0.00000 0.00000 0.00000 0.00000
0.00000 0.00000 0.00000 0.00000 0.00000 0.00000 0.00000 0.00000 0.00000 0.00000 0.00000 0.00000 0.00000 0.00000 0.00000 0.00000 0.00000 0.00000 0.00000 0.00000 0.00000 0.00000 0.00000 0.00000 0.00000 0.00000 0.00000 0.00000 0.00000 0.00000 0.00000 0.00000 0.00000 0.00000 0.00000 0.00000 0.00000 0.00000 0.00000 0.00000 0.00000 0.00000 0.00000 0.00000 0.00000 0.00000 0.00000 0.00000
0.00000 0.00000 0.00000 0.00000 0.00000 0.00000 0.00000 0.00000 0.00000 0.00000 0.00000 0.00000 0.00000 0.00000 0.00000 0.00000 0.00000 0.00000 0.00000 0.00000 0.00000 0.00000 0.00000 0.00000 0.00000 0.00000 0.00000 0.00000 0.00000 0.00000 0.00000 0.00000 0.00000 0.00000 0.00000 0.00000 0.00000 0.00000 0.00000 0.00000 0.00000 0.00000 0.00000 0.00000 0.00000 0.00000 0.00000 0.00000
0.00000 0.00000 0.00000 0.00000 0.00000 0.00000 0.00000 0.00000 0.00000 0.00000 0.00000 0.00000 0.00000 0.00000 0.00000 0.00000 0.00000 0.00000 0.00000 0.00000 0.00000 0.00000 0.00000 0.00000 0.00000 0.00000 0.00000 0.00000 0.00000 0.00000 0.00000 0.00000 0.00000 0.00000 0.00000 0.00000 0.00000 0.00000 0.00000 0.00000 0.00000 0.00000 0.00000 0.00000 0.00000 0.00000 0.00000 0.00000
0.00000 0.00000 0.00000 0.00000 0.00000 0.00000 0.00000 0.00000 0.00000 0.00000 0.00000 0.00000 0.00000 0.00000 0.00000 0.00000 0.00000 0.00000 0.00000 0.00000 0.00000 0.00000 0.00000 0.00000 0.00000 0.00000 0.00000 0.00000 0.00000 0.00000 0.00000 0.00000 0.00000 0.00000 0.00000 0.00000 0.00000 0.00000 0.00000 0.00000 0.00000 0.00000 0.00000 0.00000 0.00000 0.00000 0.00000 0.00000
0.00000 0.00000 0.00000 0.00000 0.00000 0.00000 0.00000 0.00000 0.00000 0.00000 0.00000 0.00000 0.00000 0.00000 0.00000 0.00000 0.00000 0.00000 0.00000 0.00000 0.00000 0.00000 0.00000 0.00000 0.00000 0.00000 0.00000 0.00000 0.00000 0.00000 0.00000 0.00000 0.00000 0.00000 0.00000 0.00000 0.00000 0.00000 0.00000 0.00000 0.00000 0.00000 0.00000 0.00000 0.00000 0.00000 0.00000 0.00000
0.00000 0.00000 0.00000 0.00000 0.00000 0.00000 0.00000 0.00000 0.00000 0.00000 0.00000 0.00000 0.00000 0.00000 0.00000 0.00000 0.00000 0.00000 0.00000 0.00000 0.00000 0.00000 0.00000 0.00000 0.00000 0.00000 0.00000 0.00000 0.00000 0.00000 0.00000 0.00000 0.00000 0.00000 0.00000 0.00000 0.00000 0.00000 0.00000 0.00000 0.00000 0.00000 0.00000 0.00000 0.00000 0.00000 0.00000 0.00000
0.00000 0.00000 0.00000 0.00000 0.00000 0.00000 0.00000 0.00000 0.00000 0.00000 0.00000 0.00000 0.00000 0.00000 0.00000 0.00000 0.00000 0.00000 0.00000 0.00000 0.00000 0.00000 0.00000 0.00000 0.00000 0.00000 0.00000 0.00000 0.00000 0.00000 0.00000 0.00000 0.00000 0.00000 0.00000 0.00000 0.00000 0.00000 0.00000 0.00000 0.00000 0.00000 0.00000 0.00000 0.00000 0.00000 0.00000 0.00000
0.00000 0.00000 0.00000 0.00000 0.00000 0.00000 0.00000 0.00000 0.00000 0.00000 0.00000 0.00000 0.00000 0.00000 0.00000 0.00000 0.00000 0.00000 0.00000 0.00000 0.00000 0.00000 0.00000 0.00000 0.00000 0.00000 0.00000 0.00000 0.00000 0.00000 0.00000 0.00000 0.00000 0.00000 0.00000 0.00000 0.00000 0.00000 0.00000 0.00000 0.00000 0.00000 0.00000 0.00000 0.00000 0.00000 0.00000 0.00000
0.00000 0.00000 0.00000 0.00000 0.00000 0.00000 0.00000 0.00000 0.00000 0.00000 0.00000 0.00000 0.00000 0.00000 0.00000 0.00000 0.00000 0.00000 0.00000 0.00000 0.00000 0.00000 0.00000 0.00000 0.00000 0.00000 0.00000 0.00000 0.00000 0.00000 0.00000 0.00000 0.00000 0.00000 0.00000 0.00000 0.00000 0.00000 0.00000 0.00000 0.00000 0.00000 0.00000 0.00000 0.00000 0.00000 0.00000 0.00000
0.00000 0.00000 0.00000 0.00000 0.00000 0.00000 0.00000 0.00000 0.00000 0.00000 0.00000 0.00000 0.00000 0.00000 0.00000 0.00000 0.00000 0.00000 0.00000 0.00000 0.00000 0.00000 0.00000 0.00000 0.00000 0.00000 0.00000 0.00000 0.00000 0.00000 0.00000 0.00000 0.00000 0.00000 0.00000 0.00000 0.00000 0.00000 0.00000 0.00000 0.00000 0.00000 0.00000 0.00000 0.00000 0.00000 0.00000 0.00000
0.00000 0.00000 0.00000 0.00000 0.00000 0.00000 0.00000 0.00000 0.00000 0.00000 0.00000 0.00000 0.00000 0.00000 0.00000 0.00000 0.00000 0.00000 0.00000 0.00000 0.00000 0.00000 0.00000 0.00000 0.00000 0.00000 0.00000 0.00000 0.00000 0.00000 0.00000 0.00000 0.00000 0.00000 0.00000 0.00000 0.00000 0.00000 0.00000 0.00000 0.00000 0.00000 0.00000 0.00000 0.00000 0.00000 0.00000 0.00000
0.00000 0.00000 0.00000 0.00000 0.00000 0.00000 0.00000 0.00000 0.00000 0.00000 0.00000 0.00000 0.00000 0.00000 0.00000 0.00000 0.00000 0.00000 0.00000 0.00000 0.00000 0.00000 0.00000 0.00000 0.00000 0.00000 0.00000 0.00000 0.00000 0.00000 0.00000 0.00000 0.00000 0.00000 0.00000 0.00000 0.00000 0.00000 0.00000 0.00000 0.00000 0.00000 0.00000 0.00000 0.00000 0.00000 0.00000 0.00000
0.00000 0.00000 0.00000 0.00000 0.00000 0.00000 0.00000 0.00000 0.00000 0.00000 0.00000 0.00000 0.00000 0.00000 0.00000 0.00000 0.00000 0.00000 0.00000 0.00000 0.00000 0.00000 0.00000 0.00000 0.00000 0.00000 0.00000 0.00000 0.00000 0.00000 0.00000 0.00000 0.00000 0.00000 0.00000 0.00000 0.00000 0.00000 0.00000 0.00000 0.00000 0.00000 0.00000 0.00000 0.00000 0.00000 0.00000 0.00000
0.00000 0.00000 0.00000 0.00000 0.00000 0.00000 0.00000 0.00000 0.00000 0.00000 0.00000 0.00000 0.00000 0.00000 0.00000 0.00000 0.00000 0.00000 0.00000 0.00000 0.00000 0.00000 0.00000 0.00000 0.00000 0.00000 0.00000 0.00000 0.00000 0.00000 0.00000 0.00000 0.00000 0.00000 0.00000 0.00000 0.00000 0.00000 0.00000 0.00000 0.00000 0.00000 0.00000 0.00000 0.00000 0.00000 0.00000 0.00000
0.00000 0.00000 0.00000 0.00000 0.00000 0.00000 0.00000 0.00000 0.00000 0.00000 0.00000 0.00000 0.00000 0.00000 0.00000 0.00000 0.00000 0.00000 0.00000 0.00000 0.00000 0.00000 0.00000 0.00000 0.00000 0.00000 0.00000 0.00000 0.00000 0.00000 0.00000 0.00000 0.00000 0.00000 0.00000 0.00000 0.00000 0.00000 0.00000 0.00000 0.00000 0.00000 0.00000 0.00000 0.00000 0.00000 0.00000 0.00000
0.00000 0.00000 0.00000 0.00000 0.00000 0.00000 0.00000 0.00000 0.00000 0.00000 0.00000 0.00000 0.00000 0.00000 0.00000 0.00000 0.00000 0.00000 0.00000 0.00000 0.00000 0.00000 0.00000 0.00000 0.00000 0.00000 0.00000 0.00000 0.00000 0.00000 0.00000 0.00000 0.00000 0.00000 0.00000 0.00000 0.00000 0.00000 0.00000 0.00000 0.00000 0.00000 0.00000 0.00000 0.00000 0.00000 0.00000 0.00000
0.00000 0.00000 0.00000 0.00000 0.00000 0.00000 0.00000 0.00000 0.00000 0.00000 0.00000 0.00000 0.00000 0.00000 0.00000 0.00000 0.00000 0.00000 0.00000 0.00000 0.00000 0.00000 0.00000 0.00000 0.00000 0.00000 0.00000 0.00000 0.00000 0.00000 0.00000 0.00000 0.00000 0.00000 0.00000 0.00000 0.00000 0.00000 0.00000 0.00000 0.00000 0.00000 0.00000 0.00000 0.00000 0.00000 0.00000 0.00000
0.00000 0.00000 0.00000 0.00000 0.00000 0.00000 0.00000 0.00000 0.00000 0.00000 0.00000 0.00000 0.00000 0.00000 0.00000 0.00000 0.00000 0.00000 0.00000 0.00000 0.00000 0.00000 0.00000 0.00000 0.00000 0.00000 0.00000 0.00000 0.00000 0.00000 0.00000 0.00000 0.00000 0.00000 0.00000 0.00000 0.00000 0.00000 0.00000 0.00000 0.00000 0.00000 0.00000 0.00000 0.00000 0.00000 0.00000 0.00000
