0.00000 0.88753 0.85717 0.82145 0.78246 0.74206 0.70171 0.66267 0.62594 0.59227 0.56207 0.53565 0.54964 0.56685 0.58782 0.61337 0.64502 0.68545 0.74001 0.81878 0.93997 1.13527 1.45925 2.00655 2.95809 4.74427
0.00000 0.82304 0.78377 0.74192 0.69897 0.65650 0.61563 0.57724 0.54197 0.51025 0.48224 0.49268 0.50573 0.52186 0.54173 0.56626 0.59724 0.63804 0.69530 0.78183 0.92046 1.14908 1.52705 2.14965 3.20068 0.00000
0.00000 0.74126 0.69735 0.65285 0.60902 0.56713 0.52791 0.49187 0.45936 0.43054 0.43801 0.44753 0.45950 0.47447 0.49320 0.51679 0.54763 0.59018 0.65348 0.75440 0.92130 1.19623 1.63763 2.33753 0.00000 0.00000
0.00000 0.65077 0.60531 0.56100 0.51873 0.47936 0.44329 0.41070 0.38171 0.38686 0.39352 0.40207 0.41295 0.42681 0.44451 0.46768 0.49962 0.54691 0.62224 0.74742 0.95455 1.28434 1.78961 0.00000 0.00000 0.00000
0.00000 0.55775 0.51346 0.47159 0.43263 0.39707 0.36503 0.33648 0.33984 0.34435 0.35022 0.35785 0.36776 0.38065 0.39784 0.42169 0.45738 0.51473 0.61099 0.77135 1.02651 1.41085 0.00000 0.00000 0.00000 0.00000
0.00000 0.46759 0.42649 0.38854 0.35393 0.32284 0.29520 0.29733 0.30023 0.30414 0.30929 0.31617 0.32527 0.33769 0.35535 0.38221 0.42631 0.50167 0.62877 0.83148 1.13406 0.00000 0.00000 0.00000 0.00000 0.00000
0.00000 0.38424 0.34753 0.31429 0.28446 0.25801 0.25932 0.26115 0.26363 0.26702 0.27164 0.27790 0.28667 0.29949 0.31964 0.35358 0.41312 0.51543 0.68001 0.92445 0.00000 0.00000 0.00000 0.00000 0.00000 0.00000
0.00000 0.31004 0.27827 0.24996 0.22489 0.22564 0.22678 0.22834 0.23049 0.23353 0.23772 0.24380 0.25298 0.26795 0.29411 0.34130 0.42428 0.55975 0.76144 0.00000 0.00000 0.00000 0.00000 0.00000 0.00000 0.00000
0.00000 0.24599 0.21920 0.19565 0.19608 0.19674 0.19771 0.19906 0.20103 0.20380 0.20794 0.21444 0.22556 0.24574 0.28330 0.35082 0.46306 0.63168 0.00000 0.00000 0.00000 0.00000 0.00000 0.00000 0.00000 0.00000
0.00000 0.19211 0.17002 0.17027 0.17069 0.17123 0.17209 0.17338 0.17518 0.17800 0.18258 0.19081 0.20652 0.23663 0.29180 0.38507 0.52698 0.00000 0.00000 0.00000 0.00000 0.00000 0.00000 0.00000 0.00000 0.00000
0.00000 0.14776 0.14784 0.14813 0.14852 0.14891 0.14989 0.15100 0.15299 0.15621 0.16236 0.17458 0.19909 0.24456 0.32228 0.44210 0.00000 0.00000 0.00000 0.00000 0.00000 0.00000 0.00000 0.00000 0.00000 0.00000
0.00000 0.00000 0.00000 0.00000 0.00000 0.00000 0.00000 0.00000 0.00000 0.00000 0.00000 0.00000 0.00000 0.00000 0.00000 0.00000 0.00000 0.00000 0.00000 0.00000 0.00000 0.00000 0.00000 0.00000 0.00000 0.00000
0.00000 0.00000 0.00000 0.00000 0.00000 0.00000 0.00000 0.00000 0.00000 0.00000 0.00000 0.00000 0.00000 0.00000 0.00000 0.00000 0.00000 0.00000 0.00000 0.00000 0.00000 0.00000 0.00000 0.00000 0.00000 0.00000
0.00000 0.00000 0.00000 0.00000 0.00000 0.00000 0.00000 0.00000 0.00000 0.00000 0.00000 0.00000 0.00000 0.00000 0.00000 0.00000 0.00000 0.00000 0.00000 0.00000 0.00000 0.00000 0.00000 0.00000 0.00000 0.00000
0.00000 0.00000 0.00000 0.00000 0.00000 0.00000 0.00000 0.00000 0.00000 0.00000 0.00000 0.00000 0.00000 0.00000 0.00000 0.00000 0.00000 0.00000 0.00000 0.00000 0.00000 0.00000 0.00000 0.00000 0.00000 0.00000
0.00000 0.00000 0.00000 0.00000 0.00000 0.00000 0.00000 0.00000 0.00000 0.00000 0.00000 0.00000 0.00000 0.00000 0.00000 0.00000 0.00000 0.00000 0.00000 0.00000 0.00000 0.00000 0.00000 0.00000 0.00000 0.00000
0.00000 0.00000 0.00000 0.00000 0.00000 0.00000 0.00000 0.00000 0.00000 0.00000 0.00000 0.00000 0.00000 0.00000 0.00000 0.00000 0.00000 0.00000 0.00000 0.00000 0.00000 0.00000 0.00000 0.00000 0.00000 0.00000
0.00000 0.00000 0.00000 0.00000 0.00000 0.00000 0.00000 0.00000 0.00000 0.00000 0.00000 0.00000 0.00000 0.00000 0.00000 0.00000 0.00000 0.00000 0.00000 0.00000 0.00000 0.00000 0.00000 0.00000 0.00000 0.00000
0.00000 0.00000 0.00000 0.00000 0.00000 0.00000 0.00000 0.00000 0.00000 0.00000 0.00000 0.00000 0.00000 0.00000 0.00000 0.00000 0.00000 0.00000 0.00000 0.00000 0.00000 0.00000 0.00000 0.00000 0.00000 0.00000
0.00000 0.00000 0.00000 0.00000 0.00000 0.00000 0.00000 0.00000 0.00000 0.00000 0.00000 0.00000 0.00000 0.00000 0.00000 0.00000 0.00000 0.00000 0.00000 0.00000 0.00000 0.00000 0.00000 0.00000 0.00000 0.00000
0.00000 0.00000 0.00000 0.00000 0.00000 0.00000 0.00000 0.00000 0.00000 0.00000 0.00000 0.00000 0.00000 0.00000 0.00000 0.00000 0.00000 0.00000 0.00000 0.00000 0.00000 0.00000 0.00000 0.00000 0.00000 0.00000
0.00000 0.00000 0.00000 0.00000 0.00000 0.00000 0.00000 0.00000 0.00000 0.00000 0.00000 0.00000 0.00000 0.00000 0.00000 0.00000 0.00000 0.00000 0.00000 0.00000 0.00000 0.00000 0.00000 0.00000 0.00000 0.00000
0.00000 0.00000 0.00000 0.00000 0.00000 0.00000 0.00000 0.00000 0.00000 0.00000 0.00000 0.00000 0.00000 0.00000 0.00000 0.00000 0.00000 0.00000 0.00000 0.00000 0.00000 0.00000 0.00000 0.00000 0.00000 0.00000
0.00000 0.00000 0.00000 0.00000 0.00000 0.00000 0.00000 0.00000 0.00000 0.00000 0.00000 0.00000 0.00000 0.00000 0.00000 0.00000 0.00000 0.00000 0.00000 0.00000 0.00000 0.00000 0.00000 0.00000 0.00000 0.00000
0.00000 0.00000 0.00000 0.00000 0.00000 0.00000 0.00000 0.00000 0.00000 0.00000 0.00000 0.00000 0.00000 0.00000 0.00000 0.00000 0.00000 0.00000 0.00000 0.00000 0.00000 0.00000 0.00000 0.00000 0.00000 0.00000
0.00000 0.00000 0.00000 0.00000 0.00000 0.00000 0.00000 0.00000 0.00000 0.00000 0.00000 0.00000 0.00000 0.00000 0.00000 0.00000 0.00000 0.00000 0.00000 0.00000 0.00000 0.00000 0.00000 0.00000 0.00000 0.00000
