0.00000 1.32687 1.36672 1.40160 1.43377 1.46330 1.49051 1.51592 1.53989 1.56271 1.58458 1.60526 1.62481 1.64327 1.66051 1.67667 1.69160 1.70534 1.71814 1.72989 1.74089 1.75097 1.76077 1.77064 1.78145 1.79458 1.81269 1.84069 1.88606 1.96097 2.08662 2.30784 2.74056 3.76139
0.00000 1.35851 1.38888 1.41856 1.44577 1.47117 1.49525 1.51840 1.54080 1.56251 1.58363 1.60382 1.62306 1.64135 1.65853 1.67466 1.68956 1.70322 1.71588 1.72740 1.73806 1.74768 1.75688 1.76599 1.77586 1.78788 1.80469 1.83119 1.87488 1.94791 2.07149 2.29041 2.72047 0.00000
0.00000 1.37128 1.39857 1.42410 1.44777 1.47060 1.49295 1.51500 1.53670 1.55801 1.57894 1.59910 1.61842 1.63685 1.65418 1.67043 1.68538 1.69902 1.71155 1.72280 1.73307 1.74214 1.75062 1.75883 1.76762 1.77835 1.79369 1.81853 1.86038 1.93141 2.05281 2.26937 0.00000 0.00000
0.00000 1.37796 1.40056 1.42257 1.44393 1.46535 1.48692 1.50856 1.53012 1.55146 1.57255 1.59294 1.61254 1.63124 1.64880 1.66519 1.68018 1.69373 1.70604 1.71693 1.72666 1.73502 1.74260 1.74972 1.75721 1.76646 1.78013 1.80313 1.84299 1.91188 2.03103 0.00000 0.00000 0.00000
0.00000 1.37534 1.39503 1.41533 1.43580 1.45687 1.47838 1.50016 1.52199 1.54369 1.56518 1.58599 1.60598 1.62500 1.64277 1.65926 1.67421 1.68757 1.69952 1.70989 1.71891 1.72636 1.73283 1.73863 1.74461 1.75216 1.76396 1.78496 1.82269 1.88936 0.00000 0.00000 0.00000 0.00000
0.00000 1.36694 1.38553 1.40541 1.42591 1.44722 1.46910 1.49132 1.51365 1.53587 1.55788 1.57915 1.59951 1.61878 1.63667 1.65312 1.66788 1.68088 1.69230 1.70192 1.71000 1.71630 1.72141 1.72565 1.72989 1.73553 1.74529 1.76412 1.79963 0.00000 0.00000 0.00000 0.00000 0.00000
0.00000 1.35643 1.37494 1.39512 1.41604 1.43784 1.46027 1.48308 1.50599 1.52878 1.55128 1.57294 1.59356 1.61294 1.63078 1.64701 1.66138 1.67380 1.68442 1.69305 1.69992 1.70481 1.70829 1.71072 1.71298 1.71652 1.72407 1.74064 0.00000 0.00000 0.00000 0.00000 0.00000 0.00000
0.00000 1.34584 1.36485 1.38554 1.40704 1.42944 1.45249 1.47592 1.49942 1.52270 1.54558 1.56748 1.58818 1.60748 1.62506 1.64085 1.65458 1.66615 1.67572 1.68307 1.68845 1.69163 1.69323 1.69361 1.69370 1.69496 1.70019 0.00000 0.00000 0.00000 0.00000 0.00000 0.00000 0.00000
0.00000 1.33631 1.35586 1.37715 1.39927 1.42232 1.44600 1.47001 1.49400 1.51765 1.54074 1.56268 1.58326 1.60224 1.61932 1.63440 1.64721 1.65765 1.66586 1.67164 1.67523 1.67645 1.67591 1.67404 1.67178 1.67066 0.00000 0.00000 0.00000 0.00000 0.00000 0.00000 0.00000 0.00000
0.00000 1.32794 1.34815 1.37008 1.39286 1.41654 1.44080 1.46529 1.48962 1.51344 1.53652 1.55829 1.57848 1.59690 1.61320 1.62729 1.63888 1.64788 1.65443 1.65833 1.65987 1.65887 1.65600 1.65170 1.64698 0.00000 0.00000 0.00000 0.00000 0.00000 0.00000 0.00000 0.00000 0.00000
0.00000 1.32098 1.34184 1.36441 1.38783 1.41209 1.43680 1.46159 1.48605 1.50981 1.53265 1.55396 1.57352 1.59108 1.60630 1.61909 1.62915 1.63639 1.64098 1.64273 1.64196 1.63853 1.63315 1.62632 0.00000 0.00000 0.00000 0.00000 0.00000 0.00000 0.00000 0.00000 0.00000 0.00000
0.00000 1.31541 1.33696 1.36015 1.38413 1.40880 1.43378 1.45863 1.48297 1.50641 1.52873 1.54932 1.56793 1.58433 1.59816 1.60932 1.61752 1.62270 1.62504 1.62438 1.62109 1.61507 1.60708 0.00000 0.00000 0.00000 0.00000 0.00000 0.00000 0.00000 0.00000 0.00000 0.00000 0.00000
0.00000 1.31129 1.33348 1.35719 1.38154 1.40641 1.43138 1.45604 1.47998 1.50282 1.52432 1.54388 1.56124 1.57614 1.58824 1.59744 1.60347 1.60630 1.60613 1.60286 1.59688 1.58818 0.00000 0.00000 0.00000 0.00000 0.00000 0.00000 0.00000 0.00000 0.00000 0.00000 0.00000 0.00000
0.00000 1.30850 1.33122 1.35523 1.37970 1.40448 1.42917 1.45333 1.47658 1.49851 1.51888 1.53709 1.55285 1.56591 1.57595 1.58288 1.58646 1.58668 1.58379 1.57775 1.56900 0.00000 0.00000 0.00000 0.00000 0.00000 0.00000 0.00000 0.00000 0.00000 0.00000 0.00000 0.00000 0.00000
0.00000 1.30684 1.32977 1.35380 1.37809 1.40249 1.42659 1.44996 1.47221 1.49291 1.51182 1.52833 1.54214 1.55304 1.56070 1.56507 1.56593 1.56334 1.55760 1.54870 0.00000 0.00000 0.00000 0.00000 0.00000 0.00000 0.00000 0.00000 0.00000 0.00000 0.00000 0.00000 0.00000 0.00000
0.00000 1.30568 1.32857 1.35232 1.37614 1.39985 1.42305 1.44532 1.46624 1.48537 1.50247 1.51693 1.52847 1.53688 1.54187 1.54342 1.54137 1.53584 1.52717 0.00000 0.00000 0.00000 0.00000 0.00000 0.00000 0.00000 0.00000 0.00000 0.00000 0.00000 0.00000 0.00000 0.00000 0.00000
0.00000 1.30453 1.32702 1.35020 1.37324 1.39595 1.41794 1.43878 1.45803 1.47523 1.49017 1.50225 1.51119 1.51681 1.51889 1.51744 1.51236 1.50383 0.00000 0.00000 0.00000 0.00000 0.00000 0.00000 0.00000 0.00000 0.00000 0.00000 0.00000 0.00000 0.00000 0.00000 0.00000 0.00000
0.00000 1.30270 1.32453 1.34684 1.36878 1.39018 1.41063 1.42968 1.44691 1.46183 1.47426 1.48363 1.48969 1.49229 1.49127 1.48671 1.47855 0.00000 0.00000 0.00000 0.00000 0.00000 0.00000 0.00000 0.00000 0.00000 0.00000 0.00000 0.00000 0.00000 0.00000 0.00000 0.00000 0.00000
0.00000 1.29969 1.32049 1.34163 1.36215 1.38191 1.40045 1.41736 1.43220 1.44449 1.45410 1.46047 1.46341 1.46283 1.45861 1.45091 0.00000 0.00000 0.00000 0.00000 0.00000 0.00000 0.00000 0.00000 0.00000 0.00000 0.00000 0.00000 0.00000 0.00000 0.00000 0.00000 0.00000 0.00000
0.00000 1.29482 1.31433 1.33397 1.35274 1.37049 1.38677 1.40116 1.41325 1.42260 1.42910 1.43225 1.43192 1.42806 1.42063 0.00000 0.00000 0.00000 0.00000 0.00000 0.00000 0.00000 0.00000 0.00000 0.00000 0.00000 0.00000 0.00000 0.00000 0.00000 0.00000 0.00000 0.00000 0.00000
0.00000 1.28760 1.30546 1.32326 1.33989 1.35526 1.36891 1.38043 1.38946 1.39559 1.39876 1.39855 1.39487 1.38773 0.00000 0.00000 0.00000 0.00000 0.00000 0.00000 0.00000 0.00000 0.00000 0.00000 0.00000 0.00000 0.00000 0.00000 0.00000 0.00000 0.00000 0.00000 0.00000 0.00000
0.00000 1.27740 1.29327 1.30883 1.32295 1.33556 1.34622 1.35457 1.36026 1.36297 1.36268 1.35905 1.35204 0.00000 0.00000 0.00000 0.00000 0.00000 0.00000 0.00000 0.00000 0.00000 0.00000 0.00000 0.00000 0.00000 0.00000 0.00000 0.00000 0.00000 0.00000 0.00000 0.00000 0.00000
0.00000 1.26364 1.27709 1.29003 1.30125 1.31077 1.31814 1.32305 1.32522 1.32440 1.32062 1.31360 0.00000 0.00000 0.00000 0.00000 0.00000 0.00000 0.00000 0.00000 0.00000 0.00000 0.00000 0.00000 0.00000 0.00000 0.00000 0.00000 0.00000 0.00000 0.00000 0.00000 0.00000 0.00000
0.00000 1.24558 1.25627 1.26622 1.27422 1.28033 1.28418 1.28549 1.28405 1.27968 1.27250 0.00000 0.00000 0.00000 0.00000 0.00000 0.00000 0.00000 0.00000 0.00000 0.00000 0.00000 0.00000 0.00000 0.00000 0.00000 0.00000 0.00000 0.00000 0.00000 0.00000 0.00000 0.00000 0.00000
0.00000 1.22269 1.23023 1.23685 1.24134 1.24384 1.24402 1.24167 1.23664 1.22885 0.00000 0.00000 0.00000 0.00000 0.00000 0.00000 0.00000 0.00000 0.00000 0.00000 0.00000 0.00000 0.00000 0.00000 0.00000 0.00000 0.00000 0.00000 0.00000 0.00000 0.00000 0.00000 0.00000 0.00000
0.00000 1.19434 1.19846 1.20151 1.20230 1.20107 1.19756 1.19160 1.18312 0.00000 0.00000 0.00000 0.00000 0.00000 0.00000 0.00000 0.00000 0.00000 0.00000 0.00000 0.00000 0.00000 0.00000 0.00000 0.00000 0.00000 0.00000 0.00000 0.00000 0.00000 0.00000 0.00000 0.00000 0.00000
0.00000 1.16018 1.16063 1.15994 1.15696 1.15202 1.14490 1.13551 0.00000 0.00000 0.00000 0.00000 0.00000 0.00000 0.00000 0.00000 0.00000 0.00000 0.00000 0.00000 0.00000 0.00000 0.00000 0.00000 0.00000 0.00000 0.00000 0.00000 0.00000 0.00000 0.00000 0.00000 0.00000 0.00000
0.00000 1.11993 1.11662 1.11214 1.10545 1.09692 1.08642 0.00000 0.00000 0.00000 0.00000 0.00000 0.00000 0.00000 0.00000 0.00000 0.00000 0.00000 0.00000 0.00000 0.00000 0.00000 0.00000 0.00000 0.00000 0.00000 0.00000 0.00000 0.00000 0.00000 0.00000 0.00000 0.00000 0.00000
0.00000 1.07358 1.06652 1.05836 1.04813 1.03628 0.00000 0.00000 0.00000 0.00000 0.00000 0.00000 0.00000 0.00000 0.00000 0.00000 0.00000 0.00000 0.00000 0.00000 0.00000 0.00000 0.00000 0.00000 0.00000 0.00000 0.00000 0.00000 0.00000 0.00000 0.00000 0.00000 0.00000 0.00000
0.00000 1.02139 1.01071 0.99909 0.98564 0.00000 0.00000 0.00000 0.00000 0.00000 0.00000 0.00000 0.00000 0.00000 0.00000 0.00000 0.00000 0.00000 0.00000 0.00000 0.00000 0.00000 0.00000 0.00000 0.00000 0.00000 0.00000 0.00000 0.00000 0.00000 0.00000 0.00000 0.00000 0.00000
0.00000 0.96382 0.94983 0.93510 0.00000 0.00000 0.00000 0.00000 0.00000 0.00000 0.00000 0.00000 0.00000 0.00000 0.00000 0.00000 0.00000 0.00000 0.00000 0.00000 0.00000 0.00000 0.00000 0.00000 0.00000 0.00000 0.00000 0.00000 0.00000 0.00000 0.00000 0.00000 0.00000 0.00000
0.00000 0.90165 0.88474 0.00000 0.00000 0.00000 0.00000 0.00000 0.00000 0.00000 0.00000 0.00000 0.00000 0.00000 0.00000 0.00000 0.00000 0.00000 0.00000 0.00000 0.00000 0.00000 0.00000 0.00000 0.00000 0.00000 0.00000 0.00000 0.00000 0.00000 0.00000 0.00000 0.00000 0.00000
0.00000 0.83581 0.00000 0.00000 0.00000 0.00000 0.00000 0.00000 0.00000 0.00000 0.00000 0.00000 0.00000 0.00000 0.00000 0.00000 0.00000 0.00000 0.00000 0.00000 0.00000 0.00000 0.00000 0.00000 0.00000 0.00000 0.00000 0.00000 0.00000 0.00000 0.00000 0.00000 0.00000 0.00000
0.00000 0.00000 0.00000 0.00000 0.00000 0.00000 0.00000 0.00000 0.00000 0.00000 0.00000 0.00000 0.00000 0.00000 0.00000 0.00000 0.00000 0.00000 0.00000 0.00000 0.00000 0.00000 0.00000 0.00000 0.00000 0.00000 0.00000 0.00000 0.00000 0.00000 0.00000 0.00000 0.00000 0.00000
