0.00000 1.73145 1.75662 1.77038 1.78221 1.79303 1.80607 1.81459 1.82302 1.83175 1.83669 1.84104 1.84265 1.84584 1.84821 1.84894 1.85213 1.85388 1.85689 1.86368 1.87530 1.89636 1.93158 1.99182 2.08441 2.21833 2.41258 2.75218 3.29189 4.29753 6.48596
0.00000 1.74443 1.75478 1.76492 1.77604 1.78719 1.80073 1.80971 1.81839 1.82715 1.83187 1.83583 1.83691 1.83940 1.84094 1.84071 1.84275 1.84323 1.84476 1.84981 1.85939 1.87804 1.91047 1.96745 2.05632 2.18621 2.41918 2.76530 3.32067 4.36529 0.00000
0.00000 1.72799 1.74022 1.75264 1.76580 1.77853 1.79313 1.80282 1.81184 1.82065 1.82513 1.82868 1.82925 1.83106 1.83183 1.83070 1.83173 1.83118 1.83156 1.83533 1.84345 1.86041 1.89086 1.94547 2.03152 2.19399 2.43060 2.78612 3.36595 0.00000 0.00000
0.00000 1.71558 1.73002 1.74474 1.75941 1.77309 1.78808 1.79792 1.80682 1.81527 1.81916 1.82205 1.82191 1.82289 1.82281 1.82079 1.82087 1.81951 1.81907 1.82202 1.82931 1.84532 1.87467 1.92790 2.04294 2.20774 2.44979 2.82103 0.00000 0.00000 0.00000
0.00000 1.70813 1.72427 1.74059 1.75600 1.76991 1.78469 1.79417 1.80253 1.81027 1.81333 1.81534 1.81435 1.81440 1.81348 1.81065 1.80992 1.80804 1.80720 1.80984 1.81694 1.83279 1.86190 1.94247 2.05929 2.22750 2.47930 0.00000 0.00000 0.00000 0.00000
0.00000 1.70486 1.72169 1.73877 1.75418 1.76770 1.78179 1.79051 1.79802 1.80481 1.80688 1.80788 1.80595 1.80507 1.80336 1.79991 1.79860 1.79658 1.79579 1.79864 1.80618 1.82255 1.87828 1.96055 2.07957 2.25399 0.00000 0.00000 0.00000 0.00000 0.00000
0.00000 1.70422 1.72073 1.73771 1.75255 1.76525 1.77830 1.78598 1.79246 1.79813 1.79915 1.79910 1.79622 1.79449 1.79216 1.78835 1.78677 1.78506 1.78481 1.78837 1.79690 1.83989 1.89699 1.98086 2.10384 0.00000 0.00000 0.00000 0.00000 0.00000 0.00000
0.00000 1.70442 1.71994 1.73610 1.75001 1.76159 1.77340 1.77987 1.78517 1.78970 1.78969 1.78862 1.78488 1.78250 1.77980 1.77598 1.77456 1.77363 1.77440 1.77916 1.81466 1.85888 1.91686 2.00341 0.00000 0.00000 0.00000 0.00000 0.00000 0.00000 0.00000
0.00000 1.70416 1.71828 1.73308 1.74579 1.75612 1.76651 1.77167 1.77578 1.77919 1.77823 1.77625 1.77188 1.76914 1.76642 1.76304 1.76224 1.76260 1.76486 1.79720 1.83374 1.87854 1.93808 0.00000 0.00000 0.00000 0.00000 0.00000 0.00000 0.00000 0.00000
0.00000 1.70239 1.71500 1.72806 1.73944 1.74847 1.75732 1.76113 1.76405 1.76648 1.76470 1.76206 1.75737 1.75469 1.75240 1.74995 1.75027 1.75243 1.78319 1.81650 1.85325 1.89918 0.00000 0.00000 0.00000 0.00000 0.00000 0.00000 0.00000 0.00000 0.00000
0.00000 1.69855 1.70952 1.72067 1.73065 1.73837 1.74566 1.74812 1.74995 1.75156 1.74921 1.74625 1.74167 1.73957 1.73821 1.73722 1.73916 1.77099 1.80283 1.83621 1.87364 0.00000 0.00000 0.00000 0.00000 0.00000 0.00000 0.00000 0.00000 0.00000 0.00000
0.00000 1.69213 1.70148 1.71064 1.71920 1.72568 1.73145 1.73265 1.73354 1.73460 1.73203 1.72920 1.72525 1.72428 1.72442 1.72545 1.75780 1.79100 1.82290 1.85680 0.00000 0.00000 0.00000 0.00000 0.00000 0.00000 0.00000 0.00000 0.00000 0.00000 0.00000
0.00000 1.68289 1.69060 1.69778 1.70494 1.71028 1.71466 1.71479 1.71503 1.71590 1.71356 1.71145 1.70867 1.70944 1.71163 1.74451 1.77801 1.81152 1.84392 0.00000 0.00000 0.00000 0.00000 0.00000 0.00000 0.00000 0.00000 0.00000 0.00000 0.00000 0.00000
0.00000 1.67060 1.67670 1.68197 1.68779 1.69216 1.69536 1.69476 1.69475 1.69589 1.69439 1.69361 1.69258 1.69568 1.73088 1.76531 1.79883 1.83311 0.00000 0.00000 0.00000 0.00000 0.00000 0.00000 0.00000 0.00000 0.00000 0.00000 0.00000 0.00000 0.00000
0.00000 1.65507 1.65968 1.66317 1.66778 1.67137 1.67376 1.67291 1.67319 1.67520 1.67518 1.67638 1.67767 1.71522 1.75201 1.78681 1.82089 0.00000 0.00000 0.00000 0.00000 0.00000 0.00000 0.00000 0.00000 0.00000 0.00000 0.00000 0.00000 0.00000 0.00000
0.00000 1.63632 1.63949 1.64147 1.64506 1.64812 1.65019 1.64972 1.65096 1.65452 1.65665 1.66047 1.69735 1.73687 1.77395 1.80971 0.00000 0.00000 0.00000 0.00000 0.00000 0.00000 0.00000 0.00000 0.00000 0.00000 0.00000 0.00000 0.00000 0.00000 0.00000
0.00000 1.61427 1.61621 1.61705 1.61994 1.62282 1.62523 1.62587 1.62878 1.63464 1.63958 1.68077 1.71935 1.75946 1.79750 0.00000 0.00000 0.00000 0.00000 0.00000 0.00000 0.00000 0.00000 0.00000 0.00000 0.00000 0.00000 0.00000 0.00000 0.00000 0.00000
0.00000 1.58914 1.58996 1.59025 1.59290 1.59608 1.59957 1.60210 1.60745 1.61634 1.66024 1.70372 1.74243 1.78391 0.00000 0.00000 0.00000 0.00000 0.00000 0.00000 0.00000 0.00000 0.00000 0.00000 0.00000 0.00000 0.00000 0.00000 0.00000 0.00000 0.00000
0.00000 1.56092 1.56108 1.56151 1.56454 1.56868 1.57407 1.57929 1.58781 1.63734 1.68385 1.72796 1.76759 0.00000 0.00000 0.00000 0.00000 0.00000 0.00000 0.00000 0.00000 0.00000 0.00000 0.00000 0.00000 0.00000 0.00000 0.00000 0.00000 0.00000 0.00000
0.00000 1.53003 1.53007 1.53146 1.53568 1.54150 1.54962 1.55834 1.60864 1.66166 1.70892 1.75463 0.00000 0.00000 0.00000 0.00000 0.00000 0.00000 0.00000 0.00000 0.00000 0.00000 0.00000 0.00000 0.00000 0.00000 0.00000 0.00000 0.00000 0.00000 0.00000
0.00000 1.49692 1.49760 1.50088 1.50714 1.51550 1.52717 1.57931 1.63302 1.68764 1.73680 0.00000 0.00000 0.00000 0.00000 0.00000 0.00000 0.00000 0.00000 0.00000 0.00000 0.00000 0.00000 0.00000 0.00000 0.00000 0.00000 0.00000 0.00000 0.00000 0.00000
0.00000 1.46238 1.46462 1.47068 1.47989 1.49170 1.54817 1.60430 1.65906 1.71690 0.00000 0.00000 0.00000 0.00000 0.00000 0.00000 0.00000 0.00000 0.00000 0.00000 0.00000 0.00000 0.00000 0.00000 0.00000 0.00000 0.00000 0.00000 0.00000 0.00000 0.00000
0.00000 1.42743 1.43211 1.44186 1.45489 1.51256 1.57361 1.63104 1.68859 0.00000 0.00000 0.00000 0.00000 0.00000 0.00000 0.00000 0.00000 0.00000 0.00000 0.00000 0.00000 0.00000 0.00000 0.00000 0.00000 0.00000 0.00000 0.00000 0.00000 0.00000 0.00000
0.00000 1.39306 1.40112 1.41543 1.47584 1.53844 1.60079 1.66185 0.00000 0.00000 0.00000 0.00000 0.00000 0.00000 0.00000 0.00000 0.00000 0.00000 0.00000 0.00000 0.00000 0.00000 0.00000 0.00000 0.00000 0.00000 0.00000 0.00000 0.00000 0.00000 0.00000
0.00000 1.36043 1.37279 1.43623 1.50261 1.56562 1.63273 0.00000 0.00000 0.00000 0.00000 0.00000 0.00000 0.00000 0.00000 0.00000 0.00000 0.00000 0.00000 0.00000 0.00000 0.00000 0.00000 0.00000 0.00000 0.00000 0.00000 0.00000 0.00000 0.00000 0.00000
0.00000 1.33067 1.39148 1.46501 1.52965 1.59802 0.00000 0.00000 0.00000 0.00000 0.00000 0.00000 0.00000 0.00000 0.00000 0.00000 0.00000 0.00000 0.00000 0.00000 0.00000 0.00000 0.00000 0.00000 0.00000 0.00000 0.00000 0.00000 0.00000 0.00000 0.00000
0.00000 0.00000 0.00000 0.00000 0.00000 0.00000 0.00000 0.00000 0.00000 0.00000 0.00000 0.00000 0.00000 0.00000 0.00000 0.00000 0.00000 0.00000 0.00000 0.00000 0.00000 0.00000 0.00000 0.00000 0.00000 0.00000 0.00000 0.00000 0.00000 0.00000 0.00000
0.00000 0.00000 0.00000 0.00000 0.00000 0.00000 0.00000 0.00000 0.00000 0.00000 0.00000 0.00000 0.00000 0.00000 0.00000 0.00000 0.00000 0.00000 0.00000 0.00000 0.00000 0.00000 0.00000 0.00000 0.00000 0.00000 0.00000 0.00000 0.00000 0.00000 0.00000
0.00000 0.00000 0.00000 0.00000 0.00000 0.00000 0.00000 0.00000 0.00000 0.00000 0.00000 0.00000 0.00000 0.00000 0.00000 0.00000 0.00000 0.00000 0.00000 0.00000 0.00000 0.00000 0.00000 0.00000 0.00000 0.00000 0.00000 0.00000 0.00000 0.00000 0.00000
0.00000 0.00000 0.00000 0.00000 0.00000 0.00000 0.00000 0.00000 0.00000 0.00000 0.00000 0.00000 0.00000 0.00000 0.00000 0.00000 0.00000 0.00000 0.00000 0.00000 0.00000 0.00000 0.00000 0.00000 0.00000 0.00000 0.00000 0.00000 0.00000 0.00000 0.00000
0.00000 0.00000 0.00000 0.00000 0.00000 0.00000 0.00000 0.00000 0.00000 0.00000 0.00000 0.00000 0.00000 0.00000 0.00000 0.00000 0.00000 0.00000 0.00000 0.00000 0.00000 0.00000 0.00000 0.00000 0.00000 0.00000 0.00000 0.00000 0.00000 0.00000 0.00000
