0.55528 0.51530 0.48180 0.45365 0.43006 0.41042 0.39427 0.38130 0.37126 0.36398 0.35929 0.35711 0.35732 0.35984 0.36457 0.37139 0.38021 0.39086 0.40328 0.41747 0.43361 0.45221 0.47419 0.50107 0.53447 0.57655 0.63004 0.69832 0.78947 0.92597 1.17194 1.71619
0.51740 0.47724 0.44410 0.41664 0.39394 0.37532 0.36029 0.34848 0.33964 0.33357 0.33010 0.32913 0.33056 0.33428 0.34020 0.34820 0.35818 0.36997 0.38351 0.39880 0.41603 0.43572 0.45883 0.48690 0.52160 0.56515 0.62031 0.69054 0.78409 0.92396 1.17566 0.00000
0.47072 0.43119 0.39916 0.37308 0.35191 0.33490 0.32150 0.31132 0.30410 0.29963 0.29773 0.29830 0.30122 0.30641 0.31377 0.32316 0.33450 0.34761 0.36243 0.37898 0.39745 0.41839 0.44278 0.47222 0.50840 0.55358 0.61059 0.68297 0.77921 0.92286 0.00000 0.00000
0.41884 0.38066 0.35045 0.32640 0.30735 0.29247 0.28117 0.27307 0.26785 0.26533 0.26531 0.26771 0.27240 0.27929 0.28828 0.29925 0.31211 0.32668 0.34292 0.36086 0.38071 0.40305 0.42891 0.45991 0.49778 0.54481 0.60390 0.67872 0.77808 0.00000 0.00000 0.00000
0.36388 0.32787 0.30025 0.27893 0.26263 0.25045 0.24176 0.23617 0.23338 0.23318 0.23538 0.23990 0.24663 0.25545 0.26629 0.27901 0.29353 0.30970 0.32747 0.34692 0.36828 0.39221 0.41975 0.45258 0.49243 0.54161 0.60309 0.68072 0.00000 0.00000 0.00000 0.00000
0.30844 0.27548 0.25126 0.23340 0.22048 0.21156 0.20599 0.20337 0.20339 0.20587 0.21063 0.21756 0.22656 0.23753 0.25039 0.26500 0.28130 0.29915 0.31855 0.33960 0.36262 0.38830 0.41776 0.45271 0.49486 0.54652 0.61072 0.00000 0.00000 0.00000 0.00000 0.00000
0.25479 0.22586 0.20593 0.19229 0.18341 0.17830 0.17631 0.17707 0.18029 0.18577 0.19335 0.20294 0.21442 0.22770 0.24269 0.25929 0.27742 0.29700 0.31806 0.34078 0.36555 0.39315 0.42474 0.46207 0.50680 0.56121 0.00000 0.00000 0.00000 0.00000 0.00000 0.00000
0.20440 0.18078 0.16621 0.15762 0.15343 0.15267 0.15471 0.15922 0.16592 0.17466 0.18527 0.19768 0.21176 0.22744 0.24462 0.26321 0.28319 0.30448 0.32719 0.35157 0.37813 0.40773 0.44160 0.48150 0.52900 0.00000 0.00000 0.00000 0.00000 0.00000 0.00000 0.00000
0.15788 0.14154 0.13371 0.13115 0.13234 0.13642 0.14286 0.15139 0.16180 0.17394 0.18769 0.20298 0.21969 0.23774 0.25707 0.27760 0.29932 0.32222 0.34649 0.37248 0.40080 0.43242 0.46861 0.51111 0.00000 0.00000 0.00000 0.00000 0.00000 0.00000 0.00000 0.00000
0.11520 0.10962 0.11047 0.11505 0.12227 0.13158 0.14264 0.15531 0.16946 0.18500 0.20183 0.21991 0.23912 0.25941 0.28071 0.30298 0.32626 0.35059 0.37626 0.40371 0.43366 0.46721 0.50562 0.00000 0.00000 0.00000 0.00000 0.00000 0.00000 0.00000 0.00000 0.00000
0.07598 0.08825 0.10038 0.11305 0.12662 0.14118 0.15671 0.17331 0.19094 0.20960 0.22921 0.24976 0.27116 0.29334 0.31629 0.33998 0.36449 0.38994 0.41671 0.44536 0.47674 0.51198 0.00000 0.00000 0.00000 0.00000 0.00000 0.00000 0.00000 0.00000 0.00000 0.00000
0.03966 0.08785 0.11293 0.13301 0.15180 0.17048 0.18947 0.20906 0.22935 0.25035 0.27203 0.29439 0.31735 0.34083 0.36485 0.38942 0.41466 0.44077 0.46822 0.49770 0.53011 0.00000 0.00000 0.00000 0.00000 0.00000 0.00000 0.00000 0.00000 0.00000 0.00000 0.00000
0.00000 0.16261 0.17774 0.19388 0.21112 0.22941 0.24857 0.26866 0.28959 0.31127 0.33360 0.35654 0.37995 0.40374 0.42794 0.45257 0.47779 0.50389 0.53143 0.56114 0.00000 0.00000 0.00000 0.00000 0.00000 0.00000 0.00000 0.00000 0.00000 0.00000 0.00000 0.00000
0.02642 0.10947 0.14831 0.17680 0.20181 0.22551 0.24870 0.27190 0.29530 0.31891 0.34278 0.36689 0.39116 0.41553 0.44007 0.46483 0.49002 0.51600 0.54332 0.00000 0.00000 0.00000 0.00000 0.00000 0.00000 0.00000 0.00000 0.00000 0.00000 0.00000 0.00000 0.00000
0.05710 0.11330 0.15054 0.18071 0.20784 0.23356 0.25854 0.28326 0.30793 0.33257 0.35722 0.38191 0.40655 0.43109 0.45560 0.48020 0.50513 0.53072 0.00000 0.00000 0.00000 0.00000 0.00000 0.00000 0.00000 0.00000 0.00000 0.00000 0.00000 0.00000 0.00000 0.00000
0.08671 0.13052 0.16472 0.19445 0.22203 0.24848 0.27424 0.29969 0.32499 0.35012 0.37511 0.39998 0.42464 0.44905 0.47331 0.49753 0.52197 0.00000 0.00000 0.00000 0.00000 0.00000 0.00000 0.00000 0.00000 0.00000 0.00000 0.00000 0.00000 0.00000 0.00000 0.00000
0.11549 0.15263 0.18441 0.21337 0.24087 0.26752 0.29359 0.31934 0.34490 0.37017 0.39520 0.41997 0.44441 0.46847 0.49228 0.51594 0.00000 0.00000 0.00000 0.00000 0.00000 0.00000 0.00000 0.00000 0.00000 0.00000 0.00000 0.00000 0.00000 0.00000 0.00000 0.00000
0.14367 0.17688 0.20697 0.23521 0.26247 0.28911 0.31523 0.34103 0.36659 0.39177 0.41660 0.44107 0.46510 0.48866 0.51184 0.00000 0.00000 0.00000 0.00000 0.00000 0.00000 0.00000 0.00000 0.00000 0.00000 0.00000 0.00000 0.00000 0.00000 0.00000 0.00000 0.00000
0.17140 0.20219 0.23110 0.25877 0.28575 0.31225 0.33827 0.36394 0.38932 0.41422 0.43868 0.46269 0.48617 0.50905 0.00000 0.00000 0.00000 0.00000 0.00000 0.00000 0.00000 0.00000 0.00000 0.00000 0.00000 0.00000 0.00000 0.00000 0.00000 0.00000 0.00000 0.00000
0.19879 0.22804 0.25612 0.28332 0.31003 0.33630 0.36211 0.38751 0.41256 0.43704 0.46099 0.48441 0.50717 0.00000 0.00000 0.00000 0.00000 0.00000 0.00000 0.00000 0.00000 0.00000 0.00000 0.00000 0.00000 0.00000 0.00000 0.00000 0.00000 0.00000 0.00000 0.00000
0.22591 0.25414 0.28162 0.30843 0.33483 0.36081 0.38630 0.41132 0.43592 0.45986 0.48318 0.50586 0.00000 0.00000 0.00000 0.00000 0.00000 0.00000 0.00000 0.00000 0.00000 0.00000 0.00000 0.00000 0.00000 0.00000 0.00000 0.00000 0.00000 0.00000 0.00000 0.00000
0.25282 0.28033 0.30735 0.33378 0.35985 0.38547 0.41054 0.43506 0.45910 0.48239 0.50495 0.00000 0.00000 0.00000 0.00000 0.00000 0.00000 0.00000 0.00000 0.00000 0.00000 0.00000 0.00000 0.00000 0.00000 0.00000 0.00000 0.00000 0.00000 0.00000 0.00000 0.00000
0.27952 0.30650 0.33310 0.35916 0.38484 0.41001 0.43457 0.45850 0.48187 0.50438 0.00000 0.00000 0.00000 0.00000 0.00000 0.00000 0.00000 0.00000 0.00000 0.00000 0.00000 0.00000 0.00000 0.00000 0.00000 0.00000 0.00000 0.00000 0.00000 0.00000 0.00000 0.00000
0.30600 0.33253 0.35874 0.38438 0.40960 0.43423 0.45819 0.48144 0.50403 0.00000 0.00000 0.00000 0.00000 0.00000 0.00000 0.00000 0.00000 0.00000 0.00000 0.00000 0.00000 0.00000 0.00000 0.00000 0.00000 0.00000 0.00000 0.00000 0.00000 0.00000 0.00000 0.00000
0.33224 0.35835 0.38414 0.40930 0.43397 0.45799 0.48126 0.50372 0.00000 0.00000 0.00000 0.00000 0.00000 0.00000 0.00000 0.00000 0.00000 0.00000 0.00000 0.00000 0.00000 0.00000 0.00000 0.00000 0.00000 0.00000 0.00000 0.00000 0.00000 0.00000 0.00000 0.00000
0.35819 0.38385 0.40916 0.43377 0.45782 0.48114 0.50361 0.00000 0.00000 0.00000 0.00000 0.00000 0.00000 0.00000 0.00000 0.00000 0.00000 0.00000 0.00000 0.00000 0.00000 0.00000 0.00000 0.00000 0.00000 0.00000 0.00000 0.00000 0.00000 0.00000 0.00000 0.00000
0.38377 0.40893 0.43370 0.45768 0.48103 0.50355 0.00000 0.00000 0.00000 0.00000 0.00000 0.00000 0.00000 0.00000 0.00000 0.00000 0.00000 0.00000 0.00000 0.00000 0.00000 0.00000 0.00000 0.00000 0.00000 0.00000 0.00000 0.00000 0.00000 0.00000 0.00000 0.00000
0.40891 0.43351 0.45765 0.48093 0.50347 0.00000 0.00000 0.00000 0.00000 0.00000 0.00000 0.00000 0.00000 0.00000 0.00000 0.00000 0.00000 0.00000 0.00000 0.00000 0.00000 0.00000 0.00000 0.00000 0.00000 0.00000 0.00000 0.00000 0.00000 0.00000 0.00000 0.00000
0.43352 0.45749 0.48093 0.50340 0.00000 0.00000 0.00000 0.00000 0.00000 0.00000 0.00000 0.00000 0.00000 0.00000 0.00000 0.00000 0.00000 0.00000 0.00000 0.00000 0.00000 0.00000 0.00000 0.00000 0.00000 0.00000 0.00000 0.00000 0.00000 0.00000 0.00000 0.00000
0.45752 0.48079 0.50341 0.00000 0.00000 0.00000 0.00000 0.00000 0.00000 0.00000 0.00000 0.00000 0.00000 0.00000 0.00000 0.00000 0.00000 0.00000 0.00000 0.00000 0.00000 0.00000 0.00000 0.00000 0.00000 0.00000 0.00000 0.00000 0.00000 0.00000 0.00000 0.00000
0.48083 0.50328 0.00000 0.00000 0.00000 0.00000 0.00000 0.00000 0.00000 0.00000 0.00000 0.00000 0.00000 0.00000 0.00000 0.00000 0.00000 0.00000 0.00000 0.00000 0.00000 0.00000 0.00000 0.00000 0.00000 0.00000 0.00000 0.00000 0.00000 0.00000 0.00000 0.00000
0.50333 0.00000 0.00000 0.00000 0.00000 0.00000 0.00000 0.00000 0.00000 0.00000 0.00000 0.00000 0.00000 0.00000 0.00000 0.00000 0.00000 0.00000 0.00000 0.00000 0.00000 0.00000 0.00000 0.00000 0.00000 0.00000 0.00000 0.00000 0.00000 0.00000 0.00000 0.00000
