0.77722 0.76672 0.75771 0.75018 0.74398 0.73901 0.73518 0.73251 0.73102 0.73050 0.73096 0.73238 0.73468 0.73767 0.74178 0.74681 0.75280 0.75991 0.76773 0.77659 0.78651 0.79752 0.80959 0.82277 0.83741 0.85338 0.87172 0.89277 0.91717 0.94634 0.98233 1.02838 1.08818 1.16863 1.28005 1.43822 1.67154 2.04069 2.68902 3.96676
0.76999 0.75939 0.75031 0.74276 0.73657 0.73164 0.72789 0.72531 0.72394 0.72354 0.72415 0.72574 0.72821 0.73137 0.73567 0.74091 0.74712 0.75444 0.76249 0.77159 0.78175 0.79302 0.80535 0.81881 0.83373 0.85000 0.86866 0.89006 0.91485 0.94447 0.98100 1.02772 1.08836 1.16991 1.28281 1.44304 1.67933 2.05310 2.70942 0.00000
0.76145 0.75076 0.74165 0.73411 0.72797 0.72312 0.71947 0.71702 0.71580 0.71557 0.71635 0.71814 0.72081 0.72419 0.72871 0.73417 0.74062 0.74820 0.75650 0.76586 0.77630 0.78784 0.80046 0.81421 0.82945 0.84603 0.86504 0.88683 0.91205 0.94218 0.97933 1.02682 1.08844 1.17125 1.28582 1.44831 1.68777 2.06641 0.00000 0.00000
0.75255 0.74179 0.73266 0.72515 0.71907 0.71431 0.71078 0.70848 0.70743 0.70738 0.70836 0.71035 0.71324 0.71684 0.72160 0.72732 0.73402 0.74186 0.75043 0.76008 0.77080 0.78263 0.79556 0.80962 0.82518 0.84211 0.86151 0.88373 0.90946 0.94021 0.97814 1.02662 1.08950 1.17392 1.29053 1.45566 1.69868 0.00000 0.00000 0.00000
0.74338 0.73256 0.72341 0.71593 0.70994 0.70529 0.70189 0.69975 0.69889 0.69904 0.70023 0.70245 0.70558 0.70943 0.71444 0.72042 0.72739 0.73552 0.74438 0.75432 0.76534 0.77749 0.79074 0.80513 0.82104 0.83836 0.85819 0.88094 0.90731 0.93889 0.97789 1.02776 1.09240 1.17899 1.29825 1.46660 0.00000 0.00000 0.00000 0.00000
0.73397 0.72309 0.71392 0.70650 0.70060 0.69608 0.69284 0.69087 0.69022 0.69059 0.69202 0.69449 0.69788 0.70199 0.70728 0.71354 0.72080 0.72923 0.73839 0.74864 0.75999 0.77247 0.78606 0.80081 0.81712 0.83488 0.85524 0.87867 0.90591 0.93863 0.97914 1.03098 1.09805 1.18756 1.31023 0.00000 0.00000 0.00000 0.00000 0.00000
0.72429 0.71336 0.70420 0.69685 0.69106 0.68668 0.68361 0.68184 0.68143 0.68204 0.68372 0.68647 0.69013 0.69453 0.70011 0.70668 0.71425 0.72299 0.73247 0.74306 0.75475 0.76760 0.78156 0.79670 0.81347 0.83178 0.85282 0.87715 0.90558 0.93991 0.98252 1.03701 1.10731 1.20055 0.00000 0.00000 0.00000 0.00000 0.00000 0.00000
0.71426 0.70331 0.69417 0.68691 0.68125 0.67704 0.67417 0.67261 0.67245 0.67333 0.67529 0.67833 0.68230 0.68701 0.69291 0.69980 0.70772 0.71679 0.72661 0.73755 0.74961 0.76285 0.77723 0.79282 0.81015 0.82915 0.85111 0.87669 0.90677 0.94328 0.98868 1.04660 1.12090 0.00000 0.00000 0.00000 0.00000 0.00000 0.00000 0.00000
0.70378 0.69281 0.68373 0.67658 0.67108 0.66707 0.66441 0.66310 0.66321 0.66438 0.66665 0.67002 0.67431 0.67937 0.68561 0.69285 0.70112 0.71055 0.72073 0.73206 0.74452 0.75819 0.77305 0.78919 0.80725 0.82719 0.85040 0.87769 0.91001 0.94939 0.99834 1.06043 0.00000 0.00000 0.00000 0.00000 0.00000 0.00000 0.00000 0.00000
0.69271 0.68175 0.67276 0.66574 0.66044 0.65665 0.65425 0.65320 0.65362 0.65511 0.65771 0.66144 0.66610 0.67152 0.67813 0.68575 0.69440 0.70421 0.71478 0.72653 0.73944 0.75360 0.76905 0.78591 0.80494 0.82617 0.85112 0.88071 0.91598 0.95899 1.01220 0.00000 0.00000 0.00000 0.00000 0.00000 0.00000 0.00000 0.00000 0.00000
0.68090 0.66998 0.66112 0.65429 0.64921 0.64569 0.64357 0.64284 0.64359 0.64544 0.64841 0.65253 0.65758 0.66340 0.67041 0.67843 0.68750 0.69772 0.70871 0.72093 0.73436 0.74913 0.76533 0.78318 0.80354 0.82656 0.85387 0.88648 0.92547 0.97285 0.00000 0.00000 0.00000 0.00000 0.00000 0.00000 0.00000 0.00000 0.00000 0.00000
0.66823 0.65740 0.64871 0.64210 0.63731 0.63410 0.63231 0.63193 0.63306 0.63531 0.63869 0.64323 0.64871 0.65496 0.66240 0.67086 0.68037 0.69105 0.70253 0.71528 0.72934 0.74490 0.76212 0.78134 0.80355 0.82901 0.85943 0.89587 0.93934 0.00000 0.00000 0.00000 0.00000 0.00000 0.00000 0.00000 0.00000 0.00000 0.00000 0.00000
0.65458 0.64388 0.63542 0.62910 0.62465 0.62180 0.62039 0.62043 0.62198 0.62467 0.62850 0.63351 0.63946 0.64617 0.65408 0.66301 0.67301 0.68421 0.69625 0.70967 0.72454 0.74116 0.75980 0.78093 0.80566 0.83434 0.86871 0.90975 0.00000 0.00000 0.00000 0.00000 0.00000 0.00000 0.00000 0.00000 0.00000 0.00000 0.00000 0.00000
0.63983 0.62934 0.62117 0.61520 0.61116 0.60874 0.60777 0.60829 0.61032 0.61351 0.61784 0.62334 0.62981 0.63703 0.64545 0.65490 0.66545 0.67725 0.68999 0.70425 0.72023 0.73833 0.75895 0.78271 0.81077 0.84353 0.88267 0.00000 0.00000 0.00000 0.00000 0.00000 0.00000 0.00000 0.00000 0.00000 0.00000 0.00000 0.00000 0.00000
0.62388 0.61367 0.60588 0.60034 0.59678 0.59487 0.59442 0.59548 0.59807 0.60181 0.60669 0.61274 0.61977 0.62753 0.63652 0.64656 0.65775 0.67029 0.68392 0.69934 0.71685 0.73701 0.76035 0.78759 0.81989 0.85759 0.00000 0.00000 0.00000 0.00000 0.00000 0.00000 0.00000 0.00000 0.00000 0.00000 0.00000 0.00000 0.00000 0.00000
0.60661 0.59680 0.58947 0.58446 0.58148 0.58015 0.58031 0.58200 0.58520 0.58956 0.59507 0.60173 0.60936 0.61773 0.62736 0.63808 0.65005 0.66353 0.67837 0.69539 0.71505 0.73804 0.76500 0.79666 0.83409 0.00000 0.00000 0.00000 0.00000 0.00000 0.00000 0.00000 0.00000 0.00000 0.00000 0.00000 0.00000 0.00000 0.00000 0.00000
0.58793 0.57863 0.57190 0.56753 0.56523 0.56459 0.56545 0.56784 0.57175 0.57681 0.58300 0.59033 0.59863 0.60770 0.61806 0.62962 0.64258 0.65732 0.67384 0.69310 0.71571 0.74248 0.77404 0.81105 0.00000 0.00000 0.00000 0.00000 0.00000 0.00000 0.00000 0.00000 0.00000 0.00000 0.00000 0.00000 0.00000 0.00000 0.00000 0.00000
0.56774 0.55911 0.55312 0.54953 0.54802 0.54819 0.54986 0.55305 0.55776 0.56359 0.57054 0.57863 0.58770 0.59757 0.60882 0.62143 0.63572 0.65222 0.67107 0.69340 0.71993 0.75152 0.78866 0.00000 0.00000 0.00000 0.00000 0.00000 0.00000 0.00000 0.00000 0.00000 0.00000 0.00000 0.00000 0.00000 0.00000 0.00000 0.00000 0.00000
0.54593 0.53818 0.53311 0.53046 0.52989 0.53100 0.53360 0.53769 0.54330 0.55000 0.55782 0.56677 0.57672 0.58755 0.59993 0.61395 0.63008 0.64901 0.67106 0.69747 0.72901 0.76644 0.00000 0.00000 0.00000 0.00000 0.00000 0.00000 0.00000 0.00000 0.00000 0.00000 0.00000 0.00000 0.00000 0.00000 0.00000 0.00000 0.00000 0.00000
0.52245 0.51580 0.51187 0.51036 0.51091 0.51311 0.51677 0.52189 0.52851 0.53619 0.54498 0.55493 0.56595 0.57800 0.59187 0.60781 0.62648 0.64875 0.67506 0.70669 0.74430 0.00000 0.00000 0.00000 0.00000 0.00000 0.00000 0.00000 0.00000 0.00000 0.00000 0.00000 0.00000 0.00000 0.00000 0.00000 0.00000 0.00000 0.00000 0.00000
0.49724 0.49199 0.48947 0.48932 0.49119 0.49467 0.49953 0.50582 0.51358 0.52238 0.53229 0.54344 0.55579 0.56943 0.58533 0.60393 0.62608 0.65279 0.68452 0.72248 0.00000 0.00000 0.00000 0.00000 0.00000 0.00000 0.00000 0.00000 0.00000 0.00000 0.00000 0.00000 0.00000 0.00000 0.00000 0.00000 0.00000 0.00000 0.00000 0.00000
0.47029 0.46681 0.46600 0.46750 0.47092 0.47587 0.48212 0.48973 0.49879 0.50888 0.52012 0.53273 0.54683 0.56261 0.58130 0.60353 0.63029 0.66266 0.70099 0.00000 0.00000 0.00000 0.00000 0.00000 0.00000 0.00000 0.00000 0.00000 0.00000 0.00000 0.00000 0.00000 0.00000 0.00000 0.00000 0.00000 0.00000 0.00000 0.00000 0.00000
0.44159 0.44034 0.44163 0.44510 0.45035 0.45701 0.46484 0.47396 0.48452 0.49611 0.50897 0.52348 0.53989 0.55861 0.58109 0.60812 0.64077 0.68003 0.00000 0.00000 0.00000 0.00000 0.00000 0.00000 0.00000 0.00000 0.00000 0.00000 0.00000 0.00000 0.00000 0.00000 0.00000 0.00000 0.00000 0.00000 0.00000 0.00000 0.00000 0.00000
0.41118 0.41274 0.41659 0.42241 0.42982 0.43845 0.44809 0.45895 0.47126 0.48469 0.49961 0.51662 0.53615 0.55883 0.58631 0.61948 0.65929 0.00000 0.00000 0.00000 0.00000 0.00000 0.00000 0.00000 0.00000 0.00000 0.00000 0.00000 0.00000 0.00000 0.00000 0.00000 0.00000 0.00000 0.00000 0.00000 0.00000 0.00000 0.00000 0.00000
0.37911 0.38422 0.39120 0.39984 0.40977 0.42069 0.43244 0.44533 0.45974 0.47547 0.49308 0.51342 0.53712 0.56503 0.59890 0.63952 0.00000 0.00000 0.00000 0.00000 0.00000 0.00000 0.00000 0.00000 0.00000 0.00000 0.00000 0.00000 0.00000 0.00000 0.00000 0.00000 0.00000 0.00000 0.00000 0.00000 0.00000 0.00000 0.00000 0.00000
0.34545 0.35508 0.36592 0.37791 0.39080 0.40438 0.41860 0.43392 0.45093 0.46962 0.49079 0.51555 0.54475 0.57930 0.62093 0.00000 0.00000 0.00000 0.00000 0.00000 0.00000 0.00000 0.00000 0.00000 0.00000 0.00000 0.00000 0.00000 0.00000 0.00000 0.00000 0.00000 0.00000 0.00000 0.00000 0.00000 0.00000 0.00000 0.00000 0.00000
0.31030 0.32573 0.34135 0.35735 0.37374 0.39043 0.40758 0.42589 0.44620 0.46877 0.49462 0.52517 0.56131 0.60394 0.00000 0.00000 0.00000 0.00000 0.00000 0.00000 0.00000 0.00000 0.00000 0.00000 0.00000 0.00000 0.00000 0.00000 0.00000 0.00000 0.00000 0.00000 0.00000 0.00000 0.00000 0.00000 0.00000 0.00000 0.00000 0.00000
0.27374 0.29678 0.31835 0.33919 0.35971 0.38009 0.40081 0.42285 0.44742 0.47505 0.50700 0.54483 0.58940 0.00000 0.00000 0.00000 0.00000 0.00000 0.00000 0.00000 0.00000 0.00000 0.00000 0.00000 0.00000 0.00000 0.00000 0.00000 0.00000 0.00000 0.00000 0.00000 0.00000 0.00000 0.00000 0.00000 0.00000 0.00000 0.00000 0.00000
0.23588 0.26909 0.29819 0.32490 0.35036 0.37519 0.40028 0.42708 0.45712 0.49126 0.53086 0.57749 0.00000 0.00000 0.00000 0.00000 0.00000 0.00000 0.00000 0.00000 0.00000 0.00000 0.00000 0.00000 0.00000 0.00000 0.00000 0.00000 0.00000 0.00000 0.00000 0.00000 0.00000 0.00000 0.00000 0.00000 0.00000 0.00000 0.00000 0.00000
0.19680 0.24409 0.28284 0.31675 0.34812 0.37835 0.40889 0.44169 0.47868 0.52092 0.56970 0.00000 0.00000 0.00000 0.00000 0.00000 0.00000 0.00000 0.00000 0.00000 0.00000 0.00000 0.00000 0.00000 0.00000 0.00000 0.00000 0.00000 0.00000 0.00000 0.00000 0.00000 0.00000 0.00000 0.00000 0.00000 0.00000 0.00000 0.00000 0.00000
0.15656 0.22428 0.27561 0.31832 0.35678 0.39352 0.43076 0.47101 0.51651 0.56835 0.00000 0.00000 0.00000 0.00000 0.00000 0.00000 0.00000 0.00000 0.00000 0.00000 0.00000 0.00000 0.00000 0.00000 0.00000 0.00000 0.00000 0.00000 0.00000 0.00000 0.00000 0.00000 0.00000 0.00000 0.00000 0.00000 0.00000 0.00000 0.00000 0.00000
0.11516 0.21463 0.28248 0.33573 0.38240 0.42674 0.47190 0.52097 0.57628 0.00000 0.00000 0.00000 0.00000 0.00000 0.00000 0.00000 0.00000 0.00000 0.00000 0.00000 0.00000 0.00000 0.00000 0.00000 0.00000 0.00000 0.00000 0.00000 0.00000 0.00000 0.00000 0.00000 0.00000 0.00000 0.00000 0.00000 0.00000 0.00000 0.00000 0.00000
0.07256 0.22684 0.31560 0.38013 0.43518 0.48750 0.54118 0.59972 0.00000 0.00000 0.00000 0.00000 0.00000 0.00000 0.00000 0.00000 0.00000 0.00000 0.00000 0.00000 0.00000 0.00000 0.00000 0.00000 0.00000 0.00000 0.00000 0.00000 0.00000 0.00000 0.00000 0.00000 0.00000 0.00000 0.00000 0.00000 0.00000 0.00000 0.00000 0.00000
0.02862 0.29618 0.40349 0.47395 0.53353 0.59140 0.65204 0.00000 0.00000 0.00000 0.00000 0.00000 0.00000 0.00000 0.00000 0.00000 0.00000 0.00000 0.00000 0.00000 0.00000 0.00000 0.00000 0.00000 0.00000 0.00000 0.00000 0.00000 0.00000 0.00000 0.00000 0.00000 0.00000 0.00000 0.00000 0.00000 0.00000 0.00000 0.00000 0.00000
0.00000 0.59974 0.63201 0.66955 0.71395 0.76592 0.00000 0.00000 0.00000 0.00000 0.00000 0.00000 0.00000 0.00000 0.00000 0.00000 0.00000 0.00000 0.00000 0.00000 0.00000 0.00000 0.00000 0.00000 0.00000 0.00000 0.00000 0.00000 0.00000 0.00000 0.00000 0.00000 0.00000 0.00000 0.00000 0.00000 0.00000 0.00000 0.00000 0.00000
0.06377 0.35436 0.47679 0.56175 0.63638 0.00000 0.00000 0.00000 0.00000 0.00000 0.00000 0.00000 0.00000 0.00000 0.00000 0.00000 0.00000 0.00000 0.00000 0.00000 0.00000 0.00000 0.00000 0.00000 0.00000 0.00000 0.00000 0.00000 0.00000 0.00000 0.00000 0.00000 0.00000 0.00000 0.00000 0.00000 0.00000 0.00000 0.00000 0.00000
0.11250 0.30850 0.42901 0.52318 0.00000 0.00000 0.00000 0.00000 0.00000 0.00000 0.00000 0.00000 0.00000 0.00000 0.00000 0.00000 0.00000 0.00000 0.00000 0.00000 0.00000 0.00000 0.00000 0.00000 0.00000 0.00000 0.00000 0.00000 0.00000 0.00000 0.00000 0.00000 0.00000 0.00000 0.00000 0.00000 0.00000 0.00000 0.00000 0.00000
0.16296 0.31387 0.42501 0.00000 0.00000 0.00000 0.00000 0.00000 0.00000 0.00000 0.00000 0.00000 0.00000 0.00000 0.00000 0.00000 0.00000 0.00000 0.00000 0.00000 0.00000 0.00000 0.00000 0.00000 0.00000 0.00000 0.00000 0.00000 0.00000 0.00000 0.00000 0.00000 0.00000 0.00000 0.00000 0.00000 0.00000 0.00000 0.00000 0.00000
0.21501 0.34039 0.00000 0.00000 0.00000 0.00000 0.00000 0.00000 0.00000 0.00000 0.00000 0.00000 0.00000 0.00000 0.00000 0.00000 0.00000 0.00000 0.00000 0.00000 0.00000 0.00000 0.00000 0.00000 0.00000 0.00000 0.00000 0.00000 0.00000 0.00000 0.00000 0.00000 0.00000 0.00000 0.00000 0.00000 0.00000 0.00000 0.00000 0.00000
0.26819 0.00000 0.00000 0.00000 0.00000 0.00000 0.00000 0.00000 0.00000 0.00000 0.00000 0.00000 0.00000 0.00000 0.00000 0.00000 0.00000 0.00000 0.00000 0.00000 0.00000 0.00000 0.00000 0.00000 0.00000 0.00000 0.00000 0.00000 0.00000 0.00000 0.00000 0.00000 0.00000 0.00000 0.00000 0.00000 0.00000 0.00000 0.00000 0.00000
