0.69169 0.65806 0.62850 0.60254 0.57986 0.56015 0.54320 0.52882 0.51685 0.50715 0.49960 0.49411 0.49052 0.48872 0.48862 0.49010 0.49304 0.49729 0.50276 0.50935 0.51692 0.52545 0.53500 0.54570 0.55792 0.57222 0.58946 0.61062 0.63698 0.67015 0.71272 0.76951 0.84913 0.96995 1.18285 1.63515
0.67519 0.64061 0.61040 0.58405 0.56116 0.54140 0.52452 0.51030 0.49858 0.48920 0.48202 0.47694 0.47380 0.47247 0.47287 0.47487 0.47833 0.48312 0.48912 0.49624 0.50434 0.51340 0.52346 0.53468 0.54743 0.56228 0.58011 0.60192 0.62899 0.66299 0.70654 0.76453 0.84574 0.96886 1.18567 0.00000
0.65484 0.61941 0.58870 0.56209 0.53915 0.51949 0.50282 0.48892 0.47759 0.46866 0.46198 0.45744 0.45486 0.45412 0.45513 0.45773 0.46181 0.46722 0.47383 0.48157 0.49027 0.49992 0.51057 0.52237 0.53571 0.55117 0.56964 0.59215 0.62000 0.65488 0.69948 0.75876 0.84169 0.96736 0.00000 0.00000
0.63165 0.59546 0.56434 0.53760 0.51473 0.49531 0.47899 0.46553 0.45472 0.44635 0.44029 0.43639 0.43448 0.43442 0.43612 0.43943 0.44420 0.45030 0.45760 0.46602 0.47538 0.48568 0.49697 0.50941 0.52338 0.53949 0.55866 0.58191 0.61060 0.64642 0.69212 0.75282 0.83773 0.00000 0.00000 0.00000
0.60536 0.56851 0.53713 0.51042 0.48779 0.46875 0.45295 0.44009 0.42993 0.42227 0.41695 0.41382 0.41270 0.41343 0.41592 0.42002 0.42559 0.43246 0.44053 0.44969 0.45979 0.47080 0.48279 0.49591 0.51058 0.52739 0.54730 0.57135 0.60092 0.63776 0.68468 0.74706 0.00000 0.00000 0.00000 0.00000
0.57576 0.53840 0.50695 0.48045 0.45827 0.43983 0.42473 0.41264 0.40332 0.39653 0.39211 0.38989 0.38969 0.39132 0.39473 0.39973 0.40618 0.41392 0.42283 0.43283 0.44372 0.45551 0.46826 0.48213 0.49754 0.51511 0.53581 0.56072 0.59124 0.62919 0.67760 0.00000 0.00000 0.00000 0.00000 0.00000
0.54261 0.50495 0.47368 0.44766 0.42618 0.40858 0.39441 0.38333 0.37505 0.36932 0.36597 0.36483 0.36570 0.36838 0.37282 0.37884 0.38629 0.39500 0.40485 0.41576 0.42752 0.44015 0.45372 0.46840 0.48462 0.50298 0.52453 0.55036 0.58195 0.62126 0.00000 0.00000 0.00000 0.00000 0.00000 0.00000
0.50572 0.46807 0.43730 0.41211 0.39164 0.37519 0.36224 0.35242 0.34543 0.34099 0.33891 0.33905 0.34116 0.34505 0.35068 0.35785 0.36641 0.37619 0.38707 0.39898 0.41169 0.42523 0.43968 0.45522 0.47229 0.49152 0.51398 0.54081 0.57366 0.00000 0.00000 0.00000 0.00000 0.00000 0.00000 0.00000
0.46507 0.42783 0.39801 0.37406 0.35501 0.34008 0.32869 0.32045 0.31503 0.31213 0.31157 0.31319 0.31673 0.32202 0.32899 0.33746 0.34725 0.35822 0.37023 0.38322 0.39693 0.41145 0.42684 0.44329 0.46125 0.48140 0.50484 0.53285 0.00000 0.00000 0.00000 0.00000 0.00000 0.00000 0.00000 0.00000
0.42090 0.38461 0.35628 0.33410 0.31696 0.30398 0.29455 0.28825 0.28473 0.28366 0.28488 0.28820 0.29340 0.30027 0.30874 0.31865 0.32981 0.34206 0.35529 0.36942 0.38422 0.39975 0.41611 0.43350 0.45240 0.47352 0.49807 0.00000 0.00000 0.00000 0.00000 0.00000 0.00000 0.00000 0.00000 0.00000
0.37375 0.33912 0.31296 0.29319 0.27852 0.26799 0.26097 0.25700 0.25572 0.25680 0.26007 0.26535 0.27241 0.28104 0.29118 0.30267 0.31530 0.32893 0.34345 0.35877 0.37468 0.39125 0.40861 0.42696 0.44681 0.46899 0.00000 0.00000 0.00000 0.00000 0.00000 0.00000 0.00000 0.00000 0.00000 0.00000
0.32446 0.29239 0.26926 0.25264 0.24109 0.23358 0.22945 0.22823 0.22955 0.23309 0.23868 0.24615 0.25527 0.26584 0.27778 0.29094 0.30513 0.32020 0.33604 0.35257 0.36961 0.38721 0.40554 0.42484 0.44568 0.00000 0.00000 0.00000 0.00000 0.00000 0.00000 0.00000 0.00000 0.00000 0.00000 0.00000
0.27409 0.24577 0.22671 0.21413 0.20641 0.20251 0.20176 0.20370 0.20797 0.21426 0.22242 0.23227 0.24362 0.25625 0.27009 0.28500 0.30078 0.31730 0.33445 0.35217 0.37028 0.38887 0.40813 0.42836 0.00000 0.00000 0.00000 0.00000 0.00000 0.00000 0.00000 0.00000 0.00000 0.00000 0.00000 0.00000
0.22374 0.20084 0.18717 0.17963 0.17653 0.17685 0.17996 0.18542 0.19294 0.20221 0.21313 0.22550 0.23917 0.25391 0.26968 0.28633 0.30368 0.32160 0.34000 0.35881 0.37790 0.39737 0.41748 0.00000 0.00000 0.00000 0.00000 0.00000 0.00000 0.00000 0.00000 0.00000 0.00000 0.00000 0.00000 0.00000
0.17445 0.15947 0.15290 0.15157 0.15388 0.15898 0.16633 0.17560 0.18655 0.19894 0.21268 0.22761 0.24359 0.26042 0.27804 0.29635 0.31515 0.33433 0.35383 0.37358 0.39349 0.41370 0.00000 0.00000 0.00000 0.00000 0.00000 0.00000 0.00000 0.00000 0.00000 0.00000 0.00000 0.00000 0.00000 0.00000
0.12708 0.12423 0.12700 0.13312 0.14155 0.15180 0.16360 0.17675 0.19113 0.20658 0.22307 0.24042 0.25856 0.27730 0.29659 0.31633 0.33637 0.35658 0.37694 0.39738 0.41788 0.00000 0.00000 0.00000 0.00000 0.00000 0.00000 0.00000 0.00000 0.00000 0.00000 0.00000 0.00000 0.00000 0.00000 0.00000
0.08220 0.09975 0.11467 0.12918 0.14394 0.15926 0.17525 0.19196 0.20944 0.22759 0.24645 0.26588 0.28580 0.30609 0.32668 0.34750 0.36839 0.38927 0.41015 0.43095 0.00000 0.00000 0.00000 0.00000 0.00000 0.00000 0.00000 0.00000 0.00000 0.00000 0.00000 0.00000 0.00000 0.00000 0.00000 0.00000
0.04014 0.09861 0.12707 0.14883 0.16843 0.18738 0.20630 0.22546 0.24505 0.26503 0.28547 0.30623 0.32726 0.34846 0.36974 0.39105 0.41227 0.43330 0.45421 0.00000 0.00000 0.00000 0.00000 0.00000 0.00000 0.00000 0.00000 0.00000 0.00000 0.00000 0.00000 0.00000 0.00000 0.00000 0.00000 0.00000
0.00000 0.18238 0.19702 0.21274 0.22932 0.24670 0.26482 0.28360 0.30309 0.32307 0.34356 0.36435 0.38533 0.40640 0.42743 0.44839 0.46915 0.48960 0.00000 0.00000 0.00000 0.00000 0.00000 0.00000 0.00000 0.00000 0.00000 0.00000 0.00000 0.00000 0.00000 0.00000 0.00000 0.00000 0.00000 0.00000
0.03550 0.12307 0.16282 0.19140 0.21595 0.23878 0.26089 0.28270 0.30452 0.32635 0.34826 0.37015 0.39193 0.41358 0.43496 0.45608 0.47686 0.00000 0.00000 0.00000 0.00000 0.00000 0.00000 0.00000 0.00000 0.00000 0.00000 0.00000 0.00000 0.00000 0.00000 0.00000 0.00000 0.00000 0.00000 0.00000
0.06946 0.12688 0.16410 0.19383 0.22013 0.24466 0.26828 0.29137 0.31425 0.33691 0.35945 0.38180 0.40385 0.42561 0.44696 0.46794 0.00000 0.00000 0.00000 0.00000 0.00000 0.00000 0.00000 0.00000 0.00000 0.00000 0.00000 0.00000 0.00000 0.00000 0.00000 0.00000 0.00000 0.00000 0.00000 0.00000
0.10128 0.14482 0.17820 0.20693 0.23325 0.25815 0.28226 0.30581 0.32908 0.35204 0.37476 0.39716 0.41917 0.44075 0.46184 0.00000 0.00000 0.00000 0.00000 0.00000 0.00000 0.00000 0.00000 0.00000 0.00000 0.00000 0.00000 0.00000 0.00000 0.00000 0.00000 0.00000 0.00000 0.00000 0.00000 0.00000
0.13129 0.16735 0.19776 0.22528 0.25114 0.27594 0.30009 0.32371 0.34703 0.36997 0.39258 0.41480 0.43654 0.45776 0.00000 0.00000 0.00000 0.00000 0.00000 0.00000 0.00000 0.00000 0.00000 0.00000 0.00000 0.00000 0.00000 0.00000 0.00000 0.00000 0.00000 0.00000 0.00000 0.00000 0.00000 0.00000
0.15984 0.19151 0.21983 0.24632 0.27164 0.29617 0.32015 0.34363 0.36678 0.38951 0.41184 0.43371 0.45506 0.00000 0.00000 0.00000 0.00000 0.00000 0.00000 0.00000 0.00000 0.00000 0.00000 0.00000 0.00000 0.00000 0.00000 0.00000 0.00000 0.00000 0.00000 0.00000 0.00000 0.00000 0.00000 0.00000
0.18721 0.21617 0.24306 0.26872 0.29354 0.31773 0.34144 0.36466 0.38751 0.40989 0.43181 0.45323 0.00000 0.00000 0.00000 0.00000 0.00000 0.00000 0.00000 0.00000 0.00000 0.00000 0.00000 0.00000 0.00000 0.00000 0.00000 0.00000 0.00000 0.00000 0.00000 0.00000 0.00000 0.00000 0.00000 0.00000
0.21368 0.24088 0.26676 0.29177 0.31613 0.33996 0.36333 0.38620 0.40864 0.43059 0.45202 0.00000 0.00000 0.00000 0.00000 0.00000 0.00000 0.00000 0.00000 0.00000 0.00000 0.00000 0.00000 0.00000 0.00000 0.00000 0.00000 0.00000 0.00000 0.00000 0.00000 0.00000 0.00000 0.00000 0.00000 0.00000
0.23942 0.26545 0.29059 0.31507 0.33900 0.36243 0.38540 0.40785 0.42982 0.45126 0.00000 0.00000 0.00000 0.00000 0.00000 0.00000 0.00000 0.00000 0.00000 0.00000 0.00000 0.00000 0.00000 0.00000 0.00000 0.00000 0.00000 0.00000 0.00000 0.00000 0.00000 0.00000 0.00000 0.00000 0.00000 0.00000
0.26459 0.28979 0.31436 0.33836 0.36186 0.38486 0.40738 0.42934 0.45077 0.00000 0.00000 0.00000 0.00000 0.00000 0.00000 0.00000 0.00000 0.00000 0.00000 0.00000 0.00000 0.00000 0.00000 0.00000 0.00000 0.00000 0.00000 0.00000 0.00000 0.00000 0.00000 0.00000 0.00000 0.00000 0.00000 0.00000
0.28928 0.31386 0.33793 0.36148 0.38454 0.40706 0.42907 0.45051 0.00000 0.00000 0.00000 0.00000 0.00000 0.00000 0.00000 0.00000 0.00000 0.00000 0.00000 0.00000 0.00000 0.00000 0.00000 0.00000 0.00000 0.00000 0.00000 0.00000 0.00000 0.00000 0.00000 0.00000 0.00000 0.00000 0.00000 0.00000
0.31355 0.33761 0.36122 0.38430 0.40689 0.42888 0.45036 0.00000 0.00000 0.00000 0.00000 0.00000 0.00000 0.00000 0.00000 0.00000 0.00000 0.00000 0.00000 0.00000 0.00000 0.00000 0.00000 0.00000 0.00000 0.00000 0.00000 0.00000 0.00000 0.00000 0.00000 0.00000 0.00000 0.00000 0.00000 0.00000
0.33742 0.36101 0.38415 0.40675 0.42881 0.45025 0.00000 0.00000 0.00000 0.00000 0.00000 0.00000 0.00000 0.00000 0.00000 0.00000 0.00000 0.00000 0.00000 0.00000 0.00000 0.00000 0.00000 0.00000 0.00000 0.00000 0.00000 0.00000 0.00000 0.00000 0.00000 0.00000 0.00000 0.00000 0.00000 0.00000
0.36088 0.38401 0.40665 0.42873 0.45024 0.00000 0.00000 0.00000 0.00000 0.00000 0.00000 0.00000 0.00000 0.00000 0.00000 0.00000 0.00000 0.00000 0.00000 0.00000 0.00000 0.00000 0.00000 0.00000 0.00000 0.00000 0.00000 0.00000 0.00000 0.00000 0.00000 0.00000 0.00000 0.00000 0.00000 0.00000
0.38391 0.40655 0.42866 0.45019 0.00000 0.00000 0.00000 0.00000 0.00000 0.00000 0.00000 0.00000 0.00000 0.00000 0.00000 0.00000 0.00000 0.00000 0.00000 0.00000 0.00000 0.00000 0.00000 0.00000 0.00000 0.00000 0.00000 0.00000 0.00000 0.00000 0.00000 0.00000 0.00000 0.00000 0.00000 0.00000
0.40648 0.42859 0.45014 0.00000 0.00000 0.00000 0.00000 0.00000 0.00000 0.00000 0.00000 0.00000 0.00000 0.00000 0.00000 0.00000 0.00000 0.00000 0.00000 0.00000 0.00000 0.00000 0.00000 0.00000 0.00000 0.00000 0.00000 0.00000 0.00000 0.00000 0.00000 0.00000 0.00000 0.00000 0.00000 0.00000
0.42853 0.45008 0.00000 0.00000 0.00000 0.00000 0.00000 0.00000 0.00000 0.00000 0.00000 0.00000 0.00000 0.00000 0.00000 0.00000 0.00000 0.00000 0.00000 0.00000 0.00000 0.00000 0.00000 0.00000 0.00000 0.00000 0.00000 0.00000 0.00000 0.00000 0.00000 0.00000 0.00000 0.00000 0.00000 0.00000
0.45004 0.00000 0.00000 0.00000 0.00000 0.00000 0.00000 0.00000 0.00000 0.00000 0.00000 0.00000 0.00000 0.00000 0.00000 0.00000 0.00000 0.00000 0.00000 0.00000 0.00000 0.00000 0.00000 0.00000 0.00000 0.00000 0.00000 0.00000 0.00000 0.00000 0.00000 0.00000 0.00000 0.00000 0.00000 0.00000
