0.00000 1.73718 1.76525 1.78639 1.80352 1.81696 1.82738 1.83598 1.84363 1.85029 1.85595 1.86138 1.86651 1.87119 1.87655 1.88230 1.88859 1.89577 1.90331 1.91188 1.92175 1.93326 1.94651 1.96199 1.98057 2.00253 2.02938 2.06167 2.10005 2.14553 2.19952 2.26430 2.34256 2.49341 2.68933 2.96255 3.37870 4.08401 5.43174 8.27816
0.00000 1.76734 1.78554 1.80123 1.81337 1.82279 1.83018 1.83658 1.84263 1.84816 1.85304 1.85793 1.86273 1.86719 1.87235 1.87787 1.88382 1.89053 1.89743 1.90516 1.91398 1.92418 1.93588 1.94956 1.96614 1.98590 2.01040 2.04022 2.07607 2.11901 2.17048 2.23284 2.35845 2.51322 2.71459 2.99561 3.42403 4.15064 5.53926 0.00000
0.00000 1.77776 1.79274 1.80435 1.81315 1.82015 1.82588 1.83115 1.83649 1.84159 1.84626 1.85110 1.85591 1.86037 1.86546 1.87079 1.87639 1.88257 1.88870 1.89543 1.90297 1.91165 1.92157 1.93325 1.94763 1.96503 1.98705 2.01434 2.04764 2.08806 2.13712 2.24479 2.37366 2.53276 2.73991 3.02933 3.47104 4.22037 0.00000 0.00000
0.00000 1.78179 1.79223 1.80061 1.80729 1.81294 1.81785 1.82268 1.82784 1.83294 1.83774 1.84275 1.84770 1.85217 1.85716 1.86220 1.86730 1.87276 1.87790 1.88335 1.88935 1.89622 1.90411 1.91355 1.92554 1.94042 1.95987 1.98458 2.01535 2.05334 2.14600 2.25647 2.38896 2.55267 2.76611 3.06476 3.52076 0.00000 0.00000 0.00000
0.00000 1.77686 1.78465 1.79149 1.79731 1.80255 1.80735 1.81227 1.81767 1.82309 1.82822 1.83349 1.83857 1.84296 1.84770 1.85227 1.85665 1.86114 1.86499 1.86887 1.87303 1.87782 1.88342 1.89043 1.89986 1.91209 1.92893 1.95108 1.97938 2.05957 2.15460 2.26825 2.40462 2.57339 2.79381 3.10249 0.00000 0.00000 0.00000 0.00000
0.00000 1.76680 1.77340 1.77984 1.78558 1.79097 1.79607 1.80139 1.80729 1.81314 1.81860 1.82406 1.82914 1.83323 1.83749 1.84131 1.84465 1.84786 1.85007 1.85204 1.85405 1.85649 1.85958 1.86397 1.87072 1.88024 1.89447 1.91413 1.98348 2.06569 2.16345 2.28052 2.42118 2.59563 2.82374 0.00000 0.00000 0.00000 0.00000 0.00000
0.00000 1.75477 1.76093 1.76756 1.77364 1.77948 1.78509 1.79096 1.79745 1.80368 1.80934 1.81479 1.81960 1.82312 1.82658 1.82930 1.83122 1.83276 1.83298 1.83271 1.83228 1.83213 1.83252 1.83414 1.83816 1.84498 1.85667 1.91648 1.98755 2.07213 2.17281 2.29369 2.43925 2.62002 0.00000 0.00000 0.00000 0.00000 0.00000 0.00000
0.00000 1.74259 1.74859 1.75575 1.76240 1.76884 1.77505 1.78145 1.78844 1.79486 1.80048 1.80562 1.80985 1.81247 1.81474 1.81595 1.81606 1.81553 1.81340 1.81059 1.80746 1.80451 1.80206 1.80085 1.80215 1.80637 1.85753 1.91880 1.99192 2.07906 2.18304 2.30830 2.45936 0.00000 0.00000 0.00000 0.00000 0.00000 0.00000 0.00000
0.00000 1.73097 1.73714 1.74498 1.75230 1.75939 1.76616 1.77293 1.78019 1.78652 1.79176 1.79626 1.79952 1.80084 1.80150 1.80078 1.79868 1.79569 1.79090 1.78528 1.77925 1.77338 1.76804 1.76400 1.76267 1.80592 1.85825 1.92132 1.99665 2.08671 2.19458 2.32479 0.00000 0.00000 0.00000 0.00000 0.00000 0.00000 0.00000 0.00000
0.00000 1.72055 1.72710 1.73565 1.74363 1.75126 1.75839 1.76523 1.77240 1.77827 1.78276 1.78622 1.78809 1.78769 1.78629 1.78323 1.77854 1.77275 1.76501 1.75639 1.74734 1.73848 1.73028 1.72350 1.76105 1.80522 1.85902 1.92406 2.00194 2.09550 2.20781 0.00000 0.00000 0.00000 0.00000 0.00000 0.00000 0.00000 0.00000 0.00000
0.00000 1.71151 1.71862 1.72783 1.73633 1.74427 1.75142 1.75793 1.76458 1.76958 1.77288 1.77487 1.77487 1.77231 1.76842 1.76264 1.75503 1.74618 1.73528 1.72353 1.71142 1.69963 1.68869 1.72072 1.75901 1.80439 1.85980 1.92714 2.00814 2.10573 0.00000 0.00000 0.00000 0.00000 0.00000 0.00000 0.00000 0.00000 0.00000 0.00000
0.00000 1.70394 1.71169 1.72136 1.73009 1.73796 1.74468 1.75040 1.75606 1.75974 1.76137 1.76142 1.75911 1.75395 1.74720 1.73836 1.72758 1.71546 1.70128 1.68638 1.67126 1.65667 1.68480 1.71728 1.75662 1.80333 1.86067 1.93086 2.01551 0.00000 0.00000 0.00000 0.00000 0.00000 0.00000 0.00000 0.00000 0.00000 0.00000 0.00000
0.00000 1.69776 1.70594 1.71571 1.72426 1.73162 1.73742 1.74190 1.74608 1.74794 1.74740 1.74503 1.73998 1.73183 1.72189 1.70975 1.69562 1.68014 1.66267 1.64469 1.62672 1.65157 1.68003 1.71326 1.75374 1.80208 1.86189 1.93543 0.00000 0.00000 0.00000 0.00000 0.00000 0.00000 0.00000 0.00000 0.00000 0.00000 0.00000 0.00000
0.00000 1.69248 1.70070 1.71012 1.71808 1.72443 1.72879 1.73157 1.73374 1.73326 1.73007 1.72480 1.71666 1.70521 1.69183 1.67622 1.65865 1.63982 1.61917 1.59830 1.62028 1.64531 1.67438 1.70844 1.75033 1.80084 1.86361 0.00000 0.00000 0.00000 0.00000 0.00000 0.00000 0.00000 0.00000 0.00000 0.00000 0.00000 0.00000 0.00000
0.00000 1.68726 1.69508 1.70365 1.71057 1.71542 1.71785 1.71843 1.71807 1.71476 1.70846 1.69989 1.68834 1.67336 1.65640 1.63726 1.61630 1.59424 1.57063 1.59036 1.61238 1.63788 1.66760 1.70277 1.74658 1.79974 0.00000 0.00000 0.00000 0.00000 0.00000 0.00000 0.00000 0.00000 0.00000 0.00000 0.00000 0.00000 0.00000 0.00000
0.00000 1.68117 1.68809 1.69533 1.70075 1.70359 1.70359 1.70147 1.69807 1.69148 1.68170 1.66952 1.65434 1.63571 1.61514 1.59253 1.56832 1.54326 1.56102 1.58067 1.60301 1.62899 1.65962 1.69642 1.74260 0.00000 0.00000 0.00000 0.00000 0.00000 0.00000 0.00000 0.00000 0.00000 0.00000 0.00000 0.00000 0.00000 0.00000 0.00000
0.00000 1.67320 1.67878 1.68418 1.68757 1.68786 1.68494 1.67964 1.67276 1.66254 1.64902 1.63303 1.61408 1.59181 1.56771 1.54182 1.51464 1.53179 1.54934 1.56918 1.59184 1.61856 1.65063 1.68950 0.00000 0.00000 0.00000 0.00000 0.00000 0.00000 0.00000 0.00000 0.00000 0.00000 0.00000 0.00000 0.00000 0.00000 0.00000 0.00000
0.00000 1.66240 1.66617 1.66919 1.66996 1.66718 1.66088 1.65199 1.64129 1.62720 1.60977 1.58990 1.56719 1.54139 1.51400 1.48514 1.50111 1.51796 1.53559 1.55560 1.57882 1.60681 1.64072 0.00000 0.00000 0.00000 0.00000 0.00000 0.00000 0.00000 0.00000 0.00000 0.00000 0.00000 0.00000 0.00000 0.00000 0.00000 0.00000 0.00000
0.00000 1.64783 1.64927 1.64934 1.64689 1.64056 1.63051 1.61771 1.60297 1.58487 1.56349 1.53980 1.51350 1.48443 1.45409 1.46936 1.48496 1.50180 1.51947 1.53989 1.56420 1.59385 0.00000 0.00000 0.00000 0.00000 0.00000 0.00000 0.00000 0.00000 0.00000 0.00000 0.00000 0.00000 0.00000 0.00000 0.00000 0.00000 0.00000 0.00000
0.00000 1.62840 1.62704 1.62358 1.61740 1.60714 1.59305 1.57618 1.55729 1.53519 1.50996 1.48265 1.45306 1.42112 1.43591 1.45073 1.46626 1.48304 1.50098 1.52234 1.54810 0.00000 0.00000 0.00000 0.00000 0.00000 0.00000 0.00000 0.00000 0.00000 0.00000 0.00000 0.00000 0.00000 0.00000 0.00000 0.00000 0.00000 0.00000 0.00000
0.00000 1.60310 1.59846 1.59097 1.58069 1.56626 1.54798 1.52698 1.50400 1.47804 1.44922 1.41864 1.38620 1.40043 1.41470 1.42938 1.44476 1.46170 1.48046 1.50310 0.00000 0.00000 0.00000 0.00000 0.00000 0.00000 0.00000 0.00000 0.00000 0.00000 0.00000 0.00000 0.00000 0.00000 0.00000 0.00000 0.00000 0.00000 0.00000 0.00000
0.00000 1.57091 1.56259 1.55081 1.53620 1.51750 1.49500 1.46996 1.44309 1.41357 1.38157 1.34820 1.36294 1.37657 1.39064 1.40509 1.42054 1.43822 1.45811 0.00000 0.00000 0.00000 0.00000 0.00000 0.00000 0.00000 0.00000 0.00000 0.00000 0.00000 0.00000 0.00000 0.00000 0.00000 0.00000 0.00000 0.00000 0.00000 0.00000 0.00000
0.00000 1.53111 1.51881 1.50264 1.48367 1.46073 1.43412 1.40528 1.37488 1.34225 1.30759 1.32229 1.33645 1.34981 1.36356 1.37800 1.39412 1.41281 0.00000 0.00000 0.00000 0.00000 0.00000 0.00000 0.00000 0.00000 0.00000 0.00000 0.00000 0.00000 0.00000 0.00000 0.00000 0.00000 0.00000 0.00000 0.00000 0.00000 0.00000 0.00000
0.00000 1.48331 1.46685 1.44634 1.42308 1.39608 1.36565 1.33338 1.29996 1.26480 1.27908 1.29312 1.30707 1.32003 1.33368 1.34873 1.36573 0.00000 0.00000 0.00000 0.00000 0.00000 0.00000 0.00000 0.00000 0.00000 0.00000 0.00000 0.00000 0.00000 0.00000 0.00000 0.00000 0.00000 0.00000 0.00000 0.00000 0.00000 0.00000 0.00000
0.00000 1.42741 1.40673 1.38206 1.35472 1.32401 1.29020 1.25503 1.21921 1.23381 1.24732 1.26111 1.27472 1.28750 1.30173 1.31754 0.00000 0.00000 0.00000 0.00000 0.00000 0.00000 0.00000 0.00000 0.00000 0.00000 0.00000 0.00000 0.00000 0.00000 0.00000 0.00000 0.00000 0.00000 0.00000 0.00000 0.00000 0.00000 0.00000 0.00000
0.00000 1.36360 1.33880 1.31022 1.27920 1.24528 1.20872 1.17128 1.18586 1.19966 1.21283 1.22625 1.23977 1.25308 1.26796 0.00000 0.00000 0.00000 0.00000 0.00000 0.00000 0.00000 0.00000 0.00000 0.00000 0.00000 0.00000 0.00000 0.00000 0.00000 0.00000 0.00000 0.00000 0.00000 0.00000 0.00000 0.00000 0.00000 0.00000 0.00000
0.00000 1.29232 1.26366 1.23159 1.19744 1.16095 1.12237 1.13577 1.14947 1.16301 1.17564 1.18900 1.20325 1.21706 0.00000 0.00000 0.00000 0.00000 0.00000 0.00000 0.00000 0.00000 0.00000 0.00000 0.00000 0.00000 0.00000 0.00000 0.00000 0.00000 0.00000 0.00000 0.00000 0.00000 0.00000 0.00000 0.00000 0.00000 0.00000 0.00000
0.00000 1.21429 1.18225 1.14724 1.11066 1.07235 1.08521 1.09738 1.11080 1.12390 1.13630 1.15059 1.16547 0.00000 0.00000 0.00000 0.00000 0.00000 0.00000 0.00000 0.00000 0.00000 0.00000 0.00000 0.00000 0.00000 0.00000 0.00000 0.00000 0.00000 0.00000 0.00000 0.00000 0.00000 0.00000 0.00000 0.00000 0.00000 0.00000 0.00000
0.00000 1.13058 1.09582 1.05855 1.02034 1.03397 1.04541 1.05698 1.06986 1.08300 1.09631 1.11137 0.00000 0.00000 0.00000 0.00000 0.00000 0.00000 0.00000 0.00000 0.00000 0.00000 0.00000 0.00000 0.00000 0.00000 0.00000 0.00000 0.00000 0.00000 0.00000 0.00000 0.00000 0.00000 0.00000 0.00000 0.00000 0.00000 0.00000 0.00000
0.00000 1.04256 1.00584 0.96712 0.98106 0.99330 1.00401 1.01444 1.02731 1.04220 1.05609 0.00000 0.00000 0.00000 0.00000 0.00000 0.00000 0.00000 0.00000 0.00000 0.00000 0.00000 0.00000 0.00000 0.00000 0.00000 0.00000 0.00000 0.00000 0.00000 0.00000 0.00000 0.00000 0.00000 0.00000 0.00000 0.00000 0.00000 0.00000 0.00000
0.00000 0.95186 0.91401 0.92739 0.93978 0.95169 0.96072 0.97023 0.98550 1.00228 0.00000 0.00000 0.00000 0.00000 0.00000 0.00000 0.00000 0.00000 0.00000 0.00000 0.00000 0.00000 0.00000 0.00000 0.00000 0.00000 0.00000 0.00000 0.00000 0.00000 0.00000 0.00000 0.00000 0.00000 0.00000 0.00000 0.00000 0.00000 0.00000 0.00000
0.00000 0.86019 0.87483 0.88564 0.89827 0.90882 0.91550 0.92705 0.94579 0.00000 0.00000 0.00000 0.00000 0.00000 0.00000 0.00000 0.00000 0.00000 0.00000 0.00000 0.00000 0.00000 0.00000 0.00000 0.00000 0.00000 0.00000 0.00000 0.00000 0.00000 0.00000 0.00000 0.00000 0.00000 0.00000 0.00000 0.00000 0.00000 0.00000 0.00000
0.00000 0.00000 0.00000 0.00000 0.00000 0.00000 0.00000 0.00000 0.00000 0.00000 0.00000 0.00000 0.00000 0.00000 0.00000 0.00000 0.00000 0.00000 0.00000 0.00000 0.00000 0.00000 0.00000 0.00000 0.00000 0.00000 0.00000 0.00000 0.00000 0.00000 0.00000 0.00000 0.00000 0.00000 0.00000 0.00000 0.00000 0.00000 0.00000 0.00000
0.00000 0.00000 0.00000 0.00000 0.00000 0.00000 0.00000 0.00000 0.00000 0.00000 0.00000 0.00000 0.00000 0.00000 0.00000 0.00000 0.00000 0.00000 0.00000 0.00000 0.00000 0.00000 0.00000 0.00000 0.00000 0.00000 0.00000 0.00000 0.00000 0.00000 0.00000 0.00000 0.00000 0.00000 0.00000 0.00000 0.00000 0.00000 0.00000 0.00000
0.00000 0.00000 0.00000 0.00000 0.00000 0.00000 0.00000 0.00000 0.00000 0.00000 0.00000 0.00000 0.00000 0.00000 0.00000 0.00000 0.00000 0.00000 0.00000 0.00000 0.00000 0.00000 0.00000 0.00000 0.00000 0.00000 0.00000 0.00000 0.00000 0.00000 0.00000 0.00000 0.00000 0.00000 0.00000 0.00000 0.00000 0.00000 0.00000 0.00000
0.00000 0.00000 0.00000 0.00000 0.00000 0.00000 0.00000 0.00000 0.00000 0.00000 0.00000 0.00000 0.00000 0.00000 0.00000 0.00000 0.00000 0.00000 0.00000 0.00000 0.00000 0.00000 0.00000 0.00000 0.00000 0.00000 0.00000 0.00000 0.00000 0.00000 0.00000 0.00000 0.00000 0.00000 0.00000 0.00000 0.00000 0.00000 0.00000 0.00000
0.00000 0.00000 0.00000 0.00000 0.00000 0.00000 0.00000 0.00000 0.00000 0.00000 0.00000 0.00000 0.00000 0.00000 0.00000 0.00000 0.00000 0.00000 0.00000 0.00000 0.00000 0.00000 0.00000 0.00000 0.00000 0.00000 0.00000 0.00000 0.00000 0.00000 0.00000 0.00000 0.00000 0.00000 0.00000 0.00000 0.00000 0.00000 0.00000 0.00000
0.00000 0.00000 0.00000 0.00000 0.00000 0.00000 0.00000 0.00000 0.00000 0.00000 0.00000 0.00000 0.00000 0.00000 0.00000 0.00000 0.00000 0.00000 0.00000 0.00000 0.00000 0.00000 0.00000 0.00000 0.00000 0.00000 0.00000 0.00000 0.00000 0.00000 0.00000 0.00000 0.00000 0.00000 0.00000 0.00000 0.00000 0.00000 0.00000 0.00000
0.00000 0.00000 0.00000 0.00000 0.00000 0.00000 0.00000 0.00000 0.00000 0.00000 0.00000 0.00000 0.00000 0.00000 0.00000 0.00000 0.00000 0.00000 0.00000 0.00000 0.00000 0.00000 0.00000 0.00000 0.00000 0.00000 0.00000 0.00000 0.00000 0.00000 0.00000 0.00000 0.00000 0.00000 0.00000 0.00000 0.00000 0.00000 0.00000 0.00000
0.00000 0.00000 0.00000 0.00000 0.00000 0.00000 0.00000 0.00000 0.00000 0.00000 0.00000 0.00000 0.00000 0.00000 0.00000 0.00000 0.00000 0.00000 0.00000 0.00000 0.00000 0.00000 0.00000 0.00000 0.00000 0.00000 0.00000 0.00000 0.00000 0.00000 0.00000 0.00000 0.00000 0.00000 0.00000 0.00000 0.00000 0.00000 0.00000 0.00000
