23.426691 24.054050 24.718609 25.417545 26.152494 26.918440 27.721468 28.563860 29.443571 30.366728 31.336554 32.360146 33.460041 34.661919 36.001865 37.529709 39.313168 41.429035 43.984154 47.091873 50.923988 55.702110 61.786423 69.751076 80.737244 97.108002 125.276093 186.000000
22.442570 23.069027 23.732643 24.430862 25.164774 25.929644 26.731543 27.572742 28.451212 29.373055 30.341509 31.363657 32.462006 33.662186 35.000225 36.525909 38.306400 40.419239 42.970692 46.073959 49.900677 54.672684 60.749069 68.704819 79.689995 96.090698 124.335114 0.000000
21.431515 22.057068 22.719715 23.418240 24.151222 24.915022 25.715797 26.555822 27.433065 28.353626 29.320736 30.341452 31.438259 32.636765 33.972946 35.496487 37.272312 39.381908 41.929665 45.028362 48.849606 53.618568 59.690590 67.650528 78.695251 95.297661 0.000000 0.000000
20.419409 21.044075 21.705770 22.403841 23.136162 23.898886 24.698544 25.537390 26.413401 27.332697 28.298447 29.317732 30.413004 31.609818 32.944134 34.465527 36.237953 38.343887 40.887951 43.982300 47.798645 52.566097 58.650436 66.677071 77.952583 0.000000 0.000000 0.000000
19.406195 20.030035 20.690784 21.387281 22.119852 22.881504 23.680033 24.517694 25.392471 26.310558 27.274946 28.292795 29.386515 30.581659 31.914099 33.433376 35.204124 37.304867 39.845364 42.935886 46.750725 51.529648 57.688549 65.956917 0.000000 0.000000 0.000000 0.000000
18.394962 19.018280 19.678150 20.372570 21.104679 21.865297 22.662693 23.499191 24.372734 25.289946 26.252991 27.269419 28.361628 29.555117 30.885717 32.402912 34.172573 36.269611 38.807278 41.897438 45.726246 50.575726 56.979229 0.000000 0.000000 0.000000 0.000000 0.000000
17.388655 18.012312 18.671419 19.363266 20.093897 20.853571 21.649794 22.485157 23.357489 24.274893 25.236658 26.251741 27.342503 28.534439 29.863327 31.378571 33.147064 35.242889 37.781048 40.886009 44.787464 49.878609 0.000000 0.000000 0.000000 0.000000 0.000000 0.000000
16.393578 17.017172 17.675726 18.366077 19.094921 19.854044 20.649027 21.483477 22.354761 23.271641 24.232244 25.246109 26.335564 27.526102 28.853510 30.367132 32.134808 34.233063 36.786167 39.963455 44.105331 0.000000 0.000000 0.000000 0.000000 0.000000 0.000000 0.000000
15.417975 16.041050 16.699400 17.389656 18.116419 18.876060 19.669235 20.503250 21.373707 22.289206 23.248840 24.261673 25.350067 26.539511 27.865814 29.378569 31.148264 33.262512 35.885212 39.299496 0.000000 0.000000 0.000000 0.000000 0.000000 0.000000 0.000000 0.000000
14.472581 15.095428 15.754281 16.445244 17.171278 17.931187 18.723635 19.558434 20.428474 21.342648 22.301748 23.314001 24.401817 25.590818 26.917137 28.431946 30.216684 32.398884 35.247654 0.000000 0.000000 0.000000 0.000000 0.000000 0.000000 0.000000 0.000000 0.000000
13.572943 14.196546 14.857295 15.549607 16.276642 17.036583 17.829832 18.665339 19.535522 20.449190 21.408417 22.420633 23.508680 24.698420 26.027903 27.555952 29.404215 31.803471 0.000000 0.000000 0.000000 0.000000 0.000000 0.000000 0.000000 0.000000 0.000000 0.000000
12.737777 13.363549 14.026850 14.721341 15.450677 16.211109 17.006189 17.842335 18.713411 19.627563 20.587963 21.600758 22.690207 23.883646 25.227554 26.814756 28.864107 0.000000 0.000000 0.000000 0.000000 0.000000 0.000000 0.000000 0.000000 0.000000 0.000000 0.000000
11.985363 12.614958 13.281572 13.979348 14.712136 15.473557 16.271332 17.108778 17.981615 18.897350 19.860723 20.874510 21.968107 23.175341 24.573847 26.348116 0.000000 0.000000 0.000000 0.000000 0.000000 0.000000 0.000000 0.000000 0.000000 0.000000 0.000000 0.000000
11.332651 11.967876 12.639280 13.341746 14.079378 14.843610 15.645072 16.485144 17.360870 18.279474 19.246479 20.264877 21.371695 22.628534 24.194063 0.000000 0.000000 0.000000 0.000000 0.000000 0.000000 0.000000 0.000000 0.000000 0.000000 0.000000 0.000000 0.000000
10.794107 11.436940 12.115099 12.823820 13.568301 14.336997 15.143314 15.987512 16.867373 17.790348 18.762566 19.795389 20.946848 22.352137 0.000000 0.000000 0.000000 0.000000 0.000000 0.000000 0.000000 0.000000 0.000000 0.000000 0.000000 0.000000 0.000000 0.000000
10.381598 11.034132 11.721348 12.437948 13.190397 13.965794 14.778350 15.628231 16.513742 17.443718 18.427984 19.502016 20.783451 0.000000 0.000000 0.000000 0.000000 0.000000 0.000000 0.000000 0.000000 0.000000 0.000000 0.000000 0.000000 0.000000 0.000000 0.000000
10.101234 10.765539 11.464404 12.190139 12.951565 13.735648 14.555809 15.412924 16.306259 17.250223 18.270216 19.456825 0.000000 0.000000 0.000000 0.000000 0.000000 0.000000 0.000000 0.000000 0.000000 0.000000 0.000000 0.000000 0.000000 0.000000 0.000000 0.000000
9.954787 10.632833 11.344853 12.081858 12.853843 13.647822 14.477054 15.343493 16.250072 17.227695 18.344229 0.000000 0.000000 0.000000 0.000000 0.000000 0.000000 0.000000 0.000000 0.000000 0.000000 0.000000 0.000000 0.000000 0.000000 0.000000 0.000000 0.000000
9.938734 10.632249 11.358543 12.108890 12.893512 13.697799 14.537914 15.418399 16.355307 17.416487 0.000000 0.000000 0.000000 0.000000 0.000000 0.000000 0.000000 0.000000 0.000000 0.000000 0.000000 0.000000 0.000000 0.000000 0.000000 0.000000 0.000000 0.000000
10.046878 10.757340 11.499162 12.264319 13.062537 13.878736 14.733848 15.643181 16.651089 0.000000 0.000000 0.000000 0.000000 0.000000 0.000000 0.000000 0.000000 0.000000 0.000000 0.000000 0.000000 0.000000 0.000000 0.000000 0.000000 0.000000 0.000000 0.000000
10.270000 10.998577 11.757143 12.538083 13.350821 14.182190 15.064697 16.036348 0.000000 0.000000 0.000000 0.000000 0.000000 0.000000 0.000000 0.000000 0.000000 0.000000 0.000000 0.000000 0.000000 0.000000 0.000000 0.000000 0.000000 0.000000 0.000000 0.000000
10.597097 11.344571 12.120963 12.918685 13.748804 14.606548 15.542528 0.000000 0.000000 0.000000 0.000000 0.000000 0.000000 0.000000 0.000000 0.000000 0.000000 0.000000 0.000000 0.000000 0.000000 0.000000 0.000000 0.000000 0.000000 0.000000 0.000000 0.000000
11.016537 11.783398 12.579084 13.395924 14.252674 15.157911 0.000000 0.000000 0.000000 0.000000 0.000000 0.000000 0.000000 0.000000 0.000000 0.000000 0.000000 0.000000 0.000000 0.000000 0.000000 0.000000 0.000000 0.000000 0.000000 0.000000 0.000000 0.000000
11.518442 12.305269 13.121812 13.965534 14.865168 0.000000 0.000000 0.000000 0.000000 0.000000 0.000000 0.000000 0.000000 0.000000 0.000000 0.000000 0.000000 0.000000 0.000000 0.000000 0.000000 0.000000 0.000000 0.000000 0.000000 0.000000 0.000000 0.000000
12.093019 12.901541 13.745115 14.628129 0.000000 0.000000 0.000000 0.000000 0.000000 0.000000 0.000000 0.000000 0.000000 0.000000 0.000000 0.000000 0.000000 0.000000 0.000000 0.000000 0.000000 0.000000 0.000000 0.000000 0.000000 0.000000 0.000000 0.000000
12.731952 13.568364 14.448337 0.000000 0.000000 0.000000 0.000000 0.000000 0.000000 0.000000 0.000000 0.000000 0.000000 0.000000 0.000000 0.000000 0.000000 0.000000 0.000000 0.000000 0.000000 0.000000 0.000000 0.000000 0.000000 0.000000 0.000000 0.000000
13.431875 14.304178 0.000000 0.000000 0.000000 0.000000 0.000000 0.000000 0.000000 0.000000 0.000000 0.000000 0.000000 0.000000 0.000000 0.000000 0.000000 0.000000 0.000000 0.000000 0.000000 0.000000 0.000000 0.000000 0.000000 0.000000 0.000000 0.000000
14.192350 0.000000 0.000000 0.000000 0.000000 0.000000 0.000000 0.000000 0.000000 0.000000 0.000000 0.000000 0.000000 0.000000 0.000000 0.000000 0.000000 0.000000 0.000000 0.000000 0.000000 0.000000 0.000000 0.000000 0.000000 0.000000 0.000000 0.000000
