31.355848 31.957106 32.629715 33.371281 34.199615 35.117119 36.125767 37.237411 38.452850 39.782837 41.213017 42.755272 44.407181 46.173798 48.063450 50.083939 52.271328 54.633774 57.209061 60.034569 63.125538 66.530594 70.310371 74.557564 79.385384 84.982040 91.657829 100.013802 111.488510 129.296478 160.762665 226.000000
30.356800 30.957279 31.629280 32.369652 33.196957 34.113297 35.120598 36.230808 37.444702 38.773373 40.201645 41.741940 43.391758 45.156158 47.043396 49.060879 51.245651 53.605068 56.177212 58.999832 62.087509 65.489433 69.266548 73.512772 78.341698 83.942795 90.627747 99.003006 110.534500 128.520325 160.329391 0.000000
29.340145 29.940027 30.611807 31.350990 32.177555 33.092976 34.099037 35.208149 36.420818 37.749023 39.175610 40.714397 42.362537 44.125187 46.010582 48.025398 50.208347 52.565430 55.135307 57.956768 61.043175 64.444962 68.224289 72.477898 77.321190 82.947365 89.675659 98.137291 109.884041 128.346207 0.000000 0.000000
28.336756 28.936241 29.608030 30.346296 31.172449 32.087280 33.092178 34.200546 35.412430 36.740757 38.165897 39.703663 41.350689 43.112148 44.996292 47.009102 49.191422 51.546967 54.115944 56.938190 60.026615 63.433338 67.223259 71.498184 76.378380 82.067024 88.911163 97.614174 109.851524 0.000000 0.000000 0.000000
27.344988 27.944267 28.615969 29.353827 30.179998 31.094490 32.098438 33.206421 34.417862 35.746677 37.170547 38.707760 40.354179 42.115021 43.998520 46.010468 48.193321 50.548317 53.118076 55.943573 59.039455 62.459499 66.273705 70.592873 75.548080 81.372986 88.486008 97.686554 0.000000 0.000000 0.000000 0.000000
26.361824 26.961061 27.632515 28.370544 29.197153 30.111546 31.114744 32.222618 33.433929 34.763081 36.186043 37.723175 39.369316 41.129974 43.013401 45.025669 47.210033 49.565674 52.138973 54.971817 58.083778 61.530369 65.391113 69.792198 74.894836 81.005524 88.627434 0.000000 0.000000 0.000000 0.000000 0.000000
25.384142 25.983416 26.654535 27.393034 28.220350 29.134882 30.137882 31.245844 32.457169 33.786228 35.208965 36.746162 38.392258 40.153080 42.036835 44.050587 46.237160 48.595551 51.176704 54.024265 57.165783 60.660168 64.605362 69.159615 74.555695 81.181992 0.000000 0.000000 0.000000 0.000000 0.000000 0.000000
24.409504 25.008860 25.679770 26.418732 27.246874 28.161549 29.164879 30.273069 31.484537 32.813202 34.236347 35.773815 37.420013 39.181267 41.065929 43.081955 45.272106 47.637218 50.233364 53.108578 56.300632 59.879681 63.981167 68.832855 74.746361 0.000000 0.000000 0.000000 0.000000 0.000000 0.000000 0.000000
23.436754 24.036283 24.707270 25.446505 26.275152 27.190075 28.194138 29.302536 30.514093 31.842299 33.266380 34.804310 36.450600 38.212719 40.099155 42.118942 44.315872 46.695370 49.318825 52.242920 55.520996 59.255661 63.658234 69.028885 0.000000 0.000000 0.000000 0.000000 0.000000 0.000000 0.000000 0.000000
22.465902 23.065668 23.736879 24.476339 25.305107 26.220350 27.225342 28.334019 29.545700 30.873524 32.298775 33.837372 35.484150 37.247955 39.137897 41.164814 43.375134 45.781822 48.452942 51.461990 54.894970 58.930157 63.854977 0.000000 0.000000 0.000000 0.000000 0.000000 0.000000 0.000000 0.000000 0.000000
21.498196 22.098331 22.769794 23.509743 24.338421 25.254135 26.260069 27.369158 28.580854 29.908319 31.334879 32.874695 34.522900 36.290051 38.186977 40.227856 42.463444 44.918224 47.672440 50.835579 54.566162 59.123417 0.000000 0.000000 0.000000 0.000000 0.000000 0.000000 0.000000 0.000000 0.000000 0.000000
20.535845 21.136545 21.808132 22.549053 23.377712 24.294210 25.301079 26.410770 27.622595 28.949791 30.377979 31.920048 33.571602 35.345417 37.255688 39.322403 41.603176 44.141315 47.048027 50.507389 54.755878 0.000000 0.000000 0.000000 0.000000 0.000000 0.000000 0.000000 0.000000 0.000000 0.000000 0.000000
19.582119 20.183691 20.855440 21.597855 22.426826 23.344551 24.352427 25.463097 26.675323 28.002693 29.433249 30.979389 32.637535 34.424099 36.358643 38.470650 40.831367 43.521034 46.722721 50.697155 0.000000 0.000000 0.000000 0.000000 0.000000 0.000000 0.000000 0.000000 0.000000 0.000000 0.000000 0.000000
18.641205 19.244091 19.916248 20.660734 21.490591 22.410152 23.419283 24.531437 25.744640 27.073277 28.507769 30.061073 31.731775 33.541462 35.518673 37.709572 40.217484 43.199009 46.913837 0.000000 0.000000 0.000000 0.000000 0.000000 0.000000 0.000000 0.000000 0.000000 0.000000 0.000000 0.000000 0.000000
17.718370 18.323130 18.996252 19.743414 20.574772 21.496990 22.507753 23.622236 24.837889 26.169607 27.611029 29.176588 30.870007 32.720325 34.772465 37.107807 39.901833 43.391071 0.000000 0.000000 0.000000 0.000000 0.000000 0.000000 0.000000 0.000000 0.000000 0.000000 0.000000 0.000000 0.000000 0.000000
16.819954 17.427326 18.102230 18.852848 19.686493 20.612284 21.625589 22.743601 23.963829 25.301836 26.755442 28.341984 30.074963 31.996807 34.187611 36.803459 40.097359 0.000000 0.000000 0.000000 0.000000 0.000000 0.000000 0.000000 0.000000 0.000000 0.000000 0.000000 0.000000 0.000000 0.000000 0.000000
15.953357 16.564287 17.242229 17.997297 18.834295 19.764631 20.781965 21.905365 23.133347 24.482721 25.957233 27.579905 29.381739 31.436451 33.899109 37.005497 0.000000 0.000000 0.000000 0.000000 0.000000 0.000000 0.000000 0.000000 0.000000 0.000000 0.000000 0.000000 0.000000 0.000000 0.000000 0.000000
15.127067 15.742715 16.425196 17.185827 18.027601 18.963888 19.987417 21.119110 22.359598 23.728546 25.238243 26.924370 28.853580 31.170401 34.110634 0.000000 0.000000 0.000000 0.000000 0.000000 0.000000 0.000000 0.000000 0.000000 0.000000 0.000000 0.000000 0.000000 0.000000 0.000000 0.000000 0.000000
14.350175 14.971917 15.660624 16.428116 17.276680 18.220930 19.253725 20.398251 21.658632 23.060549 24.630621 26.435965 28.616783 31.395460 0.000000 0.000000 0.000000 0.000000 0.000000 0.000000 0.000000 0.000000 0.000000 0.000000 0.000000 0.000000 0.000000 0.000000 0.000000 0.000000 0.000000 0.000000
13.631971 14.261448 14.958241 15.734193 16.592142 17.547291 18.593895 19.758329 21.050632 22.509199 24.191473 26.235119 28.859816 0.000000 0.000000 0.000000 0.000000 0.000000 0.000000 0.000000 0.000000 0.000000 0.000000 0.000000 0.000000 0.000000 0.000000 0.000000 0.000000 0.000000 0.000000 0.000000
12.981511 13.620576 14.327736 15.114293 15.984878 16.955124 18.022346 19.218061 20.563889 22.127821 24.034504 26.500397 0.000000 0.000000 0.000000 0.000000 0.000000 0.000000 0.000000 0.000000 0.000000 0.000000 0.000000 0.000000 0.000000 0.000000 0.000000 0.000000 0.000000 0.000000 0.000000 0.000000
12.407218 13.057977 13.778230 14.578346 15.465855 16.457390 17.555868 18.802927 20.247229 22.022223 24.326815 0.000000 0.000000 0.000000 0.000000 0.000000 0.000000 0.000000 0.000000 0.000000 0.000000 0.000000 0.000000 0.000000 0.000000 0.000000 0.000000 0.000000 0.000000 0.000000 0.000000 0.000000
11.916726 12.581684 13.318253 14.135937 15.046297 16.068712 17.216879 18.556931 20.198389 22.346474 0.000000 0.000000 0.000000 0.000000 0.000000 0.000000 0.000000 0.000000 0.000000 0.000000 0.000000 0.000000 0.000000 0.000000 0.000000 0.000000 0.000000 0.000000 0.000000 0.000000 0.000000 0.000000
11.516616 12.198795 12.955690 13.796493 14.738550 15.808577 17.044466 18.568930 20.557608 0.000000 0.000000 0.000000 0.000000 0.000000 0.000000 0.000000 0.000000 0.000000 0.000000 0.000000 0.000000 0.000000 0.000000 0.000000 0.000000 0.000000 0.000000 0.000000 0.000000 0.000000 0.000000 0.000000
11.212271 11.915627 12.698154 13.570280 14.559277 15.711585 17.119173 18.965452 0.000000 0.000000 0.000000 0.000000 0.000000 0.000000 0.000000 0.000000 0.000000 0.000000 0.000000 0.000000 0.000000 0.000000 0.000000 0.000000 0.000000 0.000000 0.000000 0.000000 0.000000 0.000000 0.000000 0.000000
11.008060 11.737740 12.553368 13.470856 14.538586 15.850074 17.553741 0.000000 0.000000 0.000000 0.000000 0.000000 0.000000 0.000000 0.000000 0.000000 0.000000 0.000000 0.000000 0.000000 0.000000 0.000000 0.000000 0.000000 0.000000 0.000000 0.000000 0.000000 0.000000 0.000000 0.000000 0.000000
10.907734 11.670923 12.532167 13.524175 14.741017 16.323488 0.000000 0.000000 0.000000 0.000000 0.000000 0.000000 0.000000 0.000000 0.000000 0.000000 0.000000 0.000000 0.000000 0.000000 0.000000 0.000000 0.000000 0.000000 0.000000 0.000000 0.000000 0.000000 0.000000 0.000000 0.000000 0.000000
10.915053 11.723545 12.656617 13.787573 15.253030 0.000000 0.000000 0.000000 0.000000 0.000000 0.000000 0.000000 0.000000 0.000000 0.000000 0.000000 0.000000 0.000000 0.000000 0.000000 0.000000 0.000000 0.000000 0.000000 0.000000 0.000000 0.000000 0.000000 0.000000 0.000000 0.000000 0.000000
11.036442 11.914519 12.977861 14.336040 0.000000 0.000000 0.000000 0.000000 0.000000 0.000000 0.000000 0.000000 0.000000 0.000000 0.000000 0.000000 0.000000 0.000000 0.000000 0.000000 0.000000 0.000000 0.000000 0.000000 0.000000 0.000000 0.000000 0.000000 0.000000 0.000000 0.000000 0.000000
11.288084 12.289460 13.560705 0.000000 0.000000 0.000000 0.000000 0.000000 0.000000 0.000000 0.000000 0.000000 0.000000 0.000000 0.000000 0.000000 0.000000 0.000000 0.000000 0.000000 0.000000 0.000000 0.000000 0.000000 0.000000 0.000000 0.000000 0.000000 0.000000 0.000000 0.000000 0.000000
11.711120 12.904029 0.000000 0.000000 0.000000 0.000000 0.000000 0.000000 0.000000 0.000000 0.000000 0.000000 0.000000 0.000000 0.000000 0.000000 0.000000 0.000000 0.000000 0.000000 0.000000 0.000000 0.000000 0.000000 0.000000 0.000000 0.000000 0.000000 0.000000 0.000000 0.000000 0.000000
12.353692 0.000000 0.000000 0.000000 0.000000 0.000000 0.000000 0.000000 0.000000 0.000000 0.000000 0.000000 0.000000 0.000000 0.000000 0.000000 0.000000 0.000000 0.000000 0.000000 0.000000 0.000000 0.000000 0.000000 0.000000 0.000000 0.000000 0.000000 0.000000 0.000000 0.000000 0.000000
