30.216755 30.956167 31.740437 32.563358 33.419849 34.305027 35.214657 36.145683 37.089840 38.045643 39.006813 39.977009 40.952217 41.935215 42.933067 43.970829 45.097031 46.411831 48.103691 50.510426 54.242668 60.493935 72.139351 99.000000
29.197186 29.935530 30.718674 31.540424 32.395683 33.279594 34.187923 35.117626 36.060425 37.014862 37.974644 38.943443 39.917252 40.898888 41.895390 42.932079 44.058414 45.377865 47.090424 49.565342 53.482410 60.129513 72.325012 0.000000
28.155884 28.893187 29.675217 30.495796 31.349846 32.232502 33.139545 34.067924 35.009384 35.962467 36.920895 37.888340 38.860771 39.841095 40.836555 41.873474 43.004803 44.345684 46.128845 48.798569 53.147133 60.437809 0.000000 0.000000
27.120239 27.856512 28.637457 29.456898 30.309759 31.191193 32.096977 33.024075 33.964233 34.915993 35.873085 36.839203 37.810387 38.789715 39.785500 40.827553 41.980476 43.392338 45.371880 48.481438 53.502159 0.000000 0.000000 0.000000
26.093561 26.828836 27.608744 28.427092 29.278818 30.159063 31.063637 31.989521 32.928425 33.878914 34.834705 35.799591 36.769886 37.749626 38.750648 39.814354 41.038151 42.646088 45.065845 48.853878 0.000000 0.000000 0.000000 0.000000
25.077143 25.811457 26.590401 27.407722 28.258369 29.137499 30.040939 30.965710 31.903437 32.852749 33.807377 34.771461 35.742214 36.727272 37.750027 38.884441 40.303448 42.349804 45.447720 0.000000 0.000000 0.000000 0.000000 0.000000
24.071089 24.804516 25.582598 26.398983 27.248659 28.126740 29.029142 29.952915 30.889580 31.837881 32.791744 33.756390 34.732540 35.739441 36.832783 38.161526 40.016682 42.738178 0.000000 0.000000 0.000000 0.000000 0.000000 0.000000
23.074404 23.807055 24.584362 25.399920 26.248716 27.125885 28.027367 28.950270 29.886055 30.833767 31.788252 32.758404 33.756470 34.833965 36.120998 37.883583 40.409859 0.000000 0.000000 0.000000 0.000000 0.000000 0.000000 0.000000
22.085394 22.817373 23.594059 24.408909 25.256945 26.133299 27.034004 27.956253 28.891598 29.840124 30.800121 31.792229 32.860825 34.131584 35.850609 38.280304 0.000000 0.000000 0.000000 0.000000 0.000000 0.000000 0.000000 0.000000
21.102049 21.833483 22.609678 23.423956 24.271370 25.147032 26.047146 26.969151 27.905424 28.859655 29.841526 30.904016 32.165497 33.866913 36.249599 0.000000 0.000000 0.000000 0.000000 0.000000 0.000000 0.000000 0.000000 0.000000
20.122768 20.853817 21.629683 22.443510 23.290430 24.165575 25.065521 25.988605 26.930639 27.906725 28.958670 30.213514 31.904469 34.267036 0.000000 0.000000 0.000000 0.000000 0.000000 0.000000 0.000000 0.000000 0.000000 0.000000
19.147091 19.877941 20.653585 21.467138 22.313753 23.188774 24.089857 25.018696 25.982409 27.028183 28.271553 29.954550 32.304539 0.000000 0.000000 0.000000 0.000000 0.000000 0.000000 0.000000 0.000000 0.000000 0.000000 0.000000
18.176170 18.907005 19.682611 20.496078 21.342794 22.218987 23.125776 24.075951 25.108515 26.344351 28.013968 30.353912 0.000000 0.000000 0.000000 0.000000 0.000000 0.000000 0.000000 0.000000 0.000000 0.000000 0.000000 0.000000
17.213181 17.944269 18.720060 19.533884 20.381958 21.263748 22.191460 23.209249 24.429697 26.088839 28.412447 0.000000 0.000000 0.000000 0.000000 0.000000 0.000000 0.000000 0.000000 0.000000 0.000000 0.000000 0.000000 0.000000
16.263464 16.995153 17.771606 18.587072 19.440811 20.342937 21.336773 22.539167 24.178307 26.487007 0.000000 0.000000 0.000000 0.000000 0.000000 0.000000 0.000000 0.000000 0.000000 0.000000 0.000000 0.000000 0.000000 0.000000
15.334629 16.067522 16.845919 17.667212 18.540806 19.507078 20.681339 22.295671 24.577438 0.000000 0.000000 0.000000 0.000000 0.000000 0.000000 0.000000 0.000000 0.000000 0.000000 0.000000 0.000000 0.000000 0.000000 0.000000
14.436424 15.171936 15.956354 16.797052 17.732588 18.873899 20.451086 22.697874 0.000000 0.000000 0.000000 0.000000 0.000000 0.000000 0.000000 0.000000 0.000000 0.000000 0.000000 0.000000 0.000000 0.000000 0.000000 0.000000
13.581029 14.323199 15.126552 16.026783 17.130943 18.663500 20.859243 0.000000 0.000000 0.000000 0.000000 0.000000 0.000000 0.000000 0.000000 0.000000 0.000000 0.000000 0.000000 0.000000 0.000000 0.000000 0.000000 0.000000
12.784260 13.545375 14.405586 15.467040 16.948133 19.081039 0.000000 0.000000 0.000000 0.000000 0.000000 0.000000 0.000000 0.000000 0.000000 0.000000 0.000000 0.000000 0.000000 0.000000 0.000000 0.000000 0.000000 0.000000
12.069950 12.885577 13.898693 15.320218 17.379025 0.000000 0.000000 0.000000 0.000000 0.000000 0.000000 0.000000 0.000000 0.000000 0.000000 0.000000 0.000000 0.000000 0.000000 0.000000 0.000000 0.000000 0.000000 0.000000
11.482479 12.442490 13.796484 15.768663 0.000000 0.000000 0.000000 0.000000 0.000000 0.000000 0.000000 0.000000 0.000000 0.000000 0.000000 0.000000 0.000000 0.000000 0.000000 0.000000 0.000000 0.000000 0.000000 0.000000
11.112941 12.393199 14.266714 0.000000 0.000000 0.000000 0.000000 0.000000 0.000000 0.000000 0.000000 0.000000 0.000000 0.000000 0.000000 0.000000 0.000000 0.000000 0.000000 0.000000 0.000000 0.000000 0.000000 0.000000
11.123613 12.889240 0.000000 0.000000 0.000000 0.000000 0.000000 0.000000 0.000000 0.000000 0.000000 0.000000 0.000000 0.000000 0.000000 0.000000 0.000000 0.000000 0.000000 0.000000 0.000000 0.000000 0.000000 0.000000
11.648770 0.000000 0.000000 0.000000 0.000000 0.000000 0.000000 0.000000 0.000000 0.000000 0.000000 0.000000 0.000000 0.000000 0.000000 0.000000 0.000000 0.000000 0.000000 0.000000 0.000000 0.000000 0.000000 0.000000
