21.597176 22.886913 24.326851 25.926510 27.700619 29.676573 31.892220 34.384830 37.192986 40.377220 44.003277 48.202560 53.060959 58.728394 65.405266 73.408371 83.056488 94.905807 109.797699 129.240265 156.384171 197.821152 265.903076 382.000000
21.532623 22.875759 24.370619 26.025881 27.855272 29.884558 32.149555 34.686417 37.532360 40.747437 44.396397 48.611507 53.478367 59.146908 65.817642 73.808929 83.441017 95.273010 110.146645 129.561981 156.647354 197.969757 265.844086 0.000000
21.725706 23.135668 24.698341 26.421232 28.316563 30.408115 32.729424 35.315636 38.202660 41.450443 45.122948 49.353645 54.227848 59.896175 66.559723 74.540024 84.159523 95.980431 110.842911 130.235809 157.260895 198.425537 0.000000 0.000000
22.078350 23.560268 25.194557 26.987215 28.948618 31.100592 33.474682 36.105457 39.028004 42.302689 45.992973 50.233963 55.111122 60.776230 67.432198 75.404694 85.018295 96.836563 111.695610 131.069916 158.000046 0.000000 0.000000 0.000000
22.541985 24.096312 25.800854 27.659863 29.681816 31.887043 34.305614 36.972164 39.921570 43.214989 46.915863 51.161144 56.037067 61.697754 68.348541 76.319038 85.934502 97.757515 112.617706 131.940643 0.000000 0.000000 0.000000 0.000000
23.098181 24.722380 26.492582 28.411442 30.485708 32.734856 35.188263 37.881168 40.848717 44.153282 47.858494 52.103722 56.976913 62.635044 69.285683 77.260948 86.884735 98.717049 113.545845 0.000000 0.000000 0.000000 0.000000 0.000000
23.737602 25.426689 27.255716 29.226038 31.343206 33.626537 36.105408 38.816124 41.794395 45.104061 48.809486 53.053162 57.925308 63.585377 70.241753 78.227333 87.863441 99.672768 0.000000 0.000000 0.000000 0.000000 0.000000 0.000000
24.451818 26.198872 28.078299 30.090750 32.241230 34.549530 37.045567 39.766979 42.750332 46.061253 49.765621 54.009331 58.884537 64.551743 71.218750 79.218346 88.834923 0.000000 0.000000 0.000000 0.000000 0.000000 0.000000 0.000000
25.231489 27.028130 28.948713 30.993879 33.168690 35.493942 38.000355 40.727024 43.711899 47.022964 50.727821 54.975319 59.858219 65.537056 72.218018 80.200104 0.000000 0.000000 0.000000 0.000000 0.000000 0.000000 0.000000 0.000000
26.066334 27.903397 29.855906 31.924999 34.116337 36.451908 38.963562 41.692223 44.677624 47.990330 51.699173 55.954746 60.849342 66.542969 73.206650 0.000000 0.000000 0.000000 0.000000 0.000000 0.000000 0.000000 0.000000 0.000000
26.945688 28.814079 30.789906 32.875282 35.076817 37.417770 39.931568 42.661263 45.648663 48.966270 52.683044 56.950375 61.859734 67.537117 0.000000 0.000000 0.000000 0.000000 0.000000 0.000000 0.000000 0.000000 0.000000 0.000000
27.859304 29.750572 31.742273 33.837761 36.044712 38.388081 40.903168 43.635345 46.627846 49.954029 53.682083 57.964153 62.857368 0.000000 0.000000 0.000000 0.000000 0.000000 0.000000 0.000000 0.000000 0.000000 0.000000 0.000000
28.797911 30.704746 32.706314 34.807323 37.016838 39.361839 41.879631 44.617207 47.618191 50.956078 54.698284 58.964436 0.000000 0.000000 0.000000 0.000000 0.000000 0.000000 0.000000 0.000000 0.000000 0.000000 0.000000 0.000000
29.753603 31.670153 33.677113 35.780895 37.992279 40.340252 42.863495 45.609703 48.622112 51.974499 55.700352 0.000000 0.000000 0.000000 0.000000 0.000000 0.000000 0.000000 0.000000 0.000000 0.000000 0.000000 0.000000 0.000000
30.720181 32.642071 34.651802 36.757671 38.972221 41.325836 43.857552 46.615196 49.641739 52.978275 0.000000 0.000000 0.000000 0.000000 0.000000 0.000000 0.000000 0.000000 0.000000 0.000000 0.000000 0.000000 0.000000 0.000000
31.693068 33.617722 35.629555 37.738796 39.959068 42.321186 44.863998 47.635811 50.646248 0.000000 0.000000 0.000000 0.000000 0.000000 0.000000 0.000000 0.000000 0.000000 0.000000 0.000000 0.000000 0.000000 0.000000 0.000000
32.669609 34.596394 36.611561 38.726616 40.955330 43.328472 45.885067 48.640869 0.000000 0.000000 0.000000 0.000000 0.000000 0.000000 0.000000 0.000000 0.000000 0.000000 0.000000 0.000000 0.000000 0.000000 0.000000 0.000000
33.649078 35.579220 37.600063 39.723503 41.963081 44.349972 46.890244 0.000000 0.000000 0.000000 0.000000 0.000000 0.000000 0.000000 0.000000 0.000000 0.000000 0.000000 0.000000 0.000000 0.000000 0.000000 0.000000 0.000000
34.632610 36.568340 38.597328 40.731564 42.984612 45.355247 0.000000 0.000000 0.000000 0.000000 0.000000 0.000000 0.000000 0.000000 0.000000 0.000000 0.000000 0.000000 0.000000 0.000000 0.000000 0.000000 0.000000 0.000000
35.622292 37.565979 39.605396 41.753059 43.989685 0.000000 0.000000 0.000000 0.000000 0.000000 0.000000 0.000000 0.000000 0.000000 0.000000 0.000000 0.000000 0.000000 0.000000 0.000000 0.000000 0.000000 0.000000 0.000000
36.620232 38.574089 40.626568 42.757839 0.000000 0.000000 0.000000 0.000000 0.000000 0.000000 0.000000 0.000000 0.000000 0.000000 0.000000 0.000000 0.000000 0.000000 0.000000 0.000000 0.000000 0.000000 0.000000 0.000000
37.628342 39.595016 41.630802 0.000000 0.000000 0.000000 0.000000 0.000000 0.000000 0.000000 0.000000 0.000000 0.000000 0.000000 0.000000 0.000000 0.000000 0.000000 0.000000 0.000000 0.000000 0.000000 0.000000 0.000000
38.649010 40.598801 0.000000 0.000000 0.000000 0.000000 0.000000 0.000000 0.000000 0.000000 0.000000 0.000000 0.000000 0.000000 0.000000 0.000000 0.000000 0.000000 0.000000 0.000000 0.000000 0.000000 0.000000 0.000000
39.652363 0.000000 0.000000 0.000000 0.000000 0.000000 0.000000 0.000000 0.000000 0.000000 0.000000 0.000000 0.000000 0.000000 0.000000 0.000000 0.000000 0.000000 0.000000 0.000000 0.000000 0.000000 0.000000 0.000000
