10.194942 10.196577 10.203911 10.204014 10.204354 10.205401 10.205476 10.205382 10.204664 10.204970 10.205278 10.205401 10.206258 10.207667 10.210167 10.212234 10.215081 10.219121 10.223742 10.229676 10.237107 10.247252 10.260259 10.276873 10.297964 10.324689 10.358558 10.400180 10.451852 10.515557 10.593472 10.689501 10.806491 10.948432 11.120028 11.326656 11.574639 11.872118 12.227348 12.650311 13.152509 13.747223 14.448782 15.271138 16.227367 17.361189 18.692364 20.261799 22.125643 24.368008 27.092541 30.437424 34.590652 39.731705 46.219360 54.681988 66.528488 84.905640 117.407509 185.000000
9.291915 9.293530 9.300858 9.300967 9.301319 9.302404 9.302495 9.302419 9.301701 9.302045 9.302399 9.302565 9.303501 9.305023 9.307692 9.309942 9.313024 9.317381 9.322372 9.328768 9.336758 9.347609 9.361481 9.379145 9.401500 9.429735 9.465415 9.509140 9.563263 9.629806 9.710961 9.810705 9.931897 10.078560 10.255431 10.467903 10.722297 11.026825 11.389700 11.820896 12.331875 12.935882 13.647140 14.479452 15.445736 16.589729 17.931183 19.511177 21.386192 23.640757 26.379095 29.740093 33.913567 39.081635 45.608303 54.129570 66.066986 84.565742 117.126900 0.000000
8.428426 8.429996 8.437166 8.437288 8.437666 8.438830 8.438952 8.438914 8.438195 8.438614 8.439061 8.439317 8.440416 8.442161 8.445169 8.447784 8.451336 8.456321 8.462051 8.469365 8.478461 8.490717 8.506302 8.526040 8.550889 8.582102 8.621344 8.669200 8.728141 8.800251 8.887774 8.994799 9.124228 9.280147 9.467358 9.691296 9.958275 10.276647 10.654573 11.101995 11.630322 12.252729 12.983289 13.835494 14.822245 15.986907 17.349463 18.951363 20.849766 23.130138 25.897881 29.293537 33.510548 38.738342 45.351501 53.998634 66.114967 84.804024 0.000000 0.000000
7.628449 7.629954 7.636703 7.636846 7.637251 7.638535 7.638707 7.638728 7.638017 7.638551 7.639143 7.639540 7.640892 7.642978 7.646502 7.649674 7.653939 7.659876 7.666723 7.675425 7.686190 7.700552 7.718698 7.741532 7.770088 7.805714 7.850224 7.904171 7.970195 8.050471 8.147343 8.264999 8.406434 8.575808 8.778030 9.018589 9.303780 9.642156 10.041795 10.512596 11.065888 11.714752 12.473010 13.353768 14.370251 15.564596 16.957510 18.590998 20.523144 22.840839 25.651260 29.097893 33.379852 38.700039 45.446068 54.274811 66.594833 0.000000 0.000000 0.000000
6.887197 6.888621 6.894712 6.894884 6.895336 6.896776 6.897018 6.897128 6.896440 6.897140 6.897940 6.898548 6.900253 6.902818 6.907058 6.911005 6.916257 6.923498 6.931882 6.942482 6.955539 6.972762 6.994371 7.021378 7.054908 7.096433 7.147945 7.209969 7.285357 7.376387 7.485603 7.617165 7.774254 7.961127 8.182816 8.444874 8.753560 9.117678 9.545190 10.045926 10.631097 11.313667 12.107129 13.024074 14.078441 15.310339 16.741636 18.415041 20.389925 22.754911 25.619986 29.133587 33.503235 38.949444 45.867493 54.882347 0.000000 0.000000 0.000000 0.000000
6.201333 6.202668 6.207966 6.208178 6.208688 6.210334 6.210676 6.210913 6.210265 6.211190 6.212280 6.213179 6.215363 6.218566 6.223752 6.228731 6.235290 6.244243 6.254644 6.267728 6.283763 6.304685 6.330748 6.363093 6.402959 6.451955 6.512298 6.584466 6.671553 6.775963 6.900550 7.049276 7.225614 7.433916 7.679368 7.967591 8.304759 8.699991 9.161080 9.697758 10.321074 11.043853 11.879161 12.838987 13.938203 15.214403 16.690922 18.411369 20.436975 22.858334 25.790165 29.388506 33.870735 39.471638 46.554031 0.000000 0.000000 0.000000 0.000000 0.000000
5.568181 5.569429 5.573951 5.574217 5.574808 5.576688 5.577163 5.577575 5.577021 5.578249 5.579724 5.581028 5.583839 5.587876 5.594257 5.600574 5.608814 5.619950 5.632922 5.649155 5.668957 5.694513 5.726126 5.765088 5.812758 5.870907 5.942006 6.026465 6.127662 6.248121 6.391038 6.560157 6.759265 6.992813 7.266141 7.584925 7.955249 8.386543 8.886399 9.464410 10.131413 10.900081 11.782958 12.791338 13.941010 15.267079 16.794430 18.567818 20.651588 23.138475 26.150778 29.853468 34.470394 40.211208 0.000000 0.000000 0.000000 0.000000 0.000000 0.000000
4.985251 4.986420 4.990272 4.990612 4.991299 4.993395 4.994051 4.994700 4.994375 4.995999 4.997981 4.999822 5.003452 5.008554 5.016378 5.024397 5.034760 5.048632 5.064818 5.084968 5.109427 5.140670 5.179049 5.226024 5.283094 5.352190 5.436080 5.535076 5.652860 5.792075 5.956169 6.148879 6.374188 6.636642 6.941740 7.295211 7.702963 8.174800 8.718032 9.342072 10.057508 10.876854 11.812020 12.873520 14.077910 15.458170 17.040756 18.872120 21.021502 23.584517 26.692713 30.516771 35.249916 0.000000 0.000000 0.000000 0.000000 0.000000 0.000000 0.000000
4.450098 4.451207 4.454510 4.454950 4.455761 4.458001 4.458895 4.459864 4.459972 4.462117 4.464761 4.467331 4.472012 4.478464 4.487966 4.498123 4.511132 4.528374 4.548522 4.573468 4.603613 4.641725 4.688221 4.744750 4.812943 4.894907 4.993720 5.109586 5.246509 5.407219 5.595345 5.814787 6.069629 6.364477 6.704998 7.096955 7.545996 8.062338 8.652944 9.326982 10.094760 10.968632 11.959791 13.077828 14.339986 15.777596 17.418961 19.313313 21.536766 24.188124 27.405546 31.328640 0.000000 0.000000 0.000000 0.000000 0.000000 0.000000 0.000000 0.000000
3.960269 3.961346 3.964223 3.964796 3.965768 3.968087 3.969292 3.970681 3.971469 3.974283 3.977783 3.981362 3.987377 3.995524 4.007021 4.019838 4.036108 4.057408 4.082381 4.113135 4.150184 4.196489 4.252598 4.320363 4.401545 4.498423 4.614350 4.749513 4.908185 5.093157 5.308202 5.557458 5.845036 6.175580 6.554911 6.988830 7.482580 8.046847 8.688171 9.415445 10.238633 11.169936 12.219750 13.396624 14.718497 16.215807 17.919477 19.882984 22.190285 24.940538 28.242523 0.000000 0.000000 0.000000 0.000000 0.000000 0.000000 0.000000 0.000000 0.000000
3.513317 3.514393 3.516958 3.517708 3.518896 3.521320 3.522932 3.524864 3.526527 3.530199 3.534796 3.539764 3.547462 3.557730 3.571687 3.587780 3.608037 3.634158 3.664953 3.702669 3.748034 3.804013 3.871383 3.952218 4.048398 4.162365 4.297649 4.454616 4.637702 4.849714 5.094562 5.376619 5.699990 6.069310 6.490541 6.969581 7.511022 8.126081 8.820826 9.603808 10.484611 11.475322 12.585366 13.822371 15.205188 16.764526 18.535166 20.575542 22.974781 25.797503 0.000000 0.000000 0.000000 0.000000 0.000000 0.000000 0.000000 0.000000 0.000000 0.000000
3.106843 3.107961 3.110328 3.111310 3.112786 3.115418 3.117556 3.120184 3.122901 3.127666 3.133651 3.140461 3.150264 3.163162 3.180210 3.200307 3.225399 3.257230 3.294987 3.340969 3.396230 3.463519 3.543957 3.639847 3.753171 3.886518 4.043492 4.224838 4.435029 4.676847 4.954316 5.272054 5.634092 6.045018 6.510914 7.037853 7.629557 8.297701 9.047896 9.888315 10.828103 11.879251 13.050031 14.347739 15.792763 17.417500 19.261221 21.385050 23.847948 0.000000 0.000000 0.000000 0.000000 0.000000 0.000000 0.000000 0.000000 0.000000 0.000000 0.000000
2.738509 2.739725 2.742015 2.743303 2.745157 2.748145 2.750957 2.754471 2.758448 2.764594 2.772326 2.781441 2.793857 2.809996 2.830888 2.855842 2.886749 2.925390 2.971402 3.027110 3.093948 3.174343 3.269806 3.382878 3.515618 3.670740 3.851885 4.060225 4.300216 4.574560 4.887367 5.243505 5.646875 6.101942 6.614894 7.191967 7.836087 8.559001 9.365997 10.264792 11.264057 12.375828 13.607039 14.966020 16.475485 18.170399 20.092371 22.270668 0.000000 0.000000 0.000000 0.000000 0.000000 0.000000 0.000000 0.000000 0.000000 0.000000 0.000000 0.000000
2.405970 2.407348 2.409688 2.411377 2.413728 2.417246 2.420921 2.425553 2.431055 2.438934 2.448841 2.460771 2.476405 2.496508 2.522122 2.552922 2.590772 2.637518 2.693236 2.760290 2.840497 2.935953 3.048545 3.181057 3.335588 3.514961 3.722849 3.960807 4.233258 4.542755 4.893469 5.290528 5.737615 6.239017 6.801001 7.429872 8.127986 8.906713 9.771116 10.728428 11.786862 12.958857 14.250191 15.671973 17.249453 19.018486 20.988745 0.000000 0.000000 0.000000 0.000000 0.000000 0.000000 0.000000 0.000000 0.000000 0.000000 0.000000 0.000000 0.000000
2.106871 2.108496 2.111028 2.113235 2.116235 2.120492 2.125264 2.131302 2.138659 2.148697 2.161293 2.176629 2.196208 2.221121 2.252465 2.290244 2.336322 2.392643 2.459683 2.539863 2.635368 2.747981 2.879934 3.034250 3.213029 3.419171 3.656405 3.926567 4.234049 4.581193 4.972182 5.412427 5.905307 6.454840 7.067372 7.749204 8.502207 9.337105 10.258780 11.273993 12.390745 13.622621 14.974912 16.462328 18.110685 19.923031 0.000000 0.000000 0.000000 0.000000 0.000000 0.000000 0.000000 0.000000 0.000000 0.000000 0.000000 0.000000 0.000000 0.000000
1.838929 1.840901 1.843784 1.846660 1.850498 1.855744 1.861902 1.869697 1.879316 1.892027 1.907926 1.927373 1.951765 1.982472 2.020699 2.066746 2.122495 2.190024 2.270163 2.365405 2.478255 2.610256 2.763911 2.942480 3.148013 3.383459 3.652606 3.957480 4.302442 4.689539 5.122921 5.608310 6.148693 6.747733 7.411847 8.147315 8.955372 9.846121 10.824263 11.896289 13.070582 14.362962 15.778504 17.333784 19.021494 0.000000 0.000000 0.000000 0.000000 0.000000 0.000000 0.000000 0.000000 0.000000 0.000000 0.000000 0.000000 0.000000 0.000000 0.000000
1.599954 1.602400 1.605818 1.609550 1.614462 1.621001 1.628896 1.638873 1.651255 1.667249 1.687174 1.711564 1.741799 1.779427 1.825842 1.881608 1.948636 2.029167 2.124340 2.236725 2.369081 2.522810 2.700589 2.905915 3.140726 3.407978 3.711529 4.053498 4.438209 4.867329 5.344927 5.877078 6.466276 7.115778 7.831995 8.621232 9.483870 10.429539 11.462919 12.590823 13.822845 15.177626 16.658201 18.249435 0.000000 0.000000 0.000000 0.000000 0.000000 0.000000 0.000000 0.000000 0.000000 0.000000 0.000000 0.000000 0.000000 0.000000 0.000000 0.000000
1.387861 1.390938 1.395106 1.399928 1.406204 1.414402 1.424461 1.437134 1.452875 1.472877 1.497674 1.527979 1.565231 1.611062 1.667133 1.734236 1.814314 1.909795 2.022085 2.153828 2.307962 2.485850 2.690230 2.924834 3.191423 3.492914 3.833235 4.214508 4.641014 5.113942 5.637246 6.217391 6.856287 7.556772 8.325066 9.167640 10.083826 11.083120 12.170708 13.354525 14.645780 16.064228 17.577723 0.000000 0.000000 0.000000 0.000000 0.000000 0.000000 0.000000 0.000000 0.000000 0.000000 0.000000 0.000000 0.000000 0.000000 0.000000 0.000000 0.000000
1.200682 1.204581 1.209754 1.215955 1.223948 1.234247 1.246984 1.262965 1.282777 1.307632 1.338284 1.375622 1.421196 1.476677 1.544035 1.624259 1.719316 1.831841 1.963467 2.116894 2.295193 2.499727 2.733217 2.999603 3.300404 3.638456 4.017746 4.440309 4.910361 5.428558 5.998677 6.627625 7.316646 8.068130 8.887936 9.782875 10.751255 11.803085 12.944821 14.185923 15.537508 16.986979 0.000000 0.000000 0.000000 0.000000 0.000000 0.000000 0.000000 0.000000 0.000000 0.000000 0.000000 0.000000 0.000000 0.000000 0.000000 0.000000 0.000000 0.000000
1.036564 1.041526 1.048008 1.055939 1.066079 1.079004 1.095033 1.115048 1.139768 1.170456 1.208093 1.253734 1.309074 1.375831 1.456274 1.551562 1.663675 1.795474 1.948765 2.126291 2.331208 2.564898 2.830021 3.130627 3.467962 3.844729 4.264968 4.730541 5.245513 5.810072 6.427701 7.105812 7.844881 8.646731 9.516944 10.462977 11.482394 12.586628 13.783765 15.083171 16.462597 0.000000 0.000000 0.000000 0.000000 0.000000 0.000000 0.000000 0.000000 0.000000 0.000000 0.000000 0.000000 0.000000 0.000000 0.000000 0.000000 0.000000 0.000000 0.000000
0.893767 0.900084 0.908242 0.918330 0.931133 0.947307 0.967354 0.992251 1.022853 1.060502 1.106406 1.161785 1.228491 1.308333 1.403813 1.516261 1.647641 1.801054 1.978430 2.182527 2.416510 2.681844 2.981086 3.318237 3.694263 4.111680 4.574578 5.084555 5.645381 6.256981 6.922336 7.649465 8.437979 9.288947 10.208153 11.204205 12.274442 13.432236 14.685708 16.010918 0.000000 0.000000 0.000000 0.000000 0.000000 0.000000 0.000000 0.000000 0.000000 0.000000 0.000000 0.000000 0.000000 0.000000 0.000000 0.000000 0.000000 0.000000 0.000000 0.000000
0.770683 0.778709 0.788981 0.801741 0.817822 0.837977 0.862889 0.893655 0.931261 0.977151 1.032767 1.099482 1.179317 1.274205 1.386822 1.518661 1.671624 1.849075 2.053003 2.286155 2.551622 2.851018 3.186746 3.562588 3.979231 4.438946 4.945880 5.501278 6.108475 6.767333 7.480129 8.255608 9.092466 9.991025 10.957987 12.003940 13.126051 14.338282 15.615606 0.000000 0.000000 0.000000 0.000000 0.000000 0.000000 0.000000 0.000000 0.000000 0.000000 0.000000 0.000000 0.000000 0.000000 0.000000 0.000000 0.000000 0.000000 0.000000 0.000000 0.000000
0.665864 0.676031 0.688939 0.704984 0.725068 0.750059 0.780821 0.818588 0.864477 0.920048 0.986983 1.066793 1.161680 1.273704 1.405688 1.559257 1.736199 1.940157 2.173119 2.437782 2.737104 3.072850 3.447217 3.863670 4.322566 4.825886 5.377844 5.979259 6.632956 7.338795 8.098262 8.920948 9.804767 10.749659 11.764091 12.861031 14.035849 15.270076 0.000000 0.000000 0.000000 0.000000 0.000000 0.000000 0.000000 0.000000 0.000000 0.000000 0.000000 0.000000 0.000000 0.000000 0.000000 0.000000 0.000000 0.000000 0.000000 0.000000 0.000000 0.000000
0.578052 0.590876 0.607040 0.627095 0.652031 0.682846 0.720589 0.766646 0.822256 0.889111 0.969136 1.063958 1.175966 1.307331 1.461023 1.638748 1.842109 2.075058 2.339503 2.638056 2.973505 3.347717 3.762611 4.221309 4.723766 5.271621 5.869180 6.516759 7.216649 7.968688 8.773665 9.642147 10.571780 11.562712 12.625573 13.774279 14.969396 0.000000 0.000000 0.000000 0.000000 0.000000 0.000000 0.000000 0.000000 0.000000 0.000000 0.000000 0.000000 0.000000 0.000000 0.000000 0.000000 0.000000 0.000000 0.000000 0.000000 0.000000 0.000000 0.000000
0.506183 0.522279 0.542429 0.567342 0.598116 0.635890 0.681898 0.737693 0.804631 0.884536 0.979578 1.091476 1.222806 1.375821 1.553649 1.758010 1.990255 2.254647 2.552952 2.887652 3.261333 3.675905 4.132933 4.635164 5.182122 5.775053 6.418337 7.111741 7.857050 8.654037 9.503217 10.416248 11.391495 12.429463 13.541547 14.709510 0.000000 0.000000 0.000000 0.000000 0.000000 0.000000 0.000000 0.000000 0.000000 0.000000 0.000000 0.000000 0.000000 0.000000 0.000000 0.000000 0.000000 0.000000 0.000000 0.000000 0.000000 0.000000 0.000000 0.000000
0.449403 0.469497 0.494486 0.525242 0.562984 0.609004 0.664721 0.731869 0.811904 0.906779 1.018915 1.150092 1.303057 1.480114 1.684560 1.918061 2.181647 2.479865 2.814288 3.187222 3.601016 4.057571 4.558027 5.104668 5.696660 6.334841 7.023515 7.761922 8.551408 9.391842 10.284132 11.241258 12.263121 13.348952 14.478017 0.000000 0.000000 0.000000 0.000000 0.000000 0.000000 0.000000 0.000000 0.000000 0.000000 0.000000 0.000000 0.000000 0.000000 0.000000 0.000000 0.000000 0.000000 0.000000 0.000000 0.000000 0.000000 0.000000 0.000000 0.000000
0.407078 0.432021 0.462836 0.500565 0.546561 0.602274 0.669310 0.749592 0.844651 0.956564 1.088003 1.240784 1.417783 1.621333 1.854891 2.120012 2.417353 2.751663 3.124297 3.537327 3.992842 4.492692 5.037527 5.628980 6.266109 6.949346 7.682583 8.464729 9.296899 10.179501 11.114589 12.116444 13.185660 14.287173 0.000000 0.000000 0.000000 0.000000 0.000000 0.000000 0.000000 0.000000 0.000000 0.000000 0.000000 0.000000 0.000000 0.000000 0.000000 0.000000 0.000000 0.000000 0.000000 0.000000 0.000000 0.000000 0.000000 0.000000 0.000000 0.000000
0.378809 0.409586 0.447362 0.493351 0.549048 0.616066 0.696193 0.791547 0.903709 1.034859 1.187923 1.364742 1.568232 1.800742 2.065861 2.365019 2.698407 3.070903 3.483609 3.938328 4.436844 4.980945 5.570713 6.206951 6.888852 7.616449 8.392980 9.217344 10.090918 11.015292 11.994008 13.041106 14.125336 0.000000 0.000000 0.000000 0.000000 0.000000 0.000000 0.000000 0.000000 0.000000 0.000000 0.000000 0.000000 0.000000 0.000000 0.000000 0.000000 0.000000 0.000000 0.000000 0.000000 0.000000 0.000000 0.000000 0.000000 0.000000 0.000000 0.000000
0.364443 0.402188 0.448213 0.503909 0.570919 0.651019 0.746171 0.858683 0.990161 1.142866 1.319964 1.523309 1.755766 2.019678 2.318707 2.654184 3.025698 3.438235 3.892592 4.390250 4.932664 5.521559 6.156376 6.836968 7.562772 8.333488 9.151756 10.016996 10.931549 11.898532 12.921575 13.981725 0.000000 0.000000 0.000000 0.000000 0.000000 0.000000 0.000000 0.000000 0.000000 0.000000 0.000000 0.000000 0.000000 0.000000 0.000000 0.000000 0.000000 0.000000 0.000000 0.000000 0.000000 0.000000 0.000000 0.000000 0.000000 0.000000 0.000000 0.000000
0.364076 0.410076 0.465801 0.532818 0.612918 0.708034 0.820292 0.952173 1.105290 1.281967 1.485562 1.717921 1.981795 2.279475 2.614637 2.988507 3.399960 3.854103 4.351345 4.892808 5.479591 6.113365 6.792865 7.516924 8.285297 9.097520 9.956137 10.861761 11.818077 12.828427 13.863655 0.000000 0.000000 0.000000 0.000000 0.000000 0.000000 0.000000 0.000000 0.000000 0.000000 0.000000 0.000000 0.000000 0.000000 0.000000 0.000000 0.000000 0.000000 0.000000 0.000000 0.000000 0.000000 0.000000 0.000000 0.000000 0.000000 0.000000 0.000000 0.000000
0.378058 0.433763 0.500803 0.580919 0.676042 0.788256 0.919831 1.073392 1.250557 1.453685 1.686259 1.950080 2.247745 2.581426 2.954791 3.368864 3.821777 4.318751 4.859732 5.445446 6.076611 6.754871 7.478190 8.244381 9.053701 9.905972 10.804410 11.751129 12.749934 13.771607 0.000000 0.000000 0.000000 0.000000 0.000000 0.000000 0.000000 0.000000 0.000000 0.000000 0.000000 0.000000 0.000000 0.000000 0.000000 0.000000 0.000000 0.000000 0.000000 0.000000 0.000000 0.000000 0.000000 0.000000 0.000000 0.000000 0.000000 0.000000 0.000000 0.000000
0.406997 0.474021 0.554154 0.649304 0.761534 0.893062 1.046262 1.223897 1.427571 1.659643 1.923644 2.221296 2.554994 2.926726 3.340155 3.795966 4.291527 4.832183 5.417343 6.047302 6.722378 7.444232 8.210047 9.016765 9.865593 10.757309 11.696230 12.684724 13.694016 0.000000 0.000000 0.000000 0.000000 0.000000 0.000000 0.000000 0.000000 0.000000 0.000000 0.000000 0.000000 0.000000 0.000000 0.000000 0.000000 0.000000 0.000000 0.000000 0.000000 0.000000 0.000000 0.000000 0.000000 0.000000 0.000000 0.000000 0.000000 0.000000 0.000000 0.000000
0.451758 0.531878 0.627039 0.739310 0.870862 1.024029 1.201233 1.405394 1.638052 1.901524 2.199325 2.533043 2.904837 3.316431 3.771510 4.270288 4.809316 5.394093 6.023423 6.697140 7.415154 8.179255 8.985984 9.831792 10.719534 11.651301 12.631363 13.629632 0.000000 0.000000 0.000000 0.000000 0.000000 0.000000 0.000000 0.000000 0.000000 0.000000 0.000000 0.000000 0.000000 0.000000 0.000000 0.000000 0.000000 0.000000 0.000000 0.000000 0.000000 0.000000 0.000000 0.000000 0.000000 0.000000 0.000000 0.000000 0.000000 0.000000 0.000000 0.000000
0.513456 0.608606 0.720881 0.852490 1.005691 1.182911 1.386547 1.619695 1.883781 2.181045 2.514892 2.886742 3.298468 3.751440 4.249423 4.792013 5.374913 6.003802 6.676811 7.393301 8.152819 8.957550 9.803813 10.688112 11.615382 12.587807 13.577015 0.000000 0.000000 0.000000 0.000000 0.000000 0.000000 0.000000 0.000000 0.000000 0.000000 0.000000 0.000000 0.000000 0.000000 0.000000 0.000000 0.000000 0.000000 0.000000 0.000000 0.000000 0.000000 0.000000 0.000000 0.000000 0.000000 0.000000 0.000000 0.000000 0.000000 0.000000 0.000000 0.000000
0.593441 0.705704 0.837310 0.990587 1.167848 1.371585 1.604122 1.868676 2.166565 2.499911 2.871878 3.283702 3.736912 4.232458 4.774204 5.360999 5.987726 6.660233 7.375933 8.133748 8.933057 9.776998 10.662248 11.585640 12.553051 13.534111 0.000000 0.000000 0.000000 0.000000 0.000000 0.000000 0.000000 0.000000 0.000000 0.000000 0.000000 0.000000 0.000000 0.000000 0.000000 0.000000 0.000000 0.000000 0.000000 0.000000 0.000000 0.000000 0.000000 0.000000 0.000000 0.000000 0.000000 0.000000 0.000000 0.000000 0.000000 0.000000 0.000000 0.000000
0.693281 0.824875 0.978140 1.155501 1.359286 1.592022 1.855931 2.154238 2.488185 2.859735 3.271676 3.725039 4.220970 4.759908 5.345811 5.976758 6.646788 7.361923 8.118867 8.916295 9.753853 10.636414 11.561270 12.524356 13.499921 0.000000 0.000000 0.000000 0.000000 0.000000 0.000000 0.000000 0.000000 0.000000 0.000000 0.000000 0.000000 0.000000 0.000000 0.000000 0.000000 0.000000 0.000000 0.000000 0.000000 0.000000 0.000000 0.000000 0.000000 0.000000 0.000000 0.000000 0.000000 0.000000 0.000000 0.000000 0.000000 0.000000 0.000000 0.000000
0.814742 0.968002 1.145338 1.349252 1.582038 1.846228 2.143939 2.478247 2.850336 3.261961 3.715451 4.211596 4.751114 5.333853 5.963793 6.638443 7.350789 8.107116 8.903594 9.739101 10.614210 11.535957 12.500922 13.471723 0.000000 0.000000 0.000000 0.000000 0.000000 0.000000 0.000000 0.000000 0.000000 0.000000 0.000000 0.000000 0.000000 0.000000 0.000000 0.000000 0.000000 0.000000 0.000000 0.000000 0.000000 0.000000 0.000000 0.000000 0.000000 0.000000 0.000000 0.000000 0.000000 0.000000 0.000000 0.000000 0.000000 0.000000 0.000000 0.000000
0.959773 1.137120 1.340994 1.573948 1.838187 2.136210 2.470028 2.842430 3.254519 3.707785 4.204066 4.743866 5.327431 5.953931 6.627304 7.344780 8.098100 8.893931 9.728428 10.601343 11.514494 12.475890 13.448766 0.000000 0.000000 0.000000 0.000000 0.000000 0.000000 0.000000 0.000000 0.000000 0.000000 0.000000 0.000000 0.000000 0.000000 0.000000 0.000000 0.000000 0.000000 0.000000 0.000000 0.000000 0.000000 0.000000 0.000000 0.000000 0.000000 0.000000 0.000000 0.000000 0.000000 0.000000 0.000000 0.000000 0.000000 0.000000 0.000000 0.000000
1.130468 1.334361 1.567253 1.831706 2.129774 2.463886 2.835907 3.248265 3.701920 4.198050 4.737991 5.321894 5.949504 6.619232 7.335011 8.093988 8.886782 9.720605 10.592443 11.503278 12.455003 13.423860 0.000000 0.000000 0.000000 0.000000 0.000000 0.000000 0.000000 0.000000 0.000000 0.000000 0.000000 0.000000 0.000000 0.000000 0.000000 0.000000 0.000000 0.000000 0.000000 0.000000 0.000000 0.000000 0.000000 0.000000 0.000000 0.000000 0.000000 0.000000 0.000000 0.000000 0.000000 0.000000 0.000000 0.000000 0.000000 0.000000 0.000000 0.000000
1.329008 1.561907 1.826267 2.124604 2.458746 2.831017 3.243080 3.696958 4.193406 4.733235 5.317270 5.945263 6.616432 7.328335 8.085063 8.883955 9.714871 10.585974 11.495651 12.444974 13.403272 0.000000 0.000000 0.000000 0.000000 0.000000 0.000000 0.000000 0.000000 0.000000 0.000000 0.000000 0.000000 0.000000 0.000000 0.000000 0.000000 0.000000 0.000000 0.000000 0.000000 0.000000 0.000000 0.000000 0.000000 0.000000 0.000000 0.000000 0.000000 0.000000 0.000000 0.000000 0.000000 0.000000 0.000000 0.000000 0.000000 0.000000 0.000000 0.000000
1.557621 1.821956 2.120158 2.454637 2.826919 3.239183 3.692832 4.189457 4.729542 5.313494 5.941603 6.613186 7.326908 8.079441 8.875417 9.712769 10.581148 11.490000 12.438042 13.393836 0.000000 0.000000 0.000000 0.000000 0.000000 0.000000 0.000000 0.000000 0.000000 0.000000 0.000000 0.000000 0.000000 0.000000 0.000000 0.000000 0.000000 0.000000 0.000000 0.000000 0.000000 0.000000 0.000000 0.000000 0.000000 0.000000 0.000000 0.000000 0.000000 0.000000 0.000000 0.000000 0.000000 0.000000 0.000000 0.000000 0.000000 0.000000 0.000000 0.000000
1.818541 2.116680 2.450969 2.823671 3.235926 3.689736 4.186180 4.726402 5.310551 5.938591 6.610272 7.324444 8.079254 8.870600 9.704251 10.579450 11.485687 12.432791 13.387188 0.000000 0.000000 0.000000 0.000000 0.000000 0.000000 0.000000 0.000000 0.000000 0.000000 0.000000 0.000000 0.000000 0.000000 0.000000 0.000000 0.000000 0.000000 0.000000 0.000000 0.000000 0.000000 0.000000 0.000000 0.000000 0.000000 0.000000 0.000000 0.000000 0.000000 0.000000 0.000000 0.000000 0.000000 0.000000 0.000000 0.000000 0.000000 0.000000 0.000000 0.000000
2.113971 2.448155 2.820598 3.233381 3.687157 4.183730 4.723809 5.308060 5.936253 6.607878 7.322126 8.077420 8.871590 9.700125 10.570697 11.484256 12.428770 13.382097 0.000000 0.000000 0.000000 0.000000 0.000000 0.000000 0.000000 0.000000 0.000000 0.000000 0.000000 0.000000 0.000000 0.000000 0.000000 0.000000 0.000000 0.000000 0.000000 0.000000 0.000000 0.000000 0.000000 0.000000 0.000000 0.000000 0.000000 0.000000 0.000000 0.000000 0.000000 0.000000 0.000000 0.000000 0.000000 0.000000 0.000000 0.000000 0.000000 0.000000 0.000000 0.000000
2.446014 2.818307 3.230742 3.685179 4.181697 4.721877 5.306015 5.934282 6.606019 7.320219 8.075570 8.870246 9.702192 10.567243 11.475153 12.427505 13.378209 0.000000 0.000000 0.000000 0.000000 0.000000 0.000000 0.000000 0.000000 0.000000 0.000000 0.000000 0.000000 0.000000 0.000000 0.000000 0.000000 0.000000 0.000000 0.000000 0.000000 0.000000 0.000000 0.000000 0.000000 0.000000 0.000000 0.000000 0.000000 0.000000 0.000000 0.000000 0.000000 0.000000 0.000000 0.000000 0.000000 0.000000 0.000000 0.000000 0.000000 0.000000 0.000000 0.000000
2.816625 3.228859 3.682835 4.180176 4.720282 5.304498 5.932675 6.604460 7.318738 8.074039 8.868754 9.701223 10.570206 11.472416 12.418126 13.377077 0.000000 0.000000 0.000000 0.000000 0.000000 0.000000 0.000000 0.000000 0.000000 0.000000 0.000000 0.000000 0.000000 0.000000 0.000000 0.000000 0.000000 0.000000 0.000000 0.000000 0.000000 0.000000 0.000000 0.000000 0.000000 0.000000 0.000000 0.000000 0.000000 0.000000 0.000000 0.000000 0.000000 0.000000 0.000000 0.000000 0.000000 0.000000 0.000000 0.000000 0.000000 0.000000 0.000000 0.000000
3.227540 3.681261 4.177994 4.719124 5.303248 5.931485 6.603193 7.317497 8.072852 8.867514 9.699997 10.569491 11.475936 12.416005 13.367500 0.000000 0.000000 0.000000 0.000000 0.000000 0.000000 0.000000 0.000000 0.000000 0.000000 0.000000 0.000000 0.000000 0.000000 0.000000 0.000000 0.000000 0.000000 0.000000 0.000000 0.000000 0.000000 0.000000 0.000000 0.000000 0.000000 0.000000 0.000000 0.000000 0.000000 0.000000 0.000000 0.000000 0.000000 0.000000 0.000000 0.000000 0.000000 0.000000 0.000000 0.000000 0.000000 0.000000 0.000000 0.000000
3.680233 4.176655 4.716991 5.302380 5.930510 6.602262 7.316508 8.071864 8.866549 9.698975 10.568459 11.475389 12.419762 13.365744 0.000000 0.000000 0.000000 0.000000 0.000000 0.000000 0.000000 0.000000 0.000000 0.000000 0.000000 0.000000 0.000000 0.000000 0.000000 0.000000 0.000000 0.000000 0.000000 0.000000 0.000000 0.000000 0.000000 0.000000 0.000000 0.000000 0.000000 0.000000 0.000000 0.000000 0.000000 0.000000 0.000000 0.000000 0.000000 0.000000 0.000000 0.000000 0.000000 0.000000 0.000000 0.000000 0.000000 0.000000 0.000000 0.000000
4.175854 4.715820 5.300179 5.929862 6.601502 7.315772 8.071081 8.865754 9.698178 10.567591 11.474486 12.419299 13.369585 0.000000 0.000000 0.000000 0.000000 0.000000 0.000000 0.000000 0.000000 0.000000 0.000000 0.000000 0.000000 0.000000 0.000000 0.000000 0.000000 0.000000 0.000000 0.000000 0.000000 0.000000 0.000000 0.000000 0.000000 0.000000 0.000000 0.000000 0.000000 0.000000 0.000000 0.000000 0.000000 0.000000 0.000000 0.000000 0.000000 0.000000 0.000000 0.000000 0.000000 0.000000 0.000000 0.000000 0.000000 0.000000 0.000000 0.000000
4.715190 5.299132 5.927491 6.601022 7.315178 8.070498 8.865122 9.697520 10.566916 11.473722 12.418466 13.369129 0.000000 0.000000 0.000000 0.000000 0.000000 0.000000 0.000000 0.000000 0.000000 0.000000 0.000000 0.000000 0.000000 0.000000 0.000000 0.000000 0.000000 0.000000 0.000000 0.000000 0.000000 0.000000 0.000000 0.000000 0.000000 0.000000 0.000000 0.000000 0.000000 0.000000 0.000000 0.000000 0.000000 0.000000 0.000000 0.000000 0.000000 0.000000 0.000000 0.000000 0.000000 0.000000 0.000000 0.000000 0.000000 0.000000 0.000000 0.000000
5.298630 5.926531 6.598381 7.314821 8.070030 8.864658 9.697008 10.566361 11.473126 12.417763 13.368332 0.000000 0.000000 0.000000 0.000000 0.000000 0.000000 0.000000 0.000000 0.000000 0.000000 0.000000 0.000000 0.000000 0.000000 0.000000 0.000000 0.000000 0.000000 0.000000 0.000000 0.000000 0.000000 0.000000 0.000000 0.000000 0.000000 0.000000 0.000000 0.000000 0.000000 0.000000 0.000000 0.000000 0.000000 0.000000 0.000000 0.000000 0.000000 0.000000 0.000000 0.000000 0.000000 0.000000 0.000000 0.000000 0.000000 0.000000 0.000000 0.000000
5.926117 6.597487 7.311814 8.069761 8.864291 9.696633 10.565932 11.472639 12.417218 13.367660 0.000000 0.000000 0.000000 0.000000 0.000000 0.000000 0.000000 0.000000 0.000000 0.000000 0.000000 0.000000 0.000000 0.000000 0.000000 0.000000 0.000000 0.000000 0.000000 0.000000 0.000000 0.000000 0.000000 0.000000 0.000000 0.000000 0.000000 0.000000 0.000000 0.000000 0.000000 0.000000 0.000000 0.000000 0.000000 0.000000 0.000000 0.000000 0.000000 0.000000 0.000000 0.000000 0.000000 0.000000 0.000000 0.000000 0.000000 0.000000 0.000000 0.000000
6.597128 7.310967 8.066293 8.864080 9.696338 10.565621 11.472272 12.416780 13.367138 0.000000 0.000000 0.000000 0.000000 0.000000 0.000000 0.000000 0.000000 0.000000 0.000000 0.000000 0.000000 0.000000 0.000000 0.000000 0.000000 0.000000 0.000000 0.000000 0.000000 0.000000 0.000000 0.000000 0.000000 0.000000 0.000000 0.000000 0.000000 0.000000 0.000000 0.000000 0.000000 0.000000 0.000000 0.000000 0.000000 0.000000 0.000000 0.000000 0.000000 0.000000 0.000000 0.000000 0.000000 0.000000 0.000000 0.000000 0.000000 0.000000 0.000000 0.000000
7.310637 8.065469 8.860037 9.696166 10.565378 11.472004 12.416442 13.366715 0.000000 0.000000 0.000000 0.000000 0.000000 0.000000 0.000000 0.000000 0.000000 0.000000 0.000000 0.000000 0.000000 0.000000 0.000000 0.000000 0.000000 0.000000 0.000000 0.000000 0.000000 0.000000 0.000000 0.000000 0.000000 0.000000 0.000000 0.000000 0.000000 0.000000 0.000000 0.000000 0.000000 0.000000 0.000000 0.000000 0.000000 0.000000 0.000000 0.000000 0.000000 0.000000 0.000000 0.000000 0.000000 0.000000 0.000000 0.000000 0.000000 0.000000 0.000000 0.000000
8.065163 8.859243 9.691429 10.565228 11.471791 12.416198 13.366396 0.000000 0.000000 0.000000 0.000000 0.000000 0.000000 0.000000 0.000000 0.000000 0.000000 0.000000 0.000000 0.000000 0.000000 0.000000 0.000000 0.000000 0.000000 0.000000 0.000000 0.000000 0.000000 0.000000 0.000000 0.000000 0.000000 0.000000 0.000000 0.000000 0.000000 0.000000 0.000000 0.000000 0.000000 0.000000 0.000000 0.000000 0.000000 0.000000 0.000000 0.000000 0.000000 0.000000 0.000000 0.000000 0.000000 0.000000 0.000000 0.000000 0.000000 0.000000 0.000000 0.000000
8.858933 9.690725 10.559737 11.471658 12.416005 13.366164 0.000000 0.000000 0.000000 0.000000 0.000000 0.000000 0.000000 0.000000 0.000000 0.000000 0.000000 0.000000 0.000000 0.000000 0.000000 0.000000 0.000000 0.000000 0.000000 0.000000 0.000000 0.000000 0.000000 0.000000 0.000000 0.000000 0.000000 0.000000 0.000000 0.000000 0.000000 0.000000 0.000000 0.000000 0.000000 0.000000 0.000000 0.000000 0.000000 0.000000 0.000000 0.000000 0.000000 0.000000 0.000000 0.000000 0.000000 0.000000 0.000000 0.000000 0.000000 0.000000 0.000000 0.000000
9.690351 10.559266 11.465472 12.415897 13.365986 0.000000 0.000000 0.000000 0.000000 0.000000 0.000000 0.000000 0.000000 0.000000 0.000000 0.000000 0.000000 0.000000 0.000000 0.000000 0.000000 0.000000 0.000000 0.000000 0.000000 0.000000 0.000000 0.000000 0.000000 0.000000 0.000000 0.000000 0.000000 0.000000 0.000000 0.000000 0.000000 0.000000 0.000000 0.000000 0.000000 0.000000 0.000000 0.000000 0.000000 0.000000 0.000000 0.000000 0.000000 0.000000 0.000000 0.000000 0.000000 0.000000 0.000000 0.000000 0.000000 0.000000 0.000000 0.000000
10.558684 11.465411 12.409215 13.365915 0.000000 0.000000 0.000000 0.000000 0.000000 0.000000 0.000000 0.000000 0.000000 0.000000 0.000000 0.000000 0.000000 0.000000 0.000000 0.000000 0.000000 0.000000 0.000000 0.000000 0.000000 0.000000 0.000000 0.000000 0.000000 0.000000 0.000000 0.000000 0.000000 0.000000 0.000000 0.000000 0.000000 0.000000 0.000000 0.000000 0.000000 0.000000 0.000000 0.000000 0.000000 0.000000 0.000000 0.000000 0.000000 0.000000 0.000000 0.000000 0.000000 0.000000 0.000000 0.000000 0.000000 0.000000 0.000000 0.000000
11.464441 12.409583 13.358967 0.000000 0.000000 0.000000 0.000000 0.000000 0.000000 0.000000 0.000000 0.000000 0.000000 0.000000 0.000000 0.000000 0.000000 0.000000 0.000000 0.000000 0.000000 0.000000 0.000000 0.000000 0.000000 0.000000 0.000000 0.000000 0.000000 0.000000 0.000000 0.000000 0.000000 0.000000 0.000000 0.000000 0.000000 0.000000 0.000000 0.000000 0.000000 0.000000 0.000000 0.000000 0.000000 0.000000 0.000000 0.000000 0.000000 0.000000 0.000000 0.000000 0.000000 0.000000 0.000000 0.000000 0.000000 0.000000 0.000000 0.000000
12.408231 13.359595 0.000000 0.000000 0.000000 0.000000 0.000000 0.000000 0.000000 0.000000 0.000000 0.000000 0.000000 0.000000 0.000000 0.000000 0.000000 0.000000 0.000000 0.000000 0.000000 0.000000 0.000000 0.000000 0.000000 0.000000 0.000000 0.000000 0.000000 0.000000 0.000000 0.000000 0.000000 0.000000 0.000000 0.000000 0.000000 0.000000 0.000000 0.000000 0.000000 0.000000 0.000000 0.000000 0.000000 0.000000 0.000000 0.000000 0.000000 0.000000 0.000000 0.000000 0.000000 0.000000 0.000000 0.000000 0.000000 0.000000 0.000000 0.000000
13.358011 0.000000 0.000000 0.000000 0.000000 0.000000 0.000000 0.000000 0.000000 0.000000 0.000000 0.000000 0.000000 0.000000 0.000000 0.000000 0.000000 0.000000 0.000000 0.000000 0.000000 0.000000 0.000000 0.000000 0.000000 0.000000 0.000000 0.000000 0.000000 0.000000 0.000000 0.000000 0.000000 0.000000 0.000000 0.000000 0.000000 0.000000 0.000000 0.000000 0.000000 0.000000 0.000000 0.000000 0.000000 0.000000 0.000000 0.000000 0.000000 0.000000 0.000000 0.000000 0.000000 0.000000 0.000000 0.000000 0.000000 0.000000 0.000000 0.000000
