21.340248 22.631517 24.006384 25.459219 26.986368 28.582060 30.241905 31.957273 33.728298 35.545452 37.414982 39.324566 41.265720 43.230072 45.235184 47.287895 49.377563 51.508797 53.714954 55.996811 58.364063 60.841282 63.502045 66.331665 69.413216 72.883087 76.951393 81.758247 87.806839 95.458145 105.368095 118.746788 137.874924 167.150497 217.949661 314.000000
20.598429 21.896881 23.278002 24.736145 26.267599 27.866579 29.528778 31.245522 33.017262 34.834583 36.703712 38.612396 40.552341 42.515175 44.518345 46.568867 48.656551 50.785282 52.988590 55.267822 57.632725 60.106560 62.764603 65.590591 68.668297 72.134140 76.200562 81.004890 87.055000 94.709808 104.626396 118.013611 137.151291 166.419952 217.151825 0.000000
20.189737 21.507549 22.906010 24.379410 25.923882 27.533604 29.204493 30.927769 32.704559 34.525856 36.397663 38.307911 40.248867 42.211906 44.214462 46.263840 48.350941 50.477940 52.678932 54.956436 57.320389 59.791138 62.448109 65.271271 68.346237 71.809685 75.880402 80.688690 86.755241 94.433525 104.384956 117.817459 137.011047 166.295761 0.000000 0.000000
20.098537 21.445305 22.869766 24.366144 25.930429 27.556606 29.241112 30.974827 32.760040 34.588192 36.465076 38.378857 40.322617 42.287243 44.290215 46.339211 48.426952 50.552837 52.751751 55.028267 57.392540 59.860371 62.517971 65.339348 68.413223 71.876404 75.957718 80.776573 86.872719 94.591248 104.599800 118.104057 137.364990 0.000000 0.000000 0.000000
20.245399 21.626995 23.082703 24.606674 26.194775 27.840797 29.541706 31.288164 33.083729 34.920471 36.803864 38.722347 40.670078 42.637070 44.641132 46.690239 48.779461 50.904568 53.101383 55.377472 57.742992 60.208149 62.867920 65.688950 68.763931 72.229568 76.327698 81.163239 87.298920 95.069336 105.147415 118.719139 0.000000 0.000000 0.000000 0.000000
20.568207 21.987463 23.476870 25.030474 26.644125 28.311375 30.029863 31.789927 33.596695 35.442699 37.333229 39.256954 41.209332 43.179111 45.184521 47.233852 49.325142 51.449558 53.644173 55.920174 58.287762 60.750538 63.414352 66.236992 69.316040 72.787277 76.908150 81.765991 87.948189 95.776588 105.913124 0.000000 0.000000 0.000000 0.000000 0.000000
21.024044 22.481535 24.005035 25.588446 27.227751 28.916166 30.652218 32.425797 34.243774 36.099003 37.996799 39.925819 41.883202 43.855728 45.862564 47.912067 50.005730 52.129459 54.321556 56.597851 58.968369 61.429386 64.099480 66.926384 70.012947 73.493591 77.642357 82.527641 88.759758 96.633209 0.000000 0.000000 0.000000 0.000000 0.000000 0.000000
21.582830 23.077539 24.634054 26.246122 27.910032 29.618612 31.371304 33.157627 34.986305 36.850262 38.754982 40.689022 42.651539 44.626602 46.634701 48.684090 50.780399 52.903370 55.092659 57.369850 59.744553 62.204823 64.884109 67.718353 70.816376 74.310371 78.491394 83.407883 89.676033 0.000000 0.000000 0.000000 0.000000 0.000000 0.000000 0.000000
22.222536 23.752348 25.339796 26.978519 28.665218 30.392286 32.160263 33.958160 35.796711 37.668499 39.579681 41.518211 43.485836 45.463074 47.472118 49.521015 51.620197 53.742470 55.928875 58.207779 60.588421 63.049557 65.741280 68.586441 71.699829 75.211403 79.427101 84.363411 0.000000 0.000000 0.000000 0.000000 0.000000 0.000000 0.000000 0.000000
22.926609 24.488663 26.104366 27.767214 29.474483 31.218048 32.999626 34.807720 36.655109 38.533722 40.450703 42.393032 44.365688 46.344547 48.354221 50.402252 52.504627 54.626480 56.810253 59.092289 61.481194 63.945255 66.653130 69.512703 72.645378 76.178078 80.415474 0.000000 0.000000 0.000000 0.000000 0.000000 0.000000 0.000000 0.000000 0.000000
23.682329 25.273380 26.914314 28.598526 30.323917 32.081856 33.875256 35.692036 37.547234 39.431530 41.353683 43.298973 45.276497 47.256474 49.266445 51.313328 53.419388 55.541588 57.723480 60.010582 62.410736 64.880318 67.607750 70.485313 73.640060 77.183220 0.000000 0.000000 0.000000 0.000000 0.000000 0.000000 0.000000 0.000000 0.000000 0.000000
24.479719 26.096384 27.759403 29.462185 31.203308 32.973518 34.776970 36.600994 38.462971 40.351841 42.278507 44.225891 46.208172 48.188766 50.198864 52.244442 54.355217 56.479023 58.660397 60.954998 63.369648 65.847794 68.597847 71.496048 74.661560 0.000000 0.000000 0.000000 0.000000 0.000000 0.000000 0.000000 0.000000 0.000000 0.000000 0.000000
25.310966 26.949902 28.631912 30.350540 32.105156 33.885651 35.697533 37.527370 39.395210 41.287518 43.218132 45.166756 47.153679 49.134651 51.144882 53.189415 55.306377 57.433666 59.616390 61.921413 64.353844 66.844002 69.618607 72.526047 0.000000 0.000000 0.000000 0.000000 0.000000 0.000000 0.000000 0.000000 0.000000 0.000000 0.000000 0.000000
26.169796 27.827803 29.525850 31.257872 33.023930 34.812943 36.631744 38.466084 40.338917 42.233654 44.167740 46.116791 48.108395 50.089722 52.100616 54.144714 56.270035 58.403183 60.589821 62.908382 65.361588 67.866875 70.653587 0.000000 0.000000 0.000000 0.000000 0.000000 0.000000 0.000000 0.000000 0.000000 0.000000 0.000000 0.000000 0.000000
27.051146 28.725300 30.436665 32.179840 33.955624 35.751625 37.575996 39.413567 41.290714 43.186852 45.124142 47.072926 49.069489 51.051666 53.064205 55.109104 57.245338 59.387150 61.580784 63.916054 66.392021 68.901970 0.000000 0.000000 0.000000 0.000000 0.000000 0.000000 0.000000 0.000000 0.000000 0.000000 0.000000 0.000000 0.000000 0.000000
27.950890 29.638556 31.360725 33.113117 34.897167 36.698811 38.527603 40.367210 42.248119 44.144863 46.085224 48.033352 50.035557 52.019615 54.035370 56.082794 58.232822 60.386368 62.590519 64.944923 67.431526 0.000000 0.000000 0.000000 0.000000 0.000000 0.000000 0.000000 0.000000 0.000000 0.000000 0.000000 0.000000 0.000000 0.000000 0.000000
28.865610 30.564457 32.295189 34.055138 35.846298 37.652431 39.484596 41.325195 43.209476 45.106129 47.049847 48.997261 51.006313 52.993843 55.014973 57.067139 59.233952 61.402210 63.620266 65.982460 0.000000 0.000000 0.000000 0.000000 0.000000 0.000000 0.000000 0.000000 0.000000 0.000000 0.000000 0.000000 0.000000 0.000000 0.000000 0.000000
29.792513 31.500523 33.237831 35.003914 36.801247 38.610909 40.445564 42.286221 44.173759 46.069942 48.017689 49.964840 51.982483 53.975643 56.004646 58.064243 60.250565 62.436066 64.657845 0.000000 0.000000 0.000000 0.000000 0.000000 0.000000 0.000000 0.000000 0.000000 0.000000 0.000000 0.000000 0.000000 0.000000 0.000000 0.000000 0.000000
30.729256 32.444687 34.186798 35.957802 37.760590 39.572994 41.409447 43.249435 45.140430 47.036121 48.989105 50.937016 52.965450 54.966724 57.006451 59.076649 61.284260 63.475933 0.000000 0.000000 0.000000 0.000000 0.000000 0.000000 0.000000 0.000000 0.000000 0.000000 0.000000 0.000000 0.000000 0.000000 0.000000 0.000000 0.000000 0.000000
31.673975 33.395340 35.140671 36.915588 38.723301 40.537819 42.375652 44.214474 46.109573 48.005177 49.965225 51.915367 53.957157 55.969341 58.022728 60.106541 62.323357 0.000000 0.000000 0.000000 0.000000 0.000000 0.000000 0.000000 0.000000 0.000000 0.000000 0.000000 0.000000 0.000000 0.000000 0.000000 0.000000 0.000000 0.000000 0.000000
32.625042 34.351093 36.098267 37.876244 39.688534 41.504803 43.343826 45.181442 47.081757 48.978249 50.947594 52.902020 54.959827 56.985744 59.055359 61.142452 0.000000 0.000000 0.000000 0.000000 0.000000 0.000000 0.000000 0.000000 0.000000 0.000000 0.000000 0.000000 0.000000 0.000000 0.000000 0.000000 0.000000 0.000000 0.000000 0.000000
33.581161 35.310822 37.058632 38.839031 40.655750 42.473663 44.314159 46.150894 48.058220 49.956955 51.938259 53.899555 55.975918 58.017918 60.092819 0.000000 0.000000 0.000000 0.000000 0.000000 0.000000 0.000000 0.000000 0.000000 0.000000 0.000000 0.000000 0.000000 0.000000 0.000000 0.000000 0.000000 0.000000 0.000000 0.000000 0.000000
34.541283 36.273643 38.021080 39.803448 41.624722 43.444576 45.287304 47.124077 49.040577 50.943523 52.939568 54.910755 57.007488 59.054539 0.000000 0.000000 0.000000 0.000000 0.000000 0.000000 0.000000 0.000000 0.000000 0.000000 0.000000 0.000000 0.000000 0.000000 0.000000 0.000000 0.000000 0.000000 0.000000 0.000000 0.000000 0.000000
35.504490 37.238857 38.985180 40.769295 42.595665 44.418236 46.264481 48.102669 50.030846 51.940517 53.954018 55.938080 58.043148 0.000000 0.000000 0.000000 0.000000 0.000000 0.000000 0.000000 0.000000 0.000000 0.000000 0.000000 0.000000 0.000000 0.000000 0.000000 0.000000 0.000000 0.000000 0.000000 0.000000 0.000000 0.000000 0.000000
36.470089 38.205971 39.950691 41.736801 43.569229 45.395771 47.247250 49.088810 51.031387 52.950741 54.983643 56.970268 0.000000 0.000000 0.000000 0.000000 0.000000 0.000000 0.000000 0.000000 0.000000 0.000000 0.000000 0.000000 0.000000 0.000000 0.000000 0.000000 0.000000 0.000000 0.000000 0.000000 0.000000 0.000000 0.000000 0.000000
37.437595 39.174816 40.917885 42.706604 44.546558 46.378742 48.237602 50.085014 52.044655 53.976612 56.017239 0.000000 0.000000 0.000000 0.000000 0.000000 0.000000 0.000000 0.000000 0.000000 0.000000 0.000000 0.000000 0.000000 0.000000 0.000000 0.000000 0.000000 0.000000 0.000000 0.000000 0.000000 0.000000 0.000000 0.000000 0.000000
38.406818 40.145622 41.887363 43.679817 45.529217 47.369049 49.237820 51.094086 53.072731 55.007046 0.000000 0.000000 0.000000 0.000000 0.000000 0.000000 0.000000 0.000000 0.000000 0.000000 0.000000 0.000000 0.000000 0.000000 0.000000 0.000000 0.000000 0.000000 0.000000 0.000000 0.000000 0.000000 0.000000 0.000000 0.000000 0.000000
39.377987 41.118984 42.860283 44.658054 46.519054 48.368916 50.250290 52.118473 54.104462 0.000000 0.000000 0.000000 0.000000 0.000000 0.000000 0.000000 0.000000 0.000000 0.000000 0.000000 0.000000 0.000000 0.000000 0.000000 0.000000 0.000000 0.000000 0.000000 0.000000 0.000000 0.000000 0.000000 0.000000 0.000000 0.000000 0.000000
40.351631 42.096012 43.838161 45.643288 47.518326 49.380707 51.277176 53.147087 0.000000 0.000000 0.000000 0.000000 0.000000 0.000000 0.000000 0.000000 0.000000 0.000000 0.000000 0.000000 0.000000 0.000000 0.000000 0.000000 0.000000 0.000000 0.000000 0.000000 0.000000 0.000000 0.000000 0.000000 0.000000 0.000000 0.000000 0.000000
41.328846 43.078152 44.823055 46.637966 48.529411 50.406578 52.307308 0.000000 0.000000 0.000000 0.000000 0.000000 0.000000 0.000000 0.000000 0.000000 0.000000 0.000000 0.000000 0.000000 0.000000 0.000000 0.000000 0.000000 0.000000 0.000000 0.000000 0.000000 0.000000 0.000000 0.000000 0.000000 0.000000 0.000000 0.000000 0.000000
42.310989 44.067272 45.817322 47.644787 49.554436 51.435459 0.000000 0.000000 0.000000 0.000000 0.000000 0.000000 0.000000 0.000000 0.000000 0.000000 0.000000 0.000000 0.000000 0.000000 0.000000 0.000000 0.000000 0.000000 0.000000 0.000000 0.000000 0.000000 0.000000 0.000000 0.000000 0.000000 0.000000 0.000000 0.000000 0.000000
43.299900 45.065453 46.823711 48.666214 50.582359 0.000000 0.000000 0.000000 0.000000 0.000000 0.000000 0.000000 0.000000 0.000000 0.000000 0.000000 0.000000 0.000000 0.000000 0.000000 0.000000 0.000000 0.000000 0.000000 0.000000 0.000000 0.000000 0.000000 0.000000 0.000000 0.000000 0.000000 0.000000 0.000000 0.000000 0.000000
44.297649 46.075089 47.844639 49.691216 0.000000 0.000000 0.000000 0.000000 0.000000 0.000000 0.000000 0.000000 0.000000 0.000000 0.000000 0.000000 0.000000 0.000000 0.000000 0.000000 0.000000 0.000000 0.000000 0.000000 0.000000 0.000000 0.000000 0.000000 0.000000 0.000000 0.000000 0.000000 0.000000 0.000000 0.000000 0.000000
45.306568 47.098312 48.869251 0.000000 0.000000 0.000000 0.000000 0.000000 0.000000 0.000000 0.000000 0.000000 0.000000 0.000000 0.000000 0.000000 0.000000 0.000000 0.000000 0.000000 0.000000 0.000000 0.000000 0.000000 0.000000 0.000000 0.000000 0.000000 0.000000 0.000000 0.000000 0.000000 0.000000 0.000000 0.000000 0.000000
46.328865 48.124168 0.000000 0.000000 0.000000 0.000000 0.000000 0.000000 0.000000 0.000000 0.000000 0.000000 0.000000 0.000000 0.000000 0.000000 0.000000 0.000000 0.000000 0.000000 0.000000 0.000000 0.000000 0.000000 0.000000 0.000000 0.000000 0.000000 0.000000 0.000000 0.000000 0.000000 0.000000 0.000000 0.000000 0.000000
47.353539 0.000000 0.000000 0.000000 0.000000 0.000000 0.000000 0.000000 0.000000 0.000000 0.000000 0.000000 0.000000 0.000000 0.000000 0.000000 0.000000 0.000000 0.000000 0.000000 0.000000 0.000000 0.000000 0.000000 0.000000 0.000000 0.000000 0.000000 0.000000 0.000000 0.000000 0.000000 0.000000 0.000000 0.000000 0.000000
