15.183578 16.220049 17.363792 18.617369 19.971901 21.423294 22.976231 24.602448 26.322849 28.110668 29.946150 31.833574 33.763355 35.758972 37.837856 39.971992 42.234325 44.623100 47.234772 50.093678 53.318161 57.046135 61.512886 66.901001 73.584015 81.811020 92.285110 105.957680 125.388283 157.619675 221.000000
14.998270 16.083700 17.274357 18.571974 19.966217 21.452745 23.036650 24.688444 26.430187 28.234791 30.083134 31.980198 33.916779 35.916973 37.999012 40.134438 42.396969 44.784264 47.393597 50.249100 53.470016 57.195000 61.662560 67.059647 73.770515 82.054932 92.624458 106.414337 125.932930 158.038483 0.000000
15.016693 16.160482 17.406666 18.756096 20.196793 21.724197 23.344013 25.025345 26.791685 28.615627 30.478817 32.387089 34.331596 36.337151 38.422970 40.559978 42.822948 45.208855 47.816177 50.669025 53.887669 57.612133 62.085007 67.498672 74.249405 82.605850 93.280243 107.173470 126.659729 0.000000 0.000000
15.205502 16.412668 17.718643 19.123398 20.613247 22.183577 23.840801 25.552675 27.344320 29.188091 31.066452 32.986080 34.938583 36.949398 39.038891 41.177223 43.440491 45.825066 48.430935 51.282372 54.501099 58.228714 62.712673 68.151176 74.951607 83.384254 94.145744 108.029663 0.000000 0.000000 0.000000
15.534461 16.806458 18.172901 19.632954 21.171438 22.783781 24.477322 26.218527 28.034302 29.896835 31.789406 33.719578 35.679291 37.694683 39.787231 41.926411 44.189816 46.573380 49.178978 52.031155 55.253391 58.989017 63.490723 68.961639 75.815170 84.309776 95.055649 0.000000 0.000000 0.000000 0.000000
15.979959 17.315384 18.740204 20.253002 21.837267 23.488670 25.215612 26.983452 28.820946 30.700180 32.605236 34.544495 36.510227 38.529144 40.623932 42.763580 45.027275 47.410839 50.018162 52.874283 56.104389 59.853809 64.379608 69.886024 76.782440 85.246979 0.000000 0.000000 0.000000 0.000000 0.000000
16.523085 17.918446 19.397608 20.958796 22.584490 24.270733 26.027138 27.818085 29.674229 31.567583 33.482952 35.429535 37.399826 39.421181 41.517651 43.657772 45.922619 48.307980 50.920025 53.784111 57.027359 60.796097 65.348694 70.882843 77.738808 0.000000 0.000000 0.000000 0.000000 0.000000 0.000000
17.148275 18.598608 20.126808 21.730997 23.392931 25.109180 26.890636 28.700869 30.572332 32.477062 34.400494 36.352558 38.326065 40.349041 42.447018 44.588268 46.855991 49.245964 51.866581 54.743530 58.004860 61.795090 66.368004 71.852081 0.000000 0.000000 0.000000 0.000000 0.000000 0.000000 0.000000
17.842493 19.341944 20.913177 22.554485 24.247192 25.988478 27.790556 29.616272 31.499809 33.413261 35.342598 37.298542 39.274223 41.298447 43.398537 45.542503 47.815704 50.214050 52.847847 55.742279 59.023560 62.829384 67.348175 0.000000 0.000000 0.000000 0.000000 0.000000 0.000000 0.000000 0.000000
18.594604 20.136877 21.744976 23.417551 25.135712 26.897314 28.715836 30.553476 32.446079 34.365826 36.299221 38.257839 40.235233 42.261250 44.364872 46.514080 48.796398 51.207603 53.858894 56.772423 60.067875 63.816582 0.000000 0.000000 0.000000 0.000000 0.000000 0.000000 0.000000 0.000000 0.000000
19.395090 20.973911 22.612860 24.311132 26.049795 27.827324 29.658525 31.504969 33.404037 35.328106 37.264244 39.224964 41.204411 43.233524 45.343132 47.501122 49.796913 52.225060 54.895382 57.822231 61.060265 0.000000 0.000000 0.000000 0.000000 0.000000 0.000000 0.000000 0.000000 0.000000 0.000000
20.235655 21.844990 23.509188 25.228073 26.982821 28.772532 30.613117 32.465706 34.369141 36.296127 38.234303 40.197369 42.180206 44.214714 46.333759 48.504745 50.818077 53.264698 55.948345 58.817444 0.000000 0.000000 0.000000 0.000000 0.000000 0.000000 0.000000 0.000000 0.000000 0.000000 0.000000
21.109123 22.743412 24.427788 26.162823 27.929834 29.728411 31.575682 33.432278 35.338585 37.267761 39.208202 41.174816 43.163265 45.206596 47.339180 49.527229 51.859455 54.318871 56.944912 0.000000 0.000000 0.000000 0.000000 0.000000 0.000000 0.000000 0.000000 0.000000 0.000000 0.000000 0.000000
22.009233 23.663469 25.363617 27.110928 28.886929 30.691654 32.543434 34.402531 36.310959 38.242489 40.186337 42.158733 44.156059 46.212303 48.362419 50.568913 52.914356 55.315823 0.000000 0.000000 0.000000 0.000000 0.000000 0.000000 0.000000 0.000000 0.000000 0.000000 0.000000 0.000000 0.000000
22.930546 24.600382 26.312466 28.068781 29.851046 31.659786 33.514568 35.375431 37.286049 39.221031 41.170444 43.151814 45.162106 47.235161 49.404167 51.623482 53.911633 0.000000 0.000000 0.000000 0.000000 0.000000 0.000000 0.000000 0.000000 0.000000 0.000000 0.000000 0.000000 0.000000 0.000000
23.868425 25.550087 27.270885 29.033484 30.819925 32.631168 34.488155 36.350857 38.264748 40.205242 42.163368 44.157700 46.184845 48.276161 50.458527 52.620148 0.000000 0.000000 0.000000 0.000000 0.000000 0.000000 0.000000 0.000000 0.000000 0.000000 0.000000 0.000000 0.000000 0.000000 0.000000
24.818930 26.509233 28.236059 30.002836 31.791941 33.604923 35.464157 37.329708 39.248909 41.198074 43.168835 45.180054 47.225422 49.329468 51.454781 0.000000 0.000000 0.000000 0.000000 0.000000 0.000000 0.000000 0.000000 0.000000 0.000000 0.000000 0.000000 0.000000 0.000000 0.000000 0.000000
25.778748 27.475065 29.205832 30.975290 32.766281 34.580990 36.443512 38.313881 40.241440 42.203148 44.190414 46.219929 48.278103 50.324558 0.000000 0.000000 0.000000 0.000000 0.000000 0.000000 0.000000 0.000000 0.000000 0.000000 0.000000 0.000000 0.000000 0.000000 0.000000 0.000000 0.000000
26.745163 28.445425 30.178661 31.950005 33.742874 35.560310 37.428001 39.306240 41.245983 43.224113 45.229374 47.271778 49.272442 0.000000 0.000000 0.000000 0.000000 0.000000 0.000000 0.000000 0.000000 0.000000 0.000000 0.000000 0.000000 0.000000 0.000000 0.000000 0.000000 0.000000 0.000000
27.716042 29.418777 31.153683 32.926907 34.722660 36.544670 38.420517 40.310444 42.266212 44.262199 46.280018 48.265133 0.000000 0.000000 0.000000 0.000000 0.000000 0.000000 0.000000 0.000000 0.000000 0.000000 0.000000 0.000000 0.000000 0.000000 0.000000 0.000000 0.000000 0.000000 0.000000
28.689846 30.394272 32.130821 33.906849 35.707321 37.536842 39.424622 41.330078 43.303276 45.311817 47.272137 0.000000 0.000000 0.000000 0.000000 0.000000 0.000000 0.000000 0.000000 0.000000 0.000000 0.000000 0.000000 0.000000 0.000000 0.000000 0.000000 0.000000 0.000000 0.000000 0.000000
29.665773 31.371849 33.110950 34.891563 36.699623 38.540424 40.443928 42.366371 44.351746 46.302814 0.000000 0.000000 0.000000 0.000000 0.000000 0.000000 0.000000 0.000000 0.000000 0.000000 0.000000 0.000000 0.000000 0.000000 0.000000 0.000000 0.000000 0.000000 0.000000 0.000000 0.000000
30.643723 32.352325 34.095703 35.883747 37.703125 39.558979 41.479660 43.413883 45.341454 0.000000 0.000000 0.000000 0.000000 0.000000 0.000000 0.000000 0.000000 0.000000 0.000000 0.000000 0.000000 0.000000 0.000000 0.000000 0.000000 0.000000 0.000000 0.000000 0.000000 0.000000 0.000000
31.624466 33.337311 35.087772 36.886929 38.721352 40.593792 42.526455 44.402519 0.000000 0.000000 0.000000 0.000000 0.000000 0.000000 0.000000 0.000000 0.000000 0.000000 0.000000 0.000000 0.000000 0.000000 0.000000 0.000000 0.000000 0.000000 0.000000 0.000000 0.000000 0.000000 0.000000
32.609619 34.329453 36.090660 37.904629 39.755642 41.639484 43.514332 0.000000 0.000000 0.000000 0.000000 0.000000 0.000000 0.000000 0.000000 0.000000 0.000000 0.000000 0.000000 0.000000 0.000000 0.000000 0.000000 0.000000 0.000000 0.000000 0.000000 0.000000 0.000000 0.000000 0.000000
33.601776 35.332211 37.107872 38.938198 40.800667 42.626122 0.000000 0.000000 0.000000 0.000000 0.000000 0.000000 0.000000 0.000000 0.000000 0.000000 0.000000 0.000000 0.000000 0.000000 0.000000 0.000000 0.000000 0.000000 0.000000 0.000000 0.000000 0.000000 0.000000 0.000000 0.000000
34.604382 36.349133 38.140728 39.982349 41.786602 0.000000 0.000000 0.000000 0.000000 0.000000 0.000000 0.000000 0.000000 0.000000 0.000000 0.000000 0.000000 0.000000 0.000000 0.000000 0.000000 0.000000 0.000000 0.000000 0.000000 0.000000 0.000000 0.000000 0.000000 0.000000 0.000000
35.620945 37.381504 39.184032 40.967323 0.000000 0.000000 0.000000 0.000000 0.000000 0.000000 0.000000 0.000000 0.000000 0.000000 0.000000 0.000000 0.000000 0.000000 0.000000 0.000000 0.000000 0.000000 0.000000 0.000000 0.000000 0.000000 0.000000 0.000000 0.000000 0.000000 0.000000
36.652794 38.424198 40.168091 0.000000 0.000000 0.000000 0.000000 0.000000 0.000000 0.000000 0.000000 0.000000 0.000000 0.000000 0.000000 0.000000 0.000000 0.000000 0.000000 0.000000 0.000000 0.000000 0.000000 0.000000 0.000000 0.000000 0.000000 0.000000 0.000000 0.000000 0.000000
37.694847 39.407566 0.000000 0.000000 0.000000 0.000000 0.000000 0.000000 0.000000 0.000000 0.000000 0.000000 0.000000 0.000000 0.000000 0.000000 0.000000 0.000000 0.000000 0.000000 0.000000 0.000000 0.000000 0.000000 0.000000 0.000000 0.000000 0.000000 0.000000 0.000000 0.000000
38.677498 0.000000 0.000000 0.000000 0.000000 0.000000 0.000000 0.000000 0.000000 0.000000 0.000000 0.000000 0.000000 0.000000 0.000000 0.000000 0.000000 0.000000 0.000000 0.000000 0.000000 0.000000 0.000000 0.000000 0.000000 0.000000 0.000000 0.000000 0.000000 0.000000 0.000000
