0,0,-0.5510570000000001,0.15635499999999958,9.717133,0.0
0,1,-0.5510570000000001,0.15635499999999958,9.717133,0.0
0,2,-0.5205219999999997,0.19420900000000074,9.679279,0.0
0,3,-0.483880000000001,0.23921099999999917,9.589275000000002,0.0
0,4,-0.4400089999999999,0.2952680000000001,9.421104,0.0
0,5,-0.3881540000000001,0.3623510000000003,9.152771999999999,0.0
0,6,-0.32775400000000054,0.44055,8.761777,0.0
0,7,-0.2584780000000002,0.5346700000000002,8.197057,0.0
0,8,-0.18056300000000114,0.6437329999999992,7.433616000000006,0.0
0,9,-0.09451499999999946,0.7637710000000002,6.473311999999998,0.0
0,10,-0.001732000000000511,0.9012899999999995,5.235641000000005,0.0
0,11,0.09587699999999977,1.0514620000000008,3.7339209999999916,0.0
0,12,0.19624499999999934,1.2133350000000007,1.9533179999999923,0.0
0,13,0.29677999999999827,1.3863090000000007,-0.1223700000000072,0.0
0,14,0.3949449999999999,1.56879,-2.494622999999997,0.0
0,15,0.48827,1.758695999999997,-5.1533069999999555,0.0
0,16,0.5744910000000019,1.9587610000000026,-8.154282000000041,0.0
0,17,0.652041999999998,2.1625309999999978,-11.414601999999963,0.0
0,18,0.7195970000000003,2.3693060000000017,-14.92977700000003,0.0
0,19,0.7764779999999973,2.576277000000001,-18.655255000000015,0.0
0,20,0.8226109999999949,2.7748589999999957,-22.428312999999918,0.0
0,21,0.8582880000000017,2.962604000000006,-26.183213000000123,0.0
0,22,0.8842810000000014,3.1466979999999936,-30.04918699999986,0.0
0,23,0.9021000000000043,3.3069420000000065,-33.574555000000146,0.0
0,24,0.9128840000000054,3.4548109999999994,-36.97554199999998,0.0
0,25,0.9184269999999941,3.5746429999999947,-39.85150999999987,0.0
0,26,0.9193270000000027,3.6792140000000018,-42.46578500000005,0.0
0,27,0.9169839999999994,3.765553000000004,-44.7105990000001,0.0
0,28,0.9139060000000043,3.836302999999994,-46.62084899999983,0.0
0,29,0.9100649999999888,3.897221000000009,-48.326553000000246,0.0
0,30,0.9054110000000009,3.953711999999996,-49.964791999999875,0.0
0,31,0.8990700000000089,3.987579999999994,-50.98083199999982,0.0
0,32,0.8904720000000026,4.050742999999997,-52.938884999999914,0.0
0,33,0.8786539999999974,4.126457000000002,-55.36173300000007,0.0
0,34,0.8651420000000059,4.290604000000002,-60.778584000000066,0.0
0,35,0.8530650000000009,4.536231999999998,-69.12993599999996,0.0
0,36,0.8486019999999996,5.050949000000003,-87.1450310000001,0.0
0,37,0.8486019999999854,6.099723999999995,-124.9009309999998,0.0
0,38,0.8567649999999674,8.231597000000008,-203.78023200000027,0.0
0,39,0.8382190000000378,13.001960999999994,-385.0540639999998,0.0
0,40,0.6206820000001017,24.272323999999998,-824.598221,0.0
0,41,0.620681999999988,52.70526100000001,-1961.9157010000004,0.0
1,0,-0.5510570000000001,0.15635499999999958,9.717133,0.0
1,1,-0.5205219999999997,0.18689,9.686598,0.0
1,2,-0.483880000000001,0.23085099999999947,9.605995000000002,0.0
1,3,-0.41071299999999944,0.2830820000000003,9.428365999999999,0.0
1,4,-0.3596199999999996,0.34712299999999985,9.18515,0.0
1,5,-0.29995500000000064,0.4227509999999999,8.822973000000001,0.0
1,6,-0.23145599999999966,0.5098260000000003,8.319098999999998,0.0
1,7,-0.1541490000000003,0.6125849999999993,7.625238000000005,0.0
1,8,-0.06872899999999937,0.7297810000000009,6.7194459999999925,0.0
1,9,0.023833999999999023,0.8565539999999991,5.612699000000008,0.0
1,10,0.12165599999999976,0.9988989999999998,4.233772000000002,0.0
1,11,0.22237200000000001,1.1518300000000004,2.6037459999999957,0.0
1,12,0.3235890000000001,1.3138699999999996,0.7200890000000033,0.0
1,13,0.4226610000000015,1.4844740000000023,-1.4262310000000298,0.0
1,14,0.5170099999999991,1.662115,-3.8299129999999977,0.0
1,15,0.6044039999999988,1.8449169999999988,-6.476534999999981,0.0
1,16,0.652041999999998,2.036311999999999,-9.39509799999998,0.0
1,17,0.7195970000000003,2.230086,-12.563037000000001,0.0
1,18,0.8093810000000019,2.4261870000000023,-15.986538000000042,0.0
1,19,0.8563539999999996,2.6224099999999986,-19.56552499999997,0.0
1,20,0.892871999999997,2.810535999999999,-23.17643699999998,0.0
1,21,0.9197339999999983,2.9885969999999986,-26.76451899999997,0.0
1,22,0.9492830000000012,3.175869000000006,-30.738132000000128,0.0
1,23,0.9526389285714286,3.3210819285714277,-33.93952828571427,0.0
1,24,0.949722538461539,3.4603539999999953,-37.139869538461426,0.0
1,25,0.9463402500000004,3.5763239999999996,-39.91976724999999,0.0
1,26,0.9425826999999998,3.6784330000000054,-42.46873470000014,0.0
1,27,0.9383702222222214,3.763210000000001,-44.66872422222224,0.0
1,28,0.9337711249999998,3.8332249999999988,-46.554530124999964,0.0
1,29,0.928677142857144,3.8933799999999934,-48.23377614285696,0.0
1,30,0.9232889999999992,3.949058000000008,-49.84305000000023,0.0
1,31,0.9170761999999997,3.981239000000002,-50.80226720000006,0.0
1,32,0.9096653333333364,4.042144999999991,-52.682942333333045,0.0
1,33,0.899208999999999,4.114639000000011,-54.992294000000356,0.0
1,34,0.889015999999998,4.277091999999996,-60.34304999999986,0.0
1,35,0.8651420000000201,4.524154999999993,-68.71931799999977,0.0
1,36,0.8883670000000023,5.046486000000002,-87.02412800000006,0.0
1,37,0.9040530000000047,6.107887000000005,-125.2502500000002,0.0
1,38,0.8675240000000031,8.242356000000001,-204.18907400000003,0.0
1,39,0.8780519999999967,12.972656,-383.951002,0.0
1,40,0.8780519999999967,24.054787000000005,-816.1541110000002,0.0
2,0,-0.490120000000001,0.18689,9.656196000000001,0.0
2,1,-0.45386599999999966,0.22314400000000134,9.583687999999999,0.0
2,2,-0.41071299999999944,0.2740039999999997,9.446522,0.0
2,3,-0.33242500000000064,0.3341750000000001,9.169604000000001,0.0
2,4,-0.27416700000000027,0.4067879999999988,8.835249000000005,0.0
2,5,-0.20714599999999983,0.49125000000000085,8.363358999999996,0.0
2,6,-0.13146799999999992,0.5871329999999997,7.732588000000002,0.0
2,7,-0.04760600000000004,0.6980050000000002,6.899631999999999,0.0
2,8,0.043241000000000085,0.8223439999999993,5.847565000000005,0.0
2,9,0.13960100000000075,0.9543759999999999,4.598588999999999,0.0
2,10,0.23917500000000125,1.099615,3.0922899999999967,0.0
2,11,0.33928400000000103,1.2530470000000005,1.3577519999999925,0.0
2,12,0.4374380000000002,1.412942000000001,-0.5974010000000121,0.0
2,13,0.5170099999999991,1.5788229999999999,-2.747116999999996,0.0
2,14,0.6176700000000004,1.7495089999999998,-5.167354999999997,0.0
2,15,0.6829779999999985,1.9234909999999985,-7.733718999999976,0.0
2,16,0.7635310000000004,2.1048740000000024,-10.615570000000037,0.0
2,17,0.8207869999999993,2.287927,-13.658929999999994,0.0
2,18,0.8672599999999981,2.47316,-16.900836999999996,0.0
2,19,0.903338999999999,2.658927999999996,-20.316818999999924,0.0
2,20,0.929897000000004,2.8373980000000003,-23.760865000000017,0.0
2,21,0.9481050000000053,3.0067939999999993,-27.185201,0.0
2,22,0.9492830000000012,3.175869000000006,-30.738132000000128,0.0
2,23,0.9526389285714286,3.3210819285714273,-33.93952828571425,0.00233607142857295
2,24,0.949722538461539,3.4603539999999953,-37.139869538461426,0.006988461538462332
2,25,0.9463402500000004,3.5763239999999996,-39.91976724999999,0.009355749999997443
2,26,0.9425826999999998,3.6784330000000054,-42.46873470000014,0.01041630000000282
2,27,0.9383702222222214,3.763210000000001,-44.66872422222224,0.011019777777768525
2,28,0.9337711249999998,3.8332249999999988,-46.554530124999964,0.011156874999997513
2,29,0.928677142857144,3.8933799999999934,-48.233776142856954,0.010836857142848544
2,30,0.9232889999999992,3.949058000000008,-49.84305000000023,0.009557000000000926
2,31,0.9170761999999997,3.981239000000002,-50.80226720000006,0.0066838000000046804
2,32,0.9096653333333364,4.042144999999991,-52.682942333333045,0.0026046666666701412
2,33,0.9011609999999877,4.112687000000022,-54.93178200000071,0.0
2,34,0.9011609999999877,4.266898999999995,-60.02077799999981,0.0
2,35,0.9028619999999989,4.523505999999998,-68.74881799999991,0.0
2,36,0.9225080000000077,5.062172000000004,-87.64142000000015,0.0
2,37,0.9980390000000057,6.175826999999998,-127.92242999999995,0.0
2,38,0.9767460000000057,8.261161000000001,-205.03720200000004,0.0
2,39,0.9524299999999926,12.898278000000005,-381.19901600000014,0.0
3,0,-0.42459899999999884,0.22314400000000134,9.525153999999997,0.0
3,1,-0.38228800000000085,0.2740039999999997,9.389672000000003,0.0
3,2,-0.33242500000000064,0.3238669999999999,9.190220000000002,0.0
3,3,-0.27416700000000027,0.3924330000000005,8.878314,0.0
3,4,-0.20714599999999983,0.47380899999999926,8.433123000000002,0.0
3,5,-0.13146799999999992,0.5669280000000008,7.833612999999996,0.0
3,6,-0.04760600000000004,0.6709949999999996,7.0616920000000025,0.0
3,7,0.043241000000000085,0.7888520000000003,6.082008999999998,0.0
3,8,0.13960100000000075,0.918704,4.883964999999998,0.0
3,9,0.23917500000000125,1.0539500000000004,3.5032749999999933,0.0
3,10,0.33928400000000103,1.1997239999999998,1.8909819999999993,0.0
3,11,0.4374380000000002,1.3512009999999997,0.0817500000000031,0.0
3,12,0.5411929999999998,1.506499999999999,-1.9378039999999892,0.0
3,13,0.6266940000000005,1.665497000000002,-4.102271000000027,0.0
3,14,0.7035710000000002,1.8274779999999993,-6.43865499999999,0.0
3,15,0.7635310000000004,1.991382999999999,-8.913204999999987,0.0
3,16,0.8207869999999993,2.162130000000001,-11.646178000000013,0.0
3,17,0.8724789999999985,2.3343999999999987,-14.557573999999974,0.0
3,18,0.903338999999999,2.509239000000001,-17.622417000000013,0.0
3,19,0.929897000000004,2.685486000000001,-20.874537000000032,0.0
3,20,0.9600128666666663,2.863923866666667,-24.363521933333338,0.0
3,21,0.9577332000000003,3.016422199999994,-27.406649599999874,0.00157580000000479
3,22,0.9554275,3.175869000000006,-30.750421000000124,0.009649500000001865
3,23,0.9526389285714286,3.3210819285714273,-33.93952828571425,0.016486142857139896
3,24,0.949722538461539,3.4603539999999953,-37.139869538461426,0.023070923076922156
3,25,0.9463402500000004,3.5763239999999996,-39.91976724999999,0.026108499999999424
3,26,0.9425826999999998,3.6784330000000054,-42.46873470000014,0.027203599999999994
3,27,0.9383702222222214,3.763210000000001,-44.66872422222224,0.0274915555555566
3,28,0.9337711249999998,3.8332249999999988,-46.554530124999964,0.02679074999999642
3,29,0.928677142857144,3.8933799999999934,-48.233776142856954,0.024709714285705786
3,30,0.9232889999999992,3.9501750000000038,-49.87656000000011,0.020045000000010305
3,31,0.9170761999999997,3.981239000000002,-50.80226720000006,0.012207599999982222
3,32,0.9096653333333364,4.042144999999991,-52.682942333333045,0.0033323333333328264
3,33,0.9086830000000102,4.0976429999999775,-54.457895999999295,0.0
3,34,0.9028619999999989,4.268600000000006,-60.082014000000214,0.0
3,35,0.9225080000000077,4.543152000000006,-69.47572000000022,0.0
3,36,0.9702449999999914,5.099334999999996,-89.08533599999984,0.0
3,37,1.0149299999999926,6.175826999999998,-127.97310299999991,0.0
3,38,1.0149299999999926,8.239868000000001,-204.34262,0.0
4,0,-0.3538370000000004,0.26545499999999933,9.312868000000002,0.0
4,1,-0.3050909999999991,0.3238669999999999,9.108217999999997,0.0
4,2,-0.2483500000000003,0.3806079999999987,8.824513000000003,0.0
4,3,-0.1830639999999999,0.4577190000000009,8.409146999999997,0.0
4,4,-0.10918500000000009,0.5476879999999991,7.8437240000000035,0.0
4,5,-0.027281999999999584,0.6488310000000013,7.111539999999993,0.0
4,6,0.061652999999999736,0.7599299999999989,6.200305000000007,0.0
4,7,0.15594600000000014,0.8831450000000007,5.083842999999995,0.0
4,8,0.26801799999999965,1.0164709999999992,3.702273000000007,0.0
4,9,0.3647179999999999,1.1525280000000002,2.2270169999999982,0.0
4,10,0.45975300000000097,1.2963660000000008,0.5523349999999887,0.0
4,11,0.5504599999999993,1.4434609999999992,-1.2814429999999888,0.0
4,12,0.6346160000000012,1.5920009999999998,-3.2520070000000025,0.0
4,13,0.7103190000000019,1.7423740000000016,-5.359295000000028,0.0
4,14,0.7762299999999982,1.8944340000000004,-7.599718999999997,0.0
4,15,0.8764770000000013,2.092474000000003,-10.818069000000047,0.0
4,16,0.8724789999999985,2.207792999999999,-12.531861999999979,0.0
4,17,0.9111840000000022,2.369789000000001,-15.278618000000023,0.0
4,18,0.9338690000000014,2.5352400000000017,-18.182025000000035,0.0
4,19,0.9620692000000001,2.711333200000004,-21.47252460000007,0.0
4,20,0.9600128666666663,2.863923866666667,-24.363521933333338,0.0026991333333299394
4,21,0.9577332000000003,3.016422199999994,-27.406649599999874,0.012073600000000795
4,22,0.9554275,3.175869000000006,-30.750421000000124,0.024157999999992796
4,23,0.9526389285714286,3.3210819285714273,-33.93952828571425,0.032773214285718666
4,24,0.949722538461539,3.4603539999999953,-37.139869538461426,0.039546384615377406
4,25,0.9463402500000004,3.5763239999999996,-39.91976724999999,0.0422132500000032
4,26,0.9425826999999998,3.6784330000000054,-42.46873470000014,0.04260190000000108
4,27,0.9383702222222214,3.763210000000001,-44.66872422222224,0.0417583333333269
4,28,0.9337711249999998,3.8577221250000022,-47.24044962500006,0.03892762499999236
4,29,0.928677142857144,3.91672914285714,-48.9109012857142,0.033120571428568724
4,30,0.9232889999999992,3.9501750000000038,-49.87656000000011,0.023208999999994262
4,31,0.9170761999999997,3.981239000000002,-50.80226720000006,0.009857399999987138
4,32,0.9123079999999959,4.034217000000012,-52.439817000000374,0.0
4,33,0.9096653333333364,4.094695999999999,-54.36457433333331,0.0
4,34,0.9299780000000055,4.289895000000001,-60.88739200000006,0.0
4,35,0.9744639999999976,4.583418999999992,-71.04515199999972,0.0
4,36,1.0226059999999961,5.144776000000007,-90.88521500000024,0.0
4,37,1.0291289999999975,6.175070999999988,-128.00192699999957,0.0
5,0,-0.2772880000000004,0.3142010000000006,9.006672000000002,0.0
5,1,-0.22187800000000113,0.3806079999999987,8.718625000000007,0.0
5,2,-0.1583129999999997,0.44417300000000015,8.337234999999998,0.0
5,3,-0.08639699999999984,0.5476879999999991,7.7525720000000025,0.0
5,4,-0.006511999999998963,0.6275729999999999,7.1134919999999955,0.0
5,5,0.08025299999999902,0.7355959999999993,6.247575000000008,0.0
5,6,0.17247000000000057,0.8521470000000004,5.203734999999995,0.0
5,7,0.26801799999999965,0.9786929999999998,3.966719000000003,0.0
5,8,0.3647179999999999,1.1131709999999995,2.5418730000000043,0.0
5,9,0.45975300000000097,1.2475630000000013,0.9915619999999841,0.0
5,10,0.5504599999999993,1.3870729999999991,-0.7175629999999877,0.0
5,11,0.6346160000000012,1.5276170000000011,-2.5437830000000172,0.0
5,12,0.7166010000000007,1.6677040000000005,-4.494665000000008,0.0
5,13,0.7814639999999997,1.808284999999998,-6.505951999999972,0.0
5,14,0.8359769999999997,1.9498789999999993,-8.61923899999999,0.0
5,15,0.880073000000003,2.092474000000003,-10.836049000000056,0.0
5,16,0.914158999999998,2.2424999999999997,-13.256868999999984,0.0
5,17,0.9561670000000007,2.4122999999999983,-16.200744999999976,0.0
5,18,0.9540479999999967,2.5526289999999996,-18.575742999999978,0.0
5,19,0.9620692000000001,2.711333200000004,-21.47252460000007,0.0026517999999988717
5,20,0.9600128666666663,2.863923866666667,-24.363521933333338,0.012920266666661462
5,21,0.9577332000000003,3.016422199999994,-27.406649599999874,0.026085400000006587
5,22,0.9554275,3.175869000000006,-30.750421000000124,0.03942249999999348
5,23,0.9526389285714286,3.3210819285714273,-33.93952828571425,0.04812528571428487
5,24,0.949722538461539,3.4603539999999953,-37.139869538461426,0.05407184615384608
5,25,0.9463402500000004,3.5763239999999996,-39.91976724999999,0.05569200000000052
5,26,0.9425826999999998,3.6784330000000054,-42.46873470000014,0.05447920000000295
5,27,0.9383702222222214,3.763210000000001,-44.66872422222224,0.05118011111110832
5,28,0.9337711249999998,3.8332249999999988,-46.554530124999964,0.04438849999999661
5,29,0.928677142857144,3.91672914285714,-48.9109012857142,0.033047428571435944
5,30,0.9232889999999992,3.9501750000000038,-49.87656000000011,0.017353999999997427
5,31,0.9170761999999997,3.981239000000002,-50.80226720000006,0.002212199999988229
5,32,0.9170761999999997,4.015144199999997,-51.85332839999991,0.0
5,33,0.9334799999999888,4.115867999999992,-55.15850899999968,0.0
5,34,0.9744639999999976,4.33087900000001,-62.45879200000033,0.0
5,35,1.0226059999999961,4.631560999999991,-72.92268999999968,0.0
5,36,1.0291289999999975,5.151299000000009,-91.1461350000003,0.0
6,0,-0.1949399999999999,0.369610999999999,8.594932,0.0
6,1,-0.13290499999999916,0.44417300000000015,8.210194999999995,0.0
6,2,-0.062913,0.5296350000000007,7.689310999999998,0.0
6,3,0.01481199999999916,0.6275729999999999,7.006872000000005,0.0
6,4,0.09942999999999991,0.7121910000000007,6.245309999999998,0.0
6,5,0.18936799999999998,0.8255339999999993,5.252310000000003,0.0
6,6,0.2827730000000006,0.9455520000000011,4.091789999999991,0.0
6,7,0.37721100000000085,1.073131,2.7596879999999953,0.0
6,8,0.47036800000000056,1.2063279999999992,1.2683670000000031,0.0
6,9,0.5594709999999985,1.3366659999999992,-0.308954999999985,0.0
6,10,0.6421459999999986,1.4697479999999992,-2.0027429999999846,0.0
6,11,0.7166010000000007,1.6020720000000033,-3.7727130000000386,0.0
6,12,0.7814639999999997,1.7325669999999995,-5.597335999999991,0.0
6,13,0.8359769999999997,1.862797999999998,-7.487185999999973,0.0
6,14,0.8833550000000017,1.9939750000000025,-9.476755000000043,0.0
6,15,0.914158999999998,2.126559999999998,-11.517768999999955,0.0
6,16,0.9414259999999999,2.2674720000000015,-13.795051000000026,0.0
6,17,0.9561670000000007,2.4122999999999983,-16.200744999999976,0.0
6,18,0.9640938000000001,2.5605557999999995,-18.768654399999996,0.002524200000006971
6,19,0.9620692000000001,2.711333200000004,-21.47252460000007,0.012480599999999953
6,20,0.9600128666666663,2.863923866666667,-24.363521933333338,0.02637539999999916
6,21,0.9577332000000003,3.016422199999994,-27.406649599999874,0.04066520000000651
6,22,0.9554275,3.175869000000006,-30.750421000000124,0.05359899999999129
6,23,0.9526389285714286,3.3210819285714273,-33.93952828571425,0.06138635714285812
6,24,0.949722538461539,3.4603539999999953,-37.139869538461426,0.06576730769230466
6,25,0.9463402500000004,3.5763239999999996,-39.91976724999999,0.0654447499999975
6,26,0.9425826999999998,3.6784330000000054,-42.46873470000014,0.06142049999999699
6,27,0.9383702222222214,3.763210000000001,-44.66872422222224,0.053918888888887295
6,28,0.9337711249999998,3.8332249999999988,-46.554530124999964,0.04132737500000161
6,29,0.928677142857144,3.8933799999999934,-48.233776142856954,0.023980285714273464
6,30,0.9232889999999992,3.949058000000008,-49.84305000000023,0.006174999999998931
6,31,0.9232889999999992,3.950175000000004,-49.876560000000126,0.0
6,32,0.9358900000000006,4.033957999999998,-52.54943899999995,0.0
6,33,0.9759820000000019,4.155959999999993,-56.69405499999979,0.0
6,34,1.024597,4.379981999999998,-64.37895899999994,0.0
6,35,1.0344549999999941,4.641044999999991,-73.31424899999966,0.0
7,0,-0.1071390000000001,0.43164600000000064,8.068126,0.0
7,1,-0.03886600000000051,0.5141649999999993,7.575969000000003,0.0
7,2,0.03676899999999961,0.6073599999999999,6.935769000000002,0.0
7,3,0.11906700000000114,0.6896580000000014,6.1950869999999885,0.0
7,4,0.2067540000000001,0.7998779999999996,5.250618000000001,0.0
7,5,0.29781799999999947,0.9165979999999987,4.146290000000009,0.0
7,6,0.39009800000000006,1.0378320000000016,2.8941599999999905,0.0
7,7,0.4810369999999988,1.1640699999999988,1.500159000000016,0.0
7,8,0.5683740000000004,1.2936650000000007,-0.01836500000000818,0.0
7,9,0.6495470000000001,1.417838999999999,-1.579967999999992,0.0
7,10,0.7226370000000024,1.5428380000000015,-3.216589000000031,0.0
7,11,0.786370999999999,1.665806,-4.8924069999999915,0.0
7,12,0.8437540000000006,1.7861919999999998,-6.618334000000001,0.0
7,13,0.8863909999999997,1.9061570000000003,-8.356373000000001,0.0
7,14,0.9193649999999991,2.0275089999999985,-10.164766999999973,0.0
7,15,0.9414259999999999,2.151097,-12.049426,0.0
7,16,0.9581559999999989,2.2842020000000005,-14.163111,0.0
7,17,0.9660588666666666,2.420202866666666,-16.394444933333325,0.002370133333336355
7,18,0.9640938000000001,2.5605557999999995,-18.768654399999996,0.012028400000001938
7,19,0.9620692000000001,2.711333200000004,-21.47252460000007,0.025497399999999004
7,20,0.9600128666666663,2.863923866666667,-24.363521933333338,0.040438533333329474
7,21,0.9577332000000003,3.016422199999994,-27.406649599999874,0.05422200000000288
7,22,0.9554275,3.175869000000006,-30.750421000000124,0.06578149999999283
7,23,0.9526389285714286,3.3210819285714273,-33.93952828571425,0.07188642857143179
7,24,0.949722538461539,3.4603539999999953,-37.139869538461426,0.07390476923076505
7,25,0.9463402500000004,3.637960250000001,-41.46067350000003,0.0704135000000008
7,26,0.9425826999999998,3.6784330000000054,-42.46873470000014,0.06184980000000451
7,27,0.9383702222222214,3.763210000000001,-44.66872422222224,0.048359666666662804
7,28,0.9337711249999998,3.8332249999999988,-46.554530124999964,0.029568249999996965
7,29,0.928677142857144,3.8933799999999934,-48.233776142856954,0.009647142857133417
7,30,0.928677142857144,3.91672914285714,-48.9109012857142,0.0
7,31,0.9374159999999989,3.9643020000000035,-50.3992590000001,0.0
7,32,0.9767379999999974,4.073386999999997,-54.05625499999988,0.0
7,33,1.02410900000001,4.2044070000000175,-58.581568000000644,0.0
7,34,1.0344549999999941,4.391709999999989,-64.83685899999959,0.0
8,0,-0.014590000000000103,0.4999190000000002,7.420283,0.0
8,1,0.05915400000000037,0.5897999999999994,6.814193999999998,0.0
8,2,0.13924000000000092,0.6896580000000014,6.05387599999999,0.0
8,3,0.22450100000000006,0.7749190000000006,5.201265999999999,0.0
8,4,0.3132659999999987,0.8886429999999983,4.149974000000016,0.0
8,5,0.40321600000000046,1.0065480000000004,2.9587539999999937,0.0
8,6,0.4920549999999988,1.126671,1.6474270000000093,0.0
8,7,0.577255000000001,1.249270000000001,0.23023299999998592,0.0
8,8,0.6567869999999996,1.3731969999999993,-1.2735119999999913,0.0
8,9,0.7285050000000002,1.4895569999999996,-2.778135999999998,0.0
8,10,0.7910660000000007,1.605399000000002,-4.321202000000024,0.0
8,11,0.8437540000000006,1.7184939999999997,-5.873656,0.0
8,12,0.8892379999999989,1.828828999999999,-7.451212999999978,0.0
8,13,0.9216669999999993,1.9391309999999997,-9.034268999999991,0.0
8,14,0.9454470000000015,2.0516809999999985,-10.687658999999993,0.0
8,15,0.9617210000000007,2.167580000000001,-12.44043700000002,0.0
8,16,0.9678764666666668,2.292058466666667,-14.35685773333334,0.002262533333333039
8,17,0.9660588666666666,2.420202866666666,-16.394444933333325,0.011604266666665808
8,18,0.9640938000000001,2.5605557999999995,-18.768654399999996,0.02467260000000593
8,19,0.9620692000000001,2.711333200000004,-21.47252460000007,0.03914719999999505
8,20,0.9600128666666663,2.863923866666667,-24.363521933333338,0.05352766666666753
8,21,0.9577332000000003,3.016422199999994,-27.406649599999874,0.06586480000000705
8,22,0.9554275,3.284830499999999,-33.14757399999997,0.07528899999999794
8,23,0.9526389285714286,3.3210819285714273,-33.93952828571425,0.0789024999999981
8,24,0.949722538461539,3.4603539999999953,-37.139869538461426,0.07738723076922582
8,25,0.9463402500000004,3.5763239999999996,-39.91976724999999,0.06907324999999531
8,26,0.9425826999999998,3.6784330000000054,-42.46873470000014,0.054207099999999286
8,27,0.9383702222222214,3.763210000000001,-44.66872422222224,0.03427144444444252
8,28,0.9337711249999998,3.8332249999999988,-46.554530124999964,0.012560125000000255
8,29,0.9337711249999998,3.8577221250000022,-47.24044962500007,0.0
8,30,0.9387660000000011,3.9268179999999973,-49.28418899999993,0.0
8,31,0.9766309999999976,4.002387999999996,-51.854429999999866,0.0
8,32,1.023032999999998,4.121649999999988,-55.92473599999961,0.0
8,33,1.0325849999999974,4.2152169999999956,-58.99762999999983,0.0
9,0,0.08166400000000085,0.5736630000000007,6.650250999999993,0.0
9,1,0.15969199999999972,0.669886,5.9298040000000025,0.0
9,2,0.2426479999999991,0.7749190000000006,5.056090000000006,0.0
9,3,0.32893999999999934,0.8886429999999983,4.024582000000011,0.0
9,4,0.416621000000001,0.976324,2.972409999999991,0.0
9,5,0.5032240000000012,1.0931510000000006,1.7256749999999865,0.0
9,6,0.5864410000000007,1.2098879999999994,0.39303699999999786,0.0
9,7,0.6640129999999989,1.3268419999999992,-1.0068349999999846,0.0
9,8,0.7342840000000006,1.443468000000001,-2.4556560000000136,0.0
9,9,0.7956600000000016,1.5509330000000006,-3.8677600000000183,0.0
9,10,0.8473469999999992,1.6570859999999996,-5.288319999999988,0.0
9,11,0.8919449999999998,1.7603849999999994,-6.7226919999999915,0.0
9,12,0.9238250000000008,1.8612579999999994,-8.119215,0.0
9,13,0.9454470000000015,1.9629110000000018,-9.533649000000036,0.0
9,14,0.9632480000000001,2.0679549999999978,-11.05942999999997,0.0
9,15,0.9695380000000002,2.1753970000000007,-12.620228000000013,0.0022040000000025373
9,16,0.9678764666666668,2.292058466666667,-14.35685773333334,0.011269066666667271
9,17,0.9660588666666666,2.420202866666666,-16.394444933333325,0.02393040000000468
9,18,0.9640938000000001,2.5605557999999995,-18.768654399999996,0.03797280000000214
9,19,0.9620692000000001,2.711333200000004,-21.47252460000007,0.05190899999999843
9,20,0.9600128666666663,2.863923866666667,-24.363521933333338,0.06480979999999903
9,21,0.9577332000000003,3.1435892000000014,-30.07715660000003,0.07500460000000686
9,22,0.9554275,3.284830499999999,-33.14757399999997,0.08150149999999456
9,23,0.9526389285714286,3.3210819285714273,-33.93952828571425,0.08135357142857202
9,24,0.949722538461539,3.4603539999999953,-37.139869538461426,0.07474269230769437
9,25,0.9463402500000004,3.5763239999999996,-39.91976724999999,0.059863
9,26,0.9425826999999998,3.6784330000000054,-42.46873470000014,0.03822240000000221
9,27,0.9383702222222214,3.763210000000001,-44.66872422222224,0.015076222222219826
9,28,0.9383702222222214,3.7964322222222253,-45.5657242222223,0.0
9,29,0.9397960000000012,3.8637470000000036,-47.46337000000011,0.0
9,30,0.9764100000000013,3.9640119999999968,-50.701160999999914,0.0
9,31,1.0210650000000072,4.048821000000018,-53.649325000000616,0.0
9,32,1.030251000000007,4.132050000000007,-56.31528000000027,0.0
10,0,0.18023099999999914,0.6516909999999996,5.763148000000008,0.0
10,1,0.2610379999999992,0.7528419999999993,4.934734000000008,0.0
10,2,0.34500000000000064,0.8612110000000008,3.962337999999992,0.0
10,3,0.4302229999999998,0.946434,2.939662000000002,0.0
10,4,0.5146130000000007,1.0607140000000008,1.752921999999991,0.0
10,5,0.5957319999999999,1.2098879999999994,0.3094180000000044,0.0
10,6,0.6714970000000005,1.285653,-0.8270570000000035,0.0
10,7,0.7400080000000013,1.395353,-2.170367000000013,0.0
10,8,0.8001249999999978,1.5035849999999975,-3.5291609999999594,0.0
10,9,0.8508439999999986,1.6016520000000014,-4.820886999999999,0.0
10,10,0.8919449999999998,1.6981870000000008,-6.100712000000005,0.0
10,11,0.9238250000000008,1.7922650000000004,-7.360292000000012,0.0
10,12,0.947222,1.8846549999999986,-8.610551999999984,0.0
10,13,0.9632480000000001,1.978937000000002,-9.902196000000025,0.0
10,14,0.9710528666666666,2.0757598666666643,-11.238941933333301,0.00214213333333646
10,15,0.9695380000000002,2.1753970000000007,-12.620228000000013,0.010995000000004751
10,16,0.9678764666666668,2.292058466666667,-14.35685773333334,0.023307599999998985
10,17,0.9660588666666666,2.420202866666666,-16.394444933333325,0.036914533333334276
10,18,0.9640938000000001,2.5605557999999995,-18.768654399999996,0.05041500000000454
10,19,0.9620692000000001,2.711333200000004,-21.47252460000007,0.06288080000000207
10,20,0.9600128666666663,2.9845068666666705,-26.775181933333407,0.07359993333333392
10,21,0.9577332000000003,3.016422199999994,-27.406649599999874,0.08089439999999826
10,22,0.9554275,3.175869000000006,-30.750421000000124,0.08331499999999181
10,23,0.9526389285714286,3.3210819285714273,-33.93952828571425,0.0778186428571388
10,24,0.949722538461539,3.4603539999999953,-37.139869538461426,0.06436315384615199
10,25,0.9463402500000004,3.5763239999999996,-39.91976724999999,0.04249274999999386
10,26,0.9425826999999998,3.6784330000000054,-42.46873470000014,0.01719770000000409
10,27,0.9421379999999999,3.729299999999995,-43.79083199999987,0.0
10,28,0.9409490000000034,3.7990110000000072,-45.66113900000023,0.0
10,29,0.975830000000002,3.8988800000000055,-48.80653300000017,0.0
10,30,1.0190659999999951,4.008895999999993,-52.43158499999974,0.0
10,31,1.0270689999999973,4.058113000000006,-53.99141300000015,0.0
11,0,0.2794340000000002,0.7324979999999996,4.771117999999998,0.0
11,1,0.36119700000000066,0.8142610000000001,3.8717249999999925,0.0
11,2,0.4441140000000008,0.946434,2.800751999999992,0.0
11,3,0.5261279999999999,1.0284479999999991,1.7345700000000033,0.0
11,4,0.6051739999999999,1.1397600000000008,0.5311279999999989,0.0
11,5,0.6790319999999994,1.285653,-0.9024069999999931,0.0
11,6,0.7459579999999999,1.395353,-2.2298669999999987,0.0
11,7,0.8045539999999995,1.4539489999999997,-3.2259989999999927,0.0
11,8,0.8542360000000002,1.5532669999999982,-4.467726999999989,0.0
11,9,0.894565,1.6419810000000012,-5.621058000000012,0.0
11,10,0.9277809999999995,1.7294680000000007,-6.773817000000001,0.0
11,11,0.9503839999999997,1.8152919999999995,-7.880689999999991,0.0
11,12,0.965954,1.900456000000002,-8.988764000000021,0.0
11,13,0.9723687333333331,1.9866317333333328,-10.093434866666655,0.0021392666666670834
11,14,0.9710528666666666,2.0757598666666643,-11.238941933333301,0.010760266666668628
11,15,0.9695380000000002,2.1753970000000007,-12.620228000000013,0.022782000000002967
11,16,0.9678764666666668,2.292058466666667,-14.35685773333334,0.03601113333333572
11,17,0.9660588666666666,2.420202866666666,-16.394444933333325,0.049107666666671435
11,18,0.9640938000000001,2.5605557999999995,-18.768654399999996,0.06118220000000463
11,19,0.9620692000000001,2.8351351999999945,-23.824762599999893,0.0715155999999979
11,20,0.9600128666666663,2.9845068666666705,-26.775181933333407,0.07923606666666672
11,21,0.9577332000000003,3.016422199999994,-27.406649599999874,0.08248119999999659
11,22,0.9554275,3.175869000000006,-30.750421000000124,0.07928050000000297
11,23,0.9526389285714286,3.3210819285714273,-33.93952828571425,0.06681171428571986
11,24,0.949722538461539,3.4603539999999953,-37.139869538461426,0.04613261538461444
11,25,0.9463402500000004,3.5763239999999996,-39.91976724999999,0.020179499999997574
11,26,0.943443000000002,3.6698299999999833,-42.25451999999959,0.0
11,27,0.9425826999999998,3.724852999999996,-43.675654699999896,0.0
11,28,0.9755779999999987,3.832770999999994,-46.952708999999814,0.0
11,29,1.0168379999999928,3.9419169999999895,-50.46468599999962,0.0
11,30,1.0237809999999996,4.01714299999999,-52.726144999999704,0.0
12,0,0.3773599999999995,0.8142610000000001,3.6939320000000055,0.0
12,1,0.4580959999999994,0.9197210000000009,2.7003760000000057,0.0
12,2,0.5378929999999986,1.0284479999999991,1.6051550000000177,0.0
12,3,0.6147120000000008,1.1052670000000013,0.529688999999987,0.0
12,4,0.6866759999999985,1.2481279999999995,-0.7988659999999808,0.0
12,5,0.751911999999999,1.3525790000000004,-2.0387169999999912,0.0
12,6,0.80917,1.4539489999999997,-3.276774999999997,0.0
12,7,0.8575809999999997,1.5023599999999995,-4.148172999999993,0.0
12,8,0.8970840000000031,1.5927700000000016,-5.255079000000048,0.0
12,9,0.9277809999999995,1.6726779999999977,-6.262706999999974,0.0
12,10,0.9503839999999997,1.7520710000000008,-7.248480000000004,0.0
12,11,0.965954,1.8308619999999998,-8.223229999999997,0.0
12,12,0.9735550666666664,1.9080570666666683,-9.16358853333335,0.0021319333333309487
12,13,0.9723687333333331,1.9866317333333328,-10.093434866666655,0.010605533333333028
12,14,0.9710528666666666,2.0757598666666643,-11.238941933333301,0.022322400000001963
12,15,0.9695380000000002,2.1753970000000007,-12.620228000000013,0.03523700000000396
12,16,0.9678764666666668,2.292058466666667,-14.35685773333334,0.04795866666666804
12,17,0.9660588666666666,2.420202866666666,-16.394444933333325,0.059668800000004296
12,18,0.9640938000000001,2.5605557999999995,-18.768654399999996,0.06965340000000708
12,19,0.9620692000000001,2.8351351999999945,-23.824762599999893,0.07710840000000019
12,20,0.9600128666666663,2.863923866666667,-24.363521933333338,0.08074820000000216
12,21,0.9577332000000003,3.016422199999994,-27.406649599999874,0.07841899999999669
12,22,0.9554275,3.175869000000006,-30.750421000000124,0.06803199999999521
12,23,0.9526389285714286,3.3210819285714273,-33.93952828571425,0.048177785714287324
12,24,0.949722538461539,3.4603539999999953,-37.139869538461426,0.02301107692306914
12,25,0.9463402500000004,3.5763239999999996,-39.91976724999999,0.0014702499999970087
12,26,0.9463402500000004,3.6379602500000012,-41.460673500000034,0.0
12,27,0.9752580000000108,3.7567820000000154,-44.89716600000054,0.0
12,28,1.0148089999999996,3.8746650000000074,-48.5572820000002,0.0
12,29,1.0202490000000068,3.9485030000000165,-50.693201000000556,0.0
13,0,0.47200300000000084,0.894997,2.558215999999989,0.0
13,1,0.5496960000000009,0.97269,1.548206999999989,0.0
13,2,0.6244490000000003,1.1052670000000013,0.4128449999999937,0.0
13,3,0.6943769999999994,1.2117239999999985,-0.745661999999987,0.0
13,4,0.7579530000000005,1.313364,-1.9151340000000072,0.0
13,5,0.8137630000000016,1.369174000000001,-2.8639040000000247,0.0
13,6,0.8610749999999996,1.5023599999999995,-4.190100999999991,0.0
13,7,0.8995649999999991,1.540849999999999,-4.921410999999981,0.0
13,8,0.9296549999999968,1.6228599999999993,-5.886650999999954,0.0
13,9,0.9532300000000014,1.6948830000000008,-6.769310000000026,0.0
13,10,0.9682670000000009,1.767361000000001,-7.617093000000022,0.0
13,11,0.9746155999999999,1.8383275999999995,-8.409290799999994,0.002170400000000683
13,12,0.9735550666666664,1.9080570666666683,-9.16358853333335,0.010494866666665104
13,13,0.9723687333333331,1.9866317333333328,-10.093434866666655,0.02198279999999997
13,14,0.9710528666666666,2.0757598666666643,-11.238941933333301,0.0345625333333377
13,15,0.9695380000000002,2.1753970000000007,-12.620228000000013,0.04696900000000248
13,16,0.9678764666666668,2.292058466666667,-14.35685773333334,0.058334199999999115
13,17,0.9660588666666666,2.420202866666666,-16.394444933333325,0.06804693333333489
13,18,0.9640938000000001,2.5605557999999995,-18.768654399999996,0.0752436000000074
13,19,0.9620692000000001,2.711333200000004,-21.47252460000007,0.0786851999999989
13,20,0.9600128666666663,2.863923866666667,-24.363521933333338,0.07673233333333229
13,21,0.9577332000000003,3.016422199999994,-27.406649599999874,0.06728779999999546
13,22,0.9554275,3.175869000000006,-30.750421000000124,0.049292499999992856
13,23,0.9526389285714286,3.3210819285714273,-33.93952828571425,0.02477685714286082
13,24,0.949722538461539,3.4603539999999953,-37.139869538461426,0.003262538461534348
13,25,0.9497225384615389,3.5357365384615376,-38.94905046153845,0.0
13,26,0.9751440000000002,3.6667640000000006,-42.555216000000016,0.0
13,27,1.0129319999999922,3.7979359999999787,-46.46041199999932,0.0
13,28,1.0170739999999938,3.8791949999999957,-48.711301999999804,0.0
14,0,0.5614150000000002,0.97269,1.3958599999999972,0.0
14,1,0.6341859999999997,1.0454609999999995,0.37706600000000456,0.0
14,2,0.7022440000000003,1.1751950000000004,-0.7383460000000053,0.0
14,3,0.7640209999999996,1.2752999999999997,-1.841761999999994,0.0
14,4,0.8184070000000006,1.3296860000000006,-2.7663240000000098,0.0
14,5,0.8645209999999999,1.4152880000000003,-3.754327999999999,0.0
14,6,0.9021550000000005,1.494783,-4.678679000000006,0.0
14,7,0.9314649999999993,1.5701599999999978,-5.541280999999977,0.0
14,8,0.9532300000000014,1.6446250000000013,-6.36724600000003,0.0
14,9,0.9682670000000009,1.7099200000000003,-7.100124000000015,0.0
14,10,0.9755656666666667,1.7746596666666667,-7.784962333333334,0.002173333333331584
14,11,0.9746155999999999,1.8383275999999995,-8.409290799999994,0.010391800000000728
14,12,0.9735550666666664,1.9080570666666683,-9.16358853333335,0.02167479999999955
14,13,0.9723687333333331,1.9866317333333328,-10.093434866666655,0.03401106666666465
14,14,0.9710528666666666,2.0757598666666643,-11.238941933333301,0.0460996666666702
14,15,0.9695380000000002,2.1753970000000007,-12.620228000000013,0.057205000000001505
14,16,0.9678764666666668,2.292058466666667,-14.35685773333334,0.06660873333333406
14,17,0.9660588666666666,2.420202866666666,-16.394444933333325,0.07358006666667194
14,18,0.9640938000000001,2.5605557999999995,-18.768654399999996,0.07687180000000637
14,19,0.9620692000000001,2.711333200000004,-21.47252460000007,0.07493699999999848
14,20,0.9600128666666663,2.863923866666667,-24.363521933333338,0.06593446666666836
14,21,0.9577332000000003,3.016422199999994,-27.406649599999874,0.04892759999999896
14,22,0.9554275,3.175869000000006,-30.750421000000124,0.025909999999996103
14,23,0.9526389285714286,3.3210819285714273,-33.93952828571425,0.0045409285714299585
14,24,0.9526389285714286,3.4224409285714303,-36.27078528571433,0.0
14,25,1.007358500000002,3.593135500000002,-41.16545750000007,0.0
14,26,1.011192000000001,3.70687800000001,-44.066804000000275,3.000000000952241e-05
14,27,1.0140229999999946,3.8001179999999835,-46.53350899999948,0.0
15,0,0.6438360000000003,1.0454609999999995,0.24196599999999613,0.0
15,1,0.7100930000000005,1.1423290000000001,-0.7825000000000077,0.0
15,2,0.7702200000000001,1.2024559999999997,-1.7445320000000013,0.0
15,3,0.8230769999999996,1.3296860000000006,-2.8317039999999967,0.0
15,4,0.8680209999999988,1.3746299999999998,-3.6406959999999824,0.0
15,5,0.9047059999999991,1.4519730000000006,-4.50034299999999,0.0
15,6,0.9333549999999988,1.5234319999999997,-5.287372999999981,0.0
15,7,0.9545570000000012,1.5913620000000002,-6.01298300000002,0.0
15,8,0.9693269999999998,1.659395,-6.7107639999999975,0.0
15,9,0.9764442666666665,1.7170372666666671,-7.278661133333335,0.00221273333333194
15,10,0.9755656666666667,1.7746596666666667,-7.784962333333334,0.010313666666666776
15,11,0.9746155999999999,1.8383275999999995,-8.409290799999994,0.021429200000000037
15,12,0.9735550666666664,1.9080570666666683,-9.16358853333335,0.03352873333333406
15,13,0.9723687333333331,1.9866317333333328,-10.093434866666655,0.04539233333333215
15,14,0.9710528666666666,2.0757598666666643,-11.238941933333301,0.05621780000000598
15,15,0.9695380000000002,2.1753970000000007,-12.620228000000013,0.06539300000000559
15,16,0.9678764666666668,2.292058466666667,-14.35685773333334,0.07213626666666251
15,17,0.9660588666666666,2.420202866666666,-16.394444933333325,0.07531420000000466
15,18,0.9640938000000001,2.5605557999999995,-18.768654399999996,0.07335600000000397
15,19,0.9620692000000001,2.711333200000004,-21.47252460000007,0.06455079999999924
15,20,0.9600128666666663,2.863923866666667,-24.363521933333338,0.04812559999999877
15,21,0.9577332000000003,3.016422199999994,-27.406649599999874,0.026000400000000923
15,22,0.9554275,3.175869000000006,-30.750421000000124,0.005434499999999787
15,23,0.9554275,3.2848304999999995,-33.147573999999985,0.0
15,24,0.9754299999999958,3.445231999999997,-37.13684599999987,0.0
15,25,1.009134499999998,3.59846349999999,-41.32352149999972,0.0005774999999985653
15,26,1.0111920000000012,3.7068780000000103,-44.06680400000028,0.0
16,0,0.7178579999999997,1.1117179999999998,-0.8683639999999944,0.0
16,1,0.7763999999999989,1.170259999999999,-1.8050359999999817,0.0
16,2,0.8278549999999996,1.2898289999999992,-2.783802999999992,0.0
16,3,0.8715270000000004,1.3746299999999998,-3.693286000000006,0.0
16,4,0.9072850000000017,1.410388000000001,-4.37268800000003,0.0
16,5,0.9352249999999991,1.5234319999999997,-5.315422999999985,0.0
16,6,0.955954000000002,1.5913620000000002,-6.033938000000031,0.0
16,7,0.9703179999999989,1.605725999999997,-6.349945999999964,0.0
16,8,0.9772448666666667,1.6663218666666677,-6.884946933333342,0.0022341333333351088
16,9,0.9764442666666665,1.7170372666666671,-7.278661133333335,0.010271466666665674
16,10,0.9755656666666667,1.7746596666666667,-7.784962333333334,0.021162999999997822
16,11,0.9746155999999999,1.8383275999999995,-8.409290799999994,0.033088599999999246
16,12,0.9735550666666664,1.9080570666666683,-9.16358853333335,0.04473466666666681
16,13,0.9723687333333331,1.9866317333333328,-10.093434866666655,0.05534460000000152
16,14,0.9710528666666666,2.0757598666666643,-11.238941933333301,0.06432093333333633
16,15,0.9695380000000002,2.1753970000000007,-12.620228000000013,0.07088400000000483
16,16,0.9678764666666668,2.292058466666667,-14.35685773333334,0.07392480000000212
16,17,0.9660588666666666,2.420202866666666,-16.394444933333325,0.07194333333333702
16,18,0.9640938000000001,2.5605557999999995,-18.768654399999996,0.06332220000000177
16,19,0.9620692000000001,2.711333200000004,-21.47252460000007,0.04729859999999775
16,20,0.9600128666666663,2.863923866666667,-24.363521933333338,0.025837733333332835
16,21,0.9577332000000003,3.016422199999994,-27.406649599999874,0.005836199999997405
16,22,0.9577332000000004,3.143589200000001,-30.077156600000023,0.0
16,23,0.975794999999998,3.305197999999997,-33.92153899999991,0.0
16,24,1.007358500000002,3.479892500000005,-38.44762550000014,0.001094499999993559
16,25,1.0091344999999983,3.5984634999999905,-41.32352149999974,0.0
17,0,0.7824989999999996,1.170259999999999,-1.9026199999999935,0.0
17,1,0.8325940000000003,1.2539110000000004,-2.7877910000000057,0.0
17,2,0.8751239999999996,1.333501,-3.6274509999999935,0.0
17,3,0.9098699999999997,1.410388000000001,-4.414047999999999,0.0
17,4,0.9371059999999982,1.479912999999998,-5.127923999999963,0.0
17,5,0.9573169999999998,1.5001239999999996,-5.552354999999995,0.0
17,6,0.9713649999999987,1.605725999999997,-6.3666979999999604,0.0
17,7,0.9779684666666666,1.612329466666665,-6.518577733333322,0.0023005333333330213
17,8,0.9772448666666667,1.6663218666666677,-6.884946933333342,0.01020426666666907
17,9,0.9764442666666665,1.7170372666666671,-7.278661133333335,0.02102720000000069
17,10,0.9755656666666667,1.7746596666666667,-7.784962333333334,0.032679333333332394
17,11,0.9746155999999999,1.8383275999999995,-8.409290799999994,0.0441330000000022
17,12,0.9735550666666664,1.9080570666666683,-9.16358853333335,0.05454660000000189
17,13,0.9723687333333331,1.9866317333333328,-10.093434866666655,0.06333886666666899
17,14,0.9710528666666666,2.154188866666672,-12.336947933333413,0.06976906666666949
17,15,0.9695380000000002,2.1753970000000007,-12.620228000000013,0.07270900000000147
17,16,0.9678764666666668,2.292058466666667,-14.35685773333334,0.0707163333333316
17,17,0.9660588666666666,2.420202866666666,-16.394444933333325,0.06222946666667184
17,18,0.9640938000000001,2.5605557999999995,-18.768654399999996,0.046562399999999116
17,19,0.9620692000000001,2.711333200000004,-21.47252460000007,0.025609399999996896
17,20,0.9600128666666663,2.863923866666667,-24.363521933333338,0.006089866666670218
17,21,0.9600128666666663,2.984506866666671,-26.775181933333414,0.0
17,22,0.9764969999999948,3.162352999999996,-30.790180999999826,0.0
17,23,1.00581,3.336720000000003,-35.12678500000007,0.0016180000000005634
17,24,1.0073585000000023,3.4798925000000054,-38.447625500000164,0.0
18,0,0.8372729999999997,1.2203549999999996,-2.8337779999999952,0.0
18,1,0.8786760000000005,1.2964409999999997,-3.613715000000008,0.0
18,2,0.912528,1.3682470000000002,-4.332811000000001,0.0
18,3,0.9389819999999993,1.4376239999999996,-4.990659999999988,0.0
18,4,0.9586810000000021,1.4573230000000024,-5.404339000000046,0.0
18,5,0.9723910000000018,1.5582090000000015,-6.099038000000039,0.0
18,6,0.9787097999999997,1.5645278000000005,-6.2443703999999975,0.0023991999999992686
18,7,0.9779684666666666,1.612329466666665,-6.518577733333322,0.010211066666666824
18,8,0.9772448666666667,1.6663218666666677,-6.884946933333342,0.020811400000003033
18,9,0.9764442666666665,1.7170372666666671,-7.278661133333335,0.03239693333333271
18,10,0.9755656666666667,1.7746596666666667,-7.784962333333334,0.04358066666666538
18,11,0.9746155999999999,1.8932095999999987,-9.012992799999985,0.05381440000000026
18,12,0.9735550666666664,1.9080570666666683,-9.16358853333335,0.06241453333333524
18,13,0.9723687333333331,1.9866317333333328,-10.093434866666655,0.06867713333333114
18,14,0.9710528666666666,2.0757598666666643,-11.238941933333301,0.07159420000000338
18,15,0.9695380000000002,2.1753970000000007,-12.620228000000013,0.06961000000000261
18,16,0.9678764666666668,2.292058466666667,-14.35685773333334,0.061263866666665834
18,17,0.9660588666666666,2.420202866666666,-16.394444933333325,0.04590060000000662
18,18,0.9640938000000001,2.5605557999999995,-18.768654399999996,0.02543160000000455
18,19,0.9620692000000001,2.711333200000004,-21.47252460000007,0.006243200000000115
18,20,0.9620692000000001,2.8351351999999945,-23.824762599999893,0.0
18,21,0.9772369999999952,3.0017309999999995,-27.429698999999907,0.0
18,22,1.0047054999999998,3.1917474999999977,-31.916404499999953,0.002050500000009947
18,23,1.0058100000000003,3.3367200000000032,-35.12678500000008,0.0
19,0,0.8821840000000005,1.2617579999999986,-3.642176000000008,0.0
19,1,0.9151319999999998,1.3302929999999993,-4.303774999999996,0.0
19,2,0.940900000000001,1.3560610000000004,-4.819135000000021,0.0
19,3,0.9600380000000008,1.4573230000000024,-5.428765000000023,0.0
19,4,0.9733990000000006,1.470684000000002,-5.7227070000000175,0.0
19,5,0.9793851333333332,1.5198201333333319,-6.0329880666666575,0.002516866666665507
19,6,0.9787097999999997,1.5645278000000005,-6.2443703999999975,0.010285399999997225
19,7,0.9779684666666666,1.612329466666665,-6.518577733333322,0.02069760000000187
19,8,0.9772448666666667,1.6663218666666677,-6.884946933333342,0.032019533333336625
19,9,0.9764442666666665,1.7170372666666671,-7.278661133333335,0.043159666666669594
19,10,0.9755656666666667,1.7746596666666667,-7.784962333333334,0.0531379999999988
19,11,0.9746155999999999,1.8383275999999995,-8.409290799999994,0.06159979999999976
19,12,0.9735550666666664,1.9700230666666663,-9.907180533333323,0.06772446666666632
19,13,0.9723687333333331,1.9866317333333328,-10.093434866666655,0.07049839999999818
19,14,0.9710528666666666,2.0757598666666643,-11.238941933333301,0.06858533333333483
19,15,0.9695380000000002,2.1753970000000007,-12.620228000000013,0.06035700000000155
19,16,0.9678764666666668,2.292058466666667,-14.35685773333334,0.04528440000000167
19,17,0.9660588666666666,2.420202866666666,-16.394444933333325,0.02521473333333546
19,18,0.9640938000000001,2.5605557999999995,-18.768654399999996,0.0064288000000019
19,19,0.9640938,2.682988800000003,-20.972448400000058,0.0
19,20,0.9782790000000006,2.851344999999995,-24.44073499999991,0.0
19,21,1.003742500000001,3.0284424999999966,-28.467739499999954,0.002510499999999638
19,22,1.0047055,3.191747499999998,-31.916404499999963,0.0
20,0,0.9176979999999997,1.2947060000000015,-4.316941999999994,0.0
20,1,0.9427859999999999,1.3560610000000004,-4.854968999999999,0.0
20,2,0.961434999999998,1.4138389999999994,-5.324855999999961,0.0
20,3,0.9743920000000017,1.470684000000002,-5.741574000000039,0.0
20,4,0.9800213999999999,1.4763134000000004,-5.871050199999997,0.0026425999999997174
20,5,0.9793851333333332,1.5198201333333319,-6.0329880666666575,0.010374733333334163
20,6,0.9787097999999997,1.6019508,-6.468908399999995,0.02066860000000048
20,7,0.9779684666666666,1.612329466666665,-6.518577733333322,0.03178113333333599
20,8,0.9772448666666667,1.6663218666666677,-6.884946933333342,0.0426456666666688
20,9,0.9764442666666665,1.7170372666666671,-7.278661133333335,0.05261440000000128
20,10,0.9755656666666667,1.8250266666666644,-8.28863233333331,0.06085833333333035
20,11,0.9746155999999999,1.8383275999999995,-8.409290799999994,0.06687920000000247
20,12,0.9735550666666664,1.9700230666666663,-9.907180533333323,0.06957539999999973
20,13,0.9723687333333331,1.9866317333333328,-10.093434866666655,0.06759366666666722
20,14,0.9710528666666666,2.0757598666666643,-11.238941933333301,0.05953846666667317
20,15,0.9695380000000002,2.1753970000000007,-12.620228000000013,0.044732999999999024
20,16,0.9678764666666668,2.292058466666667,-14.35685773333334,0.025042933333333295
20,17,0.9660588666666666,2.420202866666666,-16.394444933333325,0.006566866666673832
20,18,0.9660588666666666,2.5330448666666667,-18.312758933333335,0.0
20,19,0.9791409999999985,2.698036000000002,-21.544242000000004,0.0
20,20,1.0031185000000027,2.8763985000000036,-25.413755500000125,0.002916499999997768
20,21,1.0037425000000013,3.028442499999997,-28.467739499999965,0.0
21,0,0.9446370000000002,1.319794,-4.855722000000004,0.0
21,1,0.962788999999999,1.3747099999999985,-5.273677999999981,0.0
21,2,0.9754250000000013,1.426796000000003,-5.630570000000034,0.0
21,3,0.9806365999999997,1.4677006000000024,-5.8575158,0.002811399999998798
21,4,0.9800213999999999,1.4763134000000004,-5.871050199999997,0.010519199999995621
21,5,0.9793851333333332,1.5198201333333319,-6.0329880666666575,0.02069560000000159
21,6,0.9787097999999997,1.5645278000000005,-6.2443703999999975,0.03164980000000028
21,7,0.9779684666666666,1.612329466666665,-6.518577733333322,0.04228866666666775
21,8,0.9772448666666667,1.6663218666666677,-6.884946933333342,0.0519937999999982
21,9,0.9764442666666665,1.7623592666666692,-7.686559133333354,0.060234133333336715
21,10,0.9755656666666667,1.7746596666666667,-7.784962333333334,0.06610266666666753
21,11,0.9746155999999999,1.8383275999999995,-8.409290799999994,0.06875560000000291
21,12,0.9735550666666664,1.9080570666666683,-9.16358853333335,0.06678133333333847
21,13,0.9723687333333331,1.9866317333333328,-10.093434866666655,0.05877893333333617
21,14,0.9710528666666666,2.0757598666666643,-11.238941933333301,0.04423860000000701
21,15,0.9695380000000002,2.1753970000000007,-12.620228000000013,0.02488700000000499
21,16,0.9678764666666668,2.292058466666667,-14.35685773333334,0.006686466666666391
21,17,0.9678764666666668,2.3947564666666636,-16.00002573333329,0.0
21,18,0.980121000000004,2.547107000000004,-18.847120000000153,0.0
21,19,1.0025805000000003,2.721162500000005,-22.452435500000103,0.0033054999999961865
21,20,1.003118500000003,2.876398500000004,-25.413755500000136,0.0
22,0,0.9641260000000003,1.3379459999999987,-5.2649910000000055,0.0
22,1,0.976420000000001,1.3873460000000009,-5.572565000000022,0.0
22,2,0.9812393333333332,1.4235693333333312,-5.746217666666659,0.002994666666666035
22,3,0.9806365999999997,1.4677006000000024,-5.8575158,0.010682799999997883
22,4,0.9800213999999999,1.510912399999997,-6.009446199999985,0.02074479999999923
22,5,0.9793851333333332,1.5198201333333319,-6.0329880666666575,0.03154946666666625
22,6,0.9787097999999997,1.5645278000000005,-6.2443703999999975,0.04204499999999811
22,7,0.9779684666666666,1.612329466666665,-6.518577733333322,0.051556200000000274
22,8,0.9772448666666667,1.6663218666666677,-6.884946933333342,0.05954893333333189
22,9,0.9764442666666665,1.7170372666666671,-7.278661133333335,0.06541286666666757
22,10,0.9755656666666667,1.7746596666666667,-7.784962333333334,0.06799400000000055
22,11,0.9746155999999999,1.8383275999999995,-8.409290799999994,0.06604500000000257
22,12,0.9735550666666664,1.9080570666666683,-9.16358853333335,0.058146266666671664
22,13,0.9723687333333331,1.9866317333333328,-10.093434866666655,0.04379620000000273
22,14,0.9710528666666666,2.0757598666666643,-11.238941933333301,0.02475873333333567
22,15,0.9695380000000002,2.1753970000000007,-12.620228000000013,0.0068070000000002295
22,16,0.9695380000000002,2.2687969999999993,-14.021227999999994,0.0
22,17,0.9811660000000018,2.408045999999999,-16.505028000000017,0.0
22,18,1.0022469999999968,2.5686109999999966,-19.698837999999867,0.0036429999999931795
22,19,1.0025805000000005,2.7211625000000055,-22.452435500000114,0.0
23,0,0.9773910000000008,1.3502399999999994,-5.556821000000017,0.0
23,1,0.9818038666666669,1.3842618666666624,-5.687925933333332,0.0031871333333342022
23,2,0.9812393333333332,1.4235693333333312,-5.746217666666659,0.010929333333329794
23,3,0.9806365999999997,1.4677006000000024,-5.8575158,0.020875199999998983
23,4,0.9800213999999999,1.4763134000000004,-5.871050199999997,0.0315173999999967
23,5,0.9793851333333332,1.5198201333333319,-6.0329880666666575,0.04185233333333471
23,6,0.9787097999999997,1.6019508,-6.468908399999995,0.05122420000000005
23,7,0.9779684666666666,1.612329466666665,-6.518577733333322,0.05905773333333286
23,8,0.9772448666666667,1.6663218666666677,-6.884946933333342,0.06473406666666648
23,9,0.9764442666666665,1.7170372666666671,-7.278661133333335,0.067287600000002
23,10,0.9755656666666667,1.8250266666666644,-8.28863233333331,0.06532133333332801
23,11,0.9746155999999999,1.8383275999999995,-8.409290799999994,0.057535399999999015
23,12,0.9735550666666664,1.9080570666666683,-9.16358853333335,0.04340720000000431
23,13,0.9723687333333331,1.9866317333333328,-10.093434866666655,0.02464746666667139
23,14,0.9710528666666666,2.0757598666666643,-11.238941933333301,0.006925866666669833
23,15,0.9710528666666666,2.154188866666672,-12.336947933333413,0.0
23,16,0.9821199999999948,2.281378999999994,-14.499343999999788,0.0
23,17,1.002035499999998,2.4282784999999976,-17.308109499999915,0.00397350000000074
23,18,1.002246999999997,2.568610999999997,-19.69883799999988,0.0
24,0,0.9823172,1.347466200000003,-5.6701236,0.003402799999999928
24,1,0.9818038666666669,1.3842618666666624,-5.687925933333332,0.011165266666662177
24,2,0.9812393333333332,1.392165333333333,-5.683409666666664,0.021073000000003006
24,3,0.9806365999999996,1.4320076000000015,-5.750436799999994,0.031546600000000424
24,4,0.9800213999999999,1.4763134000000004,-5.871050199999997,0.04170499999999855
24,5,0.9793851333333332,1.5550731333333325,-6.209253066666662,0.05092620000000281
24,6,0.9787097999999997,1.5645278000000005,-6.2443703999999975,0.05864540000000318
24,7,0.9779684666666666,1.612329466666665,-6.518577733333322,0.06419726666667103
24,8,0.9772448666666667,1.6663218666666677,-6.884946933333342,0.06662419999999969
24,9,0.9764442666666665,1.7170372666666671,-7.278661133333335,0.06467033333333383
24,10,0.9755656666666667,1.7746596666666667,-7.784962333333334,0.05697166666666398
24,11,0.9746155999999999,1.8383275999999995,-8.409290799999994,0.043025800000002334
24,12,0.9735550666666664,1.9080570666666683,-9.16358853333335,0.024541133333336518
24,13,0.9723687333333331,1.9866317333333328,-10.093434866666655,0.0070447333333376605
24,14,0.9723687333333331,2.057337733333334,-11.012612866666672,0.0
24,15,0.9829779999999957,2.1661140000000003,-12.790102999999903,0.0
24,16,1.0018770000000001,2.300575999999999,-15.260906999999989,0.004265000000003738
24,17,1.002035499999998,2.4282784999999976,-17.308109499999915,0.0
25,0,0.9823172,1.347466200000003,-5.6701236,0.011422599999999505
25,1,0.9818038666666669,1.3842618666666624,-5.687925933333332,0.021251399999997034
25,2,0.9812393333333332,1.4235693333333312,-5.746217666666659,0.031656666666666666
25,3,0.9806365999999997,1.4677006000000024,-5.8575158,0.041640999999998485
25,4,0.9800213999999999,1.510912399999997,-6.009446199999985,0.05066659999999956
25,5,0.9793851333333332,1.5550731333333325,-6.209253066666662,0.05827506666667048
25,6,0.9787097999999997,1.6019508,-6.468908399999995,0.06373460000000009
25,7,0.9779684666666666,1.6561914666666695,-6.8256117333333535,0.0660858000000033
25,8,0.9772448666666667,1.6663218666666677,-6.884946933333342,0.06408833333333419
25,9,0.9764442666666665,1.7170372666666671,-7.278661133333335,0.05647706666666785
25,10,0.9755656666666667,1.7746596666666667,-7.784962333333334,0.042705999999997246
25,11,0.9746155999999999,1.8383275999999995,-8.409290799999994,0.02446520000000163
25,12,0.9735550666666664,1.9080570666666683,-9.16358853333335,0.007171066666668224
25,13,0.9735550666666664,1.9700230666666663,-9.907180533333323,0.0
25,14,0.9837490000000031,2.068718000000004,-11.445063000000133,0.0
25,15,1.0017279999999997,2.1843519999999965,-13.51367299999994,0.004521000000003994
25,16,1.0018770000000004,2.3005759999999995,-15.260907000000003,0.0
26,0,0.9823172,1.347466200000003,-5.6701236,0.021489400000000103
26,1,0.9818038666666669,1.3842618666666624,-5.687925933333332,0.03175353333332964
26,2,0.9812393333333332,1.4235693333333312,-5.746217666666659,0.04165533333333471
26,3,0.9806365999999997,1.4677006000000024,-5.8575158,0.05050040000000067
26,4,0.9800213999999999,1.510912399999997,-6.009446199999985,0.057904199999999406
26,5,0.9793851333333332,1.5198201333333319,-6.0329880666666575,0.0632959333333325
26,6,0.9787097999999997,1.5645278000000005,-6.2443703999999975,0.06559880000000007
26,7,0.9779684666666666,1.6561914666666695,-6.8256117333333535,0.06358833333333536
26,8,0.9772448666666667,1.6663218666666677,-6.884946933333342,0.05600746666666723
26,9,0.9764442666666665,1.7170372666666671,-7.278661133333335,0.04238180000000291
26,10,0.9755656666666667,1.7746596666666667,-7.784962333333334,0.02438133333333603
26,11,0.9746155999999999,1.8383275999999995,-8.409290799999994,0.007238600000000872
26,12,0.9746155999999999,1.8932095999999987,-9.012992799999985,0.0
26,13,0.9843980000000059,1.980866000000006,-10.319212000000228,0.0
26,14,1.0015984999999998,2.086353500000001,-12.138197500000004,0.004768499999997289
26,15,1.001728,2.184351999999997,-13.513672999999955,0.0
27,0,0.9823172,1.347466200000003,-5.6701236,0.031932199999999966
27,1,0.9818038666666669,1.3842618666666624,-5.687925933333332,0.04165266666666412
27,2,0.9812393333333332,1.4235693333333312,-5.746217666666659,0.05043099999999967
27,3,0.9806365999999997,1.4677006000000024,-5.8575158,0.05768579999999801
27,4,0.9800213999999999,1.4763134000000004,-5.871050199999997,0.06285879999999544
27,5,0.9793851333333332,1.5550731333333325,-6.209253066666662,0.06515580000000298
27,6,0.9787097999999997,1.6019508,-6.468908399999995,0.06313900000000316
27,7,0.9779684666666666,1.612329466666665,-6.518577733333322,0.05560586666667078
27,8,0.9772448666666667,1.6663218666666677,-6.884946933333342,0.04210460000000538
27,9,0.9764442666666665,1.7170372666666671,-7.278661133333335,0.024292533333335697
27,10,0.9755656666666667,1.7746596666666667,-7.784962333333334,0.007342666666664499
27,11,0.9755656666666667,1.8250266666666644,-8.28863233333331,0.0
27,12,0.9849820000000022,1.903576000000001,-9.406916000000074,0.0
27,13,1.0013809999999983,1.9976850000000002,-10.979416999999952,0.004981999999994713
27,14,1.0015985,2.0863535000000013,-12.138197500000018,0.0
28,0,0.9823172,1.347466200000003,-5.6701236,0.04176999999999964
28,1,0.9818038666666669,1.3842618666666624,-5.687925933333332,0.05035179999999784
28,2,0.9812393333333332,1.392165333333333,-5.683409666666664,0.0575466666666653
28,3,0.9806365999999997,1.4677006000000024,-5.8575158,0.06260220000000061
28,4,0.9800213999999999,1.510912399999997,-6.009446199999985,0.0646564000000005
28,5,0.9793851333333332,1.5198201333333319,-6.0329880666666575,0.06268966666667097
28,6,0.9787097999999997,1.5645278000000005,-6.2443703999999975,0.055233200000003535
28,7,0.9779684666666666,1.612329466666665,-6.518577733333322,0.041869400000003054
28,8,0.9772448666666667,1.6663218666666677,-6.884946933333342,0.024229733333335446
28,9,0.9764442666666665,1.7170372666666671,-7.278661133333335,0.007408266666670826
28,10,0.9764442666666665,1.7623592666666692,-7.686559133333354,0.0
28,11,0.9854619999999983,1.8349229999999963,-8.664692999999914,0.0
28,12,1.0011709999999991,1.9197379999999948,-10.037962999999916,0.005192000000004526
28,13,1.0013809999999985,1.9976850000000006,-10.979416999999966,0.0
29,0,0.9823172,1.347466200000003,-5.6701236,0.05041980000000024
29,1,0.9818038666666669,1.3842618666666624,-5.687925933333332,0.05741293333333175
29,2,0.9812393333333332,1.392165333333333,-5.683409666666664,0.06242933333333589
29,3,0.9806365999999997,1.4677006000000024,-5.8575158,0.06444159999999854
29,4,0.9800213999999999,1.4763134000000004,-5.871050199999997,0.06223499999999582
29,5,0.9793851333333332,1.5198201333333319,-6.0329880666666575,0.054894533333335715
29,6,0.9787097999999997,1.5645278000000005,-6.2443703999999975,0.041653400000001284
29,7,0.9779684666666666,1.612329466666665,-6.518577733333322,0.024185933333335186
29,8,0.9772448666666667,1.6663218666666677,-6.884946933333342,0.007494866666668543
29,9,0.9772448666666667,1.7058288666666641,-7.201002933333314,0.0
29,10,0.9858819999999966,1.7717969999999994,-8.045192999999898,0.0
29,11,1.0009445000000028,1.850466500000003,-9.269181500000112,0.005369500000000471
29,12,1.0011709999999994,1.9197379999999953,-10.037962999999927,0.0
30,0,0.9823172,1.347466200000003,-5.6701236,0.0574306
30,1,0.9818038666666669,1.3842618666666624,-5.687925933333332,0.06225906666666248
30,2,0.9812393333333332,1.4235693333333312,-5.746217666666659,0.06425299999999723
30,3,0.9806365999999996,1.4320076000000015,-5.750436799999994,0.06205300000000058
30,4,0.9800213999999999,1.4763134000000004,-5.871050199999997,0.05450059999999901
30,5,0.9793851333333332,1.5550731333333325,-6.209253066666662,0.04143140000000045
30,6,0.9787097999999997,1.5645278000000005,-6.2443703999999975,0.024123599999999357
30,7,0.9779684666666666,1.612329466666665,-6.518577733333322,0.007570466666670939
30,8,0.9779684666666666,1.6561914666666695,-6.8256117333333535,0.0
30,9,0.9862560000000045,1.7148400000000024,-7.543426000000153,0.0
30,10,1.0007040000000025,1.7866920000000055,-8.623981000000128,0.005548999999998472
30,11,1.0009445000000028,1.8504665000000031,-9.269181500000116,0.0
31,0,0.9823172,1.347466200000003,-5.6701236,0.0622384000000018
31,1,0.9818038666666669,1.3842618666666624,-5.687925933333332,0.06406519999999816
31,2,0.9812393333333332,1.392165333333333,-5.683409666666664,0.0618856666666705
31,3,0.9806365999999997,1.4677006000000024,-5.8575158,0.05441640000000092
31,4,0.9800213999999999,1.510912399999997,-6.009446199999985,0.04120519999999672
31,5,0.9793851333333332,1.5198201333333319,-6.0329880666666575,0.024070266666669227
31,6,0.9787097999999997,1.5645278000000005,-6.2443703999999975,0.007647800000004423
31,7,0.9787097999999997,1.6019508,-6.468908399999993,0.0
31,8,0.986621999999997,1.6648449999999997,-7.154445999999908,0.0
31,9,1.0004804999999983,1.729163499999995,-8.099072499999902,0.005718499999996851
31,10,1.0007040000000025,1.7866920000000057,-8.623981000000132,0.0
32,0,0.9823172,1.347466200000003,-5.6701236,0.06401419999999902
32,1,0.9818038666666669,1.3842618666666624,-5.687925933333332,0.061706333333329866
32,2,0.9812393333333332,1.4235693333333312,-5.746217666666659,0.05428133333333207
32,3,0.9806365999999997,1.4677006000000024,-5.8575158,0.04122080000000139
32,4,0.9800213999999999,1.510912399999997,-6.009446199999985,0.02403280000000052
32,5,0.9793851333333332,1.5550731333333325,-6.209253066666662,0.007706133333339693
32,6,0.9793851333333332,1.5550731333333325,-6.209253066666662,0.0
32,7,0.9868780000000044,1.6101190000000045,-6.77930000000017,0.0
32,8,1.0002480000000027,1.6786920000000016,-7.6876280000001,0.005858999999997394
32,9,1.0004804999999983,1.729163499999995,-8.099072499999902,0.0
33,0,0.9823172,1.347466200000003,-5.6701236,0.061630000000004515
33,1,0.9818038666666669,1.3842618666666624,-5.687925933333332,0.05412846666666482
33,2,0.9812393333333332,1.4235693333333312,-5.746217666666659,0.04113800000000367
33,3,0.9806365999999997,1.4677006000000024,-5.8575158,0.024129200000004403
33,4,0.9800213999999999,1.4763134000000004,-5.871050199999997,0.007777399999993051
33,5,0.9793851333333332,1.5550731333333325,-6.209253066666662,0.0
33,6,0.9872590000000017,1.5629470000000012,-6.508460000000063,0.0
33,7,1.0000095000000009,1.6231065000000022,-7.290420500000042,0.005990499999995791
33,8,1.0002480000000027,1.6786920000000016,-7.6876280000001,0.0
34,0,0.9823172,1.347466200000003,-5.6701236,0.054060799999998466
34,1,0.9818038666666669,1.3842618666666624,-5.687925933333332,0.04106159999999548
34,2,0.9812393333333332,1.392165333333333,-5.683409666666664,0.024139666666668447
34,3,0.9806365999999997,1.4677006000000024,-5.8575158,0.007892600000001693
34,4,0.9800213999999999,1.4763134000000004,-5.871050199999997,0.0
34,5,0.9875680000000031,1.5629470000000012,-6.518657000000111,0.0
34,6,0.9998910000000016,1.5755780000000035,-7.001102000000078,0.006128000000000355
34,7,1.0000095000000009,1.6231065000000022,-7.290420500000042,0.0
35,0,0.9823172,1.347466200000003,-5.6701236,0.04104560000000035
35,1,0.9818038666666669,1.3842618666666624,-5.687925933333332,0.024158733333329963
35,2,0.9812393333333332,1.392165333333333,-5.683409666666664,0.00794633333333472
35,3,0.9806365999999997,1.4677006000000024,-5.8575158,0.0
35,4,0.9878420000000006,1.4749060000000043,-6.131321000000035,0.0
35,5,0.9997369999999997,1.5306519999999997,-6.770927999999984,0.006244999999989176
35,6,0.9998910000000016,1.5755780000000037,-7.001102000000074,0.0
36,0,0.9823172,1.347466200000003,-5.6701236,0.02420139999999904
36,1,0.9818038666666669,1.3842618666666624,-5.687925933333332,0.008029866666664276
36,2,0.9812393333333332,1.4235693333333312,-5.746217666666659,0.0
36,3,0.9880860000000027,1.4749060000000043,-6.13986100000011,0.0
36,4,0.9995879999999993,1.4865829999999993,-6.589138999999971,0.006347999999999132
36,5,0.9997369999999997,1.5751159999999977,-6.993247999999976,0.0
37,0,0.9823172,1.347466200000003,-5.6701236,0.008099200000000195
37,1,0.9818038666666669,1.3842618666666624,-5.687925933333332,0.0
37,2,0.9884190000000004,1.430416000000001,-6.018379000000017,0.0
37,3,0.9995004999999999,1.4863205000000015,-6.5850265000000014,0.006450500000006798
37,4,0.9995879999999993,1.4865829999999995,-6.5891389999999745,0.0
38,0,0.9823172,1.347466200000003,-5.6701236,0.0
38,1,0.9886889999999937,1.3908769999999961,-5.949290999999761,0.0
38,2,0.9994715000000021,1.4017775000000048,-6.370044500000084,0.006536499999995726
38,3,0.9995004999999999,1.4863205000000015,-6.5850265000000014,0.0
39,0,0.9889590000000013,1.353837999999996,-5.922512000000047,0.0
39,1,0.9994125000000018,1.4016005000000042,-6.367507500000077,0.006603500000004203
39,2,0.9994715000000021,1.401777500000005,-6.370044500000091,0.0
40,0,0.9993949999999998,1.3642739999999947,-6.329515999999991,0.006692999999998506
40,1,0.9994125000000018,1.4016005000000042,-6.367507500000077,0.0
41,0,0.9993949999999998,1.3642739999999947,-6.329515999999991,0.0
