0,0,-1.0214644999999987,0.626300999999998,42.39201,0.0
0,1,-1.0214644999999987,0.626300999999998,42.39201,0.0
0,2,-1.02163775,0.6658660000000012,42.352444999999996,0.0
0,3,-1.0229675,0.693916999999999,42.296343,0.0
0,4,-1.0237695000000002,0.7339820000000046,42.17614799999998,0.0
0,5,-1.0246189999999995,0.7645109999999988,42.05403200000001,0.0
0,6,-1.0256605000000008,0.7892340000000004,41.930417,0.0
0,7,-1.0265752500000005,0.8214609999999993,41.737055000000005,0.0
0,8,-1.0275114999999992,0.8482509999999976,41.54952500000002,0.0
0,9,-1.0276385000000001,0.8830379999999991,41.271229000000005,0.0
0,10,-1.0288227499999998,0.8962280000000007,41.15251899999999,0.0
0,11,-1.0298374999999993,0.9265749999999997,40.849049,0.0
0,12,-1.03089825,0.9544150000000045,40.54280899999995,0.0
0,13,-1.0319889999999994,0.9909279999999967,40.10465300000004,0.0
0,14,-1.033125,1.0387350000000026,39.483161999999965,0.0
0,15,-1.0350637500000008,1.0997160000000008,38.62942799999999,0.0
0,16,-1.0363479999999992,1.2049829999999986,37.05042300000002,0.0
0,17,-1.0380146666666665,1.3228259999999992,35.164935000000014,0.0
0,18,-1.039864999999999,1.496108999999997,32.21912400000005,0.0
0,19,-1.041315666666667,1.7224270000000033,28.14539999999994,0.0
0,20,-1.0437330000000007,1.9843910000000022,23.168083999999958,0.0
0,21,-1.0465493333333338,2.318092,16.494064,0.0
0,22,-1.0498099999999984,2.7338259999999934,7.7636500000001405,0.0
0,23,-1.0531720000000035,3.25043500000001,-3.601748000000228,0.0
0,24,-1.0562996666666653,3.8995049999999907,-18.53035799999978,0.0
0,25,-1.0581206666666674,4.771827999999999,-39.466109999999986,0.0
0,26,-1.059501499999996,6.024551000000002,-70.78418500000006,0.0
0,27,-1.063606,7.984688000000006,-121.74774700000015,0.0
0,28,-1.0673369999999949,11.495941000000002,-216.55157800000006,0.0
0,29,-1.0727344999999957,18.378394999999998,-409.26028999999994,0.0
0,30,-1.1046440000000075,33.39181500000001,-844.6494700000003,0.0
0,31,-1.1046440000000075,71.89501999999999,-1999.7456199999997,0.0
1,0,-1.0207757500000003,0.6235460000000046,42.39201,0.058048749999999316
1,1,-1.0214644999999987,0.626300999999998,42.39201,0.05785250000000097
1,2,-1.02163775,0.6658660000000012,42.352444999999996,0.057129750000004975
1,3,-1.0229675,0.693916999999999,42.296343,0.05742150000000379
1,4,-1.0237695000000002,0.7339820000000046,42.17614799999998,0.05717449999999502
1,5,-1.0246189999999995,0.7645109999999988,42.05403200000001,0.05693699999999602
1,6,-1.0256605000000008,0.7892340000000004,41.930417,0.056883499999997866
1,7,-1.0265752500000005,0.8214609999999993,41.737055000000005,0.056570250000000044
1,8,-1.0275114999999992,0.8482509999999976,41.54952500000002,0.056301500000000004
1,9,-1.0276385000000001,0.891491000000002,41.19515199999998,0.05524550000000339
1,10,-1.0288227499999998,0.9225160000000017,40.88963899999998,0.05517874999999961
1,11,-1.0298374999999993,0.9265749999999997,40.849049,0.054877500000003465
1,12,-1.03089825,0.9544150000000045,40.54280899999995,0.05448424999999446
1,13,-1.0319889999999994,0.9909279999999967,40.10465300000004,0.05421699999999774
1,14,-1.033125,1.0387350000000026,39.483161999999965,0.05384999999999884
1,15,-1.0350637500000008,1.0997160000000008,38.62942799999999,0.05419074999999829
1,16,-1.0363479999999992,1.2049829999999986,37.05042300000002,0.05379600000000084
1,17,-1.0380146666666665,1.3228259999999992,35.164935000000014,0.053460666666663714
1,18,-1.039864999999999,1.496108999999997,32.21912400000005,0.05319000000000074
1,19,-1.041315666666667,1.7224270000000033,28.14539999999994,0.052298666666670046
1,20,-1.0437330000000007,1.9843910000000022,23.168083999999958,0.051926999999996726
1,21,-1.0465493333333338,2.318092,16.494064,0.05140133333333341
1,22,-1.0498099999999984,2.7338259999999934,7.7636500000001405,0.05078600000000688
1,23,-1.0531720000000035,3.25043500000001,-3.601748000000228,0.049585999999990804
1,24,-1.0562996666666653,3.8995049999999907,-18.53035799999978,0.04727466666667124
1,25,-1.0581206666666674,4.771827999999999,-39.466109999999986,0.04273966666667661
1,26,-1.059501499999996,6.024551000000002,-70.78418500000006,0.0365524999999991
1,27,-1.063606,7.984688000000006,-121.74774700000015,0.031219000000000108
1,28,-1.0673369999999949,11.495941000000002,-216.55157800000006,0.02202599999999677
1,29,-1.0727344999999957,18.378394999999998,-409.26028999999994,0.006809500000002799
1,30,-1.0727345000000241,33.35990550000003,-843.7240945000009,0.0
2,0,-1.0207757500000003,0.6235460000000046,42.39201,0.02787550000000394
2,1,-1.0214644999999987,0.626300999999998,42.39201,0.02756700000000123
2,2,-1.02163775,0.6885979999999989,42.306981,0.026601500000005274
2,3,-1.0229675,0.7307740000000038,42.185771999999986,0.026880000000005566
2,4,-1.0237695000000002,0.7611130000000017,42.067623999999995,0.026488999999997986
2,5,-1.0246189999999995,0.7645109999999988,42.05403200000001,0.02610199999999807
2,6,-1.0256605000000008,0.8178020000000004,41.759009,0.02602600000000166
2,7,-1.0265752500000005,0.8214609999999993,41.737055000000005,0.025596499999998912
2,8,-1.0275114999999992,0.8482509999999976,41.54952500000002,0.025215000000002874
2,9,-1.0276385000000001,0.8830379999999991,41.271229000000005,0.023611000000006044
2,10,-1.0288227499999998,0.8962280000000007,41.15251899999999,0.02356149999999957
2,11,-1.0298374999999993,0.9265749999999997,40.849049,0.0230850000000018
2,12,-1.03089825,0.9865649999999988,40.157009000000016,0.02253549999999649
2,13,-1.0319889999999994,0.9909279999999967,40.10465300000004,0.022042999999996482
2,14,-1.033125,1.0387350000000026,39.483161999999965,0.021519000000001398
2,15,-1.0350637500000008,1.0997160000000008,38.62942799999999,0.021791500000002628
2,16,-1.0363479999999992,1.2049829999999986,37.05042300000002,0.02115100000000103
2,17,-1.0380146666666665,1.3228259999999992,35.164935000000014,0.02085333333333006
2,18,-1.039864999999999,1.496108999999997,32.21912400000005,0.020484000000003277
2,19,-1.041315666666667,1.7224270000000033,28.14539999999994,0.019452333333335847
2,20,-1.0437330000000007,1.9843910000000022,23.168083999999958,0.01896900000000068
2,21,-1.0465493333333338,2.318092,16.494064,0.018334666666665722
2,22,-1.0498099999999984,2.7338259999999934,7.7636500000001405,0.017519999999999758
2,23,-1.0531720000000035,3.25043500000001,-3.601748000000228,0.01591999999999416
2,24,-1.0562996666666653,3.8995049999999907,-18.53035799999978,0.012860333333331031
2,25,-1.0581206666666674,4.771827999999999,-39.466109999999986,0.0066753333333338105
2,26,-1.0581206666666578,6.0217893333333405,-70.71514333333353,0.0
2,27,-1.0595015000000032,7.976478999999998,-121.53431299999994,0.0
2,28,-1.063605999999993,11.488478999999998,-216.35010399999996,0.0
2,29,-1.0673369999999522,18.367599999999996,-408.95802999999995,0.0
3,0,-1.0207757500000003,0.6235460000000046,42.39201,0.005450250000000878
3,1,-1.0214644999999987,0.626300999999998,42.39201,0.005185499999997845
3,2,-1.02163775,0.6658660000000012,42.352444999999996,0.004630250000001723
3,3,-1.0229675,0.693916999999999,42.296343,0.004620500000001471
3,4,-1.0237695000000002,0.7339820000000046,42.17614799999998,0.00427649999999602
3,5,-1.0246189999999995,0.7645109999999988,42.05403200000001,0.003967999999995087
3,6,-1.0256605000000008,0.7892340000000004,41.930417,0.00399850000000157
3,7,-1.0265752500000005,0.8214609999999993,41.737055000000005,0.003641749999999888
3,8,-1.0275114999999992,0.8482509999999976,41.54952500000002,0.003249499999999017
3,9,-1.0276385000000001,0.8830379999999991,41.271229000000005,0.0021355000000031765
3,10,-1.0288227499999998,0.8962280000000007,41.15251899999999,0.002209250000003493
3,11,-1.0298374999999993,0.9265749999999997,40.849049,0.001816499999996779
3,12,-1.03089825,0.9544150000000045,40.54280899999995,0.001335749999995528
3,13,-1.0319889999999994,0.9909279999999967,40.10465300000004,0.0009550000000011494
3,14,-1.033125,1.0387350000000026,39.483161999999965,0.0004940000000015488
3,15,-1.0350637500000008,1.0997160000000008,38.62942799999999,0.0003902500000005915
3,16,-1.035545000000008,1.2025740000000265,37.086557999999606,0.0
3,17,-1.0364729999999973,1.3182009999999877,35.2389350000002,0.0
3,18,-1.0380146666666665,1.490558,32.313491,0.0
3,19,-1.039864999999999,1.718074999999999,28.223736000000017,0.0
3,20,-1.041315666666667,1.977139000000001,23.30587199999998,0.0
3,21,-1.0437330000000007,2.3096430000000012,16.663043999999978,0.0
3,22,-1.0403930000000017,2.7240439999999992,7.950603000000022,0.0
3,23,-1.0498099999999984,3.240348999999995,-3.37985599999989,0.0
3,24,-1.0381009999999975,3.890122000000005,-18.35976200000013,0.0
3,25,-1.0562996666666653,4.766364999999993,-39.33499799999984,0.0
3,26,-1.0512240000000048,6.0286860000000075,-70.90825000000018,0.0
3,27,-1.0220950000000073,8.005607999999995,-122.39560899999985,0.0
3,28,-0.9683760000000063,11.542197999999999,-218.04469599999996,0.0
4,0,-1.0207757500000003,0.6235460000000046,42.39201,0.0
4,1,-1.0214644999999987,0.626300999999998,42.39201,0.0
4,2,-1.0214644999999987,0.6651729999999958,42.353138,0.0
4,3,-1.02163775,0.6885979999999989,42.306981,0.0
4,4,-1.0229675,0.7307740000000038,42.185771999999986,0.0
4,5,-1.0237695000000002,0.7611130000000017,42.067623999999995,0.0
4,6,-1.0246189999999995,0.7850679999999954,41.95124700000002,0.0
4,7,-1.0256605000000008,0.8178020000000004,41.759009,0.0
4,8,-1.0265752500000005,0.8445060000000026,41.57573999999998,0.0
4,9,-1.0275114999999992,0.8825299999999956,41.27529300000003,0.0
4,10,-1.0276385000000001,0.891491000000002,41.19515199999998,0.0
4,11,-1.0288227499999998,0.9225160000000017,40.88963899999998,0.0
4,12,-1.0298374999999993,0.950172000000002,40.589481999999975,0.0
4,13,-1.03089825,0.9865649999999988,40.157009000000016,0.0
4,14,-1.0319889999999994,1.0341909999999999,39.542234,0.0
4,15,-1.033125,1.0919609999999977,38.73799800000003,0.0
4,16,-1.0350637500000008,1.2006489999999985,37.115433000000024,0.0
4,17,-1.0363479999999992,1.3177009999999907,35.24693500000015,0.0
4,18,-1.0374979999999994,1.490558,32.311941,0.0
4,19,-1.0133739999999989,1.7182659999999998,28.116642999999996,0.0
4,20,-1.0133739999999989,1.9760630000000035,23.218499999999928,0.0
4,21,-1.0124469999999945,2.3094330000000056,16.546601999999858,0.0
4,22,-1.0104029999999966,2.725135999999999,7.806618999999998,0.0
4,23,-1.0104029999999966,3.242640999999999,-3.5784909999999996,0.0
4,24,-0.9754259999999988,3.9230420000000095,-19.392257000000228,0.0
4,25,-1.008987999999988,4.787193000000002,-39.99763300000009,0.0
4,26,-0.963035000000005,6.074638999999991,-72.36759499999974,0.0
4,27,-0.877082999999999,8.091560000000001,-125.15134900000004,0.0
5,0,-1.0079159999999945,0.6233369999999994,42.340570999999976,0.0
5,1,-1.0081249999999997,0.6235460000000046,42.341407,0.0
5,2,-1.008041999999996,0.6652559999999994,42.299281999999984,0.0
5,3,-1.0085750000000004,0.6885979999999989,42.25473,0.0
5,4,-1.0086709999999997,0.7307740000000038,42.128585999999984,0.0
5,5,-1.0089690000000004,0.7611130000000017,42.008421999999996,0.0
5,6,-1.0103110000000015,0.7850679999999954,41.89401500000003,0.0
5,7,-1.010596999999997,0.8178020000000004,41.698754999999984,0.0
5,8,-1.0108949999999979,0.8445060000000026,41.51301899999997,0.0
5,9,-1.0097349999999992,0.8836899999999943,41.193747000000045,0.0
5,10,-1.0097349999999992,0.8900760000000005,41.13627299999999,0.0
5,11,-1.0111500000000007,0.9222099999999998,40.822008000000004,0.0
5,12,-1.0118220000000022,0.950172000000002,40.51741999999999,0.0
5,13,-1.0121389999999977,0.9865649999999988,40.08197200000001,0.0
5,14,-1.0121389999999977,1.0338059999999984,39.46783900000001,0.0
5,15,-1.012523999999999,1.0912170000000003,38.66600999999999,0.0
5,16,-1.0123940000000005,1.2015229999999946,37.010770000000086,0.0
5,17,-1.0123940000000005,1.3162840000000031,35.17459399999995,0.0
5,18,-1.0130079999999992,1.4891089999999991,32.23963900000001,0.0
5,19,-0.9949760000000012,1.7182659999999998,28.024653000000008,0.0
5,20,-0.9949760000000012,1.9761999999999986,23.12390700000003,0.0
5,21,-0.9926109999999966,2.3094330000000056,16.447421999999868,0.0
5,22,-0.9890520000000009,2.725135999999999,7.6998640000000265,0.0
5,23,-0.9791530000000037,3.2529829999999933,-3.9622649999998245,0.0
5,24,-0.9754259999999988,3.9230420000000095,-19.392257000000228,0.0
5,25,-0.9224850000000089,4.840133999999992,-41.66716999999976,0.0
5,26,-0.8172309999999925,6.179893000000007,-75.68741500000021,0.0
6,0,-0.9935040000000015,0.623272,42.26851100000001,0.0
6,1,-0.9935690000000008,0.6233369999999994,42.26883600000001,0.0
6,2,-0.9939919999999987,0.6652559999999994,42.229032,0.0
6,3,-0.9937100000000001,0.6883469999999932,42.18115800000002,0.0
6,4,-0.9932590000000019,0.7311290000000028,42.050106,0.0
6,5,-0.9932590000000019,0.7607989999999987,41.931426000000016,0.0
6,6,-0.9932750000000041,0.7826540000000008,41.82224700000002,0.0
6,7,-0.9943469999999976,0.8174210000000031,41.62007699999997,0.0
6,8,-0.9944419999999994,0.8441159999999996,41.433782,0.0
6,9,-0.9939579999999992,0.8842659999999967,41.109678000000024,0.0
6,10,-0.9852139999999991,0.8888859999999994,41.015634,0.0
6,11,-0.9951480000000004,0.9220919999999992,40.74317800000001,0.0
6,12,-0.9952660000000009,0.9497,40.440198,0.0
6,13,-0.9953720000000033,0.986103,40.00399800000002,0.0
6,14,-0.9955170000000066,1.0336720000000028,39.386471,0.0
6,15,-0.9953190000000021,1.0915490000000005,38.575005000000004,0.0
6,16,-0.9941599999999937,1.202682000000003,36.90105599999992,0.0
6,17,-0.9941599999999937,1.315536999999999,35.09537599999998,0.0
6,18,-0.9850080000000005,1.489131999999998,32.08934900000004,0.0
6,19,-0.994883999999999,1.7181739999999976,28.025849000000036,0.0
6,20,-0.9835589999999996,1.9785650000000032,23.010469999999934,0.0
6,21,-0.9890520000000009,2.3129920000000013,16.35488799999998,0.0
6,22,-0.9791530000000037,2.7350349999999963,7.432591000000102,0.0
6,23,-0.9404979999999981,3.2793769999999967,-4.7748629999999395,0.0
6,24,-0.8831399999999974,3.979027000000002,-21.21096100000007,0.0
6,25,-0.7853319999999968,4.951576000000003,-45.13898500000009,0.0
7,0,-0.9851760000000027,0.6232419999999976,42.21854300000002,0.0
7,1,-0.9852060000000051,0.623272,42.21872300000003,0.0
7,2,-0.9857970000000051,0.6648330000000016,42.18070800000003,0.0
7,3,-0.9852019999999939,0.6889420000000044,42.12832499999995,0.0
7,4,-0.9839263749999998,0.7321049999999971,41.98990662500001,0.0
7,5,-0.9842179999999985,0.7608069999999998,41.87713999999999,0.0
7,6,-0.9846069999999969,0.7826540000000008,41.770238999999975,0.0
7,7,-0.9845499999999987,0.8174780000000013,41.560895999999985,0.0
7,8,-0.9845390000000052,0.8441269999999932,41.37427600000009,0.0
7,9,-0.9849479999999997,0.8842659999999967,41.055618000000024,0.0001580000000060977
7,10,-0.9849479999999997,0.88862,41.016432,0.0
7,11,-0.98453575,0.9220809999999986,40.678936250000014,0.0
7,12,-0.9840175714285715,0.9496680000000026,40.37185199999997,0.0
7,13,-0.9852569999999972,0.9861000000000004,39.943343999999975,0.0
7,14,-0.9852599999999967,1.0336679999999987,39.324980999999994,0.0
7,15,-0.9827559999999991,1.0923429999999996,38.486003,0.0
7,16,-0.9839130000000011,1.2032390000000035,36.830661999999954,0.0
7,17,-0.9839130000000011,1.3144419999999997,35.051414000000015,0.0
7,18,-0.9844739999999987,1.4896659999999997,32.076533,0.0
7,19,-0.9795080000000027,1.7190889999999968,27.91215700000008,0.0
7,20,-0.9774360000000044,1.9846879999999985,22.85127200000006,0.0
7,21,-0.9618679999999955,2.3233800000000002,15.96845599999996,0.0
7,22,-0.9404979999999981,2.7615850000000037,6.616560999999905,0.0
7,23,-0.877167,3.3367349999999973,-6.480055999999934,0.0
7,24,-0.7623449999999963,4.092490999999995,-24.666197999999923,0.0
8,0,-0.9832929999999998,0.6227280000000022,42.205361999999994,0.0014860000000069817
8,1,-0.9833572499999996,0.6232419999999976,42.205811749999995,0.0015452499999994984
8,2,-0.9837998888888886,0.6642420000000016,42.16791022222222,0.0016828888888937854
8,3,-0.9836428750000001,0.690355125,42.11317175000001,0.0018118750000013506
8,4,-0.9839263749999998,0.7321049999999971,41.98990662500001,0.002988374999993937
8,5,-0.983838875,0.7615069999999982,41.870986125000016,0.0029118749999952342
8,6,-0.9837096250000004,0.7832989999999995,41.760087375000005,0.003122625000003154
8,7,-0.9838028750000003,0.8174780000000013,41.555666124999995,0.003219874999999206
8,8,-0.9842389999999996,0.8441269999999932,41.372176000000046,0.0036750000000083105
8,9,-0.9849479999999997,0.8842659999999967,41.055618000000024,0.0038930000000050313
8,10,-0.98453575,0.8919179999999969,40.98056625000003,0.0036777500000013674
8,11,-0.9840175714285715,0.9262264285714272,40.6297092857143,0.003170571428576352
8,12,-0.9839324285714284,0.9502640000000042,40.36410399999995,0.003025428571426403
8,13,-0.9835039999999999,0.9890989999999995,39.892086000000006,0.00262299999999982
8,14,-0.9827559999999992,1.0381560000000036,39.244620999999945,0.0018979999999970687
8,15,-0.9819595000000003,1.0963254999999934,38.4206900000001,0.0015435000000039167
8,16,-0.9815293333333344,1.2049596666666673,36.786445666666665,0.0008963333333298351
8,17,-0.9812510000000003,1.3152770000000016,35.01858499999997,0.0
8,18,-0.9795080000000027,1.4922479999999965,31.995295000000084,0.0
8,19,-0.9751699999999985,1.7240910000000014,27.786752999999962,0.0
8,20,-0.9618679999999955,1.9995470000000068,22.445115999999828,0.0
8,21,-0.9358599999999981,2.3493879999999976,15.240232000000034,0.0
8,22,-0.877167,2.820633000000001,4.874187999999975,0.0
8,23,-0.7623449999999963,3.451557000000001,-9.924716000000046,0.0
9,0,-0.9832929999999998,0.6227280000000022,42.205361999999994,0.003309999999999036
9,1,-0.9833572499999996,0.6232419999999976,42.205811749999995,0.003381500000003257
9,2,-0.9837998888888886,0.6642420000000016,42.16791022222222,0.0041707777777730826
9,3,-0.9836428750000001,0.690355125,42.11317175000001,0.003833749999998304
9,4,-0.9839263749999998,0.7321049999999971,41.98990662500001,0.005621749999995984
9,5,-0.983838875,0.7615069999999982,41.870986125000016,0.005423749999991401
9,6,-0.9837096250000004,0.7832989999999995,41.760087375000005,0.006180250000006993
9,7,-0.9838028750000003,0.8174780000000013,41.555666124999995,0.006354749999999854
9,8,-0.9842389999999996,0.8441269999999932,41.372176000000046,0.007246999999999559
9,9,-0.9849479999999997,0.8842659999999967,41.055618000000024,0.007712000000005048
9,10,-0.98453575,0.8919179999999969,40.98056625000003,0.007855499999998017
9,11,-0.9840175714285715,0.9262264285714272,40.6297092857143,0.006807142857141457
9,12,-0.9839324285714284,0.9502640000000042,40.36410399999995,0.0060848571428593345
9,13,-0.9835039999999999,0.9890989999999995,39.892086000000006,0.005220000000001335
9,14,-0.9827559999999992,1.0381560000000036,39.244620999999945,0.0037889999999904944
9,15,-0.9819595000000003,1.0963254999999934,38.4206900000001,0.0023359999999996717
9,16,-0.9815293333333344,1.2049596666666673,36.786445666666665,0.0008926666666653205
9,17,-0.9803470000000019,1.3170849999999987,34.98061700000004,0.0
9,18,-0.975833999999999,1.497474000000004,31.87183499999992,0.0
9,19,-0.9634250000000009,1.7385249999999957,27.41854700000009,0.0
9,20,-0.9354820000000004,2.028407999999999,21.656808000000026,0.0
9,21,-0.877521999999999,2.409759000000001,13.50573699999996,0.0
9,22,-0.7600970000000018,2.9404309999999967,1.3020720000000807,0.0
10,0,-0.9832929999999998,0.6227280000000022,42.205361999999994,0.004224000000000672
10,1,-0.9833572499999996,0.6232419999999976,42.205811749999995,0.004301750000003324
10,2,-0.9837998888888886,0.6642420000000016,42.16791022222222,0.005914666666669177
10,3,-0.9836428750000001,0.690355125,42.11317175000001,0.004898624999995604
10,4,-0.9839263749999998,0.7321049999999971,41.98990662500001,0.006573124999995628
10,5,-0.983838875,0.7615069999999982,41.870986125000016,0.006173624999988192
10,6,-0.9837096250000004,0.7832989999999995,41.760087375000005,0.007482875000000888
10,7,-0.9838028750000003,0.8174780000000013,41.555666124999995,0.007659624999995174
10,8,-0.9842389999999996,0.8441269999999932,41.372176000000046,0.008824000000004162
10,9,-0.9849479999999997,0.8842659999999967,41.055618000000024,0.009619999999998186
10,10,-0.98453575,0.8919179999999969,40.98056625000003,0.010083250000000987
10,11,-0.9840175714285715,0.9262264285714272,40.6297092857143,0.008456714285713929
10,12,-0.9839324285714284,0.9502640000000042,40.36410399999995,0.007092285714286106
10,13,-0.9835039999999999,0.9890989999999995,39.892086000000006,0.005748999999994453
10,14,-0.9827559999999992,1.0381560000000036,39.244620999999945,0.003630999999991502
10,15,-0.9819595000000003,1.0963254999999934,38.4206900000001,0.0011985000000009904
10,16,-0.9815293333333344,1.2049596666666673,36.786445666666665,0.0
10,17,-0.9773860000000028,1.3219729999999927,34.87087200000015,0.0
10,18,-0.9661139999999975,1.5076370000000026,31.60142099999993,0.0
10,19,-0.9379569999999973,1.7661140000000017,26.66514399999994,0.0
10,20,-0.8799330000000012,2.085257999999996,20.01986700000009,0.0
10,21,-0.7628249999999994,2.5276369999999986,9.998026000000024,0.0
11,0,-0.9832929999999998,0.6227280000000022,42.205361999999994,0.0040460000000024365
11,1,-0.9833572499999996,0.6232419999999976,42.205811749999995,0.004072999999998217
11,2,-0.9837998888888886,0.6642420000000016,42.16791022222222,0.006114555555548407
11,3,-0.9836428750000001,0.690355125,42.11317175000001,0.004723499999997216
11,4,-0.9839263749999998,0.7321049999999971,41.98990662500001,0.005907499999999288
11,5,-0.983838875,0.7615069999999982,41.870986125000016,0.005316499999992175
11,6,-0.9837096250000004,0.7832989999999995,41.760087375000005,0.006863500000001466
11,7,-0.9838028750000003,0.8174780000000013,41.555666124999995,0.007011499999997284
11,8,-0.9842389999999996,0.8441269999999932,41.372176000000046,0.008345000000005598
11,9,-0.9849479999999997,0.8842659999999967,41.055618000000024,0.009194000000000813
11,10,-0.98453575,0.8919179999999969,40.98056625000003,0.00971799999999945
11,11,-0.9840175714285715,0.9262264285714272,40.6297092857143,0.007603285714289143
11,12,-0.9839324285714284,0.9502640000000042,40.36410399999995,0.005973714285715914
11,13,-0.9835039999999999,0.9890989999999995,39.892086000000006,0.004240000000002908
11,14,-0.9827559999999992,1.0381560000000036,39.244620999999945,0.0017789999999919814
11,15,-0.9819595000000003,1.0963254999999936,38.42069000000009,0.0
11,16,-0.9793129999999977,1.2072980000000015,36.72686899999995,0.0
11,17,-0.9665569999999946,1.3342090000000084,34.5545699999998,0.0
11,18,-0.9400779999999997,1.5336730000000003,30.872412999999995,0.0
11,19,-0.8812339999999992,1.8228369999999998,25.020176999999997,0.0
11,20,-0.7660059999999973,2.199185,16.602056999999974,0.0
12,0,-0.9832929999999998,0.6227280000000022,42.205361999999994,0.003090000000000259
12,1,-0.9833572499999996,0.6232419999999976,42.205811749999995,0.0030652500000059035
12,2,-0.9837998888888886,0.6642420000000016,42.16791022222222,0.005020444444440386
12,3,-0.9836428750000001,0.690355125,42.11317175000001,0.003724374999990232
12,4,-0.9839263749999998,0.7321049999999971,41.98990662500001,0.004374875000003442
12,5,-0.983838875,0.7615069999999982,41.870986125000016,0.0035753749999969386
12,6,-0.9837096250000004,0.7832989999999995,41.760087375000005,0.005214125000001957
12,7,-0.9838028750000003,0.8174780000000013,41.555666124999995,0.005302374999999415
12,8,-0.9842389999999996,0.8441269999999932,41.372176000000046,0.006441999999999837
12,9,-0.9849479999999997,0.8842659999999967,41.055618000000024,0.0070010000000024775
12,10,-0.98453575,0.8919179999999969,40.98056625000003,0.007356750000006684
12,11,-0.9840175714285715,0.9262264285714272,40.6297092857143,0.005101857142861377
12,12,-0.9839324285714284,0.9502640000000042,40.36410399999995,0.0034031428571452693
12,13,-0.9835039999999999,0.9890989999999995,39.892086000000006,0.0016260000000016817
12,14,-0.9827559999999991,1.0381560000000036,39.24462099999994,0.0
12,15,-0.9794349999999952,1.0998650000000083,38.33982799999982,0.0
12,16,-0.967964000000002,1.2186469999999971,36.42044600000007,0.0
12,17,-0.9393500000000046,1.3623309999999904,33.777219000000215,0.0
12,18,-0.880978000000006,1.5920449999999988,29.17161700000009,0.0
12,19,-0.7649040000000014,1.9389110000000045,21.535140999999932,0.0
13,0,-0.9832929999999998,0.6227280000000022,42.205361999999994,0.001819000000004678
13,1,-0.9833572499999996,0.6232419999999976,42.205811749999995,0.0017635000000026935
13,2,-0.9837998888888886,0.6642420000000016,42.16791022222222,0.0033563333333290757
13,3,-0.9836428750000001,0.690355125,42.11317175000001,0.002422249999995074
13,4,-0.9839263749999998,0.7321049999999971,41.98990662500001,0.0027362499999981083
13,5,-0.983838875,0.7615069999999982,41.870986125000016,0.0018532499999963647
13,6,-0.9837096250000001,0.7832989999999995,41.760087375000005,0.003327750000002183
13,7,-0.9838028750000003,0.8174780000000013,41.555666124999995,0.003345250000002409
13,8,-0.9842389999999996,0.8441269999999932,41.372176000000046,0.0038150000000030104
13,9,-0.9849479999999997,0.8842659999999967,41.055618000000024,0.003942999999999586
13,10,-0.98453575,0.8919179999999969,40.98056625000003,0.0039815000000018586
13,11,-0.9840175714285715,0.9262264285714272,40.6297092857143,0.002146428571428771
13,12,-0.9839324285714284,0.9502640000000042,40.36410399999995,0.0006525714285672279
13,13,-0.9835039999999999,0.9890989999999995,39.892086000000006,0.0
13,14,-0.9804500000000047,1.040461999999998,39.18466500000009,0.0
13,15,-0.967689,1.1119620000000054,38.01742099999992,0.0
13,16,-0.9402649999999966,1.2460710000000006,35.64927399999995,0.0
13,17,-0.8804549999999978,1.4212259999999972,32.06926400000002,0.0
13,18,-0.7627749999999978,1.7097789999999975,25.633969000000015,0.0
14,0,-0.9832929999999998,0.6227280000000022,42.205361999999994,0.0006570000000039045
14,1,-0.9833572499999996,0.6232419999999976,42.205811749999995,0.0006157500000014693
14,2,-0.9837998888888886,0.6642420000000016,42.16791022222222,0.0015662222222161404
14,3,-0.9836428750000001,0.690355125,42.11317175000001,0.0010751249999998436
14,4,-0.9839263749999998,0.7321049999999971,41.98990662500001,0.0011756249999947954
14,5,-0.983838875,0.7615069999999982,41.870986125000016,0.0005001250000020718
14,6,-0.9837096250000001,0.7832989999999995,41.760087375000005,0.0014303749999999837
14,7,-0.9838028750000003,0.8174780000000013,41.555666124999995,0.0014231249999951956
14,8,-0.9842389999999996,0.8441269999999932,41.372176000000046,0.0013790000000071245
14,9,-0.9849479999999997,0.8842659999999967,41.055618000000024,0.001224000000000558
14,10,-0.98453575,0.8919179999999969,40.98056625000003,0.0010102500000002124
14,11,-0.9840175714285715,0.9262264285714272,40.6297092857143,0.0
14,12,-0.9839324285714284,0.9502640000000042,40.36410399999995,0.0
14,13,-0.9799160000000029,0.9926869999999965,39.79879800000008,0.0
14,14,-0.968040000000002,1.0523379999999989,38.85707100000004,0.0
14,15,-0.9393850000000015,1.140266000000004,37.22490899999996,0.0
14,16,-0.8803600000000031,1.305095999999999,33.92610900000006,0.0
14,17,-0.7628289999999964,1.538757000000004,28.542098999999887,0.0
15,0,-0.9832929999999998,0.6227280000000022,42.205361999999994,0.0
15,1,-0.9833572499999996,0.6232419999999976,42.205811749999995,0.0
15,2,-0.9837998888888886,0.6642420000000016,42.16791022222222,0.00010011111110941329
15,3,-0.9836428750000001,0.690355125,42.11317175000001,0.0
15,4,-0.9836550000000022,0.7299340000000166,41.994519999999966,0.0
15,5,-0.983838875,0.7615069999999982,41.870986125000016,0.0
15,6,-0.9837096250000004,0.7832989999999995,41.760087375000005,0.0
15,7,-0.9837096250000004,0.8167320000000018,41.55948937499999,0.0
15,8,-0.9838028750000003,0.8406379999999984,41.393546125000015,0.0
15,9,-0.9842389999999996,0.878185000000002,41.099711999999975,0.0
15,10,-0.98453575,0.8919179999999969,40.98056625000003,0.0
15,11,-0.9835700000000003,0.9266739999999984,40.61852000000002,0.0
15,12,-0.9782790000000006,0.9555550000000039,40.22146399999996,0.0
15,13,-0.9663619999999966,1.0046040000000005,39.454120999999944,0.0
15,14,-0.9385869999999983,1.0801129999999972,38.05587900000001,0.0
15,15,-0.8787570000000002,1.200096000000002,35.47866699999997,0.0
15,16,-0.7616730000000018,1.4221799999999973,30.391147000000068,0.0
16,0,-0.9829460000000019,0.6227279999999951,42.20015700000003,0.0
16,1,-0.9829079999999983,0.6227659999999986,42.199548999999976,0.0
16,2,-0.9837998888888886,0.6642420000000016,42.16791022222222,0.0
16,3,-0.9832100000000032,0.6907879999999977,42.10538000000005,0.0
16,4,-0.9836428750000001,0.7298248749999985,41.99476250000001,0.0
16,5,-0.9829650000000001,0.7621970000000005,41.854428,0.0
16,6,-0.983705999999998,0.7832989999999995,41.76003299999997,0.0
16,7,-0.9836860000000023,0.8167519999999975,41.55899500000005,0.0
16,8,-0.9833029999999994,0.8410210000000014,41.38298399999998,0.0
16,9,-0.9831770000000049,0.8783109999999965,41.082648000000106,0.0
16,10,-0.9810289999999995,0.8940660000000022,40.90648499999997,0.0
16,11,-0.9766499999999994,0.9310529999999986,40.466551,0.0
16,12,-0.9636920000000018,0.9685130000000015,39.84716300000001,0.0
16,13,-0.9360229999999987,1.0322730000000035,38.639338999999936,0.0
16,14,-0.8769689999999954,1.1391670000000005,36.30485299999992,0.0
16,15,-0.7595939999999999,1.3174709999999976,31.930597000000034,0.0
17,0,-0.9806539999999977,0.6227659999999986,42.163484999999966,0.0
17,1,-0.9805680000000017,0.6228519999999946,42.16202300000003,0.0
17,2,-0.9809990000000006,0.6598089999999992,42.131962000000016,0.0
17,3,-0.9800659999999972,0.6917210000000011,42.05227699999995,0.0
17,4,-0.9807740000000003,0.7293920000000007,41.950592,0.0
17,5,-0.9803239999999995,0.7626470000000012,41.809921999999986,0.0
17,6,-0.9805980000000005,0.7825580000000016,41.714751,0.0
17,7,-0.9804099999999991,0.8169399999999989,41.505263,0.0
17,8,-0.9792279999999991,0.8422030000000014,41.308327999999975,0.0
17,9,-0.9777719999999945,0.8797670000000011,40.9830639999999,0.0
17,10,-0.9722599999999986,0.8995779999999982,40.711060999999994,0.0
17,11,-0.9610559999999992,0.9422569999999979,40.09380300000001,0.0
17,12,-0.9326089999999994,0.9969600000000014,39.00847099999997,0.0
17,13,-0.8737680000000054,1.0911139999999975,36.87832600000012,0.0
17,14,-0.7571709999999996,1.2557640000000063,32.75572699999991,0.0
18,0,-0.9763280000000023,0.6228520000000017,42.08994300000004,0.0
18,1,-0.9761330000000008,0.6230469999999997,42.086433000000014,0.0
18,2,-0.9761659999999992,0.6593780000000002,42.050662999999986,0.0
18,3,-0.975244,0.6926430000000003,41.967537,0.0
18,4,-0.9757259999999981,0.7286839999999977,41.867607999999976,0.0
18,5,-0.9754219999999982,0.762951000000001,41.725067999999965,0.0
18,6,-0.9752900000000011,0.7824159999999978,41.62536700000003,0.0
18,7,-0.9746509999999979,0.817579000000002,41.40288699999995,0.0
18,8,-0.9723120000000023,0.844541999999997,41.172044000000064,0.0
18,9,-0.9677960000000034,0.8842829999999999,40.77282800000006,0.0
18,10,-0.9552649999999971,0.9121090000000045,40.29683599999991,0.0
18,11,-0.9286460000000005,0.9688759999999945,39.25002400000007,0.0
18,12,-0.869492000000001,1.0561140000000009,37.22563400000001,0.0
18,13,-0.7535329999999973,1.2070730000000012,33.32686399999994,0.0
19,0,-0.969380000000001,0.6230469999999997,41.96487900000002,0.0
19,1,-0.9690739999999991,0.6233530000000016,41.95906499999998,0.0
19,2,-0.9689440000000005,0.6594750000000005,41.92047300000001,0.0
19,3,-0.9683670000000006,0.6932200000000002,41.84202000000001,0.0
19,4,-0.9682840000000006,0.7282849999999996,41.73524800000001,0.0
19,5,-0.9677460000000018,0.7634889999999999,41.584210000000034,0.0
19,6,-0.9671459999999996,0.7830159999999999,41.47517499999999,0.0
19,7,-0.965363,0.8193620000000017,41.22322199999999,0.0
19,8,-0.9504940000000026,0.8495069999999991,40.72969600000006,0.0
19,9,-0.948836,0.8958449999999978,40.32749000000002,0.0
19,10,-0.9216180000000023,0.9393270000000022,39.41901000000002,0.0
19,11,-0.8642009999999942,1.0262930000000026,37.458426999999865,0.0
19,12,-0.7484819999999957,1.1718329999999995,33.65882599999993,0.0
20,0,-0.9596759999999982,0.6233529999999945,41.78050299999997,0.0
20,1,-0.9591969999999996,0.6238319999999931,41.770922999999996,0.0
20,2,-0.9588430000000017,0.6598289999999984,41.727846000000035,0.0
20,3,-0.9585420000000013,0.6935210000000005,41.654442000000024,0.0
20,4,-0.9578309999999988,0.7289960000000022,41.533796999999964,0.0
20,5,-0.9568499999999993,0.7644699999999993,41.37228099999999,0.0
20,6,-0.9550920000000005,0.7847739999999988,41.23560100000002,0.0
20,7,-0.9504940000000026,0.8239599999999996,40.908525000000054,0.0
20,8,-0.9390680000000025,0.8609329999999993,40.42119400000006,0.0
20,9,-0.9126489999999983,0.922264000000002,39.40216599999995,0.0
20,10,-0.8558520000000023,0.9961239999999982,37.601486000000065,0.0
20,11,-0.7419370000000036,1.1402080000000012,33.882346000000055,0.0
21,0,-0.9468959999999988,0.6238319999999931,41.52490299999998,0.0
21,1,-0.9462830000000011,0.6244449999999944,41.512030000000024,0.0
21,2,-0.945409999999999,0.6607020000000006,41.45743999999998,0.0
21,3,-0.9450970000000005,0.693833999999999,41.38460300000001,0.0
21,4,-0.9435990000000025,0.7304940000000002,41.24316500000005,0.0
21,5,-0.9417229999999996,0.7663460000000022,41.060360999999986,0.0
21,6,-0.9369540000000001,0.7895429999999983,40.84422700000001,0.0
21,7,-0.9257360000000006,0.8351779999999991,40.33483900000002,0.0
21,8,-0.9003219999999992,0.8863470000000007,39.44296199999998,0.0
21,9,-0.8443089999999991,0.9782770000000021,37.53124899999996,0.0
21,10,-0.7327379999999977,1.1076949999999997,34.02349599999995,0.0
22,0,-0.9304730000000028,0.6244450000000015,41.180020000000056,0.0
22,1,-0.9297369999999994,0.6251810000000049,41.16382799999998,0.0
22,2,-0.9283259999999984,0.6621130000000015,41.09585399999996,0.0
22,3,-0.9275529999999996,0.6946069999999978,41.013859999999994,0.0
22,4,-0.9249100000000006,0.7331369999999993,40.84012400000002,0.0
22,5,-0.9204620000000006,0.7707940000000022,40.59164,0.0
22,6,-0.9089399999999976,0.8010650000000012,40.186800999999946,0.0
22,7,-0.8835659999999983,0.8605519999999984,39.27165099999998,0.0
22,8,-0.829305999999999,0.940607,37.51754599999998,0.0
22,9,-0.7192020000000028,1.0883809999999983,33.91306600000007,0.0
23,0,-0.9096319999999984,0.6251810000000049,40.72151799999996,0.0
23,1,-0.9088120000000011,0.6260009999999951,40.70265800000003,0.0
23,2,-0.9067040000000013,0.6642210000000013,40.61595400000003,0.0
23,3,-0.9047869999999989,0.6965240000000001,40.507256999999974,0.0
23,4,-0.8996659999999999,0.7382579999999983,40.264272000000005,0.0
23,5,-0.8888339999999992,0.7816260000000028,39.841663999999966,0.0
23,6,-0.863588,0.8263110000000005,39.037581,0.0
23,7,-0.8101139999999987,0.9140259999999998,37.281388999999976,0.0
23,8,-0.7026329999999987,1.048088,33.87089199999997,0.0
24,0,-0.8837639999999993,0.6260010000000023,40.126553999999985,0.0
24,1,-0.8822699999999983,0.6274949999999961,40.09069799999996,0.0
24,2,-0.8788449999999983,0.6676460000000013,39.96834699999996,0.0
24,3,-0.8744429999999994,0.700925999999999,39.79613899999999,0.0
24,4,-0.8634949999999968,0.7492060000000009,39.38854699999992,0.0
24,5,-0.8395520000000012,0.8055689999999984,38.58846300000003,0.0
24,6,-0.7872560000000028,0.8786069999999988,36.968169000000074,0.0
24,7,-0.6821970000000022,1.048088,33.40086400000005,0.0
25,0,-0.8519159999999992,0.6274949999999961,39.36220199999998,0.0
25,1,-0.8489989999999992,0.6304119999999926,39.289276999999984,0.0
25,2,-0.8430290000000014,0.6736159999999991,39.096823000000036,0.0
25,3,-0.8329850000000008,0.7109699999999997,38.77101500000002,0.0
25,4,-0.8094990000000024,0.7726919999999993,37.99869900000006,0.0
25,5,-0.7596549999999986,0.8554130000000022,36.421714999999956,0.0
25,6,-0.6579149999999991,1.0190850000000005,33.021116999999975,0.0
26,0,-0.8129480000000022,0.6304119999999998,38.38800200000006,0.0
26,1,-0.8071750000000009,0.6736159999999991,38.20047300000003,0.0
26,2,-0.7958660000000002,0.6849249999999998,37.89513000000001,0.0
26,3,-0.7736739999999998,0.7726919999999993,37.103074,0.0
26,4,-0.7250999999999976,0.8212660000000014,35.69442799999993,0.0
26,5,-0.6277100000000004,0.9528029999999994,32.63614000000001,0.0
27,0,-0.7653229999999986,0.6361849999999976,37.149751999999964,0.0
27,1,-0.7540680000000002,0.647439999999996,36.845867000000005,0.0
27,2,-0.7316339999999997,0.7331620000000001,36.12862399999999,0.0
27,3,-0.6853090000000002,0.8212660000000014,34.659862,0.0
27,4,-0.5908580000000008,0.9157170000000008,31.82633200000002,0.0
28,0,-0.7063990000000011,0.647439999999996,35.55880400000003,0.0
28,1,-0.6841550000000005,0.7073590000000003,34.898297000000014,0.0
28,2,-0.6395109999999988,0.752003000000002,33.60362099999996,0.0
28,3,-0.5494529999999997,0.9157170000000008,30.70839699999999,0.0
29,0,-0.631494,0.6696839999999966,33.461464,0.0
29,1,-0.5879259999999995,0.752003000000002,32.15924099999998,0.0
29,2,-0.5023520000000019,0.8375769999999996,29.592021000000056,0.0
30,0,-0.5321939999999987,0.7132519999999971,30.581763999999964,0.0
30,1,-0.4497979999999995,0.8375769999999996,28.067954999999987,0.0
31,0,-0.3941600000000012,0.7956479999999999,26.440744000000038,0.0
