0,0,-0.9967922499999999,0.02448700000000059,10.858742,0.0
0,1,-0.9967922499999999,0.02448700000000059,10.858742,0.0
0,2,-0.9967835,0.039685999999999666,10.843543,0.0
0,3,-0.99678125,0.062286000000000286,10.798343,0.0
0,4,-0.9968032499999999,0.09458599999999961,10.701443000000001,0.0
0,5,-0.9968595,0.13885800000000081,10.524354999999996,0.0
0,6,-0.9969707499999998,0.19688899999999876,10.234200000000007,0.0
0,7,-0.9971622499999999,0.2694340000000004,9.798929999999997,0.0
0,8,-0.9974625000000001,0.35560300000000034,9.195746999999997,0.0
0,9,-0.9978994999999999,0.45250000000000057,8.420570999999995,0.0
0,10,-0.9984942499999998,0.5551379999999995,7.496829000000005,0.0
0,11,-0.9992597500000002,0.6570140000000002,6.478068999999998,0.0
0,12,-1.0001935,0.7511150000000004,5.4429579999999955,0.0
0,13,-1.0012794999999999,0.831427999999999,4.479202000000013,0.0
0,14,-1.00249225,0.8940830000000002,3.664686999999997,0.0
0,15,-1.0038002499999998,0.938205,3.0469790000000003,0.0
0,16,-1.00517425,0.9658949999999997,2.6316290000000038,0.0
0,17,-1.00659025,0.9819449999999996,2.3748290000000054,0.0
0,18,-1.00803375,0.9945810000000002,2.1600169999999963,0.0
0,19,-1.0094915000000002,1.0210000000000008,1.6844749999999848,0.0
0,20,-1.0100663333333333,1.1098369999999989,-0.0034279999999782262,0.0
0,21,-1.0100663333333333,1.428135000000001,-6.369388000000022,0.0
0,22,-1.0026210000000013,2.4858590000000014,-28.58159200000003,0.0
0,23,-0.9738109999999978,5.892693999999999,-103.53196199999996,0.0
1,0,-0.9967922499999999,0.02448700000000059,10.858742,0.04484125000000061
1,1,-0.9967835,0.024522000000001043,10.858706999999999,0.04479849999999885
1,2,-0.9967779999999999,0.062273000000000245,10.798369,0.04473700000000047
1,3,-0.99678125,0.062286000000000286,10.798343,0.044652250000000615
1,4,-0.9968032499999999,0.09458599999999961,10.701443000000001,0.04453825000000111
1,5,-0.9968595,0.19644399999999962,10.236425000000002,0.044397499999999424
1,6,-0.9969707499999998,0.19688899999999876,10.234200000000007,0.04422675000000065
1,7,-0.9971622499999999,0.2694340000000004,9.798929999999997,0.044033250000001134
1,8,-0.9974625000000001,0.35560300000000034,9.195746999999997,0.04382549999999963
1,9,-0.9978994999999999,0.45250000000000057,8.420570999999995,0.043614499999999445
1,10,-0.9984942499999998,0.5551379999999995,7.496829000000005,0.04341525000000024
1,11,-0.9992597500000002,0.6570140000000002,6.478068999999998,0.04323875000000044
1,12,-1.0001935,0.7511150000000004,5.4429579999999955,0.0430944999999987
1,13,-1.0012794999999999,0.831427999999999,4.479202000000013,0.04298850000000076
1,14,-1.00249225,0.8940830000000002,3.664686999999997,0.04291624999999977
1,15,-1.0038002499999998,0.938205,3.0469790000000003,0.04287625000000128
1,16,-1.00517425,0.9658949999999997,2.6316290000000038,0.04286325000000035
1,17,-1.00659025,0.9819449999999996,2.3748290000000054,0.04287025000000133
1,18,-1.00803375,0.9945810000000002,2.1600169999999963,0.0428827500000013
1,19,-1.0094915000000002,1.0210000000000008,1.6844749999999848,0.042877500000000346
1,20,-1.0100663333333333,1.1098369999999989,-0.0034279999999782262,0.04185433333333566
1,21,-1.0026210000000002,1.4504710000000007,-6.838444000000015,0.03236400000000006
1,22,-0.9738109999999978,2.5434789999999983,-29.84923199999997,0.0
2,0,-0.9967922499999999,0.02448700000000059,10.858742,0.024622500000000436
2,1,-0.9967835,0.024522000000001043,10.858706999999999,0.024543000000001314
2,2,-0.9967779999999999,0.03970800000000008,10.843499,0.02442600000000006
2,3,-0.99678125,0.062286000000000286,10.798343,0.024265500000000717
2,4,-0.9968032499999999,0.13863300000000045,10.525254999999998,0.024054499999999646
2,5,-0.9968595,0.13885800000000081,10.524354999999996,0.023789000000000282
2,6,-0.9969707499999998,0.19688899999999876,10.234200000000007,0.023470499999999728
2,7,-0.9971622499999999,0.2694340000000004,9.798929999999997,0.023108499999999754
2,8,-0.9974625000000001,0.35560300000000034,9.195746999999997,0.022719000000000378
2,9,-0.9978994999999999,0.45250000000000057,8.420570999999995,0.022324999999998596
2,10,-0.9984942499999998,0.5551379999999995,7.496829000000005,0.021951499999999236
2,11,-0.9992597500000002,0.6570140000000002,6.478068999999998,0.021621500000000182
2,12,-1.0001935,0.7511150000000004,5.4429579999999955,0.02135299999999951
2,13,-1.0012794999999999,0.831427999999999,4.479202000000013,0.021154000000001005
2,14,-1.00249225,0.9329730000000005,3.1202269999999928,0.021021500000000692
2,15,-1.0038002499999998,0.938205,3.0469790000000003,0.02094749999999923
2,16,-1.00517425,0.9658949999999997,2.6316290000000038,0.020922500000001953
2,17,-1.00659025,0.9819449999999996,2.3748290000000054,0.020933500000000826
2,18,-1.00803375,0.9945810000000002,2.1600169999999963,0.02096049999999927
2,19,-1.0094915000000002,1.0210000000000008,1.6844749999999848,0.020946000000000353
2,20,-1.0100663333333333,1.1098369999999989,-0.0034279999999782262,0.018921666666668724
2,21,-1.0026210000000002,1.4504710000000007,-6.838444000000015,0.0
3,0,-0.9967922499999999,0.02448700000000059,10.858742,0.007037750000000731
3,1,-0.9967835,0.024522000000001043,10.858706999999999,0.0069464999999997445
3,2,-0.9967779999999999,0.03970800000000008,10.843499,0.006815999999999711
3,3,-0.99678125,0.062286000000000286,10.798343,0.006635750000000051
3,4,-0.9968032499999999,0.09458599999999961,10.701443000000001,0.006400749999999178
3,5,-0.9968595,0.13885800000000081,10.524354999999996,0.0061035000000000394
3,6,-0.9969707499999998,0.19688899999999876,10.234200000000007,0.005748249999999899
3,7,-0.9971622499999999,0.2694340000000004,9.798929999999997,0.005345750000000038
3,8,-0.9974625000000001,0.35560300000000034,9.195746999999997,0.004913499999999793
3,9,-0.9978994999999999,0.45250000000000057,8.420570999999995,0.004475499999998966
3,10,-0.9984942499999998,0.5551379999999995,7.496829000000005,0.004060749999999391
3,11,-0.9992597500000002,0.6570140000000002,6.478068999999998,0.0036962500000008447
3,12,-1.0001935,0.7511150000000004,5.4429579999999955,0.0033994999999986675
3,13,-1.0012794999999999,0.831427999999999,4.479202000000013,0.0031805000000000305
3,14,-1.00249225,0.8940830000000002,3.664686999999997,0.003034750000000752
3,15,-1.0038002499999998,0.938205,3.0469790000000003,0.0029537499999992
3,16,-1.00517425,0.9658949999999997,2.6316290000000038,0.002926749999999867
3,17,-1.00659025,0.9819449999999996,2.3748290000000054,0.0029417500000019636
3,18,-1.00803375,0.9945810000000002,2.1600169999999963,0.002972250000001786
3,19,-1.0094915000000002,1.0210000000000008,1.6844749999999848,0.002950499999999856
3,20,-1.009491500000001,1.108112499999999,0.02933750000002089,0.0
4,0,-0.9967922499999999,0.02448700000000059,10.858742,0.0
4,1,-0.9967835,0.024522000000001043,10.858706999999999,0.0
4,2,-0.9967779999999999,0.03970800000000008,10.843499,0.0
4,3,-0.9967779999999999,0.062273000000000245,10.798369,0.0
4,4,-0.99678125,0.09449799999999975,10.701707,0.0
4,5,-0.9968032499999999,0.13863300000000045,10.525254999999998,0.0
4,6,-0.9968595,0.19644399999999962,10.236425000000002,0.0
4,7,-0.9969707499999998,0.2686679999999999,9.803526,0.0
4,8,-0.9971622499999997,0.35440199999999944,9.204154000000003,0.0
4,9,-0.9974625000000001,0.4507520000000014,8.434554999999989,0.0
4,10,-0.9978994999999999,0.552759,7.5182400000000005,0.0
4,11,-0.9984942499999998,0.6539519999999985,6.508689000000015,0.0
4,12,-0.9992597500000002,0.7473800000000015,5.484042999999984,0.0
4,13,-1.0001935,0.8270839999999993,4.531330000000009,0.0
4,14,-1.0012794999999999,0.8892319999999998,3.727750000000002,0.0
4,15,-1.00249225,0.9329730000000005,3.1202269999999928,0.0
4,16,-1.0038002499999998,0.9603989999999989,2.7140690000000163,0.0
4,17,-1.00517425,0.9762810000000002,2.4654529999999966,0.0
4,18,-1.0065902499999995,0.9888069999999995,2.258175000000005,0.0
4,19,-1.00803375,1.0151690000000002,1.7894329999999954,0.0
5,0,-0.9853959999999997,0.024521999999999267,10.813156999999999,0.0
5,1,-0.9850159999999999,0.02490199999999909,10.811257,0.0
5,2,-0.984483,0.04024099999999997,10.793253,0.0
5,3,-0.9837670000000003,0.06298899999999996,10.744177,0.0
5,4,-0.9828510000000001,0.09541399999999989,10.642322,0.0
5,5,-0.9817360000000006,0.13974799999999998,10.459411000000003,0.0
5,6,-0.9804550000000001,0.19772500000000015,10.163121,0.0
5,7,-0.9790760000000001,0.2700469999999999,9.722294000000002,0.0
5,8,-0.9777009999999997,0.3557769999999998,9.115309,0.0
5,9,-0.9764560000000007,0.4519970000000004,8.339324,0.0
5,10,-0.9754730000000009,0.5537419999999997,7.418704000000007,0.0
5,11,-0.9748549999999998,0.6545699999999997,6.407334000000002,0.0
5,12,-0.974673000000001,0.7475620000000003,5.383512000000001,0.0
5,13,-0.974673000000001,0.8268179999999994,4.432440000000012,0.0
5,14,-0.9749390000000009,0.8885550000000002,3.631189000000001,0.0
5,15,-0.976636000000001,0.9329730000000005,3.016801999999995,0.0
5,16,-0.9779199999999992,0.9603989999999989,2.6105480000000156,0.0
5,17,-0.9793859999999999,0.9762810000000002,2.362299999999996,0.0
5,18,-0.9793859999999999,0.9872720000000008,2.175452999999985,0.0
6,0,-0.9541279999999999,0.02490199999999909,10.656817,0.0
6,1,-0.9531179999999999,0.02591200000000171,10.650756999999999,0.0
6,2,-0.9517009999999999,0.04165799999999997,10.626508999999999,0.0
6,3,-0.9497989999999996,0.06489100000000025,10.568630999999996,0.0
6,4,-0.9473519999999995,0.09786099999999998,10.455038999999998,0.0
6,5,-0.9443539999999997,0.14274599999999982,10.257511,0.0
6,6,-0.9408640000000004,0.20121499999999948,9.944226000000004,0.0
6,7,-0.9370250000000002,0.2738860000000001,9.485166,0.0
6,8,-0.9330599999999993,0.3597420000000007,8.860383999999991,0.0
6,9,-0.9292449999999999,0.4558119999999999,8.068934,0.0
6,10,-0.9258709999999999,0.5571159999999997,7.136954000000002,0.0
6,11,-0.9231899999999991,0.6572510000000005,6.11951799999999,0.0
6,12,-0.9213620000000002,0.7493899999999991,5.095021000000012,0.0
6,13,-0.9204329999999992,0.8277470000000005,4.149162999999989,0.0
6,14,-0.9203489999999999,0.8886389999999995,3.3570630000000055,0.0
6,15,-0.9203489999999999,0.9313250000000011,2.7594589999999837,0.0
6,16,-0.9209769999999988,0.9579339999999998,2.364091999999996,0.0
6,17,-0.9221579999999996,0.9732679999999991,2.1258340000000118,0.0
7,0,-0.903378,0.02591200000000171,10.352317,0.0
7,1,-0.9011560000000003,0.028134000000001436,10.336763000000001,0.0
7,2,-0.898072,0.04474200000000028,10.298566999999998,0.0
7,3,-0.8939560000000002,0.06900700000000004,10.221225,0.0
7,4,-0.8887030000000005,0.1031139999999997,10.082133000000004,0.0
7,5,-0.882295,0.14915400000000023,9.853117,0.0
7,6,-0.8748639999999996,0.2086459999999999,9.503639999999997,0.0
7,7,-0.8666919999999996,0.28205800000000014,9.005963999999995,0.0
7,8,-0.8582200000000002,0.36821400000000004,8.343568000000001,0.0
7,9,-0.8499920000000003,0.4640399999999998,7.519364000000004,0.0
7,10,-0.8425659999999997,0.5645420000000003,6.562863999999995,0.0
7,11,-0.8364240000000001,0.6633930000000001,5.531359999999999,0.0
7,12,-0.8318709999999996,0.7539429999999996,4.503439000000002,0.0
7,13,-0.8290000000000006,0.8306179999999994,3.5632420000000113,0.0
7,14,-0.8277000000000001,0.889939,2.7829689999999996,0.0
7,15,-0.8277000000000001,0.9312970000000007,2.20395699999999,0.0
7,16,-0.8277280000000005,0.9568989999999999,1.8201230000000042,0.0
8,0,-0.8282920000000003,0.02813399999999966,9.826715000000002,0.0
8,1,-0.8240299999999996,0.04474200000000028,9.780272999999998,0.0
8,2,-0.818181,0.05059099999999983,9.727632000000002,0.0
8,3,-0.8104740000000001,0.07671399999999995,9.61373,0.0
8,4,-0.8007419999999996,0.11284600000000022,9.427477999999997,0.0
8,5,-0.7890000000000001,0.1608959999999997,9.141342000000003,0.0
8,6,-0.775503,0.22214299999999998,8.727131,0.0
8,7,-0.7607819999999998,0.29677900000000035,8.161546999999997,0.0
8,8,-0.7456120000000004,0.3833839999999995,7.433952000000007,0.0
8,9,-0.730925,0.4787270000000001,6.553711999999999,0.0
8,10,-0.7176650000000002,0.5778020000000001,5.555957,0.0
8,11,-0.7066150000000002,0.6744430000000001,4.5011470000000005,0.0
8,12,-0.6982619999999997,0.7622960000000001,3.467939999999997,0.0
8,13,-0.692734999999999,0.8361450000000001,2.5375359999999905,0.0
8,14,-0.689824999999999,0.892849,1.7771039999999925,0.0
8,15,-0.6890920000000005,0.9320299999999992,1.2227060000000147,0.0
9,0,-0.7283930000000001,0.03239600000000031,9.027523,0.0
9,1,-0.721025,0.03976399999999991,8.961211,0.0
9,2,-0.7110750000000001,0.07671399999999995,8.818538,0.0
9,3,-0.6981639999999998,0.08962500000000029,8.676516999999997,0.0
9,4,-0.6820980000000003,0.1289119999999997,8.414062000000005,0.0
9,5,-0.6629830000000001,0.18001099999999992,8.037631000000001,0.0
9,6,-0.6412969999999998,0.2438290000000003,7.523366999999996,0.0
9,7,-0.617928,0.3201480000000001,6.855131999999999,0.0
9,8,-0.5941059999999996,0.40720599999999996,6.031327999999997,0.0
9,9,-0.571256,0.5015769999999997,5.070710000000003,0.0
9,10,-0.5507739999999997,0.5982840000000005,4.016008999999992,0.0
9,11,-0.5337800000000001,0.6914369999999996,2.9315330000000053,0.0
9,12,-0.5209380000000001,0.7751380000000001,1.895244,0.0
9,13,-0.512359,0.8447240000000003,0.983000999999998,0.0
9,14,-0.507670000000001,0.8975379999999991,0.25421800000002115,0.0
10,0,-0.6081439999999998,0.03976399999999991,7.945281999999998,0.0
10,1,-0.5964430000000001,0.051465000000000316,7.828272,0.0
10,2,-0.5809389999999999,0.08962500000000029,7.621491999999998,0.0
10,3,-0.5611860000000002,0.10937799999999998,7.384456000000002,0.0
10,4,-0.5370429999999997,0.15305500000000016,7.011994999999997,0.0
10,5,-0.5088029999999999,0.20825099999999974,6.508811,0.0
10,6,-0.4772859999999999,0.2753460000000003,5.858165999999997,0.0
10,7,-0.44383700000000026,0.3535969999999997,5.0541700000000045,0.0
10,8,-0.4102260000000002,0.440817,4.107520000000002,0.0
10,9,-0.378406,0.5333969999999999,3.048680000000001,0.0
10,10,-0.3502200000000002,0.6264700000000003,1.929162999999999,0.0
10,11,-0.32708400000000015,0.7145729999999997,0.8167730000000049,0.0
10,12,-0.3097570000000003,0.792465,-0.21330899999999708,0.0
10,13,-0.29826200000000025,0.8562190000000003,-1.0933070000000003,0.0
11,0,-0.47563,0.05146499999999943,6.620142,0.0
11,1,-0.4582980000000001,0.068797,6.429490000000001,0.0
11,2,-0.4358329999999999,0.0985100000000001,6.152661999999999,0.0
11,3,-0.4078219999999999,0.13738899999999998,5.766782999999999,0.0
11,4,-0.3742930000000002,0.20825099999999974,5.163711000000004,0.0
11,5,-0.3358559999999997,0.2753460000000003,4.4438659999999945,0.0
11,6,-0.29377900000000023,0.3174229999999998,3.770634000000004,0.0
11,7,-0.2499389999999999,0.39743700000000004,2.8083099999999988,0.0
11,8,-0.20664300000000013,0.4841129999999998,1.725322000000003,0.0
11,9,-0.16632299999999978,0.5737170000000003,0.5649699999999953,0.0
11,10,-0.13116100000000053,0.6616319999999996,-0.6130469999999901,0.0
11,11,-0.10273500000000002,0.7429990000000002,-1.7394030000000011,0.0
11,12,-0.08176999999999968,0.8134300000000003,-2.7447590000000073,0.0
12,0,-0.34001900000000007,0.068797,5.128421000000001,0.0
12,1,-0.285212,0.12911099999999998,4.434629,0.0
12,2,-0.24797500000000006,0.17462599999999995,3.8967550000000006,0.0
12,3,-0.24797500000000006,0.17462599999999995,3.8967550000000006,0.0
12,4,-0.20445499999999983,0.24668800000000024,3.1417449999999967,0.0
12,5,-0.1557040000000003,0.3174229999999998,2.251809000000004,0.0
12,6,-0.10351299999999997,0.39743700000000004,1.1976239999999994,0.0
12,7,-0.05028100000000002,0.450669,0.23944800000000033,0.0
12,8,0.0012250000000002537,0.5356190000000001,-0.9732740000000035,0.0
12,9,0.048258000000000134,0.6207500000000001,-2.2187180000000026,0.0
12,10,0.08849200000000046,0.7018659999999999,-3.4315700000000042,0.0
12,11,0.1204010000000002,0.8134300000000003,-4.968640000000006,0.0
13,0,-0.20906899999999995,0.09300299999999995,3.5570209999999993,0.0
13,1,-0.1769400000000001,0.1251319999999998,3.1393440000000012,0.0
13,2,-0.137424,0.17462599999999995,2.570143,0.0
13,3,-0.09063100000000013,0.2301040000000001,1.842193000000001,0.0
13,4,-0.037377000000000216,0.283358,0.9901290000000027,0.0
13,5,0.020746000000000153,0.3696140000000001,-0.1265460000000025,0.0
13,6,0.08142300000000002,0.430291,-1.2187320000000001,0.0
13,7,0.14182300000000003,0.511069,-2.4886000000000004,0.0
13,8,0.19890399999999975,0.5926999999999998,-3.802069999999995,0.0
13,9,0.24984200000000012,0.6716880000000005,-5.096168000000006,0.0
13,10,0.29243600000000036,0.7444600000000001,-6.3048380000000055,0.0
14,0,-0.08753,0.12513200000000024,1.977014,0.0
14,1,-0.046772999999999954,0.16862700000000008,1.4036779999999993,0.0
14,2,0.0018819999999999393,0.21728199999999998,0.6738530000000009,0.0
14,3,0.05781700000000001,0.283358,-0.2473930000000002,0.0
14,4,0.11963900000000005,0.34518000000000004,-1.298367000000001,0.0
14,5,0.18520899999999996,0.430291,-2.5679499999999993,0.0
14,6,0.2517710000000002,0.4968530000000002,-3.8326280000000037,0.0
14,7,0.3162370000000001,0.5755349999999999,-5.207244,0.0
14,8,0.37555000000000005,0.6520129999999997,-6.572971999999998,0.0
14,9,0.42709999999999937,0.7232379999999998,-7.86447199999999,0.0
15,0,0.023136000000000045,0.16588900000000006,0.42768999999999935,0.0
15,1,0.07273399999999997,0.21728199999999998,-0.31807499999999933,0.0
15,2,0.130085,0.274633,-1.235691,0.0
15,3,0.19395800000000007,0.34122699999999995,-2.3269740000000008,0.0
15,4,0.2623659999999999,0.41358799999999984,-3.5701769999999975,0.0
15,5,0.3326929999999999,0.4968530000000002,-4.965536,0.0
15,6,0.4019189999999999,0.5755349999999999,-6.4067919999999985,0.0
15,7,0.4669589999999997,0.6405749999999997,-7.772631999999993,0.0
15,8,0.5250249999999999,0.7100789999999999,-9.130149999999997,0.0
16,0,0.12401799999999996,0.2154870000000001,-1.0855399999999995,0.0
16,1,0.182041,0.274633,-2.015031,0.0
16,2,0.24692800000000004,0.33952000000000004,-3.1181100000000006,0.0
16,3,0.316805,0.41358799999999984,-4.386761999999999,0.0
16,4,0.38917500000000027,0.4859580000000001,-5.761792000000005,0.0
16,5,0.46112300000000017,0.5660790000000002,-7.238116000000003,0.0
16,6,0.5296119999999997,0.6345679999999998,-8.676384999999994,0.0
16,7,0.5918450000000006,0.7100789999999999,-10.13245000000001,0.0
17,0,0.2174919999999999,0.27351000000000036,-2.5811239999999986,0.0
17,1,0.2828299999999999,0.33884800000000004,-3.6918699999999984,0.0
17,2,0.35338999999999987,0.4111039999999999,-4.964669999999998,0.0
17,3,0.42675600000000014,0.4859580000000001,-6.363088000000003,0.0
17,4,0.5000869999999997,0.5592889999999997,-7.829707999999995,0.0
17,5,0.5704289999999999,0.6317490000000001,-9.315361999999997,0.0
17,6,0.6350180000000001,0.699157,-10.750415,0.0
18,0,0.30601100000000003,0.3388479999999996,-4.085947,0.0
18,1,0.37685900000000006,0.41008,-5.361595,0.0
18,2,0.450658,0.48387899999999995,-6.763776,0.0
18,3,0.5246269999999997,0.5592889999999997,-8.246887999999995,0.0
18,4,0.5958590000000004,0.6305210000000003,-9.742760000000008,0.0
18,5,0.6616430000000002,0.699157,-11.203040000000003,0.0
19,0,0.391246,0.4096960000000003,-5.620177,0.0
19,1,0.46521800000000013,0.48387899999999995,-7.025856000000003,0.0
19,2,0.5394510000000001,0.5584389999999999,-8.511170000000003,0.0
19,3,0.6110690000000001,0.6305210000000003,-10.016540000000003,0.0
19,4,0.6773920000000002,0.697533,-11.478402000000003,0.0
20,0,0.47371700000000017,0.48366799999999976,-7.187126000000003,0.0
20,1,0.5480489999999998,0.5579999999999998,-8.673765999999995,0.0
20,2,0.619818,0.6300569999999999,-10.181379,0.0
20,3,0.686369,0.6968440000000005,-11.646209,0.0
21,0,0.5528409999999999,0.5580000000000016,-8.769606,0.0
21,1,0.6246650000000002,0.6298810000000001,-10.277967000000004,0.0
21,2,0.6912990000000003,0.6965150000000002,-11.743915000000008,0.0
22,0,0.6272500000000001,0.629824000000001,-10.332195000000002,0.0
22,1,0.6939100000000002,0.6965150000000002,-11.798746000000003,0.0
23,0,0.6952479999999999,0.6964840000000017,-11.828150999999998,0.0
