0,0,-0.5649850000000001,0.0,1.232884,0.0
0,1,-0.5649850000000001,0.0,1.232884,0.0
0,2,-0.5649850000000001,0.0,1.232884,0.0
0,3,-0.5649850000000001,0.0,1.232884,0.0
0,4,-0.5649850000000001,0.0,1.232884,0.0
0,5,-0.5649850000000001,0.0,1.232884,0.0
0,6,-0.5649850000000001,0.0,1.232884,0.0
0,7,-0.5649850000000001,0.0,1.232884,0.0
0,8,-0.5649850000000001,0.0,1.232884,0.0
0,9,-0.5649853,9.999999999177333e-08,1.232884,0.0
0,10,-0.5649850000000001,0.0,1.232884,0.0
0,11,-0.564983,2.9999999999752447e-06,1.2328550000000003,0.0
0,12,-0.56498,5.999999999950489e-06,1.2328220000000005,0.0
0,13,-0.5649719999999999,1.8999999999991246e-05,1.232666,0.0
0,14,-0.564951,5.0000000000105516e-05,1.2322629999999986,0.0
0,15,-0.5649000000000001,0.00012799999999990597,1.2311710000000013,0.0
0,16,-0.5647779999999999,0.00031500000000006523,1.228365999999999,0.0
0,17,-0.564501,0.0007470000000000532,1.2214539999999992,0.0
0,18,-0.563898,0.0017000000000000348,1.2052529999999995,0.0
0,19,-0.5626420000000001,0.0037119999999999376,1.1690370000000012,0.0
0,20,-0.560146,0.007767000000000079,1.0919919999999985,0.0
0,21,-0.5554190000000001,0.015560999999999936,0.9361120000000014,0.0
0,22,-0.5469,0.029822000000000015,0.6366309999999997,0.0
0,23,-0.5323460000000001,0.054597999999999924,0.09155900000000172,0.0
0,24,-0.5088560000000002,0.09537600000000013,-0.846335000000003,0.0
0,25,-0.47323800000000027,0.15881699999999999,-2.3689189999999996,0.0
0,26,-0.42283000000000026,0.25220699999999985,-4.703668999999996,0.0
0,27,-0.35670699999999833,0.3834550000000001,-8.116117000000003,0.0
0,28,-0.27684,0.563504,-12.97744,0.0
0,29,-0.18863699999999994,0.8131710000000001,-19.968116000000002,0.0
0,30,-0.10088900000000578,1.1769739999999995,-30.51840299999998,0.0
0,31,-0.02501099999999923,1.755535,-47.875233,0.0
0,32,0.030456999999998402,2.8288640000000003,-81.14843200000001,0.0
0,33,0.10013599999999201,5.624784,-170.617872,0.0
1,0,-0.564984,-1.0000000000287557e-06,1.232884,0.0
1,1,-0.5649850000000001,0.0,1.232884,0.0
1,2,-0.5649850000000001,0.0,1.232884,0.0
1,3,-0.5649850000000001,0.0,1.232884,0.0
1,4,-0.5649838571428573,1.428571428612508e-07,1.2328827142857144,5.714285714608636e-07
1,5,-0.564983,2.500000000071889e-07,1.23288175,0.0
1,6,-0.5649834000000001,2.0000000000575113e-07,1.2328822000000002,0.0
1,7,-0.5649836666666668,1.6666666667145927e-07,1.2328825,0.0
1,8,-0.5649838571428573,1.428571428612508e-07,1.2328827142857144,0.0
1,9,-0.5649830000000002,2.4999999999331113e-07,1.2328817500000002,0.0
1,10,-0.5649830000000001,9.999999999732445e-07,1.2328750000000004,0.0
1,11,-0.56498,5.999999999950489e-06,1.2328220000000005,0.0
1,12,-0.5649719999999999,1.4000000000069512e-05,1.232725999999999,0.0
1,13,-0.5649510000000001,3.999999999992898e-05,1.232393000000001,0.0
1,14,-0.5649000000000001,0.00010100000000001774,1.2315489999999998,0.0
1,15,-0.5647779999999999,0.0002500000000000835,1.2293409999999987,0.0
1,16,-0.564501,0.0005919999999999259,1.2239340000000012,0.0
1,17,-0.5638980000000001,0.0013500000000000734,1.211202999999999,0.0
1,18,-0.5626420000000001,0.0029559999999999587,1.1826450000000008,0.0
1,19,-0.560146,0.006207999999999991,1.1216130000000002,0.0
1,20,-0.5554190000000001,0.012494000000000005,0.997452,0.0
1,21,-0.5469,0.02407999999999999,0.7572130000000002,0.0
1,22,-0.5323460000000001,0.04437599999999997,0.3164430000000007,0.0
1,23,-0.508856,0.07808800000000005,-0.44871100000000097,0.0
1,24,-0.47323800000000027,0.13099399999999994,-1.7011669999999985,0.0
1,25,-0.4228299999999998,0.2092250000000001,-3.6291190000000024,0.0
1,26,-0.3567070000000001,0.31833,-6.422866999999999,0.0
1,27,0.0730059999999999,0.463322,-10.622371999999999,0.0
1,28,0.20277000000000012,0.651707,-15.838531,0.0
1,29,0.3364259999999999,0.900919,-22.950123,0.0
1,30,0.4593469999999997,1.2528520000000003,-33.27910100000001,0.0
1,31,0.557264,1.8110029999999995,-50.12154799999999,0.0
1,32,0.6073079999999997,2.898543000000001,-83.88533200000003,0.0
2,0,-0.31983300000000003,-1.0000000000287557e-06,0.9877330000000001,0.0
2,1,-0.3198327142857143,1.428571428612508e-07,0.9877312857142857,0.0
2,2,-0.3198327142857143,1.428571428612508e-07,0.9877312857142857,8.571428571357842e-07
2,3,-0.3198327142857143,1.428571428612508e-07,0.9877312857142857,7.14285714353835e-07
2,4,-0.3198327142857143,1.428571428612508e-07,0.9877312857142857,5.714285714608636e-07
2,5,-0.3198324,2.0000000000575113e-07,0.9877308,0.0
2,6,-0.3198326,2.0000000000575113e-07,0.987731,0.0
2,7,-0.31983280000000003,2.0000000000575113e-07,0.9877312,0.0
2,8,-0.31983300000000003,2.0000000000575113e-07,0.9877314,0.0
2,9,-0.319831,2.000000000002e-06,0.987713,0.0
2,10,-0.319827,6.0000000000060005e-06,0.9876689999999999,0.0
2,11,-0.31981899999999996,1.399999999995849e-05,0.9875730000000004,0.0
2,12,-0.319795,3.8000000000038e-05,0.9872609999999995,0.0
2,13,-0.31973599999999996,9.899999999996023e-05,0.9864110000000004,0.0
2,14,-0.31959499999999996,0.00024200000000001998,0.9842699999999996,0.0
2,15,-0.31927200000000006,0.0005729999999999902,0.9789900000000002,0.0
2,16,-0.31855999999999995,0.0013040000000000274,0.9666009999999995,0.0
2,17,-0.31705900000000004,0.0028509999999999924,0.9388470000000002,0.0
2,18,-0.314038,0.00597700000000001,0.8796629999999999,0.0
2,19,-0.308232,0.01201399999999997,0.7593850000000006,0.0
2,20,-0.297609,0.023117,0.527182,0.0
2,21,-0.279144,0.042545,0.10169199999999995,0.0
2,22,-0.24875999999999998,0.07476,-0.635591,0.0
2,23,-0.20166499999999998,0.12518300000000004,-1.8390870000000015,0.0
2,24,-0.13334199999999996,0.19931699999999997,-3.680814999999999,0.0
2,25,0.12622900000000004,0.30128599999999994,-6.647212999999999,0.0
2,26,0.24899700000000013,0.43261700000000003,-10.176024000000002,0.0
2,27,0.20277000000000012,0.5930860000000002,-14.255764000000006,0.0
2,28,0.3364259999999999,0.7853629999999998,-19.71455499999999,0.0
2,29,0.4593469999999997,1.0238399999999999,-26.637752999999993,0.0
2,30,0.7731000000000003,1.3507690000000006,-36.746200000000016,0.0
2,31,0.8224859999999996,1.8610469999999992,-52.15331199999997,0.0
3,0,-0.167689,-1.000000000139778e-06,0.6834450000000001,0.0
3,1,-0.16768899999999998,1.428571428612508e-07,0.683443857142857,0.0
3,2,-0.16768814285714284,1.428571428612508e-07,0.6834421428571428,0.0
3,3,-0.1676886,2.0000000000020002e-07,0.6834426,6.000000000172534e-07
3,4,-0.16768842857142857,1.428571428612508e-07,0.6834427142857142,0.0
3,5,-0.1676885714285714,1.428571428612508e-07,0.6834429999999999,0.0
3,6,-0.16768871428571427,1.428571428612508e-07,0.6834432857142856,0.0
3,7,-0.167687,1.000000000001e-06,0.683433,0.0
3,8,-0.167687,1.000000000001e-06,0.683433,0.0
3,9,-0.16768300000000003,5.999999999978245e-06,0.6833810000000002,0.0
3,10,-0.16767500000000002,1.4000000000014001e-05,0.6832849999999999,0.0
3,11,-0.167651,3.799999999998249e-05,0.6829730000000002,0.0
3,12,-0.16759100000000002,9.800000000001474e-05,0.6821329999999999,0.0
3,13,-0.16744799999999999,0.00024199999999999222,0.679976,0.0
3,14,-0.167119,0.0005710000000000159,0.6747119999999998,0.0
3,15,-0.16639199999999998,0.0012999999999999956,0.662325,0.0
3,16,-0.16485700000000003,0.0028389999999999804,0.6346350000000004,0.0
3,17,-0.161756,0.005952000000000013,0.5755239999999998,0.0
3,18,-0.15577700000000003,0.011955999999999994,0.4555190000000001,0.0
3,19,-0.14479499999999998,0.022996000000000016,0.2238529999999996,0.0
3,20,-0.125612,0.042299999999999977,-0.20047199999999948,0.0
3,21,-0.09387600000000001,0.07428099999999999,-0.9352999999999998,0.0
3,22,-0.04436799999999996,0.12426800000000005,-2.133551000000001,0.0
3,23,0.027986999999999984,0.197538,-3.9625559999999997,0.0
3,24,0.12622900000000004,0.297559,-6.557765000000001,0.0
3,25,0.3312989999999999,0.42405400000000004,-10.208855000000002,0.0
3,26,0.3888340000000001,0.572454,-14.091460000000001,0.0
3,27,0.6148309999999999,0.736998,-19.047595,0.0
3,28,0.7441800000000001,0.9179529999999998,-24.321426999999993,0.0
3,29,0.8472020000000002,1.1316040000000003,-30.612721000000008,0.0
3,30,0.8224859999999996,1.4001549999999998,-38.326552,0.0
4,0,-0.08877800000000001,-1.0000000000287557e-06,0.44671200000000005,0.0
4,1,-0.08877800000000004,0.0,0.4467120000000001,0.0
4,2,-0.08877700000000001,2.0000000000020002e-07,0.44670780000000004,7.999999999674934e-07
4,3,-0.08877720000000001,2.0000000000020002e-07,0.44670860000000007,5.999999999617422e-07
4,4,-0.08877633333333335,3.333333333336667e-07,0.446705,0.0
4,5,-0.08877679999999999,2.0000000000575113e-07,0.44670719999999997,0.0
4,6,-0.08877766666666667,3.333333333336667e-07,0.44670966666666667,0.0
4,7,-0.08877200000000002,4.999999999991123e-06,0.44665600000000016,0.0
4,8,-0.08877200000000002,4.999999999991123e-06,0.44665600000000016,0.0
4,9,-0.08876200000000001,1.5000000000001124e-05,0.44653600000000004,0.0
4,10,-0.088739,3.800000000001025e-05,0.4462369999999999,0.0
4,11,-0.088679,9.799999999998699e-05,0.4453970000000001,0.0
4,12,-0.088536,0.0002410000000000051,0.443252,0.0
4,13,-0.08747800000000001,0.0012989999999999946,0.4255970000000001,0.0
4,14,-0.08747800000000001,0.0012989999999999946,0.4255970000000001,0.0
4,15,-0.085939,0.002839000000000008,0.3978809999999999,0.0
4,16,-0.08282899999999999,0.005948999999999996,0.338791,0.0
4,17,-0.07683,0.011951000000000003,0.21876299999999993,0.0
4,18,-0.065802,0.02298399999999999,-0.012909999999999866,0.0
4,19,-0.04652400000000001,0.042274000000000006,-0.437242,0.0
4,20,-0.014598,0.07422599999999999,-1.1720339999999998,0.0
4,21,0.035270000000000024,0.12414900000000001,-2.3699660000000002,0.0
4,22,0.108244,0.19724200000000003,-4.196815000000001,0.0
4,23,0.20742399999999994,0.2967179999999999,-6.782006999999998,0.0
4,24,0.37343000000000004,0.421434,-10.314498999999998,0.0
4,25,0.4718039999999999,0.564559,-14.142994999999999,0.0
4,26,0.6148309999999999,0.715481,-18.488153,0.0
4,27,0.7441800000000001,0.8663470000000002,-22.928065000000004,0.0
4,28,0.8769019999999994,1.020975,-27.633908999999996,0.0
4,29,0.9133319999999996,1.1749489999999998,-32.09090099999999,0.0
5,0,-0.046769,0.0,0.278676,0.0
5,1,-0.046769,0.0,0.278676,0.0
5,2,-0.0467692,2.0000000000020002e-07,0.2786766,0.0
5,3,-0.04676949999999999,1.6666666666220742e-07,0.278678,0.0
5,4,-0.0467696,2.0000000000020002e-07,0.2786782,0.0
5,5,-0.04676883333333334,1.6666666666220742e-07,0.2786753333333334,0.0
5,6,-0.046767,1.4999999999980307e-06,0.27866,0.0
5,7,-0.04676400000000001,4.9999999999980616e-06,0.27862400000000004,0.0
5,8,-0.046755,1.4000000000000123e-05,0.278516,0.0
5,9,-0.046730999999999995,3.900000000000431e-05,0.27819599999999994,0.0
5,10,-0.046671000000000004,9.800000000000086e-05,0.27736500000000003,0.0
5,11,-0.04652799999999999,0.0002410000000000051,0.2752199999999999,0.0
5,12,-0.046197999999999996,0.0005710000000000021,0.26993999999999996,0.0
5,13,-0.045471000000000004,0.0012989999999999946,0.2575690000000001,0.0
5,14,-0.043931,0.0028390000000000012,0.22984899999999997,0.0
5,15,-0.040821,0.005949000000000003,0.17075899999999997,0.0
5,16,-0.034820000000000004,0.011949999999999995,0.05073900000000009,0.0
5,17,-0.023787000000000003,0.022984000000000004,-0.18097000000000008,0.0
5,18,-0.004500000000000004,0.04227099999999999,-0.6052839999999999,0.0
5,19,0.027448,0.07422200000000001,-1.3401420000000002,0.0
5,20,0.07735400000000003,0.12413200000000002,-2.5379620000000007,0.0
5,21,0.15038799999999997,0.19718299999999994,-4.364151999999999,0.0
5,22,0.24962799999999996,0.296482,-6.9456310000000006,0.0
5,23,0.37343000000000004,0.42052,-10.293477000000001,0.0
5,24,0.513325,0.561329,-14.231558999999999,0.0
5,25,0.6757219999999999,0.7056819999999999,-18.508015999999998,0.0
5,26,0.7987390000000003,0.8408519999999999,-22.502351,0.0
5,27,0.8920080000000006,0.9634299999999998,-26.155724,0.0
5,28,0.9235420000000003,1.0574050000000002,-28.850719000000005,0.0
6,0,-0.023884000000000002,0.0,0.164251,0.0
6,1,-0.023884200000000005,1.9999999999742445e-07,0.16425200000000004,0.0
6,2,-0.023884,0.0,0.164251,0.0
6,3,-0.023882500000000004,1.4999999999980307e-06,0.16423750000000004,0.0
6,4,-0.023883799999999983,1.9999999999742445e-07,0.16424999999999992,0.0
6,5,-0.0238825,1.4999999999997654e-06,0.1642375,0.0
6,6,-0.023878999999999997,5.000000000001531e-06,0.16419899999999998,0.0
6,7,-0.023869999999999995,1.4000000000000123e-05,0.16409099999999996,0.0
6,8,-0.023844999999999998,3.899999999999737e-05,0.163766,0.0
6,9,-0.023786,9.800000000000086e-05,0.16294,0.0
6,10,-0.023643,0.00024100000000000163,0.160795,0.0
6,11,-0.023313,0.0005709999999999986,0.15551500000000001,0.0
6,12,-0.022583,0.001299999999999999,0.14311600000000002,0.0
6,13,-0.021044999999999998,0.0028380000000000002,0.11543199999999999,0.0
6,14,-0.017935,0.005948999999999999,0.056329000000000004,0.0
6,15,-0.011933,0.011951000000000003,-0.06371100000000007,0.0
6,16,-0.000899999999999998,0.022982999999999996,-0.295389,0.0
6,17,0.018387,0.042271,-0.7197190000000001,0.0
6,18,0.05033700000000002,0.07422100000000001,-1.4545690000000002,0.0
6,19,0.10024499999999997,0.12412999999999996,-2.652378999999999,0.0
6,20,0.18552600000000002,0.19716699999999998,-4.551767999999999,0.0
6,21,0.2847390000000001,0.29640600000000006,-7.131826000000001,0.0
6,22,0.40838700000000006,0.42017799999999994,-10.472926,0.0
6,23,0.5477180000000001,0.5600210000000001,-14.385458000000003,0.0
6,24,0.6757219999999999,0.7056819999999999,-18.508015999999998,0.0
6,25,0.8091430000000002,0.8286990000000003,-22.26095000000001,0.0
6,26,0.9004389999999995,0.9341210000000002,-25.444276000000002,0.0
6,27,0.9291599999999995,0.9949639999999995,-27.198519999999984,0.0
7,0,-0.011637,0.0,0.090769,0.0
7,1,-0.011637000000000003,0.0,0.09076900000000002,0.0
7,2,-0.011637000000000003,0.0,0.09076900000000002,0.0
7,3,-0.011636,1.4999999999997654e-06,0.09075849999999999,0.0
7,4,-0.0116355,1.4999999999997654e-06,0.0907555,0.0
7,5,-0.011632,4.999999999999796e-06,0.09071699999999999,0.0
7,6,-0.011621000000000003,1.4999999999999389e-05,0.09059000000000002,0.0
7,7,-0.011598,3.8000000000001574e-05,0.090291,0.0
7,8,-0.011538999999999999,9.799999999999913e-05,0.08945800000000001,0.0
7,9,-0.011396,0.0002409999999999999,0.087313,0.0
7,10,-0.011066000000000001,0.0005709999999999986,0.08203300000000002,0.0
7,11,-0.010337,0.001299999999999999,0.06964000000000002,0.0
7,12,-0.008799,0.0028380000000000002,0.04195599999999999,0.0
7,13,-0.005685999999999997,0.0059499999999999996,-0.01717900000000001,0.0
7,14,0.0003140000000000018,0.011949999999999999,-0.137179,0.0
7,15,0.011345999999999995,0.022982999999999996,-0.3688649999999999,0.0
7,16,0.030633999999999995,0.042270999999999996,-0.793201,0.0
7,17,0.062584,0.07422100000000001,-1.5280510000000003,0.0
7,18,0.11249100000000001,0.12412800000000002,-2.7258190000000004,0.0
7,19,0.19178599999999996,0.19716499999999998,-4.595549999999999,0.0
7,20,0.29099499999999995,0.29638000000000003,-7.175098,0.0
7,21,0.41462600000000005,0.42005400000000004,-10.513995000000001,0.0
7,22,0.553895,0.559509,-14.417432999999999,0.0
7,23,0.693227,0.6995500000000001,-18.473659000000005,0.0
7,24,0.8146489999999997,0.8232469999999998,-22.168643999999993,0.0
7,25,0.9050359999999995,0.9199949999999997,-25.123304999999988,0.0
7,26,0.9323300000000003,0.9628420000000002,-26.385538000000007,0.0
8,0,-0.005376000000000001,0.0,0.046942000000000005,0.0
8,1,-0.005376000000000001,0.0,0.046942000000000005,0.0
8,2,-0.005376000000000001,1.4999999999997654e-06,0.04693900000000001,0.0
8,3,-0.0053755,1.4999999999997654e-06,0.046935500000000005,0.0
8,4,-0.005372,4.999999999999796e-06,0.046897,0.0
8,5,-0.005362,1.4999999999999389e-05,0.046777,0.0
8,6,-0.005338999999999999,3.799999999999984e-05,0.04647799999999999,0.0
8,7,-0.005279000000000001,9.8e-05,0.045638000000000005,0.0
8,8,-0.005136,0.0002409999999999999,0.043493000000000004,0.0
8,9,-0.004803999999999995,0.0005720000000000031,0.03818899999999993,0.0
8,10,-0.004077,0.0012990000000000007,0.025829999999999992,0.0
8,11,-0.0025379999999999986,0.0028390000000000004,-0.0018820000000000156,0.0
8,12,0.0005730000000000006,0.005948999999999999,-0.06098,0.0
8,13,0.006572999999999999,0.01195,-0.180992,0.0
8,14,0.01760799999999999,0.022984,-0.41271399999999997,0.0
8,15,0.036895000000000004,0.042271,-0.8370280000000001,0.0
8,16,0.071867,0.07422000000000001,-1.5960390000000002,0.0
8,17,0.11875300000000003,0.12412900000000002,-2.7696710000000007,0.0
8,18,0.19480799999999993,0.19716199999999995,-4.619671999999999,0.0
8,19,0.294016,0.29637399999999997,-7.199152,0.0
8,20,0.41462600000000005,0.42005400000000004,-10.513995000000001,0.0
8,21,0.556889,0.559323,-14.437479,0.0
8,22,0.6961479999999998,0.698841,-18.481429,0.0
8,23,0.8173839999999997,0.8209719999999998,-22.138198999999993,0.0
8,24,0.9073990000000003,0.9136339999999996,-24.989544999999993,0.0
8,25,0.9340240000000009,0.9472890000000005,-26.010265000000018,0.0
9,0,-0.002353,0.0,0.022758,0.0
9,1,-0.002353,0.0,0.022758,0.0
9,2,-0.0023480000000000003,4.999999999999796e-06,0.022705000000000003,0.0
9,3,-0.0023480000000000003,5.000000000000013e-06,0.022705000000000003,0.0
9,4,-0.002338,1.500000000000004e-05,0.022584999999999997,0.0
9,5,-0.0023150000000000002,3.8000000000000056e-05,0.022286000000000004,0.0
9,6,-0.002255,9.8e-05,0.021446,0.0
9,7,-0.002112,0.0002409999999999999,0.019301000000000002,0.0
9,8,-0.0017820000000000002,0.0005709999999999999,0.014021000000000002,0.0
9,9,-0.0010530000000000006,0.0013,0.0016280000000000044,0.0
9,10,0.00048599999999999945,0.002839,-0.026073999999999996,0.0
9,11,0.0035959999999999985,0.005948999999999999,-0.08516399999999999,0.0
9,12,0.009597,0.01195,-0.205184,0.0
9,13,0.020630000000000003,0.022983000000000003,-0.43687700000000007,0.0
9,14,0.03991899999999998,0.04227199999999999,-0.8612349999999998,0.0
9,15,0.07186699999999999,0.07422,-1.5960389999999998,0.0
9,16,0.121775,0.12412800000000002,-2.793831,0.0
9,17,0.196187,0.19716299999999998,-4.632099,0.0
9,18,0.294016,0.296369,-7.199062,0.0
9,19,0.4190189999999999,0.42000099999999996,-10.549465,0.0
9,20,0.5582580000000001,0.5592570000000001,-14.448480000000004,0.0
9,21,0.6974929999999999,0.6985819999999998,-18.488094999999994,0.0
9,22,0.8186590000000002,0.820077,-22.129984,0.0
9,23,0.9085210000000004,0.9109870000000004,-24.938762000000015,0.0
9,24,0.9348830000000001,0.9402590000000002,-25.849276000000003,0.0
10,0,-0.000976,0.0,0.010365,0.0
10,1,-0.000973999999999999,2.0000000000002655e-06,0.01034499999999999,0.0
10,2,-0.000971,5.000000000000013e-06,0.010312,0.0
10,3,-0.000961,1.4999999999999931e-05,0.010192000000000001,0.0
10,4,-0.000938,3.8000000000000056e-05,0.009892999999999999,0.0
10,5,-0.0008780000000000001,9.8e-05,0.009053000000000002,0.0
10,6,-0.0007350000000000002,0.0002409999999999999,0.006908000000000003,0.0
10,7,-0.000405,0.0005709999999999999,0.0016280000000000005,0.0
10,8,0.00032400000000000007,0.0013,-0.010765,0.0
10,9,0.0018630000000000005,0.0028390000000000004,-0.03846700000000001,0.0
10,10,0.004973,0.005948999999999999,-0.09755699999999999,0.0
10,11,0.010974,0.01195,-0.217577,0.0
10,12,0.022008999999999997,0.022984,-0.44930099999999995,0.0
10,13,0.041296,0.042271,-0.873615,0.0
10,14,0.07324400000000002,0.07422000000000001,-1.6084320000000003,0.0
10,15,0.12374299999999999,0.12412800000000002,-2.8121340000000004,0.0
10,16,0.1967779999999999,0.19716199999999995,-4.637993999999997,0.0
10,17,0.29598500000000005,0.29637100000000005,-7.217408000000002,0.0
10,18,0.4190189999999999,0.41999399999999987,-10.549338999999996,0.0
10,19,0.558845,0.5592400000000002,-14.454027000000004,0.0
10,20,0.6980729999999999,0.6984919999999999,-18.492095,0.0
10,21,0.8192140000000001,0.8197480000000001,-22.128625000000003,0.0
10,22,0.909024,0.909939,-24.920736000000005,0.0
10,23,0.9352549999999997,0.9373490000000002,-25.786066,0.0
11,0,-0.00038199999999999996,2.0000000000002655e-06,0.004424999999999999,0.0
11,1,-0.000379,4.999999999999796e-06,0.004392,0.0
11,2,-0.000369,1.4999999999999985e-05,0.004272,0.0
11,3,-0.00034599999999999995,3.8000000000000056e-05,0.003972999999999999,0.0
11,4,-0.000286,9.8e-05,0.0031330000000000004,0.0
11,5,-0.000143,0.000241,0.0009880000000000002,0.0
11,6,0.0001870000000000001,0.0005710000000000001,-0.0042920000000000015,0.0
11,7,0.0009160000000000001,0.0013000000000000002,-0.016685000000000002,0.0
11,8,0.0024540000000000005,0.0028380000000000002,-0.044369000000000006,0.0
11,9,0.005566000000000003,0.005950000000000006,-0.10349700000000009,0.0
11,10,0.011805999999999999,0.011949999999999999,-0.22613699999999998,0.0
11,11,0.022599000000000005,0.022983000000000003,-0.4551900000000001,0.0
11,12,0.042128,0.042271,-0.882177,0.0
11,13,0.07407700000000003,0.07422000000000001,-1.6170040000000006,0.0
11,14,0.12398600000000001,0.12412899999999999,-2.81482,0.0
11,15,0.19677799999999995,0.197162,-4.637993999999999,0.0
11,16,0.29622500000000007,0.29636900000000005,-7.220016000000002,0.0
11,17,0.419851,0.419995,-10.557918,0.0
11,18,0.5590849999999998,0.5592299999999999,-14.456486999999996,0.0
11,19,0.698312,0.6984680000000001,-18.494268,0.0
11,20,0.819448,0.8196330000000001,-22.128898999999997,0.0
11,21,0.9092350000000002,0.9095580000000001,-24.915056000000003,0.0
11,22,0.9354269999999998,0.9361699999999997,-25.76201999999999,0.0
12,0,-0.000138,4.999999999999796e-06,0.001741,0.0
12,1,-0.00012900000000000002,1.4999999999999985e-05,0.0016320000000000002,0.0
12,2,-0.000106,3.8e-05,0.001333,0.0
12,3,-4.600000000000001e-05,9.8e-05,0.0004930000000000001,0.0
12,4,9.8e-05,0.000242,-0.001667,0.0
12,5,0.0004280000000000001,0.000571,-0.006943000000000001,0.0
12,6,0.0011560000000000001,0.001299,-0.019319000000000003,0.0
12,7,0.0026959999999999987,0.0028389999999999995,-0.047038999999999984,0.0
12,8,0.005806,0.005949000000000001,-0.10612900000000001,0.0
12,9,0.011806,0.01195,-0.22613700000000003,0.0
12,10,0.022840999999999993,0.022983999999999997,-0.4578629999999999,0.0
12,11,0.042128,0.042271,-0.882177,0.0
12,12,0.074077,0.07422000000000001,-1.617004,0.0
12,13,0.12398500000000001,0.12412899999999999,-2.8148090000000003,0.0
12,14,0.19711099999999998,0.197162,-4.64175,0.0
12,15,0.296225,0.296369,-7.220016000000001,0.0
12,16,0.41994299999999996,0.419994,-10.559007,0.0
12,17,0.559178,0.559232,-14.457635,0.0
12,18,0.698407,0.698458,-18.495227999999997,0.0
12,19,0.8195350000000001,0.819604,-22.129392000000003,0.0
12,20,0.9093230000000001,0.9094200000000003,-24.91335200000001,0.0
12,21,0.9354949999999995,0.9357499999999996,-25.754015999999986,0.0
13,0,-3.7000000000000005e-05,1.4000000000000015e-05,0.0005290000000000001,0.0
13,1,-1.299999999999999e-05,3.800000000000003e-05,0.00021699999999999988,0.0
13,2,4.7000000000000004e-05,9.8e-05,-0.000623,0.0
13,3,0.00018999999999999998,0.000242,-0.002771,0.0
13,4,0.0005189999999999999,0.0005709999999999999,-0.008034999999999999,0.0
13,5,0.0027879999999999992,0.0028389999999999995,-0.04814299999999999,0.0
13,6,0.0027879999999999997,0.0028389999999999995,-0.04814299999999999,0.0
13,7,0.0058980000000000005,0.005949,-0.10723300000000001,0.0
13,8,0.011898999999999998,0.011949999999999999,-0.22725299999999996,0.0
13,9,0.022966,0.022984000000000004,-0.4593960000000001,0.0
13,10,0.04222000000000001,0.042271,-0.8832810000000001,0.0
13,11,0.07416899999999998,0.07422000000000001,-1.6181079999999999,0.0
13,12,0.12407699999999997,0.12412799999999999,-2.815899999999999,0.0
13,13,0.19711099999999998,0.197162,-4.64175,0.0
13,14,0.29631799999999997,0.296369,-7.221131999999999,0.0
13,15,0.4199750000000002,0.41999300000000006,-10.559408000000005,0.0
13,16,0.5592110000000001,0.559229,-14.458016,0.0
13,17,0.6984360000000001,0.698458,-18.495605,0.0
13,18,0.8195640000000002,0.8195860000000001,-22.129445000000004,0.0
13,19,0.9093230000000001,0.909392,-24.912820000000004,0.0
13,20,0.9355380000000002,0.9355919999999998,-25.751414999999998,0.0
14,0,2.0999999999999995e-05,3.8e-05,-0.0002249999999999999,0.0
14,1,8.099999999999999e-05,9.8e-05,-0.001065,0.0
14,2,0.000224,0.00024099999999999998,-0.00321,0.0
14,3,0.000554,0.0005709999999999999,-0.00849,0.0
14,4,0.0012939999999999998,0.0013000000000000002,-0.021036999999999997,0.0
14,5,0.002821,0.002839,-0.048572000000000004,0.0
14,6,0.005931,0.005949,-0.107662,0.0
14,7,0.011934,0.011951,-0.227716,0.0
14,8,0.022966,0.022984000000000004,-0.459396,0.0
14,9,0.042253,0.042271,-0.88371,0.0
14,10,0.07421499999999999,0.07422,-1.618719,0.0
14,11,0.124111,0.12412899999999999,-2.816353,0.0
14,12,0.197156,0.197162,-4.642346,0.0
14,13,0.29635200000000006,0.296369,-7.221574000000001,0.0
14,14,0.419987,0.41999300000000006,-10.559576,0.0
14,15,0.5592239999999999,0.559229,-14.458198,0.0
14,16,0.6984360000000001,0.6984539999999999,-18.495541,0.0
14,17,0.8195809999999999,0.8195920000000001,-22.129779,0.0
14,18,0.909348,0.9093640000000001,-24.912641,0.0
14,19,0.9355380000000002,0.9355890000000002,-25.751358000000007,0.0
15,0,9.200000000000001e-05,9.8e-05,-0.001219,0.0
15,1,0.00023500000000000002,0.0002409999999999999,-0.0033640000000000002,0.0
15,2,0.0005699999999999999,0.000572,-0.008719999999999999,0.0
15,3,0.0012939999999999998,0.0012989999999999998,-0.021033999999999997,0.0
15,4,0.0028340000000000006,0.0028390000000000004,-0.048754000000000006,0.0
15,5,0.005944,0.005948999999999999,-0.107844,0.0
15,6,0.011945,0.01195,-0.227864,0.0
15,7,0.022979000000000003,0.022984,-0.45957800000000004,0.0
15,8,0.042266,0.042270999999999996,-0.8838919999999999,0.0
15,9,0.07421499999999999,0.07422,-1.6187189999999998,0.0
15,10,0.12412299999999998,0.12412799999999999,-2.8165109999999998,0.0
15,11,0.197156,0.197162,-4.642346,0.0
15,12,0.296363,0.296369,-7.221728,0.0
15,13,0.41998900000000006,0.4199940000000001,-10.559618000000002,0.0
15,14,0.5592280000000001,0.559229,-14.458258999999998,0.0
15,15,0.6984520000000003,0.6984540000000001,-18.495769000000006,0.0
15,16,0.8195809999999999,0.8195869999999998,-22.129698999999995,0.0
15,17,0.9093610000000001,0.9093680000000002,-24.912895000000006,8.000000001118224e-06
15,18,0.9355310000000001,0.9355380000000002,-25.750335000000007,0.0
16,0,0.00023999999999999998,0.0002409999999999999,-0.0034389999999999998,0.0
16,1,0.00057,0.000572,-0.00872,0.0
16,2,0.001297,0.0012989999999999998,-0.021079,0.0
16,3,0.002837,0.0028390000000000004,-0.048799,0.0
16,4,0.005946999999999999,0.005948999999999999,-0.10788899999999998,0.0
16,5,0.011948000000000002,0.01195,-0.22790900000000003,0.0
16,6,0.022982,0.022984,-0.459623,0.0
16,7,0.042269999999999995,0.042270999999999996,-0.8839529999999999,0.0
16,8,0.07421799999999999,0.07422,-1.6187639999999999,0.0
16,9,0.12412799999999996,0.12412899999999999,-2.816595999999999,0.0
16,10,0.19716,0.197162,-4.642406,0.0
16,11,0.296368,0.29636900000000005,-7.221804000000001,0.0
16,12,0.4199948,0.4199949,-10.5597186,0.0
16,13,0.5592294285714284,0.5592297142857142,-14.458291142857139,0.0
16,14,0.6984520000000003,0.6984540000000001,-18.495769000000006,0.0
16,15,0.819585,0.8195863333333334,-22.129749000000004,0.0
16,16,0.9093663333333333,0.9093665,-24.912956333333334,0.0
16,17,0.9355359999999999,0.9355405000000001,-25.750455000000002,2.4500000002092293e-05
17,0,0.00057,0.0005709999999999986,-0.008719,0.0
17,1,0.0013,0.001299999999999999,-0.021129,0.0
17,2,0.002838,0.0028395,-0.048816,0.0
17,3,0.005948999999999999,0.005949500000000001,-0.10792299999999998,4.999999999866223e-07
17,4,0.011950000000000002,0.011950500000000003,-0.22794300000000006,0.0
17,5,0.022982999999999996,0.022982999999999996,-0.45963399999999993,0.0
17,6,0.042269999999999995,0.0422715,-0.8839559999999999,0.0
17,7,0.07421999999999991,0.07421999999999992,-1.618796999999998,0.0
17,8,0.12412900000000003,0.12412899999999999,-2.8166130000000007,0.0
17,9,0.19716180000000003,0.197162,-4.6424346000000005,0.0
17,10,0.296368,0.29636816666666665,-7.221795666666667,0.0
17,11,0.4199940000000003,0.4199940000000003,-10.559696000000008,0.0
17,12,0.559229,0.559229,-14.458276,0.0
17,13,0.6984530000000002,0.6984532857142859,-18.49577471428572,0.0
17,14,0.8195859999999997,0.8195874999999997,-22.12978199999999,0.0
17,15,0.9093664545454545,0.9093666363636363,-24.912960272727272,0.0
17,16,0.9355359999999999,0.9355405000000001,-25.750455000000002,0.0
18,0,0.0013,0.001299999999999999,-0.021129,0.0
18,1,0.0028379999999999985,0.0028379999999999968,-0.04881299999999997,0.0
18,2,0.005949,0.005948999999999996,-0.107922,0.0
18,3,0.011950000000000002,0.011950000000000002,-0.22794100000000006,0.0
18,4,0.022982999999999996,0.022982999999999996,-0.45963399999999993,0.0
18,5,0.04227016666666665,0.0422703333333333,-0.8839516666666662,0.0
18,6,0.07422,0.07422,-1.6187969999999998,0.0
18,7,0.12412899999999999,0.124129,-2.816613,0.0
18,8,0.197162,0.19716224999999998,-4.642440000000001,0.0
18,9,0.2963680000000001,0.296368,-7.221794000000002,9.999999996956888e-07
18,10,0.41999400000000003,0.41999500000000006,-10.559706000000002,0.0
18,11,0.5592290000000001,0.5592296666666666,-14.458283333333334,0.0
18,12,0.6984538571428565,0.6984539285714279,-18.495797714285693,1.4285714300399377e-07
18,13,0.8195856666666664,0.8195870000000002,-22.129769666666665,1.6666666642350947e-06
18,14,0.9093658333333329,0.9093659166666662,-24.91293983333332,0.0
18,15,0.9355351666666663,0.9355353333333329,-25.75035899999999,0.0
19,0,0.002838,0.0028380000000000002,-0.048812999999999995,0.0
19,1,0.005948999999999995,0.005948999999999996,-0.1079219999999999,0.0
19,2,0.011951000000000002,0.011951000000000002,-0.22796200000000003,0.0
19,3,0.022982999999999993,0.022982999999999993,-0.4596339999999999,0.0
19,4,0.042270999999999996,0.042270999999999996,-0.8839699999999999,0.0
19,5,0.07422,0.07422000000000002,-1.618797,0.0
19,6,0.12412899999999999,0.12412899999999999,-2.816613,0.0
19,7,0.19716199999999998,0.19716199999999995,-4.642437999999999,0.0
19,8,0.2963689999999999,0.2963689999999999,-7.221820999999998,1.0000000010279564e-06
19,9,0.419993,0.419993,-10.559668,0.0
19,10,0.5592284999999999,0.5592287499999999,-14.458263999999998,0.0
19,11,0.6984531666666669,0.6984533333333335,-18.49577883333334,0.0
19,12,0.8195836666666665,0.8195839999999999,-22.129695666666663,0.0
19,13,0.9093659166666664,0.9093659999999999,-24.91294241666666,0.0
19,14,0.9355353333333335,0.9355355000000001,-25.750364333333337,0.0
20,0,0.005949,0.005949000000000003,-0.107922,0.0
20,1,0.011951000000000002,0.011951000000000002,-0.22796200000000003,0.0
20,2,0.022982999999999996,0.022982999999999993,-0.4596339999999999,0.0
20,3,0.042270999999999996,0.04227133333333333,-0.883971,0.0
20,4,0.07421999999999995,0.07421999999999995,-1.618796999999999,0.0
20,5,0.12412899999999995,0.12412899999999993,-2.816612999999999,0.0
20,6,0.19716166666666668,0.19716183333333334,-4.642431,6.66666666759852e-07
20,7,0.296369,0.296369,-7.221821,1.0000000010279564e-06
20,8,0.4199938000000002,0.4199937,-10.559689600000004,0.0
20,9,0.5592288333333333,0.559229,-14.458273166666665,1.4999999997655777e-06
20,10,0.6984533333333334,0.6984535000000002,-18.495783666666668,0.0
20,11,0.8195838749999999,0.8195839999999999,-22.129699624999994,2.1249999981876044e-06
20,12,0.9093659999999999,0.9093661249999998,-24.912945499999996,0.0
20,13,0.9355354999999999,0.9355356666666665,-25.750369666666664,0.0
21,0,0.011951000000000002,0.011951000000000007,-0.22796200000000005,0.0
21,1,0.022982999999999996,0.022982999999999993,-0.45963399999999993,0.0
21,2,0.042270999999999996,0.042270999999999996,-0.8839699999999999,0.0
21,3,0.07422000000000006,0.07422000000000006,-1.6187970000000014,0.0
21,4,0.12412899999999993,0.12412899999999993,-2.8166129999999985,0.0
21,5,0.19716166666666668,0.19716183333333334,-4.642431,8.333333338939042e-07
21,6,0.296369,0.296369,-7.221821,1.000000000139778e-06
21,7,0.41999344444444453,0.4199935555555557,-10.559681222222224,0.0
21,8,0.5592284999999999,0.5592286666666666,-14.458263499999997,6.666666649834951e-07
21,9,0.6984540000000001,0.6984540000000001,-18.495802000000005,1.0000000010279564e-06
21,10,0.8195829999999997,0.8195831249999997,-22.129672499999987,2.249999994319296e-06
21,11,0.9093657999999999,0.9093658999999998,-24.912938999999998,1.300000000981072e-06
21,12,0.9355356666666665,0.9355358333333332,-25.750375,0.0
22,0,0.022982999999999996,0.022982999999999976,-0.45963399999999993,0.0
22,1,0.04227083333333336,0.042271000000000024,-0.883966333333334,0.0
22,2,0.07421999999999984,0.07421999999999984,-1.6187969999999965,0.0
22,3,0.12412883333333331,0.12412899999999999,-2.816609333333333,0.0
22,4,0.19716083333333337,0.19716100000000003,-4.642409333333334,0.0
22,5,0.296369,0.296369,-7.221821,1.000000000139778e-06
22,6,0.4199940000000001,0.41999400000000003,-10.559696000000002,0.0
22,7,0.5592288333333333,0.559229,-14.458273166666665,8.333333330057258e-07
22,8,0.6984543333333333,0.6984544166666665,-18.495812166666664,4.999999996257998e-07
22,9,0.8195838749999999,0.8195839999999999,-22.129699624999994,2.375000001109129e-06
22,10,0.909366166666666,0.9093662499999992,-24.912950166666647,0.0
22,11,0.9355362222222222,0.9355363333333333,-25.750392555555557,0.0
23,0,0.042270999999999996,0.04227099999999998,-0.8839699999999999,0.0
23,1,0.07421999999999984,0.07421999999999988,-1.6187969999999965,0.0
23,2,0.12412900000000009,0.12412900000000002,-2.816613000000002,0.0
23,3,0.19716199999999978,0.19716199999999984,-4.642437999999995,0.0
23,4,0.296369,0.29636900000000005,-7.221820000000001,0.0
23,5,0.4199934999999994,0.41999339999999935,-10.559681499999984,0.0
23,6,0.5592279999999997,0.5592279999999997,-14.458247999999992,0.0
23,7,0.6984540000000001,0.6984540000000001,-18.495802000000005,0.0
23,8,0.8195838749999999,0.8195839999999999,-22.129699624999994,3.499999998268777e-06
23,9,0.9093662499999993,0.9093663333333325,-24.912952749999977,0.0
23,10,0.9355359999999999,0.9355361666666666,-25.750385666666666,0.0
24,0,0.07422,0.07421999999999995,-1.6187969999999998,0.0
24,1,0.12412899999999986,0.12412899999999988,-2.8166129999999967,0.0
24,2,0.1971620000000001,0.19716199999999992,-4.642438000000002,0.0
24,3,0.2963680000000001,0.296368,-7.221794000000002,9.999999996956888e-07
24,4,0.4199940000000001,0.4199940000000001,-10.559696000000002,0.0
24,5,0.5592283333333331,0.559228166666666,-14.458256666666658,8.333333338939042e-07
24,6,0.6984540000000001,0.6984540000000002,-18.495802000000005,9.999999992515995e-07
24,7,0.8195838749999999,0.8195839999999999,-22.129699624999994,2.6249999969252258e-06
24,8,0.9093663333333343,0.9093664166666674,-24.91295533333336,0.0
24,9,0.9355356999999997,0.9355357999999999,-25.750374999999995,0.0
25,0,0.12412899999999999,0.124129,-2.816613,0.0
25,1,0.19716233333333316,0.19716200000000006,-4.6424463333333295,0.0
25,2,0.29636833333333334,0.296368,-7.221802333333334,0.0
25,3,0.4199933000000008,0.4199932000000007,-10.55967610000002,0.0
25,4,0.559229,0.559229,-14.458276,0.0
25,5,0.6984540000000001,0.6984540000000002,-18.495802000000005,1.0000000010279564e-06
25,6,0.8195838333333337,0.8195839166666671,-22.129697833333346,2.500000000793534e-06
25,7,0.9093664166666663,0.9093664999999994,-24.912957916666652,0.0
25,8,0.9355370000000001,0.9355370000000001,-25.750417000000002,0.0
26,0,0.197162,0.1971617499999998,-4.642437999999999,0.0
26,1,0.29636911111111125,0.29636900000000016,-7.221822888888893,0.0
26,2,0.41999311111111115,0.41999300000000006,-10.559670888888888,0.0
26,3,0.559229,0.5592288333333334,-14.458276,5.000000005139782e-07
26,4,0.6984530000000024,0.6984530000000024,-18.495772000000073,1.0000000010279564e-06
26,5,0.8195829999999997,0.8195830833333329,-22.12967199999999,3.583333329615357e-06
26,6,0.9093668000000008,0.9093669000000009,-24.912970200000025,0.0
26,7,0.9355358999999999,0.9355359999999999,-25.750381399999995,0.0
27,0,0.29636900000000005,0.29636850000000026,-7.221820000000002,0.0
27,1,0.4199930999999995,0.4199929999999994,-10.559670699999986,0.0
27,2,0.5592294999999995,0.5592292499999996,-14.458289999999986,0.0
27,3,0.6984540000000001,0.6984540000000001,-18.495802000000005,0.0
27,4,0.819583,0.8195830000000001,-22.129672,0.0
27,5,0.9093663333333333,0.9093665,-24.912956333333334,1.833333335810039e-06
27,6,0.935536999999999,0.9355369999999988,-25.750416999999967,0.0
28,0,0.41999300000000006,0.4199925000000002,-10.559668000000002,0.0
28,1,0.5592292,0.5592290000000002,-14.4582816,0.0
28,2,0.6984540000000001,0.6984540000000001,-18.495802000000005,0.0
28,3,0.8195831666666635,0.8195832499999968,-22.129677166666568,1.7499999973580316e-06
28,4,0.9093649999999998,0.9093649999999998,-24.912912999999996,0.0
28,5,0.9355370000000001,0.9355370000000001,-25.750417000000002,0.0
29,0,0.559229,0.5592288333333334,-14.458276,0.0
29,1,0.6984539999999991,0.6984539999999989,-18.495801999999973,1.0000000002508003e-06
29,2,0.8195839999999974,0.8195839999999975,-22.129701999999924,0.0
29,3,0.909367,0.9093667499999993,-24.912976,7.500000007709673e-07
29,4,0.9355370000000001,0.9355370000000001,-25.750417000000002,0.0
30,0,0.698453,0.698452833333333,-18.495772,0.0
30,1,0.8195829999999997,0.8195830833333329,-22.12967199999999,3.9166666621071045e-06
30,2,0.909367,0.9093667499999993,-24.912976,5.000000005139782e-07
30,3,0.9355370000000001,0.9355370000000001,-25.750417000000002,0.0
31,0,0.8195829999999997,0.8195829999999992,-22.12967199999999,0.0
31,1,0.9093673333333341,0.9093669999999996,-24.912986333333354,0.0
31,2,0.9355370000000001,0.9355370000000001,-25.750417000000002,0.0
32,0,0.909367,0.9093667499999993,-24.912976,0.0
32,1,0.9355370000000001,0.9355370000000001,-25.750417000000002,0.0
33,0,0.9355359999999999,0.9355357499999997,-25.750383999999997,0.0
