0,0,-0.9936170000000004,0.06714499999999823,11.511876,0.0
0,1,-0.9936170000000004,0.06714499999999823,11.511876,0.0
0,2,-0.9933254999999992,0.10307500000000047,11.475945999999999,0.0
0,3,-0.9929695000000001,0.15337900000000104,11.375337999999998,0.0
0,4,-0.992559,0.22188899999999911,11.169808000000003,0.0
0,5,-0.9923739999999999,0.31212400000000073,10.808867999999997,0.0
0,6,-0.9923839999999995,0.42698199999999886,10.234578000000006,0.0
0,7,-0.9926019999999998,0.5672060000000005,9.393233999999996,0.0
0,8,-0.9930420000000009,0.7309680000000007,8.246899999999995,0.0
0,9,-0.9937559999999994,0.9130519999999986,6.7902280000000115,0.0
0,10,-0.9947919999999986,1.1042389999999997,5.0695450000000015,0.0
0,11,-0.9961609999999972,1.2933079999999997,3.178855000000002,0.0
0,12,-0.9978499999999997,1.4678000000000004,1.2594429999999939,0.0
0,13,-0.9998319999999978,1.6179769999999998,-0.5426809999999982,0.0
0,14,-1.0020469999999975,1.7383559999999996,-2.1076079999999955,0.0
0,15,-1.004377999999999,1.8299620000000019,-3.3900920000000276,0.0
0,16,-1.0065919999999977,1.8982579999999984,-4.414531999999976,0.0
0,17,-1.0074260000000024,1.9535010000000028,-5.298420000000046,0.0
0,18,-1.0074259999999988,2.016690999999998,-6.372649999999965,0.0
0,19,-1.0011599999999987,2.137005000000002,-8.538302000000037,0.0
0,20,-0.9651440000000022,2.4603499999999983,-14.681856999999965,0.0
0,21,-0.8306540000000027,3.402759000000003,-33.530037000000064,0.0
0,22,-0.458800999999994,6.046439999999997,-89.04733799999994,0.0
0,23,0.20057699999995293,13.025658,-242.59013399999998,0.0
1,0,-0.9936170000000004,0.06714499999999823,11.511876,0.000752000000000308
1,1,-0.9933254999999992,0.06772800000000068,11.511292999999998,0.0005784999999995932
1,2,-0.9929695000000001,0.10378699999999874,11.474522000000002,0.00035550000000039716
1,3,-0.992559,0.15420000000000122,11.372874999999997,7.599999999996498e-05
1,4,-0.9923739999999999,0.22225899999999932,11.168328000000002,0.0
1,5,-0.9918569999999995,0.31217200000000034,10.808158999999998,0.0
1,6,-0.9910359999999994,0.42692399999999964,10.233578000000001,0.0
1,7,-0.9923839999999995,0.5669880000000003,9.394541999999998,0.0
1,8,-0.9895379999999996,0.7305279999999996,8.246916000000002,0.0
1,9,-0.9888630000000003,0.9125209999999999,6.790114000000001,0.0
1,10,-0.9890670000000004,1.1032030000000006,5.074179999999995,0.0
1,11,-0.9897110000000016,1.291939000000001,3.1874639999999914,0.0
1,12,-0.9961609999999972,1.466110999999998,1.2780220000000213,0.0
1,13,-0.9978499999999997,1.6159950000000016,-0.5188970000000204,0.0
1,14,-0.9940870000000004,1.736141,-2.0845579999999977,0.0
1,15,-0.9959200000000017,1.8276310000000002,-3.3635850000000005,0.0
1,16,-1.004377999999999,1.8960439999999998,-4.381321999999997,0.0
1,17,-0.9965970000000013,1.9526669999999982,-5.295070999999968,0.0
1,18,-0.9906799999999976,2.0229570000000017,-6.495918000000032,0.0
1,19,-0.9651440000000022,2.1730209999999985,-9.22260599999997,0.0
1,20,-0.8208269999999978,2.594839999999998,-17.38148399999996,0.0
1,21,-0.4588010000000011,3.7746120000000047,-41.3389500000001,0.0
1,22,0.2431750000000008,6.705818000000001,-103.59625200000002,0.0
2,0,-0.9936170000000004,0.06714499999999823,11.511876,0.0
2,1,-0.9933254999999992,0.06772800000000068,11.511292999999998,0.0
2,2,-0.9929695000000001,0.10378699999999874,11.474522000000002,0.0
2,3,-0.975128999999999,0.15420000000000122,11.338014999999995,0.0
2,4,-0.9918569999999995,0.22277599999999964,11.165743,0.0
2,5,-0.9712340000000008,0.3129930000000005,10.763629,0.0
2,6,-0.9902339999999992,0.42772599999999983,10.227964,0.0
2,7,-0.9895379999999996,0.5676839999999999,9.386824,0.0
2,8,-0.9890460000000001,0.7310199999999991,8.242488000000007,0.0
2,9,-0.9617000000000004,0.9125209999999999,6.735788000000001,0.0
2,10,-0.9584810000000008,1.1043329999999987,5.001708000000015,0.0
2,11,-0.9890670000000004,1.2912949999999999,3.193260000000002,0.0
2,12,-0.957812999999998,1.4650209999999984,1.2197660000000141,0.0
2,13,-0.9584259999999993,1.6145060000000022,-0.5728280000000296,0.0
2,14,-0.9922900000000006,1.734344,-2.0629939999999998,0.0
2,15,-0.9940870000000004,1.825797999999999,-3.3397559999999835,0.0
2,16,-0.959617999999999,1.8953670000000002,-4.452229000000006,0.0
2,17,-0.9540790000000001,1.9585840000000019,-5.47477900000003,0.0
2,18,-0.955603,2.0580339999999993,-7.162380999999986,0.0
2,19,-0.7915610000000015,2.3077970000000008,-11.98619900000001,0.0
2,20,-0.41717900000000085,2.9745349999999995,-25.402984999999987,0.0
2,21,0.26980599999999555,4.458919000000002,-56.46463500000003,0.0
3,0,-0.9777660000000008,0.06772800000000068,11.480174000000002,0.0
3,1,-0.9766030000000008,0.0688910000000007,11.476685000000002,0.0
3,2,-0.975128999999999,0.10526100000000049,11.435892999999997,0.0
3,3,-0.973331,0.1559980000000003,11.329025,0.0
3,4,-0.9712340000000008,0.22487299999999877,11.116109000000007,0.0
3,5,-0.9688940000000006,0.31533300000000075,10.747248999999998,0.0
3,6,-0.9664220000000014,0.43019799999999897,10.16550800000001,0.0
3,7,-0.9639629999999997,0.5701430000000016,9.318460999999989,0.0
3,8,-0.9617000000000004,0.7332829999999984,8.169692000000014,0.0
3,9,-0.959814999999999,0.9144060000000014,6.715052999999985,0.0
3,10,-0.9140440000000005,1.1043329999999987,4.868397000000014,0.0
3,11,-0.9102119999999996,1.2919710000000002,2.980520999999996,0.0
3,12,-0.9074279999999995,1.4650130000000008,1.0687069999999892,0.0
3,13,-0.905735,1.613893000000001,-0.7229320000000108,0.0
3,14,-0.9049510000000005,1.7333789999999993,-2.2786019999999887,0.0
3,15,-0.9593910000000001,1.825571,-3.40597,0.0
3,16,-0.9540790000000001,1.900905999999999,-4.5519309999999855,0.0
3,17,-0.868544,1.991382999999999,-6.256167999999985,0.0
3,18,-0.7915610000000015,2.1877530000000007,-9.825407000000009,0.0
3,19,-0.41717900000000085,2.6821790000000014,-19.84822100000002,0.0
3,20,0.26980599999999555,3.661519999999996,-40.51665499999991,0.0
4,0,-0.9532349999999994,0.0688910000000007,11.406580999999997,0.0
4,1,-0.9508219999999996,0.07130399999999959,11.396928999999998,0.0
4,2,-0.9477590000000005,0.10832399999999964,11.347657000000002,0.0
4,3,-0.9440190000000008,0.15973799999999994,11.229869000000004,0.0
4,4,-0.9396269999999998,0.22926499999999983,11.00372,0.0
4,5,-0.934686000000001,0.3202739999999995,10.619920000000006,0.0
4,6,-0.9293699999999987,0.4355140000000013,10.022455999999988,0.0
4,7,-0.9239430000000013,0.575569999999999,9.160412000000012,0.0
4,8,-0.9187189999999994,0.7385070000000002,7.998956999999995,0.0
4,9,-0.9140440000000005,0.9190810000000003,6.535665,0.0
4,10,-0.8470739999999992,1.1081649999999996,4.566029,0.0
4,11,-0.9074279999999995,1.2947550000000003,2.9415449999999943,0.0
4,12,-0.8338380000000001,1.4667060000000003,0.7557239999999972,0.0
4,13,-0.9049510000000005,1.6146770000000004,-0.735476000000002,0.0
4,14,-0.8265170000000008,1.7342510000000004,-2.6036740000000016,0.0
4,15,-0.898579999999999,1.8310700000000004,-3.6708880000000086,0.0
4,16,-0.868544,1.9309419999999982,-5.289111999999971,0.0
4,17,-0.6815050000000014,2.112902000000002,-8.948628000000024,0.0
4,18,-0.3435440000000014,2.5474449999999997,-17.68770299999999,0.0
4,19,0.2855659999999993,3.355077999999999,-34.74153699999998,0.0
5,0,-0.9188809999999998,0.07130399999999959,11.269165,0.0
5,1,-0.9144360000000002,0.07574899999999829,11.246940000000002,0.0
5,2,-0.9088329999999996,0.11392700000000033,11.180746999999997,0.0
5,3,-0.9020140000000003,0.16655699999999918,11.041392000000004,0.0
5,4,-0.8940329999999994,0.23724600000000073,10.789419999999994,0.0
5,5,-0.8850559999999996,0.3292509999999993,10.376515000000001,0.0
5,6,-0.8753970000000013,0.4451729999999996,9.748610000000008,0.0
5,7,-0.8654879999999991,0.5854790000000012,8.857228999999988,0.0
5,8,-0.8558599999999998,0.7481349999999996,7.670497000000003,0.0
5,9,-0.8470739999999992,0.9278670000000009,6.188710999999989,0.0
5,10,-0.8396259999999991,1.1156129999999997,4.461756999999999,0.0
5,11,-0.8338380000000001,1.3005429999999993,2.5835170000000076,0.0
5,12,-0.8297330000000009,1.4708109999999994,0.690044000000011,0.0
5,13,-0.8265170000000008,1.6178930000000005,-1.0910200000000039,0.0
5,14,-0.8201960000000028,1.7405719999999985,-2.717451999999966,0.0
5,15,-0.7927700000000009,1.8584960000000024,-4.5055180000000306,0.0
5,16,-0.6815050000000014,2.0422069999999977,-7.8175079999999575,0.0
5,17,-0.3435440000000014,2.450863000000002,-16.045809000000023,0.0
5,18,0.30217799999999784,3.193166999999999,-31.89358699999997,0.0
6,0,-0.872115,0.07574900000000007,11.035335,0.0
6,1,-0.8646240000000001,0.08323999999999998,10.990389,0.0
6,2,-0.855264,0.12328700000000037,10.894182,0.0
6,3,-0.8439769999999998,0.17784399999999945,10.717346,0.0
6,4,-0.8308620000000007,0.25036099999999983,10.421105000000004,0.0
6,5,-0.8162079999999996,0.34390500000000035,9.959004999999996,0.0
6,6,-0.8005109999999993,0.4608699999999999,9.279997999999996,0.0
6,7,-0.7844600000000002,0.6015300000000003,8.339731999999998,0.0
6,8,-0.7688769999999998,0.7637179999999999,7.110918,0.0
6,9,-0.7546240000000015,0.9421199999999992,5.598184000000016,0.0
6,10,-0.7424370000000007,1.1278000000000006,3.853941999999998,0.0
6,11,-0.7327329999999996,1.3102470000000004,1.971247999999994,0.0
6,12,-0.7251259999999995,1.4784179999999996,0.07572500000000204,0.0
6,13,-0.7163179999999993,1.6267010000000006,-1.7565190000000115,0.0
6,14,-0.6905479999999997,1.766341999999998,-3.7264719999999762,0.0
6,15,-0.4724449999999969,1.9584040000000016,-7.723958000000042,0.0
6,16,-0.2804789999999997,2.3523679999999985,-14.785213999999979,0.0
6,17,0.3259830000000008,3.0573250000000023,-29.703298000000043,0.0
7,0,-0.8101840000000005,0.08323999999999998,10.663749000000003,0.0
7,1,-0.798451,0.12328700000000037,10.553304,0.0
7,2,-0.7839610000000006,0.13777699999999982,10.437384000000005,0.0
7,3,-0.7666779999999997,0.19512700000000027,10.201702999999998,0.0
7,4,-0.7467980000000001,0.2702409999999995,9.837201000000002,0.0
7,5,-0.7247960000000004,0.365907,9.300523000000002,0.0
7,6,-0.701422,0.48424400000000034,8.545219999999997,0.0
7,7,-0.6776900000000001,0.6252620000000002,7.532988,0.0
7,8,-0.654782,0.786626,6.243084,0.0
7,9,-0.6338999999999988,0.9630020000000004,4.685901999999989,0.0
7,10,-0.6160189999999997,1.1456809999999997,2.9166240000000005,0.0
7,11,-0.6013640000000002,1.3249019999999998,1.0218290000000039,0.0
7,12,-0.5875679999999992,1.4922140000000006,-0.9151750000000121,0.0
7,13,-0.5614040000000013,1.6528649999999985,-3.0261349999999716,0.0
7,14,-0.4724449999999969,1.8553010000000025,-6.2805160000000555,0.0
7,15,-0.19476900000000086,2.2360799999999976,-13.555153999999956,0.0
7,16,0.4069490000000009,2.907509000000001,-27.838615000000022,0.0
8,0,-0.7312579999999995,0.0949730000000013,10.111266999999996,0.0
8,1,-0.7139990000000003,0.13777699999999982,9.947650000000003,0.0
8,2,-0.6929910000000001,0.15878499999999995,9.758578,0.0
8,3,-0.6682610000000002,0.2198570000000002,9.438594000000002,0.0
8,4,-0.6401709999999996,0.2983310000000001,8.978451999999997,0.0
8,5,-0.6094279999999994,0.39665000000000017,8.339231999999996,0.0
8,6,-0.5771160000000002,0.5165559999999996,7.481206000000004,0.0
8,7,-0.5446239999999998,0.6577540000000006,6.374081999999994,0.0
8,8,-0.5135199999999998,0.8177300000000001,5.005417999999998,0.0
8,9,-0.48533399999999993,0.9911880000000002,3.3922659999999984,0.0
8,10,-0.46101800000000104,1.1699969999999986,1.5884570000000213,0.0
8,11,-0.43932400000000094,1.346596,-0.3510849999999923,0.0
8,12,-0.4097540000000013,1.5217840000000002,-2.5147129999999933,0.0
8,13,-0.32955499999999915,1.7330640000000006,-5.691665000000013,0.0
8,14,-0.08639300000000105,2.0984630000000006,-12.387148,0.0
8,15,0.4069490000000009,2.7294219999999996,-25.16731,0.0
9,0,-0.6353070000000001,0.11223200000000055,9.343659,0.0
9,1,-0.6113089999999999,0.15878499999999995,9.105121999999998,0.0
9,2,-0.5825649999999998,0.18752900000000006,8.817681999999998,0.0
9,3,-0.5492549999999996,0.25316700000000036,8.386615999999997,0.0
9,4,-0.511959,0.3356269999999997,7.803572000000003,0.0
9,5,-0.4716950000000004,0.4369139999999998,7.0360480000000045,0.0
9,6,-0.42989999999999995,0.558351,6.052707999999999,0.0
9,7,-0.38834500000000016,0.6993090000000004,4.832964999999999,0.0
9,8,-0.3489490000000002,0.857126,3.3736820000000023,0.0
9,9,-0.31331800000000065,1.0268189999999997,1.6954590000000085,0.0
9,10,-0.12516999999999978,1.2020130000000009,-1.57461900000001,0.0
9,11,-0.24515499999999868,1.3827429999999996,-2.302054000000007,0.0
9,12,-0.17012199999999922,1.5968169999999997,-5.332165000000003,0.0
9,13,0.03991000000000078,1.9430960000000006,-11.377801000000014,0.0
9,14,0.4650359999999978,2.5235889999999976,-22.75034399999995,0.0
10,0,-0.524368,0.1362299999999994,8.345208,0.0
10,1,-0.49265099999999995,0.18752900000000006,8.008456,0.0
10,2,-0.4553569999999998,0.22482300000000022,7.598221999999998,0.0
10,3,-0.4128840000000005,0.2956399999999997,7.031858000000005,0.0
10,4,-0.3661089999999998,0.38240200000000035,6.303821999999997,0.0
10,5,-0.3163789999999995,0.4866440000000001,5.389553999999995,0.0
10,6,-0.2654949999999996,0.609235,4.267758999999996,0.0
10,7,-0.2155370000000003,0.7492669999999997,2.9279870000000052,0.0
10,8,-0.16851700000000047,0.9041459999999999,1.3736340000000054,0.0
10,9,-0.12516999999999978,1.0701660000000004,-0.38799600000000556,0.0
10,10,-0.08016900000000149,1.2470139999999992,-2.4296379999999775,0.0
10,11,-0.006325000000000358,1.4565870000000007,-5.263808000000006,0.0
10,12,0.1750860000000003,1.7782280000000004,-10.615969000000007,0.0
10,13,0.531326,2.2993360000000003,-20.431665000000002,0.0
11,0,-0.4021180000000002,0.16794699999999896,7.122708000000003,0.0
11,1,-0.362104,0.20796100000000006,6.682554,0.0
11,2,-0.31600399999999995,0.27092300000000025,6.112492,0.0
11,3,-0.264516,0.34712799999999966,5.393714000000001,0.0
11,4,-0.208847,0.4380710000000003,4.508525999999999,0.0
11,5,-0.1506759999999998,0.609235,3.1195689999999985,0.0
11,6,-0.09206800000000026,0.6678429999999995,2.1818410000000057,0.0
11,7,-0.035184000000000104,0.8061509999999998,0.726269000000002,0.0
11,8,0.01873600000000053,0.9580660000000005,-0.9302560000000097,0.0
11,9,0.07318499999999961,1.1246149999999995,-2.8615869999999903,0.0
11,10,0.14892299999999992,1.3227519999999995,-5.477937999999995,0.0
11,11,0.42825800000000136,1.6155810000000006,-11.478913000000023,0.0
11,12,0.6004120000000004,2.070723000000001,-18.379169000000015,0.0
12,0,-0.27301399999999987,0.20796099999999917,5.702563999999999,0.0
12,1,-0.22465199999999985,0.2563230000000001,5.122219999999999,0.0
12,2,-0.17016800000000032,0.34712799999999966,4.355886000000004,0.0
12,3,-0.11060099999999995,0.40669500000000003,3.521947999999999,0.0
12,4,-0.047489000000000114,0.5011830000000002,2.481140000000001,0.0
12,5,0.017242999999999675,0.6095470000000001,1.2709000000000037,0.0
12,6,0.08148599999999995,0.7320859999999998,-0.11271099999999823,0.0
12,7,0.1438050000000004,0.8684700000000003,-1.6788430000000067,0.0
12,8,0.20654599999999945,1.0208069999999996,-3.4980939999999903,0.0
12,9,0.2855450000000008,1.2036140000000008,-5.908538000000018,0.0
12,10,0.5295949999999987,1.465465,-11.193796999999984,0.0
12,11,0.7243709999999997,1.8536899999999985,-17.41335899999998,0.0
13,0,-0.14142300000000008,0.2563230000000001,4.123472000000001,0.0
13,1,-0.08526900000000026,0.3254069999999998,3.3805400000000034,0.0
13,2,-0.02350899999999978,0.40669500000000003,2.476843999999997,0.0
13,3,0.042464999999999975,0.4726689999999998,1.4872340000000008,0.0
13,4,0.11087000000000025,0.5695880000000004,0.3072119999999954,0.0
13,5,0.17975600000000025,0.7320859999999998,-1.2919510000000018,0.0
13,6,0.24770000000000003,0.8000299999999996,-2.514942999999998,0.0
13,7,0.31642100000000006,0.9371910000000003,-4.231282000000003,0.0
13,8,0.3983629999999998,1.1027489999999993,-6.455433999999992,0.0
13,9,0.5295949999999987,1.3348459999999998,-10.01822599999998,0.0
13,10,0.7718120000000006,1.660241000000001,-16.095602000000017,0.0
14,0,-0.011057000000000095,0.3124769999999999,2.428714000000001,0.0
14,1,0.05172700000000008,0.37526100000000007,1.5497379999999987,0.0
14,2,0.11903499999999978,0.45447499999999996,0.528212000000003,0.0
14,3,0.1892050000000003,0.5428390000000003,-0.6308960000000048,0.0
14,4,0.2604249999999997,0.6408079999999998,-1.921882999999995,0.0
14,5,0.33138799999999957,0.749396,-3.349716999999994,0.0
14,6,0.40352100000000046,0.8721630000000005,-4.973414000000009,0.0
14,7,0.48707299999999965,1.0207429999999995,-7.034621999999992,0.0
14,8,0.6098980000000003,1.225574,-10.187989000000004,0.0
14,9,0.7718120000000006,1.49676,-14.62427300000001,0.0
15,0,0.11525300000000005,0.37526100000000007,0.6603739999999991,0.0
15,1,0.1829719999999999,0.45447499999999996,-0.36690599999999884,0.0
15,2,0.2536680000000002,0.5428390000000003,-1.533378000000004,0.0
15,3,0.32562500000000005,0.6147960000000001,-2.7566470000000005,0.0
15,4,0.3976379999999997,0.7128209999999995,-4.130916999999994,0.0
15,5,0.47102600000000017,0.8721630000000005,-5.918484000000005,0.0
15,6,0.554646,0.9557830000000003,-7.590884000000001,0.0
15,7,0.6707540000000005,1.136851,-10.418912000000008,0.0
15,8,0.8083899999999993,1.3632099999999987,-14.06796499999998,0.0
16,0,0.23547600000000024,0.44297999999999993,-1.1429710000000037,0.0
16,1,0.3060550000000002,0.5135589999999999,-2.272235000000003,0.0
16,2,0.377853,0.5969690000000001,-3.504413,0.0
16,3,0.4497259999999996,0.6866689999999998,-4.833780999999993,0.0
16,4,0.52292,0.7860149999999999,-6.302923000000001,0.0
16,5,0.6054060000000003,0.9052700000000007,-8.099719000000007,0.0
16,6,0.7157159999999996,1.0660929999999995,-10.668793999999991,0.0
16,7,0.8354569999999999,1.2565920000000004,-13.727644,0.0
17,0,0.3481869999999998,0.5135589999999999,-2.9463469999999967,0.0
17,1,0.41946400000000006,0.5969690000000001,-4.170189000000001,0.0
17,2,0.49064600000000036,0.6866689999999998,-5.488501000000005,0.0
17,3,0.5629020000000002,0.7589249999999996,-6.861365000000003,0.0
17,4,0.6435820000000003,0.866695,-8.556235000000004,0.0
17,5,0.7487399999999997,1.0660929999999995,-11.197177999999994,0.0
17,6,0.8550809999999993,1.172433999999999,-13.536679999999983,0.0
18,0,0.4524539999999999,0.5848359999999992,-4.718885999999998,0.0
18,1,0.5228179999999996,0.6681510000000004,-5.998388999999992,0.0
18,2,0.5939169999999994,0.7589249999999996,-7.388619999999988,0.0
18,3,0.6726219999999996,0.8376299999999999,-8.962719999999994,0.0
18,4,0.7732330000000003,0.9673060000000007,-11.162746000000007,0.0
18,5,0.8693169999999997,1.1065119999999995,-13.449081999999992,0.0
19,0,0.5481130000000003,0.655199999999998,-6.440748000000005,0.0
19,1,0.6181410000000005,0.7252279999999995,-7.771280000000008,0.0
19,2,0.6950150000000006,0.8376299999999999,-9.36579400000001,0.0
19,3,0.7917490000000003,0.9343639999999995,-11.397208000000004,0.0
19,4,0.8798189999999995,1.0553759999999999,-13.433573999999991,0.0
20,0,0.637114,0.7252280000000013,-8.131767,0.0
20,1,0.712466,0.8005800000000001,-9.638807,0.0
20,2,0.806012,0.9096700000000002,-11.618817,0.0
20,3,0.8877480000000002,1.0160999999999998,-13.466397000000004,0.0
21,0,0.7261299999999995,0.8005800000000001,-9.912086999999989,0.0
21,1,0.8171379999999999,0.8915880000000023,-11.823255,0.0
21,2,0.8938669999999993,0.9863989999999996,-13.529374999999986,0.0
22,0,0.8258600000000005,0.8915880000000023,-12.00641700000001,0.0
22,1,0.8986530000000004,0.9863989999999996,-13.629881000000008,0.0
23,0,0.9024089999999996,0.9643809999999995,-13.690494999999991,0.0
