0.00000 2.28088 2.41634 2.55751 2.71408 2.88712 3.07435 3.27212 3.47823 3.69634 3.94063 4.23948 4.64634 5.28829 6.64118
0.00000 2.30246 2.42224 2.55906 2.71333 2.88364 3.06689 3.25918 3.45828 3.66793 3.90262 4.19114 4.58750 5.21924 0.00000
0.00000 2.29303 2.41416 2.55129 2.70406 2.87088 3.04873 3.23386 3.42423 3.62396 3.84805 4.12596 4.51228 0.00000 0.00000
0.00000 2.28670 2.40766 2.54254 2.69097 2.85152 3.02134 3.19691 3.37659 3.56510 3.77814 4.04580 0.00000 0.00000 0.00000
0.00000 2.28050 2.39821 2.52775 2.66895 2.82056 2.97996 3.14408 3.31193 3.48896 3.69157 0.00000 0.00000 0.00000 0.00000
0.00000 2.26844 2.37980 2.50118 2.63256 2.77295 2.92022 3.07196 3.22802 3.39454 0.00000 0.00000 0.00000 0.00000 0.00000
0.00000 2.24460 2.34693 2.45769 2.57711 2.70474 2.83921 2.97894 3.12452 0.00000 0.00000 0.00000 0.00000 0.00000 0.00000
0.00000 2.20408 2.29499 2.39309 2.49923 2.61373 2.73610 2.86553 0.00000 0.00000 0.00000 0.00000 0.00000 0.00000 0.00000
0.00000 2.14273 2.22036 2.30473 2.39753 2.50001 2.61239 0.00000 0.00000 0.00000 0.00000 0.00000 0.00000 0.00000 0.00000
0.00000 2.05765 2.12126 2.19229 2.27332 2.36630 0.00000 0.00000 0.00000 0.00000 0.00000 0.00000 0.00000 0.00000 0.00000
0.00000 1.94835 1.99885 2.05858 2.13082 0.00000 0.00000 0.00000 0.00000 0.00000 0.00000 0.00000 0.00000 0.00000 0.00000
0.00000 1.81763 1.85759 1.90945 0.00000 0.00000 0.00000 0.00000 0.00000 0.00000 0.00000 0.00000 0.00000 0.00000 0.00000
0.00000 1.67155 1.70475 0.00000 0.00000 0.00000 0.00000 0.00000 0.00000 0.00000 0.00000 0.00000 0.00000 0.00000 0.00000
0.00000 1.51828 0.00000 0.00000 0.00000 0.00000 0.00000 0.00000 0.00000 0.00000 0.00000 0.00000 0.00000 0.00000 0.00000
0.00000 0.00000 0.00000 0.00000 0.00000 0.00000 0.00000 0.00000 0.00000 0.00000 0.00000 0.00000 0.00000 0.00000 0.00000
