0,0,-0.9529069999999997,0.02105800000000002,4.095476,0.0
0,1,-0.9529069999999997,0.02105800000000002,4.095476,0.0
0,2,-0.9526729999999999,0.03556700000000035,4.080966999999999,0.0
0,3,-0.952318,0.057813000000000336,4.036474999999999,0.0
0,4,-0.9518070000000005,0.09038799999999991,3.9387500000000006,0.0
0,5,-0.9511060000000002,0.13586600000000004,3.756838,0.0
0,6,-0.9501990000000005,0.19630299999999945,3.454653000000003,0.0
0,7,-0.9490889999999998,0.27263200000000065,2.996678999999996,0.0
0,8,-0.9478140000000006,0.36407799999999924,2.356557000000006,0.0
0,9,-0.9464509999999997,0.4677480000000003,1.5271969999999975,0.0
0,10,-0.9451140000000002,0.5785499999999999,0.5299790000000009,0.0
0,11,-0.9439440000000001,0.6895310000000006,-0.5798310000000058,0.0
0,12,-0.9430950000000005,0.7928739999999994,-1.7166039999999931,0.0
0,13,-0.9428420000000006,0.8823000000000008,-2.789716000000009,0.0
0,14,-0.9435020000000005,0.9591379999999994,-3.7886099999999914,0.0
0,15,-0.9445899999999998,1.0475879999999993,-5.02690999999999,0.0
0,16,-0.9460800000000003,1.2281500000000012,-7.7353400000000185,0.0
0,17,-0.948598999999998,1.6904640000000004,-15.132364000000006,0.0
0,18,-0.955843999999999,2.77013,-33.486686000000006,0.0
0,19,-0.9558440000000132,4.624345999999999,-66.86257399999998,0.0
1,0,-0.9529069999999997,0.02105800000000002,4.095476,0.0
1,1,-0.9526729999999999,0.021291999999999867,4.095242,0.0
1,2,-0.952318,0.03592200000000023,4.080257,0.0
1,3,-0.9518070000000005,0.05832399999999982,4.034942000000001,0.0
1,4,-0.9511060000000002,0.0910890000000002,3.9359459999999995,0.0
1,5,-0.9501990000000005,0.1367729999999998,3.7523030000000013,0.0
1,6,-0.9490889999999998,0.19741300000000006,3.4479929999999994,0.0
1,7,-0.8890389999999999,0.2739069999999999,2.9289790000000004,0.0
1,8,-0.9464509999999997,0.3654410000000001,2.3456529999999987,0.0
1,9,-0.9451140000000002,0.46908499999999975,1.5151640000000022,0.0
1,10,-0.8624529999999999,0.57972,0.4367879999999995,0.0
1,11,-0.8534159999999993,0.6903800000000002,-0.6788490000000031,0.0
1,12,-0.8454810000000004,0.7932670000000002,-1.8185410000000015,0.0
1,13,-0.9427019999999988,0.8821599999999998,-2.788035999999998,0.0
1,14,-0.8353549999999998,0.9584779999999995,-3.8875169999999937,0.0
1,15,-0.9435020000000005,1.0465,-5.011678,0.0
1,16,-0.9445900000000016,1.2266600000000007,-7.71299000000001,0.0
1,17,-0.839929999999999,1.6879449999999991,-15.198209999999985,0.0
1,18,-0.9485990000000086,2.7628850000000007,-33.363521000000006,0.0
2,0,-0.91262,0.02129199999999898,4.055189,0.0
2,1,-0.9111849999999997,0.022727000000000608,4.052318999999999,0.0
2,2,-0.9090190000000002,0.03808799999999968,4.0326260000000005,0.0
2,3,-0.905894,0.06144900000000009,3.9796539999999996,0.0
2,4,-0.901602,0.09538100000000016,3.8692739999999994,0.0
2,5,-0.895994,0.14238099999999987,3.6700580000000005,0.0
2,6,-0.8890389999999999,0.2043680000000001,3.346212999999999,0.0
2,7,-0.8808749999999996,0.2820710000000002,2.863666999999998,0.0
2,8,-0.871836,0.3744799999999997,2.1987260000000024,0.0
2,9,-0.8624529999999999,0.4784679999999999,1.3480560000000006,0.0
2,10,-0.8534159999999993,0.5887570000000006,0.3373809999999926,0.0
2,11,-0.8454810000000004,0.6983149999999991,-0.7740689999999901,0.0
2,12,-0.8393290000000002,0.7994190000000003,-1.8985170000000036,0.0
2,13,-0.8353549999999998,0.8861340000000002,-2.947045000000003,0.0
2,14,-0.8334739999999998,0.9603589999999995,-3.915731999999994,0.0
2,15,-0.5483069999999994,1.046863000000001,-5.6971220000000145,0.0
2,16,-0.8331109999999988,1.225828,-7.8119890000000005,0.0
2,17,-0.8339429999999997,1.6819579999999998,-15.108404999999998,0.0
3,0,-0.7670859999999999,0.022727000000000164,3.764121,0.0
3,1,-0.7627820000000001,0.027031000000000027,3.7512090000000002,0.0
3,2,-0.7563799999999998,0.04448999999999992,3.714543999999999,0.0
3,3,-0.747288,0.07054099999999996,3.635166,0.0
3,4,-0.734979,0.10769000000000006,3.486792,0.0
3,5,-0.7191179999999999,0.158242,3.237001,0.0
3,6,-0.6997059999999999,0.2237800000000001,2.8510749999999994,0.0
3,7,-0.6771940000000001,0.30458300000000005,2.298721,0.0
3,8,-0.652552,0.39912199999999975,1.563022000000002,0.0
3,9,-0.62723,0.50379,0.6497120000000001,0.0
3,10,-0.6030440000000006,0.612943,-0.40522299999999856,0.0
3,11,-0.5819069999999993,0.7194520000000004,-1.5337240000000065,0.0
3,12,-0.5654180000000002,0.8159079999999994,-2.6442069999999926,0.0
3,13,-0.5543649999999998,0.8971870000000006,-3.6527140000000085,0.0
3,14,-0.5483069999999994,0.9664169999999999,-4.5708779999999996,0.0
3,15,-0.5459220000000009,1.0492479999999995,-5.737666999999991,0.0
3,16,-0.5459220000000009,1.2224269999999997,-8.335351999999993,0.0
4,0,-0.5681200000000001,0.027031000000000027,3.1672230000000003,0.0
4,1,-0.558879,0.03627199999999986,3.130259,0.0
4,2,-0.545433,0.05793599999999999,3.054811,0.0
4,3,-0.526745,0.08922899999999989,2.917473,0.0
4,4,-0.501976,0.1324590000000001,2.6887069999999995,0.0
4,5,-0.47072500000000006,0.1894929999999999,2.3355670000000006,0.0
4,6,-0.43326,0.26124500000000017,1.826946999999999,0.0
4,7,-0.39070300000000024,0.3471399999999998,1.1413490000000022,0.0
4,8,-0.3450759999999997,0.4447490000000003,0.27557799999999677,0.0
4,9,-0.2992079999999997,0.549658,-0.7471660000000009,0.0
4,10,-0.256405,0.6557459999999997,-1.8731699999999973,0.0
4,11,-0.2199100000000005,0.7559469999999999,-3.0211599999999983,0.0
4,12,-0.19214799999999954,0.8436700000000004,-4.097161000000006,0.0
4,13,-0.1739139999999999,0.9154210000000003,-5.031109000000003,0.0
4,14,-0.16417600000000032,0.9761549999999994,-5.859602999999991,0.0
4,15,0.22112700000000007,1.0497189999999996,-8.430710999999995,0.0
5,0,-0.36097599999999996,0.03627199999999986,2.338647,0.0
5,1,-0.344693,0.05255499999999991,2.257232,0.0
5,2,-0.321655,0.08097399999999999,2.113623,0.0
5,3,-0.2905169999999999,0.120367,1.8791469999999997,0.0
5,4,-0.25037200000000004,0.17260399999999998,1.5217110000000003,0.0
5,5,-0.20108099999999984,0.2387840000000001,1.0105359999999988,0.0
5,6,-0.14358300000000002,0.318743,0.3232510000000002,0.0
5,7,-0.08005199999999979,0.410671,-0.5459720000000012,0.0
5,8,-0.013877000000000361,0.5109239999999997,-1.578617999999996,0.0
5,9,0.05063099999999965,0.614166,-2.7270939999999984,0.0
5,10,0.10884300000000025,0.7139580000000003,-3.9162820000000043,0.0
5,11,0.15668900000000008,0.8037929999999998,-5.053861999999999,0.0
5,12,0.1916929999999999,0.8786740000000002,-6.0525730000000015,0.0
5,13,0.21355199999999996,0.9372800000000003,-6.865140000000005,0.0
5,14,0.22112700000000007,0.9837299999999995,-7.506864999999994,0.0
6,0,-0.18306499999999998,0.05255500000000013,1.4490919999999998,0.0
6,1,-0.15776,0.08097399999999999,1.2941480000000003,0.0
6,2,-0.12314499999999995,0.120367,1.0422869999999997,0.0
6,3,-0.07790600000000003,0.16560599999999992,0.6803750000000004,0.0
6,4,-0.02150299999999994,0.22900700000000007,0.1517539999999994,0.0
6,5,0.04544999999999999,0.30573700000000004,-0.5568840000000002,0.0
6,6,0.1209309999999999,0.3942239999999999,-1.4522049999999989,0.0
6,7,0.20143500000000003,0.49117500000000014,-2.516935000000001,0.0
6,8,0.28220500000000026,0.5916939999999999,-3.7051880000000006,0.0
6,9,0.35782000000000025,0.689781,-4.943574000000002,0.0
6,10,0.4231020000000001,0.7792400000000002,-6.140397000000002,0.0
6,11,0.4742480000000002,0.8549389999999999,-7.204263,0.0
6,12,0.5095669999999997,0.9139929999999996,-8.065770999999994,0.0
6,13,0.7270140000000005,0.9544839999999999,-9.856345000000003,0.0
7,0,-0.04729100000000003,0.07786000000000004,0.6344480000000001,0.0
7,1,-0.01116600000000001,0.113985,0.38157300000000005,0.0
7,2,0.03639099999999995,0.163146,-0.00048699999999968213,0.0
7,3,0.09618700000000002,0.225402,-0.5435710000000001,0.0
7,4,0.16788199999999998,0.300702,-1.2713359999999998,0.0
7,5,0.249668,0.38752300000000006,-2.191122,0.0
7,6,0.3381400000000001,0.482696,-3.2862910000000007,0.0
7,7,0.4284699999999999,0.5815049999999999,-4.511454999999999,0.0
7,8,0.514945,0.678169,-5.793428,0.0
7,9,0.5918620000000003,0.7666980000000003,-7.040079000000004,0.0
7,10,0.6546829999999995,0.8420609999999993,-8.15809299999999,0.0
7,11,0.7008179999999999,0.9010740000000004,-9.071168000000004,0.0
7,12,0.7270140000000005,0.9401890000000002,-9.684805000000004,0.0
8,0,0.05388399999999999,0.113985,-0.07377699999999993,0.0
8,1,0.10230400000000006,0.16240500000000008,-0.4611370000000005,0.0
8,2,0.16342299999999998,0.22426499999999994,-1.011949,0.0
8,3,0.23705700000000007,0.2990360000000001,-1.7505630000000008,0.0
8,4,0.3215509999999999,0.38519599999999987,-2.684994999999999,0.0
8,5,0.4136259999999998,0.47959799999999997,-3.7992029999999986,0.0
8,6,0.5085139999999999,0.5775840000000001,-5.048237,0.0
8,7,0.6004580000000002,0.6734490000000002,-6.358979000000003,0.0
8,8,0.6835960000000001,0.761307,-7.639089,0.0
8,9,0.7530899999999994,0.8361919999999996,-8.794120999999992,0.0
8,10,0.8059310000000002,0.8949020000000001,-9.745239000000002,0.0
8,11,0.8383310000000002,0.9334740000000004,-10.390159000000004,0.0
9,0,0.13604100000000002,0.16240500000000013,-0.7310330000000003,0.0
9,1,0.197592,0.22395600000000004,-1.284992,0.0
9,2,0.2718879999999999,0.29856099999999985,-2.0282609999999988,0.0
9,3,0.3573519999999999,0.38450000000000006,-2.969314999999999,0.0
9,4,0.450782,0.478626,-4.092563,0.0
9,5,0.5474720000000002,0.5762880000000001,-5.353421000000002,0.0
9,6,0.6416970000000002,0.6718090000000001,-6.679051000000002,0.0
9,7,0.7275749999999999,0.7593269999999999,-7.977060999999997,0.0
9,8,0.8001849999999999,0.833917,-9.152681,0.0
9,9,0.8563749999999999,0.8923819999999996,-10.126110999999995,0.0
9,10,0.8921419999999998,0.930669,-10.792596999999997,0.0
10,0,0.21328199999999997,0.22395600000000004,-1.4262019999999997,0.0
10,1,0.28776899999999994,0.29844300000000024,-2.1710719999999997,0.0
10,2,0.37352700000000016,0.3843190000000001,-3.1145280000000017,0.0
10,3,0.4742249999999999,0.47836100000000004,-4.3095919999999985,0.0
10,4,0.564681,0.5762880000000001,-5.5083020000000005,0.0
10,5,0.6597059999999999,0.671313,-6.838652,0.0
10,6,0.7541709999999999,0.7587000000000002,-8.220237000000001,0.0
10,7,0.828411,0.8331609999999996,-9.409402999999998,0.0
10,8,0.8780109999999999,0.8914970000000002,-10.313755,0.0
10,9,0.915273,0.9296439999999997,-10.991550999999998,0.0
11,0,0.2944120000000001,0.2984429999999998,-2.237502000000001,0.0
11,1,0.380247,0.3843190000000001,-3.181728,0.0
11,2,0.4742249999999999,0.47829699999999997,-4.309463999999999,0.0
11,3,0.5743570000000002,0.575826,-5.6059740000000025,0.0
11,4,0.669686,0.6711840000000002,-6.940667,0.0
11,5,0.7569870000000001,0.7585289999999998,-8.250357999999999,0.0
11,6,0.8313419999999998,0.8329400000000002,-9.440318,0.0
11,7,0.8895590000000002,0.8912279999999999,-10.430433,0.0
11,8,0.9275549999999999,0.929316,-11.115005,0.0
12,0,0.3828419999999999,0.3842780000000001,-3.2102319999999986,0.0
12,1,0.4768490000000001,0.47829699999999997,-4.338328000000001,0.0
12,2,0.5753139999999999,0.5758050000000001,-5.617415999999999,0.0
12,3,0.6706569999999998,0.6711549999999997,-6.952231999999997,0.0
12,4,0.7579790000000002,0.7584850000000003,-8.262086000000004,0.0
12,5,0.8313419999999998,0.8329400000000002,-9.440318,0.0
12,6,0.8906200000000002,0.8911570000000006,-10.442739000000007,0.0
12,7,0.9286649999999996,0.9292239999999996,-11.127680999999992,0.0
13,0,0.47779799999999994,0.4782849999999996,-4.349703999999999,0.0
13,1,0.5753139999999999,0.5758010000000002,-5.617411999999998,0.0
13,2,0.6709880000000003,0.6711479999999996,-6.956521000000004,0.0
13,3,0.7583159999999998,0.7584770000000001,-8.266442999999999,0.0
13,4,0.8323649999999998,0.8328709999999999,-9.452261999999997,0.0
13,5,0.8906200000000002,0.8911389999999999,-10.442649000000003,0.0
13,6,0.9290289999999999,0.9292020000000001,-11.132280999999999,0.0
14,0,0.5756409999999998,0.5758010000000002,-5.621662999999998,0.0
14,1,0.6709879999999999,0.6711480000000005,-6.956521,0.0
14,2,0.7583159999999998,0.7584770000000001,-8.266442999999997,0.0
14,3,0.8328170000000004,0.8328690000000005,-9.458241000000006,0.0
14,4,0.8909729999999998,0.8911359999999995,-10.447225999999995,0.0
14,5,0.9291420000000006,0.929195,-11.133828000000008,0.0
15,0,0.6710980000000002,0.6711480000000005,-6.9580610000000025,0.0
15,1,0.7584250000000003,0.7584750000000007,-8.267966000000005,0.0
15,2,0.8328520000000001,0.8328680000000004,-9.458764000000002,0.0
15,3,0.8910830000000001,0.8911359999999995,-10.448765999999999,0.0
15,4,0.9291789999999995,0.9291969999999994,-11.134388999999992,0.0
16,0,0.7584590000000002,0.7584750000000007,-8.268476000000003,0.0
16,1,0.8328519999999995,0.8328679999999999,-9.458763999999992,0.0
16,2,0.8911189999999998,0.8911350000000002,-10.449302999999997,0.0
16,3,0.9291789999999995,0.9291969999999994,-11.134388999999992,0.0
17,0,0.8328629999999997,0.8328679999999995,-9.458939999999995,0.0
17,1,0.8911300000000004,0.8911350000000002,-10.449479000000007,0.0
17,2,0.9291929999999997,0.929195,-11.134609999999995,0.0
18,0,0.8911340000000001,0.8911350000000002,-10.449547000000003,0.0
18,1,0.9291929999999997,0.929195,-11.134609999999995,0.0
19,0,0.9291939999999999,0.9291940000000025,-11.134626999999998,0.0
